2.852080 0.010019
2.854382 0.011069
2.856683 0.011590
2.858985 0.012443
2.861286 0.014014
2.863588 0.015184
2.865890 0.015843
2.868191 0.017126
2.870493 0.018487
2.872795 0.020042
2.875096 0.021346
2.877398 0.023931
2.879699 0.025276
2.882001 0.027427
2.884303 0.028844
2.886604 0.030555
2.888906 0.032822
2.891208 0.034418
2.893509 0.036367
2.895811 0.038169
2.898112 0.041154
2.900414 0.043038
2.902716 0.045758
2.905017 0.047953
2.907319 0.049811
2.909621 0.052828
2.911922 0.055810
2.914224 0.058784
2.916525 0.061827
2.918827 0.065616
2.921129 0.068780
2.923430 0.072720
2.925732 0.077229
2.928034 0.082248
2.930335 0.082609
2.932637 0.091991
2.934938 0.097000
2.937240 0.101262
2.939542 0.108199
2.941843 0.113218
2.944145 0.119088
2.946447 0.124494
2.948748 0.130661
2.951050 0.135832
2.953351 0.142128
2.955653 0.145026
2.957955 0.152561
2.960256 0.157059
2.962558 0.158355
2.964860 0.168134
2.967161 0.173384
2.969463 0.178689
2.971764 0.183904
2.974066 0.190397
2.976368 0.197790
2.978669 0.204492
2.980971 0.211465
2.983273 0.221010
2.985574 0.229963
2.987876 0.238564
2.990177 0.249470
2.992479 0.260615
2.994781 0.272778
2.997082 0.284899
2.999384 0.296466
3.001686 0.310748
3.003987 0.325285
3.006289 0.338524
3.008590 0.353649
3.010892 0.368744
3.013194 0.384055
3.015495 0.398538
3.017797 0.413465
3.020098 0.428263
3.022400 0.442786
3.024702 0.457282
3.027003 0.471209
3.029305 0.485480
3.031607 0.498267
3.033908 0.511178
3.036210 0.522605
3.038511 0.532983
3.040813 0.544261
3.043115 0.554099
3.045416 0.562969
3.047718 0.572251
3.050020 0.581085
3.052321 0.588012
3.054623 0.595118
3.056924 0.601139
3.059226 0.607889
3.061528 0.612292
3.063829 0.619061
3.066131 0.623794
3.068433 0.626650
3.070734 0.630570
3.073036 0.634206
3.075337 0.638268
3.077639 0.640379
3.079941 0.643845
3.082242 0.646262
3.084544 0.647333
3.086846 0.650017
3.089147 0.651144
3.091449 0.653201
3.093750 0.655081
3.096052 0.655293
3.098354 0.657028
3.100655 0.657039
3.102957 0.657041
3.105259 0.657044
3.107560 0.657098
3.109862 0.655481
3.112163 0.655033
3.114465 0.652622
3.116767 0.650528
3.119068 0.647063
3.121370 0.642904
3.123672 0.640462
3.125973 0.634805
3.128275 0.630373
3.130576 0.623209
3.132878 0.617300
3.135180 0.610836
3.137481 0.603358
3.139783 0.594367
3.142085 0.585615
3.144386 0.576136
3.146688 0.565527
3.148989 0.554996
3.151291 0.543393
3.153593 0.531887
3.155894 0.518586
3.158196 0.506471
3.160498 0.493233
3.162799 0.479596
3.165101 0.466537
3.167402 0.452405
3.169704 0.439588
3.172006 0.425612
3.174307 0.412717
3.176609 0.399584
3.178911 0.385875
3.181212 0.373593
3.183514 0.360026
3.185815 0.347830
3.188117 0.334555
3.190419 0.322837
3.192720 0.311361
3.195022 0.298988
3.197323 0.287733
3.199625 0.277398
3.201927 0.265887
3.204228 0.256115
3.206530 0.246247
3.208832 0.237223
3.211133 0.227394
3.213435 0.218690
3.215736 0.211361
3.218038 0.203104
3.220340 0.196227
3.222641 0.189521
3.224943 0.182558
3.227245 0.176023
3.229546 0.170525
3.231848 0.165143
3.234149 0.159768
3.236451 0.154373
3.238753 0.149039
3.241054 0.144921
3.243356 0.140657
3.245658 0.136100
3.247959 0.132421
3.250261 0.128475
3.252562 0.124805
3.254864 0.121416
3.257166 0.117815
3.259467 0.114310
3.261769 0.111648
3.264071 0.109186
3.266372 0.105409
3.268674 0.103050
3.270975 0.100583
3.273277 0.098104
3.275579 0.095650
3.277880 0.093203
3.280182 0.091731
3.282484 0.089458
3.284785 0.087059
3.287087 0.085692
3.289388 0.083491
3.291690 0.082009
3.293992 0.080773
3.296293 0.078866
3.298595 0.077026
3.300897 0.075881
3.303198 0.075482
3.305500 0.073544
3.307801 0.073497
3.310103 0.072480
3.312405 0.072495
3.314706 0.072518
3.317008 0.072893
3.319310 0.073808
3.321611 0.075189
3.323913 0.078305
3.326214 0.082895
3.328516 0.088306
3.330818 0.095951
3.333119 0.105449
3.335421 0.117886
3.337723 0.130422
3.340024 0.144050
3.342326 0.158066
3.344627 0.170982
3.346929 0.180807
3.349231 0.187715
3.351532 0.189760
3.353834 0.189116
3.356135 0.184594
3.358437 0.179752
3.360739 0.175741
3.363040 0.175464
3.365342 0.179120
3.367644 0.185822
3.369945 0.197237
3.372247 0.209261
3.374548 0.221608
3.376850 0.231935
3.379152 0.240590
3.381453 0.246396
3.383755 0.248536
3.386057 0.248291
3.388358 0.246719
3.390660 0.244178
3.392961 0.241560
3.395263 0.240239
3.397565 0.238085
3.399866 0.238047
3.402168 0.236662
3.404470 0.236707
3.406771 0.236079
3.409073 0.234801
3.411374 0.232137
3.413676 0.229488
3.415978 0.226728
3.418279 0.223112
3.420581 0.219177
3.422883 0.215243
3.425184 0.211789
3.427486 0.208397
3.429787 0.205568
3.432089 0.203020
3.434391 0.199307
3.436692 0.196911
3.438994 0.194419
3.441296 0.190431
3.443597 0.186874
3.445899 0.182347
3.448200 0.178714
3.450502 0.173691
3.452804 0.170375
3.455105 0.165539
3.457407 0.160826
3.459709 0.156361
3.462010 0.152818
3.464312 0.148096
3.466613 0.143586
3.468915 0.140171
3.471217 0.135740
3.473518 0.132302
3.475820 0.129117
3.478122 0.126472
3.480423 0.123138
3.482725 0.120997
3.485026 0.118781
3.487328 0.116678
3.489630 0.115550
3.491931 0.113250
3.494233 0.112372
3.496535 0.111873
3.498836 0.110810
3.501138 0.110728
3.503439 0.109696
3.505741 0.111425
3.508043 0.112299
3.510344 0.114988
3.512646 0.120302
3.514947 0.127727
3.517249 0.139888
3.519551 0.156627
3.521852 0.176794
3.524154 0.200200
3.526456 0.225192
3.528757 0.248643
3.531059 0.268622
3.533360 0.280544
3.535662 0.284252
3.537964 0.276679
3.540265 0.261448
3.542567 0.240964
3.544869 0.220358
3.547170 0.200253
3.549472 0.185679
3.551773 0.172098
3.554075 0.160418
3.556377 0.150850
3.558678 0.142144
3.560980 0.134371
3.563282 0.128079
3.565583 0.122010
3.567885 0.116356
3.570186 0.111156
3.572488 0.106312
3.574790 0.100869
3.577091 0.096093
3.579393 0.091319
3.581695 0.086256
3.583996 0.081109
3.586298 0.076801
3.588599 0.071898
3.590901 0.068045
3.593203 0.062896
3.595504 0.058981
3.597806 0.055163
3.600108 0.051211
3.602409 0.047306
3.604711 0.044351
3.607012 0.040758
3.609314 0.037789
3.611616 0.035188
3.613917 0.032453
3.616219 0.029854
3.618521 0.027704
3.620822 0.025796
3.623124 0.023968
3.625425 0.022123
3.627727 0.020226
3.630029 0.019015
3.632330 0.017644
3.634632 0.016028
3.636934 0.014915
3.639235 0.013889
3.641537 0.013041
3.643838 0.011899
3.646140 0.011257
3.648442 0.010080
3.650743 0.009269
3.653045 0.008968
3.655347 0.008039
3.657648 0.007760
3.659950 0.007027
3.662251 0.006197
3.664553 0.005998
3.666855 0.006019
3.669156 0.005129
3.671458 0.005009
3.673759 0.004436
3.676061 0.003985
3.678363 0.004023
3.680664 0.003184
3.682966 0.003022
3.685268 0.002998
3.687569 0.002791
3.689871 0.002392
3.692172 0.001996
3.694474 0.002012
3.696776 0.001997
3.699077 0.001984
3.701379 0.002038
3.703681 0.000915
3.705982 0.001019
3.708284 0.001001
3.710585 0.001000
3.712887 0.001001
3.715189 0.001001
3.717490 0.001001
3.719792 0.001001
3.722094 0.001000
3.724395 0.001000
3.726697 0.001010
3.728998 0.000989
3.731300 0.000600
3.733602 0.000765
3.735903 0.000973
3.738205 0.001008
3.740507 0.001001
3.742808 0.001000
3.745110 0.001001
3.747411 0.001001
3.749713 0.000993
3.752015 0.000994
3.754316 0.001401
3.756618 0.002034
3.758920 0.002108
3.761221 0.002913
3.763523 0.002999
3.765824 0.003114
3.768126 0.003952
3.770428 0.004159
3.772729 0.005061
3.775031 0.005488
3.777333 0.005970
3.779634 0.006792
3.781936 0.007042
3.784237 0.007759
3.786539 0.008858
3.788841 0.009370
3.791142 0.010425
3.793444 0.011048
3.795746 0.011394
3.798047 0.012406
3.800349 0.013154
3.802650 0.014043
3.804952 0.014254
3.807254 0.015259
3.809555 0.015907
3.811857 0.017065
3.814159 0.017188
3.816460 0.018005
3.818762 0.018148
3.821063 0.018573
3.823365 0.019212
3.825667 0.019158
3.827968 0.019527
3.830270 0.020242
3.832572 0.020183
3.834873 0.020178
3.837175 0.020181
3.839476 0.020180
3.841778 0.020178
3.844080 0.020190
3.846381 0.020206
3.848683 0.020963
3.850984 0.021218
3.853286 0.021200
3.855588 0.021205
3.857889 0.021172
3.860191 0.021154
3.862493 0.020069
3.864794 0.020205
3.867096 0.020185
3.869397 0.019842
3.871699 0.019087
3.874001 0.019163
3.876302 0.019214
3.878604 0.018546
3.880906 0.019144
3.883207 0.018456
3.885509 0.019209
3.887810 0.019156
3.890112 0.019160
3.892414 0.019172
3.894715 0.019175
3.897017 0.020206
3.899319 0.020082
3.901620 0.020847
3.903922 0.021210
3.906223 0.021219
3.908525 0.021092
3.910827 0.022068
3.913128 0.022210
3.915430 0.022157
3.917732 0.022837
3.920033 0.023246
3.922335 0.023316
3.924636 0.024090
3.926938 0.024194
3.929240 0.025337
3.931541 0.025278
3.933843 0.025193
3.936145 0.026191
3.938446 0.026278
3.940748 0.026561
3.943049 0.027278
3.945351 0.027340
3.947653 0.027359
3.949954 0.027222
3.952256 0.028147
3.954558 0.027460
3.956859 0.028384
3.959161 0.027481
3.961462 0.027332
3.963764 0.027346
3.966066 0.027210
3.968367 0.026427
3.970669 0.026373
3.972971 0.025215
3.975272 0.024716
3.977574 0.023860
3.979875 0.022358
3.982177 0.021966
3.984479 0.020974
3.986780 0.019941
3.989082 0.018283
3.991384 0.017858
3.993685 0.016439
3.995987 0.015687
3.998288 0.014243
4.000590 0.013075
