2.852080 0.267233
2.854382 0.275769
2.856683 0.284729
2.858985 0.293814
2.861286 0.302856
2.863588 0.311933
2.865890 0.321110
2.868191 0.330819
2.870493 0.340199
2.872795 0.349697
2.875096 0.359276
2.877398 0.368989
2.879699 0.378444
2.882001 0.388165
2.884303 0.397733
2.886604 0.407305
2.888906 0.416892
2.891208 0.426330
2.893509 0.435757
2.895811 0.444926
2.898112 0.454201
2.900414 0.463434
2.902716 0.472627
2.905017 0.481185
2.907319 0.490056
2.909621 0.498725
2.911922 0.507372
2.914224 0.515707
2.916525 0.523740
2.918827 0.532249
2.921129 0.539900
2.923430 0.547675
2.925732 0.555252
2.928034 0.562573
2.930335 0.569442
2.932637 0.576765
2.934938 0.583166
2.937240 0.589703
2.939542 0.595978
2.941843 0.601821
2.944145 0.607811
2.946447 0.613769
2.948748 0.618755
2.951050 0.624050
2.953351 0.629744
2.955653 0.634372
2.957955 0.638946
2.960256 0.643838
2.962558 0.647828
2.964860 0.652456
2.967161 0.656599
2.969463 0.660524
2.971764 0.664527
2.974066 0.668857
2.976368 0.672495
2.978669 0.676343
2.980971 0.680303
2.983273 0.684063
2.985574 0.687614
2.987876 0.691355
2.990177 0.695249
2.992479 0.698651
2.994781 0.702497
2.997082 0.705839
2.999384 0.709658
3.001686 0.713341
3.003987 0.716461
3.006289 0.720049
3.008590 0.723288
3.010892 0.726327
3.013194 0.729390
3.015495 0.732459
3.017797 0.735095
3.020098 0.738085
3.022400 0.740383
3.024702 0.742367
3.027003 0.744584
3.029305 0.746594
3.031607 0.748586
3.033908 0.749792
3.036210 0.750940
3.038511 0.751561
3.040813 0.752828
3.043115 0.752867
3.045416 0.752890
3.047718 0.752769
3.050020 0.752268
3.052321 0.751300
3.054623 0.750197
3.056924 0.748844
3.059226 0.746794
3.061528 0.745008
3.063829 0.742635
3.066131 0.740299
3.068433 0.737256
3.070734 0.734308
3.073036 0.730781
3.075337 0.727261
3.077639 0.723249
3.079941 0.719125
3.082242 0.714637
3.084544 0.710151
3.086846 0.705159
3.089147 0.699502
3.091449 0.694151
3.093750 0.688191
3.096052 0.681927
3.098354 0.675926
3.100655 0.669764
3.102957 0.663446
3.105259 0.656634
3.107560 0.650342
3.109862 0.643235
3.112163 0.636302
3.114465 0.629415
3.116767 0.621745
3.119068 0.614070
3.121370 0.606171
3.123672 0.598565
3.125973 0.590462
3.128275 0.582523
3.130576 0.574849
3.132878 0.566626
3.135180 0.558619
3.137481 0.550629
3.139783 0.542470
3.142085 0.534241
3.144386 0.525722
3.146688 0.517620
3.148989 0.509174
3.151291 0.500544
3.153593 0.492061
3.155894 0.483547
3.158196 0.475079
3.160498 0.466422
3.162799 0.457633
3.165101 0.448923
3.167402 0.440170
3.169704 0.431504
3.172006 0.422692
3.174307 0.413869
3.176609 0.405189
3.178911 0.396273
3.181212 0.387544
3.183514 0.378528
3.185815 0.369858
3.188117 0.361115
3.190419 0.352293
3.192720 0.343603
3.195022 0.334707
3.197323 0.325963
3.199625 0.317161
3.201927 0.308719
3.204228 0.299855
3.206530 0.291279
3.208832 0.282689
3.211133 0.274377
3.213435 0.265899
3.215736 0.257477
3.218038 0.249244
3.220340 0.241023
3.222641 0.232873
3.224943 0.224744
3.227245 0.216741
3.229546 0.208880
3.231848 0.201035
3.234149 0.193297
3.236451 0.185774
3.238753 0.178337
3.241054 0.171219
3.243356 0.163989
3.245658 0.156905
3.247959 0.150240
3.250261 0.143523
3.252562 0.137044
3.254864 0.130826
3.257166 0.124841
3.259467 0.118921
3.261769 0.113374
3.264071 0.107987
3.266372 0.102883
3.268674 0.098032
3.270975 0.093376
3.273277 0.088909
3.275579 0.084314
3.277880 0.080344
3.280182 0.076629
3.282484 0.072879
3.284785 0.069160
3.287087 0.065983
3.289388 0.062712
3.291690 0.059597
3.293992 0.056654
3.296293 0.053881
3.298595 0.051343
3.300897 0.048630
3.303198 0.046185
3.305500 0.043947
3.307801 0.041842
3.310103 0.039815
3.312405 0.037944
3.314706 0.036253
3.317008 0.034668
3.319310 0.033152
3.321611 0.031847
3.323913 0.030650
3.326214 0.029549
3.328516 0.028459
3.330818 0.027528
3.333119 0.026667
3.335421 0.025759
3.337723 0.024910
3.340024 0.023692
3.342326 0.022344
3.344627 0.021317
3.346929 0.019874
3.349231 0.018747
3.351532 0.017512
3.353834 0.016591
3.356135 0.015751
3.358437 0.015004
3.360739 0.014195
3.363040 0.013639
3.365342 0.012928
3.367644 0.012164
3.369945 0.011322
3.372247 0.010712
3.374548 0.009844
3.376850 0.009088
3.379152 0.008324
3.381453 0.007456
3.383755 0.006945
3.386057 0.006031
3.388358 0.005436
3.390660 0.004977
3.392961 0.004537
3.395263 0.004142
3.397565 0.004131
3.399866 0.003631
3.402168 0.003540
3.404470 0.003098
3.406771 0.002214
3.409073 0.001510
3.411374 0.000526
3.413676 0.000326
3.415978 0.001386
3.418279 0.002130
3.420581 0.002610
3.422883 0.002557
3.425184 0.002467
3.427486 0.001990
3.429787 0.001336
3.432089 0.000751
3.434391 0.000002
3.436692 0.000450
3.438994 0.000522
3.441296 0.001003
3.443597 0.001295
3.445899 0.001532
3.448200 0.001849
3.450502 0.002023
3.452804 0.002070
3.455105 0.002123
3.457407 0.002291
3.459709 0.002243
3.462010 0.002312
3.464312 0.002226
3.466613 0.002265
3.468915 0.002132
3.471217 0.001962
3.473518 0.001745
3.475820 0.001828
3.478122 0.001279
3.480423 0.001151
3.482725 0.001011
3.485026 0.000820
3.487328 0.000546
3.489630 0.000890
3.491931 0.000454
3.494233 0.000697
3.496535 0.000497
3.498836 0.000271
3.501138 0.000093
3.503439 0.000182
3.505741 0.000406
3.508043 0.000445
3.510344 0.000120
3.512646 0.000249
3.514947 0.000650
3.517249 0.001284
3.519551 0.001913
3.521852 0.002877
3.524154 0.003427
3.526456 0.003942
3.528757 0.004468
3.531059 0.004578
3.533360 0.004530
3.535662 0.004388
3.537964 0.004356
3.540265 0.004367
3.542567 0.003991
3.544869 0.003753
3.547170 0.003384
3.549472 0.003194
3.551773 0.002998
3.554075 0.002510
3.556377 0.002337
3.558678 0.002130
3.560980 0.001862
3.563282 0.001632
3.565583 0.001514
3.567885 0.001386
3.570186 0.001174
3.572488 0.001158
3.574790 0.001084
3.577091 0.000890
3.579393 0.000945
3.581695 0.000690
3.583996 0.000841
3.586298 0.000602
3.588599 0.000491
3.590901 0.000238
3.593203 0.000339
3.595504 0.000211
3.597806 0.000261
3.600108 0.000260
3.602409 0.000006
3.604711 0.000288
3.607012 0.000025
3.609314 0.000110
3.611616 0.000123
3.613917 0.000004
3.616219 0.000072
3.618521 0.000122
3.620822 0.000077
3.623124 0.000033
3.625425 0.000225
3.627727 0.000120
3.630029 0.000117
3.632330 0.000051
3.634632 0.000216
3.636934 0.000087
3.639235 0.000081
3.641537 0.000077
3.643838 0.000113
3.646140 0.000165
3.648442 0.000190
3.650743 0.000386
3.653045 0.000109
3.655347 0.000353
3.657648 0.000230
3.659950 0.000472
3.662251 0.000351
3.664553 0.000299
3.666855 0.000342
3.669156 0.000559
3.671458 0.000458
3.673759 0.000374
3.676061 0.000574
3.678363 0.000464
3.680664 0.000684
3.682966 0.000571
3.685268 0.000652
3.687569 0.000756
3.689871 0.000864
3.692172 0.000913
3.694474 0.000802
3.696776 0.000908
3.699077 0.000874
3.701379 0.000970
3.703681 0.000783
3.705982 0.000905
3.708284 0.000802
3.710585 0.000895
3.712887 0.000856
3.715189 0.000809
3.717490 0.000853
3.719792 0.000758
3.722094 0.000819
3.724395 0.000767
3.726697 0.000986
3.728998 0.000849
3.731300 0.000967
3.733602 0.000852
3.735903 0.000769
3.738205 0.000760
3.740507 0.000676
3.742808 0.000870
3.745110 0.000703
3.747411 0.000684
3.749713 0.000635
3.752015 0.000581
3.754316 0.000692
3.756618 0.000565
3.758920 0.000440
3.761221 0.000427
3.763523 0.000459
3.765824 0.000422
3.768126 0.000432
3.770428 0.000435
3.772729 0.000463
3.775031 0.000476
3.777333 0.000205
3.779634 0.000272
3.781936 0.000128
3.784237 0.000284
3.786539 0.000149
3.788841 0.000189
3.791142 0.000023
3.793444 0.000009
3.795746 0.000005
3.798047 0.000155
3.800349 0.000105
3.802650 0.000178
3.804952 0.000218
3.807254 0.000291
3.809555 0.000550
3.811857 0.000360
3.814159 0.000885
3.816460 0.000634
3.818762 0.000639
3.821063 0.000677
3.823365 0.000600
3.825667 0.000854
3.827968 0.000928
3.830270 0.000916
3.832572 0.000913
3.834873 0.000931
3.837175 0.001118
3.839476 0.000948
3.841778 0.001082
3.844080 0.001167
3.846381 0.000964
3.848683 0.001326
3.850984 0.001271
3.853286 0.001372
3.855588 0.001254
3.857889 0.001423
3.860191 0.001648
3.862493 0.001218
3.864794 0.001591
3.867096 0.001538
3.869397 0.001605
3.871699 0.001666
3.874001 0.001538
3.876302 0.001734
3.878604 0.001474
3.880906 0.001570
3.883207 0.001750
3.885509 0.001530
3.887810 0.001906
3.890112 0.001673
3.892414 0.002034
3.894715 0.001777
3.897017 0.001997
3.899319 0.001839
3.901620 0.001907
3.903922 0.001844
3.906223 0.001962
3.908525 0.001988
3.910827 0.002182
3.913128 0.001860
3.915430 0.002199
3.917732 0.002161
3.920033 0.002097
3.922335 0.002299
3.924636 0.002252
3.926938 0.002263
3.929240 0.002482
3.931541 0.002446
3.933843 0.002536
3.936145 0.002474
3.938446 0.002656
3.940748 0.002703
3.943049 0.002575
3.945351 0.002827
3.947653 0.002645
3.949954 0.002663
3.952256 0.002830
3.954558 0.002743
3.956859 0.002799
3.959161 0.002721
3.961462 0.002772
3.963764 0.002980
3.966066 0.002878
3.968367 0.003099
3.970669 0.003122
3.972971 0.003031
3.975272 0.003164
3.977574 0.003017
3.979875 0.003253
3.982177 0.003349
3.984479 0.003143
3.986780 0.003218
3.989082 0.003230
3.991384 0.003148
3.993685 0.003357
3.995987 0.003299
3.998288 0.003561
4.000590 0.003350
