2.852080 0.002768
2.854382 0.002887
2.856683 0.003001
2.858985 0.003122
2.861286 0.003255
2.863588 0.003401
2.865890 0.003560
2.868191 0.003739
2.870493 0.003941
2.872795 0.004148
2.875096 0.004336
2.877398 0.004483
2.879699 0.004612
2.882001 0.004752
2.884303 0.004920
2.886604 0.005104
2.888906 0.005286
2.891208 0.005456
2.893509 0.005603
2.895811 0.005724
2.898112 0.005844
2.900414 0.006005
2.902716 0.006212
2.905017 0.006369
2.907319 0.006362
2.909621 0.006219
2.911922 0.006163
2.914224 0.006409
2.916525 0.006945
2.918827 0.007605
2.921129 0.008269
2.923430 0.009046
2.925732 0.010115
2.928034 0.011637
2.930335 0.013739
2.932637 0.016539
2.934938 0.020044
2.937240 0.024145
2.939542 0.028709
2.941843 0.033424
2.944145 0.037896
2.946447 0.041807
2.948748 0.045073
2.951050 0.047663
2.953351 0.049611
2.955653 0.051055
2.957955 0.052136
2.960256 0.052904
2.962558 0.053355
2.964860 0.053471
2.967161 0.053184
2.969463 0.052413
2.971764 0.051114
2.974066 0.049330
2.976368 0.047120
2.978669 0.044602
2.980971 0.041963
2.983273 0.039385
2.985574 0.036990
2.987876 0.034876
2.990177 0.033108
2.992479 0.031658
2.994781 0.030474
2.997082 0.029507
2.999384 0.028710
3.001686 0.028038
3.003987 0.027482
3.006289 0.027057
3.008590 0.026773
3.010892 0.026608
3.013194 0.026530
3.015495 0.026514
3.017797 0.026541
3.020098 0.026596
3.022400 0.026659
3.024702 0.026703
3.027003 0.026705
3.029305 0.026668
3.031607 0.026608
3.033908 0.026542
3.036210 0.026492
3.038511 0.026479
3.040813 0.026515
3.043115 0.026593
3.045416 0.026705
3.047718 0.026839
3.050020 0.026984
3.052321 0.027128
3.054623 0.027281
3.056924 0.027455
3.059226 0.027654
3.061528 0.027858
3.063829 0.028045
3.066131 0.028196
3.068433 0.028303
3.070734 0.028357
3.073036 0.028356
3.075337 0.028300
3.077639 0.028194
3.079941 0.028056
3.082242 0.027907
3.084544 0.027766
3.086846 0.027648
3.089147 0.027567
3.091449 0.027544
3.093750 0.027600
3.096052 0.027750
3.098354 0.027964
3.100655 0.028196
3.102957 0.028398
3.105259 0.028519
3.107560 0.028508
3.109862 0.028364
3.112163 0.028137
3.114465 0.027881
3.116767 0.027621
3.119068 0.027371
3.121370 0.027144
3.123672 0.026953
3.125973 0.026814
3.128275 0.026728
3.130576 0.026668
3.132878 0.026607
3.135180 0.026538
3.137481 0.026467
3.139783 0.026400
3.142085 0.026330
3.144386 0.026249
3.146688 0.026148
3.148989 0.026022
3.151291 0.025870
3.153593 0.025694
3.155894 0.025508
3.158196 0.025321
3.160498 0.025134
3.162799 0.024935
3.165101 0.024717
3.167402 0.024476
3.169704 0.024209
3.172006 0.023924
3.174307 0.023640
3.176609 0.023380
3.178911 0.023144
3.181212 0.022914
3.183514 0.022674
3.185815 0.022427
3.188117 0.022185
3.190419 0.021957
3.192720 0.021746
3.195022 0.021555
3.197323 0.021380
3.199625 0.021217
3.201927 0.021059
3.204228 0.020916
3.206530 0.020806
3.208832 0.020742
3.211133 0.020713
3.213435 0.020699
3.215736 0.020692
3.218038 0.020700
3.220340 0.020732
3.222641 0.020786
3.224943 0.020842
3.227245 0.020887
3.229546 0.020924
3.231848 0.020962
3.234149 0.021008
3.236451 0.021055
3.238753 0.021092
3.241054 0.021110
3.243356 0.021103
3.245658 0.021064
3.247959 0.021008
3.250261 0.020961
3.252562 0.020946
3.254864 0.020957
3.257166 0.020979
3.259467 0.021004
3.261769 0.021023
3.264071 0.021032
3.266372 0.021032
3.268674 0.021027
3.270975 0.021024
3.273277 0.021019
3.275579 0.021004
3.277880 0.020973
3.280182 0.020923
3.282484 0.020854
3.284785 0.020767
3.287087 0.020665
3.289388 0.020552
3.291690 0.020423
3.293992 0.020268
3.296293 0.020080
3.298595 0.019868
3.300897 0.019647
3.303198 0.019423
3.305500 0.019191
3.307801 0.018944
3.310103 0.018692
3.312405 0.018466
3.314706 0.018289
3.317008 0.018142
3.319310 0.017981
3.321611 0.017779
3.323913 0.017550
3.326214 0.017321
3.328516 0.017103
3.330818 0.016888
3.333119 0.016670
3.335421 0.016458
3.337723 0.016275
3.340024 0.016140
3.342326 0.016053
3.344627 0.016006
3.346929 0.015996
3.349231 0.016027
3.351532 0.016104
3.353834 0.016222
3.356135 0.016364
3.358437 0.016512
3.360739 0.016644
3.363040 0.016738
3.365342 0.016773
3.367644 0.016732
3.369945 0.016600
3.372247 0.016393
3.374548 0.016173
3.376850 0.016008
3.379152 0.015937
3.381453 0.015978
3.383755 0.016144
3.386057 0.016397
3.388358 0.016686
3.390660 0.016971
3.392961 0.017244
3.395263 0.017500
3.397565 0.017739
3.399866 0.017965
3.402168 0.018176
3.404470 0.018326
3.406771 0.018343
3.409073 0.018186
3.411374 0.017924
3.413676 0.017652
3.415978 0.017427
3.418279 0.017246
3.420581 0.017103
3.422883 0.017028
3.425184 0.017080
3.427486 0.017311
3.429787 0.017720
3.432089 0.018288
3.434391 0.018982
3.436692 0.019729
3.438994 0.020449
3.441296 0.021068
3.443597 0.021513
3.445899 0.021719
3.448200 0.021683
3.450502 0.021437
3.452804 0.021043
3.455105 0.020689
3.457407 0.020593
3.459709 0.020846
3.462010 0.021327
3.464312 0.021897
3.466613 0.022447
3.468915 0.022891
3.471217 0.023165
3.473518 0.023309
3.475820 0.023405
3.478122 0.023514
3.480423 0.023641
3.482725 0.023785
3.485026 0.023932
3.487328 0.024056
3.489630 0.024132
3.491931 0.024171
3.494233 0.024203
3.496535 0.024248
3.498836 0.024288
3.501138 0.024297
3.503439 0.024255
3.505741 0.024153
3.508043 0.023987
3.510344 0.023792
3.512646 0.023633
3.514947 0.023566
3.517249 0.023551
3.519551 0.023511
3.521852 0.023401
3.524154 0.023258
3.526456 0.023134
3.528757 0.023067
3.531059 0.023074
3.533360 0.023176
3.535662 0.023402
3.537964 0.023791
3.540265 0.024358
3.542567 0.025025
3.544869 0.025689
3.547170 0.026254
3.549472 0.026636
3.551773 0.026759
3.554075 0.026619
3.556377 0.026277
3.558678 0.025797
3.560980 0.025246
3.563282 0.024692
3.565583 0.024188
3.567885 0.023741
3.570186 0.023350
3.572488 0.023010
3.574790 0.022706
3.577091 0.022427
3.579393 0.022166
3.581695 0.021920
3.583996 0.021687
3.586298 0.021477
3.588599 0.021297
3.590901 0.021148
3.593203 0.021007
3.595504 0.020848
3.597806 0.020672
3.600108 0.020501
3.602409 0.020352
3.604711 0.020224
3.607012 0.020102
3.609314 0.019977
3.611616 0.019843
3.613917 0.019700
3.616219 0.019545
3.618521 0.019379
3.620822 0.019204
3.623124 0.019032
3.625425 0.018884
3.627727 0.018770
3.630029 0.018661
3.632330 0.018514
3.634632 0.018323
3.636934 0.018160
3.639235 0.018101
3.641537 0.018129
3.643838 0.018134
3.646140 0.018018
3.648442 0.017793
3.650743 0.017520
3.653045 0.017254
3.655347 0.017024
3.657648 0.016855
3.659950 0.016749
3.662251 0.016676
3.664553 0.016605
3.666855 0.016520
3.669156 0.016413
3.671458 0.016283
3.673759 0.016148
3.676061 0.016033
3.678363 0.015946
3.680664 0.015863
3.682966 0.015756
3.685268 0.015622
3.687569 0.015485
3.689871 0.015366
3.692172 0.015264
3.694474 0.015168
3.696776 0.015070
3.699077 0.014968
3.701379 0.014864
3.703681 0.014754
3.705982 0.014635
3.708284 0.014503
3.710585 0.014359
3.712887 0.014212
3.715189 0.014066
3.717490 0.013911
3.719792 0.013732
3.722094 0.013521
3.724395 0.013294
3.726697 0.013065
3.728998 0.012843
3.731300 0.012625
3.733602 0.012409
3.735903 0.012187
3.738205 0.011953
3.740507 0.011703
3.742808 0.011449
3.745110 0.011206
3.747411 0.010980
3.749713 0.010758
3.752015 0.010526
3.754316 0.010288
3.756618 0.010058
3.758920 0.009846
3.761221 0.009650
3.763523 0.009457
3.765824 0.009265
3.768126 0.009092
3.770428 0.008955
3.772729 0.008861
3.775031 0.008802
3.777333 0.008769
3.779634 0.008768
3.781936 0.008806
3.784237 0.008891
3.786539 0.009025
3.788841 0.009211
3.791142 0.009449
3.793444 0.009740
3.795746 0.010084
3.798047 0.010468
3.800349 0.010872
3.802650 0.011272
3.804952 0.011644
3.807254 0.011963
3.809555 0.012205
3.811857 0.012354
3.814159 0.012397
3.816460 0.012334
3.818762 0.012185
3.821063 0.011970
3.823365 0.011709
3.825667 0.011421
3.827968 0.011125
3.830270 0.010842
3.832572 0.010591
3.834873 0.010383
3.837175 0.010210
3.839476 0.010061
3.841778 0.009937
3.844080 0.009845
3.846381 0.009790
3.848683 0.009761
3.850984 0.009743
3.853286 0.009719
3.855588 0.009684
3.857889 0.009630
3.860191 0.009557
3.862493 0.009471
3.864794 0.009379
3.867096 0.009280
3.869397 0.009167
3.871699 0.009035
3.874001 0.008883
3.876302 0.008711
3.878604 0.008525
3.880906 0.008339
3.883207 0.008167
3.885509 0.008015
3.887810 0.007876
3.890112 0.007748
3.892414 0.007627
3.894715 0.007507
3.897017 0.007388
3.899319 0.007271
3.901620 0.007160
3.903922 0.007059
3.906223 0.006970
3.908525 0.006893
3.910827 0.006828
3.913128 0.006773
3.915430 0.006726
3.917732 0.006688
3.920033 0.006663
3.922335 0.006650
3.924636 0.006644
3.926938 0.006640
3.929240 0.006633
3.931541 0.006626
3.933843 0.006617
3.936145 0.006611
3.938446 0.006611
3.940748 0.006615
3.943049 0.006608
3.945351 0.006571
3.947653 0.006501
3.949954 0.006416
3.952256 0.006332
3.954558 0.006251
3.956859 0.006164
3.959161 0.006064
3.961462 0.005950
3.963764 0.005820
3.966066 0.005678
3.968367 0.005534
3.970669 0.005399
3.972971 0.005276
3.975272 0.005159
3.977574 0.005044
3.979875 0.004929
3.982177 0.004816
3.984479 0.004707
3.986780 0.004601
3.989082 0.004499
3.991384 0.004402
3.993685 0.004308
3.995987 0.004217
3.998288 0.004127
4.000590 0.004042
