2.852080 0.512135
2.854382 0.534496
2.856683 0.558979
2.858985 0.583961
2.861286 0.608628
2.863588 0.634479
2.865890 0.659999
2.868191 0.686228
2.870493 0.713254
2.872795 0.739821
2.875096 0.766582
2.877398 0.796041
2.879699 0.822594
2.882001 0.851877
2.884303 0.879984
2.886604 0.907826
2.888906 0.937617
2.891208 0.967097
2.893509 0.994012
2.895811 1.024499
2.898112 1.053109
2.900414 1.080361
2.902716 1.109597
2.905017 1.136826
2.907319 1.164347
2.909621 1.191983
2.911922 1.214078
2.914224 1.242848
2.916525 1.267674
2.918827 1.293650
2.921129 1.319198
2.923430 1.343087
2.925732 1.365608
2.928034 1.388439
2.930335 1.410207
2.932637 1.430977
2.934938 1.452703
2.937240 1.472492
2.939542 1.492582
2.941843 1.508287
2.944145 1.530468
2.946447 1.549118
2.948748 1.561770
2.951050 1.581828
2.953351 1.597243
2.955653 1.614098
2.957955 1.628405
2.960256 1.642349
2.962558 1.657376
2.964860 1.670946
2.967161 1.685190
2.969463 1.693236
2.971764 1.705964
2.974066 1.720891
2.976368 1.734236
2.978669 1.745324
2.980971 1.757429
2.983273 1.767768
2.985574 1.774947
2.987876 1.788871
2.990177 1.800881
2.992479 1.809409
2.994781 1.823224
2.997082 1.830873
2.999384 1.840987
3.001686 1.854132
3.003987 1.862201
3.006289 1.870465
3.008590 1.877423
3.010892 1.889870
3.013194 1.901531
3.015495 1.911817
3.017797 1.923356
3.020098 1.935714
3.022400 1.943406
3.024702 1.946466
3.027003 1.952525
3.029305 1.971727
3.031607 1.982296
3.033908 1.990849
3.036210 2.001641
3.038511 2.007291
3.040813 2.018032
3.043115 2.022388
3.045416 2.030817
3.047718 2.035194
3.050020 2.040105
3.052321 2.046991
3.054623 2.048477
3.056924 2.049733
3.059226 2.057309
3.061528 2.060657
3.063829 2.061534
3.066131 2.068588
3.068433 2.069934
3.070734 2.071465
3.073036 2.077156
3.075337 2.086403
3.077639 2.094581
3.079941 2.100368
3.082242 2.114548
3.084544 2.121057
3.086846 2.127794
3.089147 2.129210
3.091449 2.123387
3.093750 2.113296
3.096052 2.110852
3.098354 2.102893
3.100655 2.094663
3.102957 2.083195
3.105259 2.071988
3.107560 2.059540
3.109862 2.047349
3.112163 2.037380
3.114465 2.025355
3.116767 2.015104
3.119068 2.001040
3.121370 1.988166
3.123672 1.981794
3.125973 1.967794
3.128275 1.955556
3.130576 1.941093
3.132878 1.933261
3.135180 1.918714
3.137481 1.908220
3.139783 1.896368
3.142085 1.883625
3.144386 1.871942
3.146688 1.858613
3.148989 1.845698
3.151291 1.832428
3.153593 1.819500
3.155894 1.807636
3.158196 1.793477
3.160498 1.774969
3.162799 1.762998
3.165101 1.746934
3.167402 1.730672
3.169704 1.714109
3.172006 1.694572
3.174307 1.677202
3.176609 1.661441
3.178911 1.645010
3.181212 1.625299
3.183514 1.605152
3.185815 1.586378
3.188117 1.568871
3.190419 1.547286
3.192720 1.527431
3.195022 1.507583
3.197323 1.484376
3.199625 1.463756
3.201927 1.444749
3.204228 1.420058
3.206530 1.397246
3.208832 1.373202
3.211133 1.352349
3.213435 1.331445
3.215736 1.308869
3.218038 1.284442
3.220340 1.262702
3.222641 1.239616
3.224943 1.216457
3.227245 1.193574
3.229546 1.171079
3.231848 1.147971
3.234149 1.125305
3.236451 1.101708
3.238753 1.079208
3.241054 1.057267
3.243356 1.034079
3.245658 1.012691
3.247959 0.988561
3.250261 0.967711
3.252562 0.948151
3.254864 0.926990
3.257166 0.908152
3.259467 0.888134
3.261769 0.868924
3.264071 0.850844
3.266372 0.832995
3.268674 0.815323
3.270975 0.797061
3.273277 0.781151
3.275579 0.763886
3.277880 0.747708
3.280182 0.732599
3.282484 0.718527
3.284785 0.703469
3.287087 0.688732
3.289388 0.675066
3.291690 0.662811
3.293992 0.649784
3.296293 0.637307
3.298595 0.625031
3.300897 0.613122
3.303198 0.602285
3.305500 0.590919
3.307801 0.580674
3.310103 0.571228
3.312405 0.562580
3.314706 0.555197
3.317008 0.548313
3.319310 0.540589
3.321611 0.532584
3.323913 0.525008
3.326214 0.516292
3.328516 0.506976
3.330818 0.499734
3.333119 0.491458
3.335421 0.484403
3.337723 0.476363
3.340024 0.469399
3.342326 0.460957
3.344627 0.454486
3.346929 0.447388
3.349231 0.441520
3.351532 0.434592
3.353834 0.428271
3.356135 0.423374
3.358437 0.418178
3.360739 0.413182
3.363040 0.407188
3.365342 0.402632
3.367644 0.398954
3.369945 0.393617
3.372247 0.388817
3.374548 0.384909
3.376850 0.381501
3.379152 0.377590
3.381453 0.373938
3.383755 0.370780
3.386057 0.367827
3.388358 0.363990
3.390660 0.361484
3.392961 0.358033
3.395263 0.355360
3.397565 0.351727
3.399866 0.350079
3.402168 0.347772
3.404470 0.345341
3.406771 0.342792
3.409073 0.340122
3.411374 0.336973
3.413676 0.333719
3.415978 0.330705
3.418279 0.327779
3.420581 0.324697
3.422883 0.322274
3.425184 0.320457
3.427486 0.318248
3.429787 0.316634
3.432089 0.314749
3.434391 0.312461
3.436692 0.311451
3.438994 0.310117
3.441296 0.307930
3.443597 0.306576
3.445899 0.305217
3.448200 0.304016
3.450502 0.302568
3.452804 0.300823
3.455105 0.299404
3.457407 0.298288
3.459709 0.297471
3.462010 0.296005
3.464312 0.295156
3.466613 0.293789
3.468915 0.292084
3.471217 0.290743
3.473518 0.289421
3.475820 0.288616
3.478122 0.286910
3.480423 0.285577
3.482725 0.284547
3.485026 0.284259
3.487328 0.283328
3.489630 0.282339
3.491931 0.281538
3.494233 0.280626
3.496535 0.279446
3.498836 0.278516
3.501138 0.277091
3.503439 0.275929
3.505741 0.274046
3.508043 0.272493
3.510344 0.270864
3.512646 0.269507
3.514947 0.267972
3.517249 0.266424
3.519551 0.264725
3.521852 0.263708
3.524154 0.263203
3.526456 0.262900
3.528757 0.262640
3.531059 0.262338
3.533360 0.261019
3.535662 0.259808
3.537964 0.257516
3.540265 0.255499
3.542567 0.253287
3.544869 0.251018
3.547170 0.248802
3.549472 0.246720
3.551773 0.245073
3.554075 0.242822
3.556377 0.240730
3.558678 0.238968
3.560980 0.237236
3.563282 0.235233
3.565583 0.233482
3.567885 0.231923
3.570186 0.230666
3.572488 0.228818
3.574790 0.227061
3.577091 0.225423
3.579393 0.224777
3.581695 0.222784
3.583996 0.221319
3.586298 0.220226
3.588599 0.218950
3.590901 0.217837
3.593203 0.216241
3.595504 0.215050
3.597806 0.213632
3.600108 0.212679
3.602409 0.211433
3.604711 0.209890
3.607012 0.209629
3.609314 0.208517
3.611616 0.207614
3.613917 0.206655
3.616219 0.205715
3.618521 0.205073
3.620822 0.204460
3.623124 0.203058
3.625425 0.202642
3.627727 0.201848
3.630029 0.201079
3.632330 0.200472
3.634632 0.199143
3.636934 0.198660
3.639235 0.197161
3.641537 0.197137
3.643838 0.195841
3.646140 0.195398
3.648442 0.194949
3.650743 0.193749
3.653045 0.193061
3.655347 0.192099
3.657648 0.191375
3.659950 0.190691
3.662251 0.190062
3.664553 0.189288
3.666855 0.188935
3.669156 0.187859
3.671458 0.187374
3.673759 0.186506
3.676061 0.185704
3.678363 0.184904
3.680664 0.184315
3.682966 0.183896
3.685268 0.183212
3.687569 0.182036
3.689871 0.181355
3.692172 0.180770
3.694474 0.180194
3.696776 0.179355
3.699077 0.178338
3.701379 0.177828
3.703681 0.177043
3.705982 0.176362
3.708284 0.175509
3.710585 0.174689
3.712887 0.174299
3.715189 0.173618
3.717490 0.172367
3.719792 0.171450
3.722094 0.171022
3.724395 0.170191
3.726697 0.169163
3.728998 0.168383
3.731300 0.167701
3.733602 0.166966
3.735903 0.166185
3.738205 0.165568
3.740507 0.164464
3.742808 0.163316
3.745110 0.163256
3.747411 0.162404
3.749713 0.161909
3.752015 0.160890
3.754316 0.160054
3.756618 0.159603
3.758920 0.158971
3.761221 0.158198
3.763523 0.157613
3.765824 0.156985
3.768126 0.156409
3.770428 0.156148
3.772729 0.155910
3.775031 0.155207
3.777333 0.154612
3.779634 0.154408
3.781936 0.153995
3.784237 0.153449
3.786539 0.153473
3.788841 0.152729
3.791142 0.152531
3.793444 0.152182
3.795746 0.151774
3.798047 0.151243
3.800349 0.151293
3.802650 0.151152
3.804952 0.150905
3.807254 0.150695
3.809555 0.150261
3.811857 0.150075
3.814159 0.150191
3.816460 0.149852
3.818762 0.149434
3.821063 0.148793
3.823365 0.148935
3.825667 0.148383
3.827968 0.148081
3.830270 0.147680
3.832572 0.147260
3.834873 0.146631
3.837175 0.146292
3.839476 0.146093
3.841778 0.145804
3.844080 0.145572
3.846381 0.145324
3.848683 0.145279
3.850984 0.144791
3.853286 0.144636
3.855588 0.144283
3.857889 0.144178
3.860191 0.144643
3.862493 0.144372
3.864794 0.144191
3.867096 0.144238
3.869397 0.144097
3.871699 0.144298
3.874001 0.144058
3.876302 0.143759
3.878604 0.143874
3.880906 0.143750
3.883207 0.143806
3.885509 0.143784
3.887810 0.143501
3.890112 0.142982
3.892414 0.142853
3.894715 0.142276
3.897017 0.142194
3.899319 0.141653
3.901620 0.141045
3.903922 0.141043
3.906223 0.140952
3.908525 0.140417
3.910827 0.139995
3.913128 0.139431
3.915430 0.138690
3.917732 0.138695
3.920033 0.138299
3.922335 0.137544
3.924636 0.136945
3.926938 0.136452
3.929240 0.136047
3.931541 0.135801
3.933843 0.135283
3.936145 0.134636
3.938446 0.133907
3.940748 0.133579
3.943049 0.133069
3.945351 0.132467
3.947653 0.131834
3.949954 0.130986
3.952256 0.130727
3.954558 0.130366
3.956859 0.129704
3.959161 0.128965
3.961462 0.128161
3.963764 0.127579
3.966066 0.127385
3.968367 0.126894
3.970669 0.126239
3.972971 0.125533
3.975272 0.124894
3.977574 0.124474
3.979875 0.124076
3.982177 0.123683
3.984479 0.123213
3.986780 0.122868
3.989082 0.122103
3.991384 0.121391
3.993685 0.121238
3.995987 0.120663
3.998288 0.119735
4.000590 0.119542
