2.852080 0.225335
2.854382 0.236323
2.856683 0.248966
2.858985 0.260277
2.861286 0.271622
2.863588 0.283170
2.865890 0.295770
2.868191 0.307871
2.870493 0.320345
2.872795 0.333178
2.875096 0.346208
2.877398 0.358954
2.879699 0.372875
2.882001 0.387450
2.884303 0.401775
2.886604 0.417193
2.888906 0.432295
2.891208 0.447940
2.893509 0.464235
2.895811 0.480938
2.898112 0.497940
2.900414 0.516330
2.902716 0.533766
2.905017 0.551967
2.907319 0.569842
2.909621 0.587098
2.911922 0.606251
2.914224 0.623718
2.916525 0.641741
2.918827 0.659517
2.921129 0.678050
2.923430 0.694501
2.925732 0.711438
2.928034 0.728711
2.930335 0.743037
2.932637 0.763977
2.934938 0.779621
2.937240 0.795088
2.939542 0.811807
2.941843 0.828530
2.944145 0.842862
2.946447 0.858050
2.948748 0.872938
2.951050 0.887560
2.953351 0.901965
2.955653 0.909758
2.957955 0.926883
2.960256 0.939284
2.962558 0.949405
2.964860 0.963642
2.967161 0.975321
2.969463 0.987179
2.971764 0.999268
2.974066 1.010148
2.976368 1.021303
2.978669 1.034660
2.980971 1.045069
2.983273 1.056802
2.985574 1.068558
2.987876 1.080193
2.990177 1.093886
2.992479 1.108206
2.994781 1.120209
2.997082 1.132272
2.999384 1.145403
3.001686 1.162395
3.003987 1.176082
3.006289 1.192571
3.008590 1.207975
3.010892 1.226012
3.013194 1.240220
3.015495 1.258498
3.017797 1.276910
3.020098 1.294686
3.022400 1.311772
3.024702 1.331204
3.027003 1.350927
3.029305 1.371353
3.031607 1.391718
3.033908 1.409388
3.036210 1.430673
3.038511 1.452491
3.040813 1.470291
3.043115 1.489478
3.045416 1.509719
3.047718 1.531027
3.050020 1.544856
3.052321 1.563695
3.054623 1.577191
3.056924 1.589312
3.059226 1.606972
3.061528 1.617046
3.063829 1.627343
3.066131 1.635319
3.068433 1.643497
3.070734 1.648193
3.073036 1.652704
3.075337 1.653604
3.077639 1.653619
3.079941 1.653559
3.082242 1.652032
3.084544 1.648724
3.086846 1.641275
3.089147 1.634065
3.091449 1.626977
3.093750 1.619214
3.096052 1.612192
3.098354 1.599888
3.100655 1.592399
3.102957 1.580148
3.105259 1.568195
3.107560 1.556288
3.109862 1.544630
3.112163 1.531914
3.114465 1.517494
3.116767 1.504487
3.119068 1.491141
3.121370 1.475815
3.123672 1.464390
3.125973 1.450180
3.128275 1.435302
3.130576 1.420696
3.132878 1.407093
3.135180 1.391891
3.137481 1.377390
3.139783 1.363036
3.142085 1.347457
3.144386 1.331779
3.146688 1.314950
3.148989 1.296984
3.151291 1.284032
3.153593 1.266536
3.155894 1.249524
3.158196 1.230532
3.160498 1.213265
3.162799 1.193840
3.165101 1.175836
3.167402 1.156272
3.169704 1.137919
3.172006 1.116510
3.174307 1.098728
3.176609 1.076903
3.178911 1.056677
3.181212 1.036656
3.183514 1.013911
3.185815 0.994602
3.188117 0.970771
3.190419 0.951184
3.192720 0.929041
3.195022 0.907018
3.197323 0.884815
3.199625 0.863873
3.201927 0.841756
3.204228 0.818495
3.206530 0.797505
3.208832 0.775087
3.211133 0.753160
3.213435 0.731213
3.215736 0.710856
3.218038 0.690065
3.220340 0.668707
3.222641 0.648396
3.224943 0.627226
3.227245 0.607360
3.229546 0.588868
3.231848 0.569618
3.234149 0.550513
3.236451 0.532136
3.238753 0.514481
3.241054 0.497382
3.243356 0.481360
3.245658 0.465071
3.247959 0.449578
3.250261 0.435115
3.252562 0.419107
3.254864 0.405871
3.257166 0.392645
3.259467 0.379487
3.261769 0.367767
3.264071 0.355630
3.266372 0.344272
3.268674 0.332624
3.270975 0.322872
3.273277 0.312520
3.275579 0.302064
3.277880 0.292981
3.280182 0.284055
3.282484 0.275385
3.284785 0.266019
3.287087 0.258090
3.289388 0.250749
3.291690 0.242928
3.293992 0.235291
3.296293 0.228597
3.298595 0.221205
3.300897 0.214569
3.303198 0.209062
3.305500 0.202292
3.307801 0.196934
3.310103 0.191308
3.312405 0.186371
3.314706 0.180842
3.317008 0.175971
3.319310 0.170995
3.321611 0.167023
3.323913 0.162933
3.326214 0.160005
3.328516 0.156434
3.330818 0.153972
3.333119 0.151460
3.335421 0.148946
3.337723 0.146559
3.340024 0.145307
3.342326 0.141699
3.344627 0.139091
3.346929 0.136305
3.349231 0.131904
3.351532 0.128339
3.353834 0.124972
3.356135 0.121251
3.358437 0.118944
3.360739 0.116558
3.363040 0.114148
3.365342 0.112591
3.367644 0.111659
3.369945 0.109685
3.372247 0.109203
3.374548 0.107429
3.376850 0.106853
3.379152 0.105282
3.381453 0.104051
3.383755 0.102245
3.386057 0.100915
3.388358 0.098603
3.390660 0.095427
3.392961 0.092962
3.395263 0.090676
3.397565 0.088441
3.399866 0.086513
3.402168 0.085368
3.404470 0.084414
3.406771 0.083833
3.409073 0.082740
3.411374 0.080370
3.413676 0.078682
3.415978 0.076044
3.418279 0.072832
3.420581 0.070538
3.422883 0.068346
3.425184 0.066158
3.427486 0.065247
3.429787 0.065005
3.432089 0.064945
3.434391 0.063620
3.436692 0.062551
3.438994 0.060656
3.441296 0.058793
3.443597 0.057551
3.445899 0.055415
3.448200 0.054275
3.450502 0.053061
3.452804 0.051195
3.455105 0.050441
3.457407 0.049360
3.459709 0.048075
3.462010 0.047335
3.464312 0.046201
3.466613 0.044978
3.468915 0.044650
3.471217 0.043930
3.473518 0.042972
3.475820 0.042969
3.478122 0.041918
3.480423 0.041819
3.482725 0.041817
3.485026 0.041816
3.487328 0.041816
3.489630 0.041817
3.491931 0.041814
3.494233 0.041769
3.496535 0.042456
3.498836 0.042984
3.501138 0.042190
3.503439 0.042870
3.505741 0.042868
3.508043 0.042506
3.510344 0.041778
3.512646 0.041819
3.514947 0.041805
3.517249 0.042581
3.519551 0.044010
3.521852 0.047045
3.524154 0.050293
3.526456 0.054195
3.528757 0.056255
3.531059 0.057593
3.533360 0.056917
3.535662 0.054976
3.537964 0.052364
3.540265 0.049406
3.542567 0.046566
3.544869 0.043370
3.547170 0.040725
3.549472 0.038054
3.551773 0.035811
3.554075 0.033818
3.556377 0.031874
3.558678 0.029945
3.560980 0.027981
3.563282 0.026095
3.565583 0.025012
3.567885 0.023331
3.570186 0.022432
3.572488 0.021093
3.574790 0.019494
3.577091 0.018861
3.579393 0.017688
3.581695 0.016716
3.583996 0.016032
3.586298 0.014775
3.588599 0.014079
3.590901 0.013029
3.593203 0.012626
3.595504 0.012125
3.597806 0.011000
3.600108 0.010846
3.602409 0.009998
3.604711 0.010130
3.607012 0.008937
3.609314 0.009134
3.611616 0.008023
3.613917 0.008072
3.616219 0.007324
3.618521 0.006999
3.620822 0.006618
3.623124 0.005974
3.625425 0.006003
3.627727 0.006034
3.630029 0.005438
3.632330 0.004982
3.634632 0.005007
3.636934 0.004986
3.639235 0.004838
3.641537 0.003988
3.643838 0.004002
3.646140 0.004006
3.648442 0.004009
3.650743 0.003850
3.653045 0.003070
3.655347 0.003347
3.657648 0.003015
3.659950 0.002994
3.662251 0.003000
3.664553 0.003051
3.666855 0.002570
3.669156 0.002484
3.671458 0.002001
3.673759 0.002000
3.676061 0.001999
3.678363 0.001999
3.680664 0.001997
3.682966 0.001987
3.685268 0.002108
3.687569 0.001161
3.689871 0.001340
3.692172 0.001002
3.694474 0.000994
3.696776 0.001001
3.699077 0.001001
3.701379 0.001000
3.703681 0.001000
3.705982 0.001001
3.708284 0.001001
3.710585 0.001000
3.712887 0.001000
3.715189 0.001000
3.717490 0.001001
3.719792 0.001001
3.722094 0.001000
3.724395 0.001000
3.726697 0.001001
3.728998 0.001000
3.731300 0.000991
3.733602 0.001044
3.735903 0.000519
3.738205 0.000903
3.740507 0.001000
3.742808 0.001002
3.745110 0.001000
3.747411 0.001000
3.749713 0.001001
3.752015 0.001001
3.754316 0.000999
3.756618 0.001005
3.758920 0.001039
3.761221 0.000488
3.763523 0.000003
3.765824 0.000461
3.768126 0.000102
3.770428 0.000018
3.772729 0.000035
3.775031 0.000476
3.777333 0.000677
3.779634 0.000763
3.781936 0.000623
3.784237 0.000768
3.786539 0.001012
3.788841 0.001004
3.791142 0.001000
3.793444 0.001001
3.795746 0.001001
3.798047 0.001000
3.800349 0.001000
3.802650 0.001001
3.804952 0.001000
3.807254 0.000999
3.809555 0.001013
3.811857 0.001063
3.814159 0.002083
3.816460 0.001980
3.818762 0.001999
3.821063 0.001999
3.823365 0.001999
3.825667 0.001999
3.827968 0.002000
3.830270 0.001991
3.832572 0.001988
3.834873 0.002383
3.837175 0.003065
3.839476 0.003023
3.841778 0.002544
3.844080 0.002788
3.846381 0.002689
3.848683 0.002374
3.850984 0.002794
3.853286 0.002988
3.855588 0.002385
3.857889 0.001964
3.860191 0.001997
3.862493 0.002000
3.864794 0.001998
3.867096 0.001999
3.869397 0.001999
3.871699 0.001999
3.874001 0.001999
3.876302 0.001999
3.878604 0.001999
3.880906 0.001999
3.883207 0.001999
3.885509 0.001994
3.887810 0.002013
3.890112 0.002076
3.892414 0.002943
3.894715 0.003004
3.897017 0.003002
3.899319 0.003001
3.901620 0.003002
3.903922 0.003001
3.906223 0.003001
3.908525 0.003003
3.910827 0.002996
3.913128 0.002983
3.915430 0.003321
3.917732 0.003242
3.920033 0.003977
3.922335 0.003976
3.924636 0.004012
3.926938 0.004003
3.929240 0.004004
3.931541 0.004004
3.933843 0.004005
3.936145 0.004003
3.938446 0.003993
3.940748 0.004108
3.943049 0.003280
3.945351 0.003981
3.947653 0.002878
3.949954 0.003034
3.952256 0.002998
3.954558 0.003002
3.956859 0.002986
3.959161 0.003091
3.961462 0.002251
3.963764 0.002004
3.966066 0.001996
3.968367 0.001999
3.970669 0.001999
3.972971 0.002000
3.975272 0.001974
3.977574 0.002129
3.979875 0.001092
3.982177 0.001787
3.984479 0.000888
3.986780 0.001026
3.989082 0.000998
3.991384 0.001000
3.993685 0.001001
3.995987 0.001000
3.998288 0.001001
4.000590 0.001000
