2.852080 0.330077
2.854382 0.351683
2.856683 0.372761
2.858985 0.393855
2.861286 0.415060
2.863588 0.436097
2.865890 0.455596
2.868191 0.475870
2.870493 0.495611
2.872795 0.515240
2.875096 0.534869
2.877398 0.555054
2.879699 0.574968
2.882001 0.594731
2.884303 0.615034
2.886604 0.634347
2.888906 0.655575
2.891208 0.676771
2.893509 0.696460
2.895811 0.716325
2.898112 0.737683
2.900414 0.758435
2.902716 0.779263
2.905017 0.798629
2.907319 0.817671
2.909621 0.839463
2.911922 0.856091
2.914224 0.876173
2.916525 0.894696
2.918827 0.911863
2.921129 0.931442
2.923430 0.949206
2.925732 0.965106
2.928034 0.980776
2.930335 0.997468
2.932637 1.012464
2.934938 1.027637
2.937240 1.043458
2.939542 1.058238
2.941843 1.069640
2.944145 1.086137
2.946447 1.099162
2.948748 1.110924
2.951050 1.124639
2.953351 1.137512
2.955653 1.151042
2.957955 1.162415
2.960256 1.172455
2.962558 1.184806
2.964860 1.195782
2.967161 1.206652
2.969463 1.214910
2.971764 1.226528
2.974066 1.237319
2.976368 1.247945
2.978669 1.257461
2.980971 1.268135
2.983273 1.277599
2.985574 1.286352
2.987876 1.296322
2.990177 1.307791
2.992479 1.315484
2.994781 1.326084
2.997082 1.334795
2.999384 1.343534
3.001686 1.354457
3.003987 1.362696
3.006289 1.371132
3.008590 1.379043
3.010892 1.392588
3.013194 1.402215
3.015495 1.411378
3.017797 1.424555
3.020098 1.435744
3.022400 1.445169
3.024702 1.455253
3.027003 1.461791
3.029305 1.477406
3.031607 1.488241
3.033908 1.496309
3.036210 1.503521
3.038511 1.512207
3.040813 1.518796
3.043115 1.528519
3.045416 1.534609
3.047718 1.539328
3.050020 1.543565
3.052321 1.550037
3.054623 1.554396
3.056924 1.557159
3.059226 1.560420
3.061528 1.569227
3.063829 1.571894
3.066131 1.575061
3.068433 1.580682
3.070734 1.585796
3.073036 1.586162
3.075337 1.594720
3.077639 1.599448
3.079941 1.601656
3.082242 1.607626
3.084544 1.610964
3.086846 1.613552
3.089147 1.618192
3.091449 1.619449
3.093750 1.614929
3.096052 1.621709
3.098354 1.618154
3.100655 1.618726
3.102957 1.619555
3.105259 1.616261
3.107560 1.614154
3.109862 1.616873
3.112163 1.613098
3.114465 1.612268
3.116767 1.610542
3.119068 1.610784
3.121370 1.606880
3.123672 1.607657
3.125973 1.603984
3.128275 1.601864
3.130576 1.600002
3.132878 1.597540
3.135180 1.597439
3.137481 1.591903
3.139783 1.590644
3.142085 1.588979
3.144386 1.584909
3.146688 1.581655
3.148989 1.579734
3.151291 1.574204
3.153593 1.570054
3.155894 1.568835
3.158196 1.563276
3.160498 1.557002
3.162799 1.554833
3.165101 1.547877
3.167402 1.543623
3.169704 1.538242
3.172006 1.531328
3.174307 1.524144
3.176609 1.519823
3.178911 1.513058
3.181212 1.506590
3.183514 1.497279
3.185815 1.490537
3.188117 1.485118
3.190419 1.476291
3.192720 1.467711
3.195022 1.460233
3.197323 1.451303
3.199625 1.443208
3.201927 1.433597
3.204228 1.421509
3.206530 1.412832
3.208832 1.399779
3.211133 1.391713
3.213435 1.383374
3.215736 1.371974
3.218038 1.359183
3.220340 1.350254
3.222641 1.338267
3.224943 1.325541
3.227245 1.312924
3.229546 1.302428
3.231848 1.289645
3.234149 1.277458
3.236451 1.261379
3.238753 1.248263
3.241054 1.235888
3.243356 1.221064
3.245658 1.207924
3.247959 1.191959
3.250261 1.178527
3.252562 1.167206
3.254864 1.152434
3.257166 1.138216
3.259467 1.123393
3.261769 1.108941
3.264071 1.094776
3.266372 1.080437
3.268674 1.066503
3.270975 1.053423
3.273277 1.038220
3.275579 1.023109
3.277880 1.010052
3.280182 0.996403
3.282484 0.982933
3.284785 0.967344
3.287087 0.953340
3.289388 0.939622
3.291690 0.928235
3.293992 0.914069
3.296293 0.900652
3.298595 0.887338
3.300897 0.875412
3.303198 0.863521
3.305500 0.850352
3.307801 0.838890
3.310103 0.828041
3.312405 0.816626
3.314706 0.807373
3.317008 0.799730
3.319310 0.791463
3.321611 0.783633
3.323913 0.778429
3.326214 0.771125
3.328516 0.763354
3.330818 0.756878
3.333119 0.751540
3.335421 0.744569
3.337723 0.739811
3.340024 0.734070
3.342326 0.728171
3.344627 0.722160
3.346929 0.715209
3.349231 0.708030
3.351532 0.701080
3.353834 0.693679
3.356135 0.686964
3.358437 0.682135
3.360739 0.677791
3.363040 0.672781
3.365342 0.669268
3.367644 0.665979
3.369945 0.661597
3.372247 0.657356
3.374548 0.653409
3.376850 0.648863
3.379152 0.643430
3.381453 0.637173
3.383755 0.631203
3.386057 0.623722
3.388358 0.615567
3.390660 0.607948
3.392961 0.601200
3.395263 0.594990
3.397565 0.590525
3.399866 0.590606
3.402168 0.591779
3.404470 0.592107
3.406771 0.592581
3.409073 0.591482
3.411374 0.588193
3.413676 0.583411
3.415978 0.575493
3.418279 0.568241
3.420581 0.560451
3.422883 0.553412
3.425184 0.548601
3.427486 0.544517
3.429787 0.542957
3.432089 0.540985
3.434391 0.540158
3.436692 0.538653
3.438994 0.536654
3.441296 0.533371
3.443597 0.530079
3.445899 0.525567
3.448200 0.522539
3.450502 0.517539
3.452804 0.513991
3.455105 0.509508
3.457407 0.506452
3.459709 0.503414
3.462010 0.500304
3.464312 0.497609
3.466613 0.495680
3.468915 0.493539
3.471217 0.492074
3.473518 0.490386
3.475820 0.490572
3.478122 0.489719
3.480423 0.489683
3.482725 0.489619
3.485026 0.490996
3.487328 0.491577
3.489630 0.492997
3.491931 0.493583
3.494233 0.493727
3.496535 0.493712
3.498836 0.494826
3.501138 0.493764
3.503439 0.493364
3.505741 0.492107
3.508043 0.490383
3.510344 0.487631
3.512646 0.484625
3.514947 0.482044
3.517249 0.479391
3.519551 0.479474
3.521852 0.482175
3.524154 0.489352
3.526456 0.501195
3.528757 0.513513
3.531059 0.525890
3.533360 0.533464
3.535662 0.535909
3.537964 0.532509
3.540265 0.526456
3.542567 0.517954
3.544869 0.507915
3.547170 0.498880
3.549472 0.490109
3.551773 0.482587
3.554075 0.474629
3.556377 0.468053
3.558678 0.461640
3.560980 0.455707
3.563282 0.450025
3.565583 0.443722
3.567885 0.439398
3.570186 0.434033
3.572488 0.429867
3.574790 0.424328
3.577091 0.419880
3.579393 0.415884
3.581695 0.411651
3.583996 0.407208
3.586298 0.403941
3.588599 0.399976
3.590901 0.395974
3.593203 0.392681
3.595504 0.389164
3.597806 0.385748
3.600108 0.382631
3.602409 0.379658
3.604711 0.376521
3.607012 0.374507
3.609314 0.372085
3.611616 0.369671
3.613917 0.367248
3.616219 0.364968
3.618521 0.362359
3.620822 0.360241
3.623124 0.358785
3.625425 0.356576
3.627727 0.354812
3.630029 0.352467
3.632330 0.350829
3.634632 0.348978
3.636934 0.347200
3.639235 0.345062
3.641537 0.343719
3.643838 0.342315
3.646140 0.340509
3.648442 0.339239
3.650743 0.337412
3.653045 0.336170
3.655347 0.334597
3.657648 0.333459
3.659950 0.332106
3.662251 0.331073
3.664553 0.329589
3.666855 0.329099
3.669156 0.327271
3.671458 0.326034
3.673759 0.325067
3.676061 0.324208
3.678363 0.322881
3.680664 0.321494
3.682966 0.320752
3.685268 0.319610
3.687569 0.318103
3.689871 0.316658
3.692172 0.316096
3.694474 0.315057
3.696776 0.313807
3.699077 0.312599
3.701379 0.311831
3.703681 0.310837
3.705982 0.309787
3.708284 0.308785
3.710585 0.307643
3.712887 0.306735
3.715189 0.306281
3.717490 0.305010
3.719792 0.304138
3.722094 0.302804
3.724395 0.301904
3.726697 0.301115
3.728998 0.300331
3.731300 0.299258
3.733602 0.298119
3.735903 0.297196
3.738205 0.296401
3.740507 0.295415
3.742808 0.294497
3.745110 0.293212
3.747411 0.292683
3.749713 0.292030
3.752015 0.291440
3.754316 0.290268
3.756618 0.289030
3.758920 0.288350
3.761221 0.287178
3.763523 0.286561
3.765824 0.285548
3.768126 0.284728
3.770428 0.284148
3.772729 0.283577
3.775031 0.282606
3.777333 0.282015
3.779634 0.281438
3.781936 0.280724
3.784237 0.280123
3.786539 0.279691
3.788841 0.279444
3.791142 0.278790
3.793444 0.277996
3.795746 0.277606
3.798047 0.277495
3.800349 0.277138
3.802650 0.276839
3.804952 0.276599
3.807254 0.276515
3.809555 0.276065
3.811857 0.276239
3.814159 0.276469
3.816460 0.276391
3.818762 0.276124
3.821063 0.276118
3.823365 0.276197
3.825667 0.275733
3.827968 0.275865
3.830270 0.275298
3.832572 0.275322
3.834873 0.275303
3.837175 0.274450
3.839476 0.274347
3.841778 0.274267
3.844080 0.273771
3.846381 0.273526
3.848683 0.272695
3.850984 0.272340
3.853286 0.271907
3.855588 0.271335
3.857889 0.270184
3.860191 0.269660
3.862493 0.269169
3.864794 0.268920
3.867096 0.267951
3.869397 0.267207
3.871699 0.267235
3.874001 0.266687
3.876302 0.266040
3.878604 0.265919
3.880906 0.265902
3.883207 0.265470
3.885509 0.265437
3.887810 0.264992
3.890112 0.264526
3.892414 0.264514
3.894715 0.264174
3.897017 0.264147
3.899319 0.264239
3.901620 0.263470
3.903922 0.262991
3.906223 0.262788
3.908525 0.262988
3.910827 0.263185
3.913128 0.263004
3.915430 0.262646
3.917732 0.262518
3.920033 0.262578
3.922335 0.262169
3.924636 0.262094
3.926938 0.261837
3.929240 0.261867
3.931541 0.261674
3.933843 0.261504
3.936145 0.260761
3.938446 0.260362
3.940748 0.259695
3.943049 0.259160
3.945351 0.258931
3.947653 0.258249
3.949954 0.257022
3.952256 0.256165
3.954558 0.255562
3.956859 0.254947
3.959161 0.254131
3.961462 0.252973
3.963764 0.251842
3.966066 0.251184
3.968367 0.250097
3.970669 0.249250
3.972971 0.248521
3.975272 0.247815
3.977574 0.246681
3.979875 0.245761
3.982177 0.245305
3.984479 0.244237
3.986780 0.243277
3.989082 0.242550
3.991384 0.241742
3.993685 0.241533
3.995987 0.240805
3.998288 0.239296
4.000590 0.238628
