5000.000000 0.000000 
4998.499500 -0.000017 
4996.999000 0.000004 
4995.498499 -0.000000 
4993.997999 0.000000 
4992.497499 0.000017 
4990.996999 -0.000035 
4989.496499 -0.000039 
4987.995999 -0.000026 
4986.495498 -0.000017 
4984.994998 -0.000026 
4983.494498 -0.000035 
4981.993998 -0.000022 
4980.493498 -0.000022 
4978.992998 -0.000022 
4977.492497 -0.000017 
4975.991997 0.000035 
4974.491497 0.000065 
4972.990997 0.000074 
4971.490497 0.000066 
4969.989997 0.000109 
4968.489496 0.000117 
4966.988996 0.000126 
4965.488496 0.000122 
4963.987996 0.000152 
4962.487496 0.000126 
4960.986996 0.000122 
4959.486495 0.000109 
4957.985995 0.000161 
4956.485495 0.000139 
4954.984995 0.000126 
4953.484495 0.000139 
4951.983995 0.000126 
4950.483494 0.000130 
4948.982994 0.000109 
4947.482494 0.000134 
4945.981994 0.000104 
4944.481494 0.000104 
4942.980994 0.000122 
4941.480493 0.000112 
4939.979993 0.000070 
4938.479493 0.000096 
4936.978993 0.000104 
4935.478493 0.000095 
4933.977993 0.000087 
4932.477492 0.000122 
4930.976992 0.000130 
4929.476492 0.000104 
4927.975992 0.000078 
4926.475492 0.000105 
4924.974992 0.000143 
4923.474491 0.000113 
4921.973991 0.000091 
4920.473491 0.000096 
4918.972991 0.000086 
4917.472491 0.000056 
4915.971991 0.000052 
4914.471490 0.000039 
4912.970990 0.000035 
4911.470490 0.000048 
4909.969990 0.000052 
4908.469490 0.000061 
4906.968990 0.000079 
4905.468489 0.000117 
4903.967989 0.000069 
4902.467489 0.000069 
4900.966989 0.000070 
4899.466489 0.000086 
4897.965989 0.000047 
4896.465488 0.000035 
4894.964988 0.000043 
4893.464488 0.000057 
4891.963988 0.000056 
4890.463488 0.000043 
4888.962988 0.000039 
4887.462487 0.000056 
4885.961987 0.000030 
4884.461487 0.000039 
4882.960987 0.000052 
4881.460487 0.000038 
4879.959987 0.000031 
4878.459486 0.000056 
4876.958986 0.000044 
4875.458486 0.000061 
4873.957986 0.000038 
4872.457486 0.000033 
4870.956986 0.000073 
4869.456485 0.000043 
4867.955985 0.000053 
4866.455485 0.000047 
4864.954985 0.000066 
4863.454485 0.000061 
4861.953985 0.000064 
4860.453484 0.000039 
4858.952984 0.000044 
4857.452484 0.000053 
4855.951984 0.000056 
4854.451484 0.000053 
4852.950984 0.000074 
4851.450483 0.000068 
4849.949983 0.000035 
4848.449483 0.000048 
4846.948983 0.000030 
4845.448483 0.000008 
4843.947983 0.000010 
4842.447482 0.000035 
4840.946982 0.000013 
4839.446482 0.000037 
4837.945982 0.000032 
4836.445482 -0.000008 
4834.944982 0.000000 
4833.444481 0.000018 
4831.943981 0.000048 
4830.443481 0.000047 
4828.942981 0.000031 
4827.442481 0.000052 
4825.941981 0.000030 
4824.441480 0.000016 
4822.940980 -0.000017 
4821.440480 -0.000003 
4819.939980 0.000032 
4818.439480 0.000060 
4816.938980 0.000052 
4815.438479 0.000052 
4813.937979 0.000048 
4812.437479 0.000075 
4810.936979 0.000086 
4809.436479 0.000069 
4807.935979 0.000069 
4806.435478 0.000052 
4804.934978 0.000076 
4803.434478 0.000076 
4801.933978 0.000066 
4800.433478 0.000055 
4798.932978 0.000035 
4797.432477 0.000040 
4795.931977 0.000053 
4794.431477 0.000042 
4792.930977 0.000022 
4791.430477 0.000040 
4789.929977 0.000047 
4788.429476 0.000025 
4786.928976 0.000017 
4785.428476 0.000017 
4783.927976 0.000005 
4782.427476 0.000027 
4780.926976 0.000015 
4779.426475 -0.000036 
4777.925975 -0.000053 
4776.425475 -0.000070 
4774.924975 -0.000073 
4773.424475 -0.000043 
4771.923975 -0.000026 
4770.423474 -0.000039 
4768.922974 -0.000011 
4767.422474 -0.000001 
4765.921974 -0.000024 
4764.421474 -0.000046 
4762.920974 -0.000009 
4761.420473 -0.000026 
4759.919973 -0.000017 
4758.419473 -0.000013 
4756.918973 -0.000009 
4755.418473 -0.000003 
4753.917973 0.000012 
4752.417472 0.000014 
4750.916972 0.000025 
4749.416472 0.000022 
4747.915972 0.000035 
4746.415472 0.000049 
4744.914972 0.000055 
4743.414471 0.000025 
4741.913971 -0.000015 
4740.413471 -0.000026 
4738.912971 -0.000051 
4737.412471 -0.000102 
4735.911971 -0.000114 
4734.411470 -0.000141 
4732.910970 -0.000174 
4731.410470 -0.000174 
4729.909970 -0.000182 
4728.409470 -0.000164 
4726.908970 -0.000172 
4725.408469 -0.000190 
4723.907969 -0.000187 
4722.407469 -0.000159 
4720.906969 -0.000156 
4719.406469 -0.000133 
4717.905969 -0.000098 
4716.405468 -0.000096 
4714.904968 -0.000085 
4713.404468 -0.000065 
4711.903968 -0.000065 
4710.403468 -0.000065 
4708.902968 -0.000061 
4707.402467 -0.000060 
4705.901967 -0.000027 
4704.401467 0.000020 
4702.900967 0.000039 
4701.400467 0.000046 
4699.899967 0.000067 
4698.399466 0.000035 
4696.898966 0.000043 
4695.398466 0.000033 
4693.897966 0.000013 
4692.397466 0.000006 
4690.896966 -0.000020 
4689.396465 0.000005 
4687.895965 0.000036 
4686.395465 0.000031 
4684.894965 0.000037 
4683.394465 0.000003 
4681.893965 -0.000008 
4680.393464 -0.000001 
4678.892964 -0.000010 
4677.392464 -0.000027 
4675.891964 -0.000048 
4674.391464 -0.000034 
4672.890964 -0.000033 
4671.390463 0.000005 
4669.889963 -0.000003 
4668.389463 0.000018 
4666.888963 0.000037 
4665.388463 0.000065 
4663.887963 0.000055 
4662.387462 0.000048 
4660.886962 0.000063 
4659.386462 0.000093 
4657.885962 0.000076 
4656.385462 0.000062 
4654.884962 0.000095 
4653.384461 0.000109 
4651.883961 0.000112 
4650.383461 0.000096 
4648.882961 0.000090 
4647.382461 0.000068 
4645.881961 0.000081 
4644.381460 0.000078 
4642.880960 0.000043 
4641.380460 0.000042 
4639.879960 0.000044 
4638.379460 0.000043 
4636.878960 0.000063 
4635.378459 0.000048 
4633.877959 0.000013 
4632.377459 0.000022 
4630.876959 0.000031 
4629.376459 0.000034 
4627.875959 0.000013 
4626.375458 0.000023 
4624.874958 0.000021 
4623.374458 0.000028 
4621.873958 0.000034 
4620.373458 0.000013 
4618.872958 0.000014 
4617.372457 0.000018 
4615.871957 0.000036 
4614.371457 0.000030 
4612.870957 0.000054 
4611.370457 0.000050 
4609.869957 0.000029 
4608.369456 0.000050 
4606.868956 0.000041 
4605.368456 0.000041 
4603.867956 0.000055 
4602.367456 0.000054 
4600.866956 0.000073 
4599.366455 0.000071 
4597.865955 0.000088 
4596.365455 0.000107 
4594.864955 0.000114 
4593.364455 0.000078 
4591.863955 0.000077 
4590.363454 0.000085 
4588.862954 0.000081 
4587.362454 0.000084 
4585.861954 0.000076 
4584.361454 0.000050 
4582.860954 0.000034 
4581.360453 0.000042 
4579.859953 0.000056 
4578.359453 0.000053 
4576.858953 0.000074 
4575.358453 0.000054 
4573.857953 0.000052 
4572.357452 0.000053 
4570.856952 0.000069 
4569.356452 0.000058 
4567.855952 0.000079 
4566.355452 0.000078 
4564.854952 0.000074 
4563.354451 0.000068 
4561.853951 0.000068 
4560.353451 0.000092 
4558.852951 0.000094 
4557.352451 0.000067 
4555.851951 0.000063 
4554.351450 0.000069 
4552.850950 0.000078 
4551.350450 0.000099 
4549.849950 0.000066 
4548.349450 0.000035 
4546.848950 0.000043 
4545.348449 0.000038 
4543.847949 0.000023 
4542.347449 0.000039 
4540.846949 0.000033 
4539.346449 0.000010 
4537.845949 0.000006 
4536.345448 0.000019 
4534.844948 0.000029 
4533.344448 0.000043 
4531.843948 0.000053 
4530.343448 0.000065 
4528.842948 0.000062 
4527.342447 0.000035 
4525.841947 0.000042 
4524.341447 0.000058 
4522.840947 0.000067 
4521.340447 0.000078 
4519.839947 0.000078 
4518.339446 0.000103 
4516.838946 0.000123 
4515.338446 0.000135 
4513.837946 0.000146 
4512.337446 0.000161 
4510.836946 0.000171 
4509.336445 0.000171 
4507.835945 0.000156 
4506.335445 0.000169 
4504.834945 0.000159 
4503.334445 0.000143 
4501.833945 0.000151 
4500.333444 0.000109 
4498.832944 0.000107 
4497.332444 0.000120 
4495.831944 0.000114 
4494.331444 0.000107 
4492.830944 0.000096 
4491.330443 0.000093 
4489.829943 0.000090 
4488.329443 0.000093 
4486.828943 0.000075 
4485.328443 0.000071 
4483.827943 0.000074 
4482.327442 0.000078 
4480.826942 0.000065 
4479.326442 0.000080 
4477.825942 0.000075 
4476.325442 0.000080 
4474.824942 0.000097 
4473.324441 0.000100 
4471.823941 0.000114 
4470.323441 0.000103 
4468.822941 0.000114 
4467.322441 0.000119 
4465.821941 0.000110 
4464.321440 0.000090 
4462.820940 0.000083 
4461.320440 0.000074 
4459.819940 0.000092 
4458.319440 0.000104 
4456.818940 0.000072 
4455.318439 0.000072 
4453.817939 0.000064 
4452.317439 0.000067 
4450.816939 0.000077 
4449.316439 0.000075 
4447.815939 0.000086 
4446.315438 0.000106 
4444.814938 0.000115 
4443.314438 0.000119 
4441.813938 0.000134 
4440.313438 0.000143 
4438.812938 0.000128 
4437.312437 0.000139 
4435.811937 0.000142 
4434.311437 0.000129 
4432.810937 0.000132 
4431.310437 0.000153 
4429.809937 0.000162 
4428.309436 0.000156 
4426.808936 0.000156 
4425.308436 0.000151 
4423.807936 0.000128 
4422.307436 0.000155 
4420.806936 0.000168 
4419.306435 0.000142 
4417.805935 0.000133 
4416.305435 0.000136 
4414.804935 0.000154 
4413.304435 0.000149 
4411.803935 0.000141 
4410.303434 0.000148 
4408.802934 0.000133 
4407.302434 0.000116 
4405.801934 0.000121 
4404.301434 0.000130 
4402.800934 0.000135 
4401.300433 0.000133 
4399.799933 0.000117 
4398.299433 0.000124 
4396.798933 0.000113 
4395.298433 0.000123 
4393.797933 0.000112 
4392.297432 0.000114 
4390.796932 0.000130 
4389.296432 0.000136 
4387.795932 0.000129 
4386.295432 0.000094 
4384.794932 0.000108 
4383.294431 0.000101 
4381.793931 0.000081 
4380.293431 0.000089 
4378.792931 0.000088 
4377.292431 0.000076 
4375.791931 0.000110 
4374.291430 0.000109 
4372.790930 0.000083 
4371.290430 0.000097 
4369.789930 0.000094 
4368.289430 0.000097 
4366.788930 0.000091 
4365.288429 0.000112 
4363.787929 0.000113 
4362.287429 0.000115 
4360.786929 0.000122 
4359.286429 0.000136 
4357.785929 0.000141 
4356.285428 0.000130 
4354.784928 0.000130 
4353.284428 0.000120 
4351.783928 0.000107 
4350.283428 0.000117 
4348.782928 0.000128 
4347.282427 0.000128 
4345.781927 0.000129 
4344.281427 0.000110 
4342.780927 0.000137 
4341.280427 0.000131 
4339.779927 0.000100 
4338.279426 0.000111 
4336.778926 0.000109 
4335.278426 0.000124 
4333.777926 0.000122 
4332.277426 0.000111 
4330.776926 0.000085 
4329.276425 0.000095 
4327.775925 0.000106 
4326.275425 0.000134 
4324.774925 0.000122 
4323.274425 0.000113 
4321.773925 0.000111 
4320.273424 0.000092 
4318.772924 0.000078 
4317.272424 0.000085 
4315.771924 0.000134 
4314.271424 0.000148 
4312.770924 0.000132 
4311.270423 0.000150 
4309.769923 0.000152 
4308.269423 0.000178 
4306.768923 0.000191 
4305.268423 0.000185 
4303.767923 0.000182 
4302.267422 0.000191 
4300.766922 0.000209 
4299.266422 0.000195 
4297.765922 0.000189 
4296.265422 0.000180 
4294.764922 0.000163 
4293.264421 0.000163 
4291.763921 0.000133 
4290.263421 0.000124 
4288.762921 0.000133 
4287.262421 0.000115 
4285.761921 0.000115 
4284.261420 0.000122 
4282.760920 0.000109 
4281.260420 0.000117 
4279.759920 0.000124 
4278.259420 0.000120 
4276.758920 0.000119 
4275.258419 0.000126 
4273.757919 0.000130 
4272.257419 0.000121 
4270.756919 0.000135 
4269.256419 0.000130 
4267.755919 0.000139 
4266.255418 0.000163 
4264.754918 0.000163 
4263.254418 0.000172 
4261.753918 0.000182 
4260.253418 0.000178 
4258.752918 0.000178 
4257.252417 0.000167 
4255.751917 0.000182 
4254.251417 0.000167 
4252.750917 0.000135 
4251.250417 0.000126 
4249.749917 0.000128 
4248.249416 0.000117 
4246.748916 0.000137 
4245.248416 0.000150 
4243.747916 0.000141 
4242.247416 0.000109 
4240.746916 0.000106 
4239.246415 0.000104 
4237.745915 0.000102 
4236.245415 0.000106 
4234.744915 0.000087 
4233.244415 0.000111 
4231.743915 0.000106 
4230.243414 0.000111 
4228.742914 0.000128 
4227.242414 0.000132 
4225.741914 0.000124 
4224.241414 0.000152 
4222.740914 0.000163 
4221.240413 0.000182 
4219.739913 0.000182 
4218.239413 0.000171 
4216.738913 0.000167 
4215.238413 0.000187 
4213.737913 0.000189 
4212.237412 0.000195 
4210.736912 0.000185 
4209.236412 0.000178 
4207.735912 0.000196 
4206.235412 0.000198 
4204.734912 0.000193 
4203.234411 0.000202 
4201.733911 0.000233 
4200.233411 0.000232 
4198.732911 0.000215 
4197.232411 0.000215 
4195.731911 0.000202 
4194.231410 0.000193 
4192.730910 0.000176 
4191.230410 0.000185 
4189.729910 0.000178 
4188.229410 0.000154 
4186.728910 0.000143 
4185.228409 0.000168 
4183.727909 0.000173 
4182.227409 0.000165 
4180.726909 0.000154 
4179.226409 0.000159 
4177.725909 0.000185 
4176.225408 0.000204 
4174.724908 0.000202 
4173.224408 0.000209 
4171.723908 0.000222 
4170.223408 0.000215 
4168.722908 0.000210 
4167.222407 0.000215 
4165.721907 0.000228 
4164.221407 0.000248 
4162.720907 0.000243 
4161.220407 0.000256 
4159.719907 0.000252 
4158.219406 0.000261 
4156.718906 0.000272 
4155.218406 0.000271 
4153.717906 0.000247 
4152.217406 0.000236 
4150.716906 0.000233 
4149.216405 0.000264 
4147.715905 0.000271 
4146.215405 0.000258 
4144.714905 0.000270 
4143.214405 0.000269 
4141.713905 0.000267 
4140.213404 0.000271 
4138.712904 0.000245 
4137.212404 0.000250 
4135.711904 0.000248 
4134.211404 0.000254 
4132.710904 0.000262 
4131.210403 0.000243 
4129.709903 0.000241 
4128.209403 0.000237 
4126.708903 0.000227 
4125.208403 0.000213 
4123.707903 0.000206 
4122.207402 0.000190 
4120.706902 0.000181 
4119.206402 0.000182 
4117.705902 0.000179 
4116.205402 0.000201 
4114.704902 0.000209 
4113.204401 0.000211 
4111.703901 0.000234 
4110.203401 0.000266 
4108.702901 0.000288 
4107.202401 0.000341 
4105.701901 0.000400 
4104.201400 0.000490 
4102.700900 0.000586 
4101.200400 0.000672 
4099.699900 0.000767 
4098.199400 0.000856 
4096.698900 0.000924 
4095.198399 0.001009 
4093.697899 0.001094 
4092.197399 0.001188 
4090.696899 0.001278 
4089.196399 0.001342 
4087.695899 0.001412 
4086.195398 0.001498 
4084.694898 0.001578 
4083.194398 0.001694 
4081.693898 0.001798 
4080.193398 0.001898 
4078.692898 0.001968 
4077.192397 0.002038 
4075.691897 0.002070 
4074.191397 0.002080 
4072.690897 0.002044 
4071.190397 0.002030 
4069.689897 0.002001 
4068.189396 0.001944 
4066.688896 0.001839 
4065.188396 0.001666 
4063.687896 0.001440 
4062.187396 0.001210 
4060.686896 0.000984 
4059.186395 0.000790 
4057.685895 0.000653 
4056.185395 0.000534 
4054.684895 0.000465 
4053.184395 0.000424 
4051.683895 0.000370 
4050.183394 0.000319 
4048.682894 0.000286 
4047.182394 0.000274 
4045.681894 0.000264 
4044.181394 0.000220 
4042.680894 0.000217 
4041.180393 0.000194 
4039.679893 0.000187 
4038.179393 0.000164 
4036.678893 0.000161 
4035.178393 0.000152 
4033.677893 0.000156 
4032.177392 0.000148 
4030.676892 0.000152 
4029.176392 0.000133 
4027.675892 0.000133 
4026.175392 0.000130 
4024.674892 0.000142 
4023.174391 0.000132 
4021.673891 0.000142 
4020.173391 0.000139 
4018.672891 0.000149 
4017.172391 0.000142 
4015.671891 0.000159 
4014.171390 0.000138 
4012.670890 0.000130 
4011.170390 0.000138 
4009.669890 0.000136 
4008.169390 0.000138 
4006.668890 0.000122 
4005.168389 0.000119 
4003.667889 0.000132 
4002.167389 0.000120 
4000.666889 0.000111 
3999.166389 0.000098 
3997.665889 0.000106 
3996.165388 0.000106 
3994.664888 0.000103 
3993.164388 0.000096 
3991.663888 0.000085 
3990.163388 0.000062 
3988.662888 0.000056 
3987.162387 0.000054 
3985.661887 0.000048 
3984.161387 0.000038 
3982.660887 0.000030 
3981.160387 0.000035 
3979.659887 0.000041 
3978.159386 0.000055 
3976.658886 0.000069 
3975.158386 0.000091 
3973.657886 0.000132 
3972.157386 0.000139 
3970.656886 0.000154 
3969.156385 0.000168 
3967.655885 0.000187 
3966.155385 0.000193 
3964.654885 0.000217 
3963.154385 0.000233 
3961.653885 0.000236 
3960.153384 0.000248 
3958.652884 0.000291 
3957.152384 0.000304 
3955.651884 0.000301 
3954.151384 0.000294 
3952.650884 0.000313 
3951.150383 0.000310 
3949.649883 0.000291 
3948.149383 0.000294 
3946.648883 0.000300 
3945.148383 0.000281 
3943.647883 0.000258 
3942.147382 0.000261 
3940.646882 0.000231 
3939.146382 0.000209 
3937.645882 0.000213 
3936.145382 0.000204 
3934.644882 0.000204 
3933.144381 0.000209 
3931.643881 0.000204 
3930.143381 0.000195 
3928.642881 0.000192 
3927.142381 0.000187 
3925.641881 0.000214 
3924.141380 0.000208 
3922.640880 0.000194 
3921.140380 0.000192 
3919.639880 0.000207 
3918.139380 0.000225 
3916.638880 0.000210 
3915.138379 0.000232 
3913.637879 0.000209 
3912.137379 0.000184 
3910.636879 0.000159 
3909.136379 0.000152 
3907.635879 0.000148 
3906.135378 0.000148 
3904.634878 0.000163 
3903.134378 0.000174 
3901.633878 0.000173 
3900.133378 0.000193 
3898.632878 0.000202 
3897.132377 0.000227 
3895.631877 0.000258 
3894.131377 0.000261 
3892.630877 0.000260 
3891.130377 0.000291 
3889.629877 0.000332 
3888.129376 0.000343 
3886.628876 0.000365 
3885.128376 0.000429 
3883.627876 0.000490 
3882.127376 0.000562 
3880.626876 0.000666 
3879.126375 0.000800 
3877.625875 0.000973 
3876.125375 0.001117 
3874.624875 0.001268 
3873.124375 0.001418 
3871.623875 0.001565 
3870.123374 0.001798 
3868.622874 0.002058 
3867.122374 0.002328 
3865.621874 0.002591 
3864.121374 0.002770 
3862.620874 0.002792 
3861.120373 0.002778 
3859.619873 0.002843 
3858.119373 0.002857 
3856.618873 0.002566 
3855.118373 0.002000 
3853.617873 0.001448 
3852.117372 0.001093 
3850.616872 0.000870 
3849.116372 0.000739 
3847.615872 0.000641 
3846.115372 0.000555 
3844.614872 0.000494 
3843.114371 0.000463 
3841.613871 0.000441 
3840.113371 0.000407 
3838.612871 0.000394 
3837.112371 0.000380 
3835.611871 0.000369 
3834.111370 0.000365 
3832.610870 0.000357 
3831.110370 0.000344 
3829.609870 0.000339 
3828.109370 0.000331 
3826.608870 0.000321 
3825.108369 0.000302 
3823.607869 0.000280 
3822.107369 0.000277 
3820.606869 0.000298 
3819.106369 0.000289 
3817.605869 0.000270 
3816.105368 0.000269 
3814.604868 0.000273 
3813.104368 0.000282 
3811.603868 0.000270 
3810.103368 0.000258 
3808.602868 0.000224 
3807.102367 0.000216 
3805.601867 0.000234 
3804.101367 0.000212 
3802.600867 0.000190 
3801.100367 0.000212 
3799.599867 0.000242 
3798.099366 0.000224 
3796.598866 0.000204 
3795.098366 0.000213 
3793.597866 0.000197 
3792.097366 0.000187 
3790.596866 0.000199 
3789.096365 0.000179 
3787.595865 0.000195 
3786.095365 0.000196 
3784.594865 0.000191 
3783.094365 0.000183 
3781.593865 0.000158 
3780.093364 0.000163 
3778.592864 0.000182 
3777.092364 0.000174 
3775.591864 0.000190 
3774.091364 0.000180 
3772.590864 0.000162 
3771.090363 0.000148 
3769.589863 0.000159 
3768.089363 0.000169 
3766.588863 0.000169 
3765.088363 0.000169 
3763.587863 0.000174 
3762.087362 0.000158 
3760.586862 0.000139 
3759.086362 0.000148 
3757.585862 0.000135 
3756.085362 0.000147 
3754.584862 0.000125 
3753.084361 0.000104 
3751.583861 0.000093 
3750.083361 0.000111 
3748.582861 0.000143 
3747.082361 0.000111 
3745.581861 0.000103 
3744.081360 0.000141 
3742.580860 0.000165 
3741.080360 0.000137 
3739.579860 0.000114 
3738.079360 0.000117 
3736.578860 0.000134 
3735.078359 0.000132 
3733.577859 0.000114 
3732.077359 0.000117 
3730.576859 0.000121 
3729.076359 0.000122 
3727.575859 0.000121 
3726.075358 0.000122 
3724.574858 0.000109 
3723.074358 0.000096 
3721.573858 0.000083 
3720.073358 0.000091 
3718.572858 0.000091 
3717.072357 0.000083 
3715.571857 0.000086 
3714.071357 0.000071 
3712.570857 0.000069 
3711.070357 0.000078 
3709.569857 0.000086 
3708.069356 0.000096 
3706.568856 0.000091 
3705.068356 0.000091 
3703.567856 0.000096 
3702.067356 0.000104 
3700.566856 0.000125 
3699.066355 0.000122 
3697.565855 0.000121 
3696.065355 0.000130 
3694.564855 0.000113 
3693.064355 0.000100 
3691.563855 0.000108 
3690.063354 0.000104 
3688.562854 0.000137 
3687.062354 0.000172 
3685.561854 0.000174 
3684.061354 0.000169 
3682.560854 0.000169 
3681.060353 0.000178 
3679.559853 0.000195 
3678.059353 0.000179 
3676.558853 0.000185 
3675.058353 0.000228 
3673.557853 0.000273 
3672.057352 0.000165 
3670.556852 0.000167 
3669.056352 0.000249 
3667.555852 0.000328 
3666.055352 0.000351 
3664.554852 0.000356 
3663.054351 0.000348 
3661.553851 0.000339 
3660.053351 0.000335 
3658.552851 0.000281 
3657.052351 0.000213 
3655.551851 0.000268 
3654.051350 0.000287 
3652.550850 0.000208 
3651.050350 0.000090 
3649.549850 0.000073 
3648.049350 0.000133 
3646.548850 0.000228 
3645.048349 0.000277 
3643.547849 0.000282 
3642.047349 0.000278 
3640.546849 0.000278 
3639.046349 0.000269 
3637.545849 0.000269 
3636.045348 0.000253 
3634.544848 0.000230 
3633.044348 0.000231 
3631.543848 0.000139 
3630.043348 0.000002 
3628.542848 0.000070 
3627.042347 0.000180 
3625.541847 0.000225 
3624.041347 0.000235 
3622.540847 0.000214 
3621.040347 0.000145 
3619.539847 0.000130 
3618.039346 0.000164 
3616.538846 0.000191 
3615.038346 0.000179 
3613.537846 0.000156 
3612.037346 0.000174 
3610.536846 0.000127 
3609.036345 0.000134 
3607.535845 0.000164 
3606.035345 0.000204 
3604.534845 0.000213 
3603.034345 0.000204 
3601.533845 0.000191 
3600.033344 0.000187 
3598.532844 0.000191 
3597.032344 0.000178 
3595.531844 0.000174 
3594.031344 0.000173 
3592.530844 0.000191 
3591.030343 0.000170 
3589.529843 0.000114 
3588.029343 0.000096 
3586.528843 0.000125 
3585.028343 0.000169 
3583.527843 0.000182 
3582.027342 0.000182 
3580.526842 0.000182 
3579.026342 0.000182 
3577.525842 0.000187 
3576.025342 0.000204 
3574.524842 0.000204 
3573.024341 0.000200 
3571.523841 0.000179 
3570.023341 0.000165 
3568.522841 0.000182 
3567.022341 0.000182 
3565.521841 0.000182 
3564.021340 0.000182 
3562.520840 0.000174 
3561.020340 0.000157 
3559.519840 0.000152 
3558.019340 0.000165 
3556.518840 0.000161 
3555.018339 0.000157 
3553.517839 0.000139 
3552.017339 0.000143 
3550.516839 0.000143 
3549.016339 0.000139 
3547.515839 0.000152 
3546.015338 0.000161 
3544.514838 0.000174 
3543.014338 0.000161 
3541.513838 0.000182 
3540.013338 0.000187 
3538.512838 0.000182 
3537.012337 0.000182 
3535.511837 0.000191 
3534.011337 0.000191 
3532.510837 0.000183 
3531.010337 0.000169 
3529.509837 0.000161 
3528.009336 0.000165 
3526.508836 0.000169 
3525.008336 0.000169 
3523.507836 0.000174 
3522.007336 0.000174 
3520.506836 0.000178 
3519.006335 0.000182 
3517.505835 0.000169 
3516.005335 0.000174 
3514.504835 0.000187 
3513.004335 0.000187 
3511.503835 0.000174 
3510.003334 0.000182 
3508.502834 0.000182 
3507.002334 0.000187 
3505.501834 0.000221 
3504.001334 0.000239 
3502.500834 0.000248 
3501.000333 0.000265 
3499.499833 0.000291 
3497.999333 0.000282 
3496.498833 0.000287 
3494.998333 0.000322 
3493.497833 0.000326 
3491.997332 0.000335 
3490.496832 0.000339 
3488.996332 0.000361 
3487.495832 0.000378 
3485.995332 0.000369 
3484.494832 0.000356 
3482.994331 0.000339 
3481.493831 0.000321 
3479.993331 0.000313 
3478.492831 0.000308 
3476.992331 0.000300 
3475.491831 0.000282 
3473.991330 0.000274 
3472.490830 0.000261 
3470.990330 0.000239 
3469.489830 0.000221 
3467.989330 0.000208 
3466.488830 0.000204 
3464.988329 0.000200 
3463.487829 0.000187 
3461.987329 0.000174 
3460.486829 0.000165 
3458.986329 0.000161 
3457.485829 0.000152 
3455.985328 0.000143 
3454.484828 0.000139 
3452.984328 0.000135 
3451.483828 0.000135 
3449.983328 0.000126 
3448.482828 0.000113 
3446.982327 0.000113 
3445.481827 0.000113 
3443.981327 0.000109 
3442.480827 0.000104 
3440.980327 0.000100 
3439.479827 0.000095 
3437.979326 0.000087 
3436.478826 0.000078 
3434.978326 0.000074 
3433.477826 0.000078 
3431.977326 0.000078 
3430.476826 0.000078 
3428.976325 0.000056 
3427.475825 0.000052 
3425.975325 0.000056 
3424.474825 0.000052 
3422.974325 0.000048 
3421.473825 0.000039 
3419.973324 0.000035 
3418.472824 0.000035 
3416.972324 0.000026 
3415.471824 0.000017 
3413.971324 0.000013 
3412.470824 0.000009 
3410.970323 0.000004 
3409.469823 0.000000 
3407.969323 -0.000000 
3406.468823 -0.000009 
3404.968323 -0.000017 
3403.467823 -0.000026 
3401.967322 -0.000039 
3400.466822 -0.000048 
3398.966322 -0.000043 
3397.465822 -0.000044 
3395.965322 -0.000048 
3394.464822 -0.000057 
3392.964321 -0.000074 
3391.463821 -0.000074 
3389.963321 -0.000069 
3388.462821 -0.000074 
3386.962321 -0.000083 
3385.461821 -0.000091 
3383.961320 -0.000091 
3382.460820 -0.000101 
3380.960320 -0.000140 
3379.459820 -0.000179 
3377.959320 -0.000232 
3376.458820 -0.000284 
3374.958319 -0.000349 
3373.457819 -0.000410 
3371.957319 -0.000475 
3370.456819 -0.000522 
3368.956319 -0.000583 
3367.455819 -0.000648 
3365.955318 -0.000705 
3364.454818 -0.000775 
3362.954318 -0.000852 
3361.453818 -0.000922 
3359.953318 -0.000982 
3358.452818 -0.001043 
3356.952317 -0.001123 
3355.451817 -0.001182 
3353.951317 -0.001242 
3352.450817 -0.001292 
3350.950317 -0.001352 
3349.449817 -0.001411 
3347.949316 -0.001441 
3346.448816 -0.001440 
3344.948316 -0.001397 
3343.447816 -0.001275 
3341.947316 -0.001116 
3340.446816 -0.001061 
3338.946315 -0.001124 
3337.445815 -0.001245 
3335.945315 -0.001374 
3334.444815 -0.001473 
3332.944315 -0.001552 
3331.443815 -0.001612 
3329.943314 -0.001683 
3328.442814 -0.001785 
3326.942314 -0.001927 
3325.441814 -0.002096 
3323.941314 -0.002266 
3322.440814 -0.002437 
3320.940313 -0.002640 
3319.439813 -0.002891 
3317.939313 -0.003140 
3316.438813 -0.003370 
3314.938313 -0.003640 
3313.437813 -0.003890 
3311.937312 -0.004131 
3310.436812 -0.004368 
3308.936312 -0.004516 
3307.435812 -0.004680 
3305.935312 -0.004956 
3304.434812 -0.005306 
3302.934311 -0.005633 
3301.433811 -0.005923 
3299.933311 -0.006213 
3298.432811 -0.006503 
3296.932311 -0.006804 
3295.431811 -0.007105 
3293.931310 -0.007424 
3292.430810 -0.007745 
3290.930310 -0.008077 
3289.429810 -0.008437 
3287.929310 -0.008808 
3286.428810 -0.009210 
3284.928309 -0.009640 
3283.427809 -0.010070 
3281.927309 -0.010500 
3280.426809 -0.010953 
3278.926309 -0.011478 
3277.425809 -0.012071 
3275.925308 -0.012713 
3274.424808 -0.013363 
3272.924308 -0.014023 
3271.423808 -0.014672 
3269.923308 -0.015289 
3268.422808 -0.015836 
3266.922307 -0.016326 
3265.421807 -0.016964 
3263.921307 -0.017885 
3262.420807 -0.018992 
3260.920307 -0.020161 
3259.419807 -0.021207 
3257.919306 -0.021863 
3256.418806 -0.021511 
3254.918306 -0.018380 
3253.417806 -0.009670 
3251.917306 0.005984 
3250.416806 0.026025 
3248.916305 0.048536 
3247.415805 0.077159 
3245.915305 0.108730 
3244.414805 0.122815 
3242.914305 0.114305 
3241.413805 0.097889 
3239.913304 0.096575 
3238.412804 0.127689 
3236.912304 0.186324 
3235.411804 0.246844 
3233.911304 0.305036 
3232.410804 0.384771 
3230.910303 0.489788 
3229.409803 0.609171 
3227.909303 0.727216 
3226.408803 0.762226 
3224.908303 0.574427 
3223.407803 0.350790 
3221.907302 0.231437 
3220.406802 0.169358 
3218.906302 0.131953 
3217.405802 0.108884 
3215.905302 0.093894 
3214.404802 0.083382 
3212.904301 0.075457 
3211.403801 0.069206 
3209.903301 0.064096 
3208.402801 0.059829 
3206.902301 0.056173 
3205.401801 0.053009 
3203.901300 0.050240 
3202.400800 0.047779 
3200.900300 0.045592 
3199.399800 0.043606 
3197.899300 0.041797 
3196.398800 0.040155 
3194.898299 0.038630 
3193.397799 0.037218 
3191.897299 0.035926 
3190.396799 0.034722 
3188.896299 0.033593 
3187.395799 0.032531 
3185.895298 0.031567 
3184.394798 0.030679 
3182.894298 0.029835 
3181.393798 0.029043 
3179.893298 0.028267 
3178.392798 0.027519 
3176.892297 0.026800 
3175.391797 0.026122 
3173.891297 0.025484 
3172.390797 0.024886 
3170.890297 0.024321 
3169.389797 0.023805 
3167.889296 0.023325 
3166.388796 0.022844 
3164.888296 0.022374 
3163.387796 0.021904 
3161.887296 0.021448 
3160.386796 0.021028 
3158.886295 0.020608 
3157.385795 0.020200 
3155.885295 0.019810 
3154.384795 0.019445 
3152.884295 0.019112 
3151.383795 0.018764 
3149.883294 0.018427 
3148.382794 0.018129 
3146.882294 0.017849 
3145.381794 0.017569 
3143.881294 0.017311 
3142.380794 0.017071 
3140.880293 0.016833 
3139.379793 0.016613 
3137.879293 0.016393 
3136.378793 0.016181 
3134.878293 0.015973 
3133.377793 0.015775 
3131.877292 0.015595 
3130.376792 0.015415 
3128.876292 0.015235 
3127.375792 0.015068 
3125.875292 0.014908 
3124.374792 0.014735 
3122.874291 0.014577 
3121.373791 0.014440 
3119.873291 0.014297 
3118.372791 0.014160 
3116.872291 0.014015 
3115.371791 0.013857 
3113.871290 0.013720 
3112.370790 0.013597 
3110.870290 0.013460 
3109.369790 0.013330 
3107.869290 0.013212 
3106.368790 0.013100 
3104.868289 0.012989 
3103.367789 0.012879 
3101.867289 0.012769 
3100.366789 0.012659 
3098.866289 0.012549 
3097.365789 0.012442 
3095.865288 0.012352 
3094.364788 0.012285 
3092.864288 0.012202 
3091.363788 0.012102 
3089.863288 0.012002 
3088.362788 0.011899 
3086.862287 0.011802 
3085.361787 0.011732 
3083.861287 0.011642 
3082.360787 0.011562 
3080.860287 0.011464 
3079.359787 0.011392 
3077.859286 0.011294 
3076.358786 0.011232 
3074.858286 0.011167 
3073.357786 0.011104 
3071.857286 0.011034 
3070.356786 0.010964 
3068.856285 0.010884 
3067.355785 0.010814 
3065.855285 0.010754 
3064.354785 0.010694 
3062.854285 0.010624 
3061.353785 0.010564 
3059.853284 0.010481 
3058.352784 0.010407 
3056.852284 0.010377 
3055.351784 0.010334 
3053.851284 0.010264 
3052.350784 0.010217 
3050.850283 0.010174 
3049.349783 0.010124 
3047.849283 0.010064 
3046.348783 0.010024 
3044.848283 0.009977 
3043.347783 0.009934 
3041.847282 0.009897 
3040.346782 0.009870 
3038.846282 0.009847 
3037.345782 0.009807 
3035.845282 0.009774 
3034.344782 0.009717 
3032.844281 0.009664 
3031.343781 0.009604 
3029.843281 0.009567 
3028.342781 0.009537 
3026.842281 0.009494 
3025.341781 0.009457 
3023.841280 0.009427 
3022.340780 0.009397 
3020.840280 0.009357 
3019.339780 0.009317 
3017.839280 0.009310 
3016.338780 0.009323 
3014.838279 0.009350 
3013.337779 0.009350 
3011.837279 0.009360 
3010.336779 0.009357 
3008.836279 0.009340 
3007.335779 0.009317 
3005.835278 0.009297 
3004.334778 0.009253 
3002.834278 0.009207 
3001.333778 0.009163 
2999.833278 0.009113 
2998.332778 0.009063 
2996.832277 0.009013 
2995.331777 0.008977 
2993.831277 0.008937 
2992.330777 0.008920 
2990.830277 0.008877 
2989.329777 0.008837 
2987.829276 0.008827 
2986.328776 0.008807 
2984.828276 0.008797 
2983.327776 0.008780 
2981.827276 0.008780 
2980.326776 0.008780 
2978.826275 0.008800 
2977.325775 0.008803 
2975.825275 0.008813 
2974.324775 0.008834 
2972.824275 0.008840 
2971.323775 0.008840 
2969.823274 0.008850 
2968.322774 0.008860 
2966.822274 0.008856 
2965.321774 0.008854 
2963.821274 0.008864 
2962.320774 0.008870 
2960.820273 0.008856 
2959.319773 0.008826 
2957.819273 0.008816 
2956.318773 0.008793 
2954.818273 0.008756 
2953.317773 0.008723 
2951.817272 0.008673 
2950.316772 0.008636 
2948.816272 0.008610 
2947.315772 0.008586 
2945.815272 0.008566 
2944.314772 0.008536 
2942.814271 0.008530 
2941.313771 0.008530 
2939.813271 0.008530 
2938.312771 0.008530 
2936.812271 0.008540 
2935.311771 0.008560 
2933.811270 0.008560 
2932.310770 0.008570 
2930.810270 0.008570 
2929.309770 0.008546 
2927.809270 0.008526 
2926.308770 0.008496 
2924.808269 0.008456 
2923.307769 0.008416 
2921.807269 0.008382 
2920.306769 0.008322 
2918.806269 0.008262 
2917.305769 0.008202 
2915.805268 0.008156 
2914.304768 0.008116 
2912.804268 0.008066 
2911.303768 0.008002 
2909.803268 0.007956 
2908.302768 0.007916 
2906.802267 0.007876 
2905.301767 0.007846 
2903.801267 0.007812 
2902.300767 0.007776 
2900.800267 0.007736 
2899.299767 0.007696 
2897.799266 0.007686 
2896.298766 0.007656 
2894.798266 0.007636 
2893.297766 0.007592 
2891.797266 0.007562 
2890.296766 0.007526 
2888.796265 0.007506 
2887.295765 0.007496 
2885.795265 0.007490 
2884.294765 0.007470 
2882.794265 0.007470 
2881.293765 0.007456 
2879.793264 0.007450 
2878.292764 0.007460 
2876.792264 0.007460 
2875.291764 0.007446 
2873.791264 0.007436 
2872.290764 0.007396 
2870.790263 0.007376 
2869.289763 0.007362 
2867.789263 0.007336 
2866.288763 0.007310 
2864.788263 0.007300 
2863.287763 0.007296 
2861.787262 0.007290 
2860.286762 0.007280 
2858.786262 0.007276 
2857.285762 0.007256 
2855.785262 0.007221 
2854.284762 0.007181 
2852.784261 0.007141 
2851.283761 0.007101 
2849.783261 0.007051 
2848.282761 0.007006 
2846.782261 0.006966 
2845.281761 0.006926 
2843.781260 0.006886 
2842.280760 0.006856 
2840.780260 0.006826 
2839.279760 0.006780 
2837.779260 0.006766 
2836.278760 0.006736 
2834.778259 0.006696 
2833.277759 0.006676 
2831.777259 0.006646 
2830.276759 0.006621 
2828.776259 0.006590 
2827.275759 0.006576 
2825.775258 0.006550 
2824.274758 0.006535 
2822.774258 0.006520 
2821.273758 0.006505 
2819.773258 0.006475 
2818.272758 0.006455 
2816.772257 0.006440 
2815.271757 0.006425 
2813.771257 0.006415 
2812.270757 0.006395 
2810.770257 0.006370 
2809.269757 0.006355 
2807.769256 0.006355 
2806.268756 0.006345 
2804.768256 0.006320 
2803.267756 0.006330 
2801.767256 0.006320 
2800.266756 0.006310 
2798.766255 0.006300 
2797.265755 0.006310 
2795.765255 0.006320 
2794.264755 0.006320 
2792.764255 0.006330 
2791.263755 0.006335 
2789.763254 0.006350 
2788.262754 0.006375 
2786.762254 0.006405 
2785.261754 0.006425 
2783.761254 0.006440 
2782.260754 0.006450 
2780.760253 0.006450 
2779.259753 0.006450 
2777.759253 0.006435 
2776.258753 0.006405 
2774.758253 0.006375 
2773.257753 0.006365 
2771.757252 0.006335 
2770.256752 0.006305 
2768.756252 0.006265 
2767.255752 0.006245 
2765.755252 0.006225 
2764.254752 0.006195 
2762.754251 0.006180 
2761.253751 0.006155 
2759.753251 0.006125 
2758.252751 0.006105 
2756.752251 0.006085 
2755.251751 0.006070 
2753.751250 0.006045 
2752.250750 0.006030 
2750.750250 0.006020 
2749.249750 0.006020 
2747.749250 0.006010 
2746.248750 0.006010 
2744.748249 0.006025 
2743.247749 0.006045 
2741.747249 0.006065 
2740.246749 0.006095 
2738.746249 0.006125 
2737.245749 0.006130 
2735.745248 0.006120 
2734.244748 0.006105 
2732.744248 0.006075 
2731.243748 0.006065 
2729.743248 0.006035 
2728.242748 0.006020 
2726.742247 0.006010 
2725.241747 0.006000 
2723.741247 0.006000 
2722.240747 0.006000 
2720.740247 0.006000 
2719.239747 0.006000 
2717.739246 0.006000 
2716.238746 0.006000 
2714.738246 0.006000 
2713.237746 0.005975 
2711.737246 0.005955 
2710.236746 0.005925 
2708.736245 0.005905 
2707.235745 0.005875 
2705.735245 0.005850 
2704.234745 0.005815 
2702.734245 0.005775 
2701.233745 0.005735 
2699.733244 0.005700 
2698.232744 0.005665 
2696.732244 0.005630 
2695.231744 0.005609 
2693.731244 0.005575 
2692.230744 0.005560 
2690.730243 0.005550 
2689.229743 0.005525 
2687.729243 0.005510 
2686.228743 0.005490 
2684.728243 0.005480 
2683.227743 0.005475 
2681.727242 0.005455 
2680.226742 0.005445 
2678.726242 0.005420 
2677.225742 0.005410 
2675.725242 0.005400 
2674.224742 0.005374 
2672.724241 0.005354 
2671.223741 0.005334 
2669.723241 0.005324 
2668.222741 0.005294 
2666.722241 0.005270 
2665.221741 0.005260 
2663.721240 0.005240 
2662.220740 0.005220 
2660.720240 0.005194 
2659.219740 0.005184 
2657.719240 0.005160 
2656.218740 0.005134 
2654.718239 0.005114 
2653.217739 0.005094 
2651.717239 0.005070 
2650.216739 0.005054 
2648.716239 0.005034 
2647.215739 0.005014 
2645.715238 0.004994 
2644.214738 0.004964 
2642.714238 0.004944 
2641.213738 0.004924 
2639.713238 0.004904 
2638.212738 0.004894 
2636.712237 0.004864 
2635.211737 0.004834 
2633.711237 0.004820 
2632.210737 0.004794 
2630.710237 0.004784 
2629.209737 0.004764 
2627.709236 0.004744 
2626.208736 0.004724 
2624.708236 0.004694 
2623.207736 0.004680 
2621.707236 0.004654 
2620.206736 0.004634 
2618.706235 0.004610 
2617.205735 0.004590 
2615.705235 0.004580 
2614.204735 0.004564 
2612.704235 0.004544 
2611.203735 0.004524 
2609.703234 0.004510 
2608.202734 0.004500 
2606.702234 0.004474 
2605.201734 0.004460 
2603.701234 0.004440 
2602.200734 0.004414 
2600.700233 0.004400 
2599.199733 0.004390 
2597.699233 0.004374 
2596.198733 0.004344 
2594.698233 0.004330 
2593.197733 0.004320 
2591.697232 0.004294 
2590.196732 0.004274 
2588.696232 0.004260 
2587.195732 0.004238 
2585.695232 0.004214 
2584.194732 0.004194 
2582.694231 0.004180 
2581.193731 0.004164 
2579.693231 0.004144 
2578.192731 0.004124 
2576.692231 0.004110 
2575.191731 0.004104 
2573.691230 0.004084 
2572.190730 0.004070 
2570.690230 0.004054 
2569.189730 0.004040 
2567.689230 0.004034 
2566.188730 0.004010 
2564.688229 0.003994 
2563.187729 0.003984 
2561.687229 0.003970 
2560.186729 0.003950 
2558.686229 0.003934 
2557.185729 0.003920 
2555.685228 0.003914 
2554.184728 0.003904 
2552.684228 0.003900 
2551.183728 0.003900 
2549.683228 0.003900 
2548.182728 0.003906 
2546.682227 0.003969 
2545.181727 0.004010 
2543.681227 0.003941 
2542.180727 0.003877 
2540.680227 0.003854 
2539.179727 0.003830 
2537.679226 0.003820 
2536.178726 0.003814 
2534.678226 0.003794 
2533.177726 0.003780 
2531.677226 0.003780 
2530.176726 0.003774 
2528.676225 0.003774 
2527.175725 0.003770 
2525.675225 0.003760 
2524.174725 0.003760 
2522.674225 0.003760 
2521.173725 0.003763 
2519.673224 0.003760 
2518.172724 0.003753 
2516.672224 0.003750 
2515.171724 0.003750 
2513.671224 0.003750 
2512.170724 0.003750 
2510.670223 0.003750 
2509.169723 0.003760 
2507.669223 0.003743 
2506.168723 0.003740 
2504.668223 0.003740 
2503.167723 0.003750 
2501.667222 0.003740 
2500.166722 0.003740 
2498.666222 0.003720 
2497.165722 0.003720 
2495.665222 0.003720 
2494.164722 0.003700 
2492.664221 0.003700 
2491.163721 0.003700 
2489.663221 0.003690 
2488.162721 0.003680 
2486.662221 0.003663 
2485.161721 0.003653 
2483.661220 0.003643 
2482.160720 0.003640 
2480.660220 0.003630 
2479.159720 0.003620 
2477.659220 0.003620 
2476.158720 0.003610 
2474.658219 0.003610 
2473.157719 0.003600 
2471.657219 0.003583 
2470.156719 0.003580 
2468.656219 0.003590 
2467.155719 0.003590 
2465.655218 0.003580 
2464.154718 0.003587 
2462.654218 0.003593 
2461.153718 0.003590 
2459.653218 0.003590 
2458.152718 0.003590 
2456.652217 0.003590 
2455.151717 0.003600 
2453.651217 0.003600 
2452.150717 0.003590 
2450.650217 0.003580 
2449.149717 0.003573 
2447.649216 0.003563 
2446.148716 0.003560 
2444.648216 0.003550 
2443.147716 0.003550 
2441.647216 0.003540 
2440.146716 0.003533 
2438.646215 0.003523 
2437.145715 0.003510 
2435.645215 0.003503 
2434.144715 0.003483 
2432.644215 0.003470 
2431.143715 0.003460 
2429.643214 0.003450 
2428.142714 0.003440 
2426.642214 0.003430 
2425.141714 0.003420 
2423.641214 0.003410 
2422.140714 0.003390 
2420.640213 0.003380 
2419.139713 0.003363 
2417.639213 0.003340 
2416.138713 0.003333 
2414.638213 0.003313 
2413.137713 0.003293 
2411.637212 0.003280 
2410.136712 0.003270 
2408.636212 0.003260 
2407.135712 0.003243 
2405.635212 0.003230 
2404.134712 0.003210 
2402.634211 0.003210 
2401.133711 0.003200 
2399.633211 0.003180 
2398.132711 0.003160 
2396.632211 0.003153 
2395.131711 0.003140 
2393.631210 0.003130 
2392.130710 0.003113 
2390.630210 0.003103 
2389.129710 0.003093 
2387.629210 0.003083 
2386.128710 0.003073 
2384.628209 0.003060 
2383.127709 0.003040 
2381.627209 0.003020 
2380.126709 0.002993 
2378.626209 0.002953 
2377.125709 0.002905 
2375.625208 0.002855 
2374.124708 0.002795 
2372.624208 0.002735 
2371.123708 0.002675 
2369.623208 0.002605 
2368.122708 0.002555 
2366.622207 0.002502 
2365.121707 0.002462 
2363.621207 0.002430 
2362.120707 0.002412 
2360.620207 0.002410 
2359.119707 0.002418 
2357.619206 0.002448 
2356.118706 0.002485 
2354.618206 0.002535 
2353.117706 0.002605 
2351.617206 0.002675 
2350.116706 0.002738 
2348.616205 0.002725 
2347.115705 0.002647 
2345.615205 0.002575 
2344.114705 0.002515 
2342.614205 0.002472 
2341.113705 0.002442 
2339.613204 0.002422 
2338.112704 0.002410 
2336.612204 0.002400 
2335.111704 0.002400 
2333.611204 0.002400 
2332.110704 0.002400 
2330.610203 0.002400 
2329.109703 0.002418 
2327.609203 0.002430 
2326.108703 0.002440 
2324.608203 0.002458 
2323.107703 0.002470 
2321.607202 0.002480 
2320.106702 0.002500 
2318.606202 0.002510 
2317.105702 0.002520 
2315.605202 0.002530 
2314.104702 0.002512 
2312.604201 0.002500 
2311.103701 0.002500 
2309.603201 0.002482 
2308.102701 0.002472 
2306.602201 0.002452 
2305.101701 0.002450 
2303.601200 0.002450 
2302.100700 0.002440 
2300.600200 0.002430 
2299.099700 0.002440 
2297.599200 0.002430 
2296.098700 0.002430 
2294.598199 0.002430 
2293.097699 0.002422 
2291.597199 0.002412 
2290.096699 0.002410 
2288.596199 0.002410 
2287.095699 0.002418 
2285.595198 0.002420 
2284.094698 0.002420 
2282.594198 0.002410 
2281.093698 0.002410 
2279.593198 0.002400 
2278.092698 0.002410 
2276.592197 0.002410 
2275.091697 0.002402 
2273.591197 0.002400 
2272.090697 0.002398 
2270.590197 0.002392 
2269.089697 0.002390 
2267.589196 0.002398 
2266.088696 0.002400 
2264.588196 0.002400 
2263.087696 0.002390 
2261.587196 0.002388 
2260.086696 0.002400 
2258.586195 0.002390 
2257.085695 0.002390 
2255.585195 0.002390 
2254.084695 0.002390 
2252.584195 0.002392 
2251.083695 0.002390 
2249.583194 0.002380 
2248.082694 0.002370 
2246.582194 0.002380 
2245.081694 0.002370 
2243.581194 0.002360 
2242.080694 0.002360 
2240.580193 0.002360 
2239.079693 0.002350 
2237.579193 0.002350 
2236.078693 0.002350 
2234.578193 0.002342 
2233.077693 0.002340 
2231.577192 0.002340 
2230.076692 0.002330 
2228.576192 0.002320 
2227.075692 0.002322 
2225.575192 0.002320 
2224.074692 0.002310 
2222.574191 0.002300 
2221.073691 0.002290 
2219.573191 0.002290 
2218.072691 0.002290 
2216.572191 0.002290 
2215.071691 0.002290 
2213.571190 0.002271 
2212.070690 0.002279 
2210.570190 0.002271 
2209.069690 0.002260 
2207.569190 0.002260 
2206.068690 0.002260 
2204.568189 0.002251 
2203.067689 0.002240 
2201.567189 0.002231 
2200.066689 0.002220 
2198.566189 0.002211 
2197.065689 0.002190 
2195.565188 0.002190 
2194.064688 0.002170 
2192.564188 0.002179 
2191.063688 0.002151 
2189.563188 0.002159 
2188.062688 0.002151 
2186.562187 0.002130 
2185.061687 0.002141 
2183.561187 0.002101 
2182.060687 0.002129 
2180.560187 0.002092 
2179.059687 0.002108 
2177.559186 0.002082 
2176.058686 0.002069 
2174.558186 0.002081 
2173.057686 0.002041 
2171.557186 0.002050 
2170.056686 0.002012 
2168.556185 0.002019 
2167.055685 0.002021 
2165.555185 0.002000 
2164.054685 0.002011 
2162.554185 0.001980 
2161.053685 0.001999 
2159.553184 0.001981 
2158.052684 0.001960 
2156.552184 0.001970 
2155.051684 0.001941 
2153.551184 0.001930 
2152.050684 0.001911 
2150.550183 0.001890 
2149.049683 0.001890 
2147.549183 0.001880 
2146.048683 0.001870 
2144.548183 0.001870 
2143.047683 0.001861 
2141.547182 0.001841 
2140.046682 0.001811 
2138.546182 0.001800 
2137.045682 0.001781 
2135.545182 0.001761 
2134.044682 0.001760 
2132.544181 0.001721 
2131.043681 0.001710 
2129.543181 0.001710 
2128.042681 0.001671 
2126.542181 0.001680 
2125.041681 0.001642 
2123.541180 0.001630 
2122.040680 0.001640 
2120.540180 0.001601 
2119.039680 0.001590 
2117.539180 0.001591 
2116.038680 0.001551 
2114.538179 0.001569 
2113.037679 0.001542 
2111.537179 0.001510 
2110.036679 0.001530 
2108.536179 0.001491 
2107.035679 0.001489 
2105.535178 0.001501 
2104.034678 0.001451 
2102.534178 0.001459 
2101.033678 0.001461 
2099.533178 0.001421 
2098.032678 0.001439 
2096.532177 0.001421 
2095.031677 0.001399 
2093.531177 0.001420 
2092.030677 0.001401 
2090.530177 0.001399 
2089.029677 0.001410 
2087.529176 0.001401 
2086.028676 0.001409 
2084.528176 0.001420 
2083.027676 0.001410 
2081.527176 0.001429 
2080.026676 0.001440 
2078.526175 0.001440 
2077.025675 0.001459 
2075.525175 0.001470 
2074.024675 0.001460 
2072.524175 0.001450 
2071.023675 0.001470 
2069.523174 0.001460 
2068.022674 0.001450 
2066.522174 0.001460 
2065.021674 0.001450 
2063.521174 0.001450 
2062.020674 0.001440 
2060.520173 0.001430 
2059.019673 0.001420 
2057.519173 0.001410 
2056.018673 0.001390 
2054.518173 0.001370 
2053.017673 0.001370 
2051.517172 0.001340 
2050.016672 0.001320 
2048.516172 0.001300 
2047.015672 0.001290 
2045.515172 0.001270 
2044.014672 0.001260 
2042.514171 0.001240 
2041.013671 0.001240 
2039.513171 0.001230 
2038.012671 0.001220 
2036.512171 0.001210 
2035.011671 0.001200 
2033.511170 0.001200 
2032.010670 0.001200 
2030.510170 0.001170 
2029.009670 0.001170 
2027.509170 0.001170 
2026.008670 0.001160 
2024.508169 0.001150 
2023.007669 0.001130 
2021.507169 0.001120 
2020.006669 0.001120 
2018.506169 0.001100 
2017.005669 0.001080 
2015.505168 0.001080 
2014.004668 0.001060 
2012.504168 0.001040 
2011.003668 0.001050 
2009.503168 0.001040 
2008.002668 0.001020 
2006.502167 0.001020 
2005.001667 0.001010 
2003.501167 0.001000 
2002.000667 0.001010 
2000.500167 0.000996 
1998.999667 0.000978 
1997.499166 0.000970 
1995.998666 0.000961 
1994.498166 0.000956 
1992.997666 0.000939 
1991.497166 0.000939 
1989.996666 0.000930 
1988.496165 0.000926 
1986.995665 0.000917 
1985.495165 0.000913 
1983.994665 0.000900 
1982.494165 0.000883 
1980.993665 0.000887 
1979.493164 0.000856 
1977.992664 0.000848 
1976.492164 0.000839 
1974.991664 0.000808 
1973.491164 0.000791 
1971.990664 0.000791 
1970.490163 0.000769 
1968.989663 0.000756 
1967.489163 0.000739 
1965.988663 0.000767 
1964.488163 0.001226 
1962.987663 0.001983 
1961.487162 0.002077 
1959.986662 0.001788 
1958.486162 0.001588 
1956.985662 0.001409 
1955.485162 0.001309 
1953.984662 0.001229 
1952.484161 0.001129 
1950.983661 0.000999 
1949.483161 0.000899 
1947.982661 0.000830 
1946.482161 0.000786 
1944.981661 0.000765 
1943.481160 0.000756 
1941.980660 0.000734 
1940.480160 0.000699 
1938.979660 0.000674 
1937.479160 0.000674 
1935.978660 0.000660 
1934.478159 0.000639 
1932.977659 0.000648 
1931.477159 0.000643 
1929.976659 0.000639 
1928.476159 0.000612 
1926.975659 0.000595 
1925.475158 0.000573 
1923.974658 0.000547 
1922.474158 0.000534 
1920.973658 0.000499 
1919.473158 0.000491 
1917.972658 0.000486 
1916.472157 0.000465 
1914.971657 0.000460 
1913.471157 0.000452 
1911.970657 0.000456 
1910.470157 0.000448 
1908.969657 0.000448 
1907.469156 0.000452 
1905.968656 0.000439 
1904.468156 0.000430 
1902.967656 0.000426 
1901.467156 0.000408 
1899.966656 0.000408 
1898.466155 0.000404 
1896.965655 0.000382 
1895.465155 0.000387 
1893.964655 0.000382 
1892.464155 0.000364 
1890.963655 0.000352 
1889.463154 0.000356 
1887.962654 0.000347 
1886.462154 0.000317 
1884.961654 0.000296 
1883.461154 0.000312 
1881.960654 0.000295 
1880.460153 0.000278 
1878.959653 0.000277 
1877.459153 0.000278 
1875.958653 0.000265 
1874.458153 0.000252 
1872.957653 0.000248 
1871.457152 0.000238 
1869.956652 0.000222 
1868.456152 0.000226 
1866.955652 0.000225 
1865.455152 0.000205 
1863.954652 0.000204 
1862.454151 0.000208 
1860.953651 0.000187 
1859.453151 0.000182 
1857.952651 0.000178 
1856.452151 0.000165 
1854.951651 0.000160 
1853.451150 0.000156 
1851.950650 0.000143 
1850.450150 0.000135 
1848.949650 0.000130 
1847.449150 0.000130 
1845.948650 0.000121 
1844.448149 0.000127 
1842.947649 0.000125 
1841.447149 0.000104 
1839.946649 0.000100 
1838.446149 0.000091 
1836.945649 0.000086 
1835.445148 0.000073 
1833.944648 0.000065 
1832.444148 0.000060 
1830.943648 0.000056 
1829.443148 0.000065 
1827.942648 0.000047 
1826.442147 0.000031 
1824.941647 0.000044 
1823.441147 0.000043 
1821.940647 0.000030 
1820.440147 0.000030 
1818.939647 0.000026 
1817.439146 0.000026 
1815.938646 0.000026 
1814.438146 0.000030 
1812.937646 0.000030 
1811.437146 0.000039 
1809.936646 0.000039 
1808.436145 0.000035 
1806.935645 0.000039 
1805.435145 0.000048 
1803.934645 0.000058 
1802.434145 0.000079 
1800.933645 0.000073 
1799.433144 0.000061 
1797.932644 0.000052 
1796.432144 0.000057 
1794.931644 0.000056 
1793.431144 0.000040 
1791.930644 0.000065 
1790.430143 0.000037 
1788.929643 0.000004 
1787.429143 0.000000 
1785.928643 0.000001 
1784.428143 0.000007 
1782.927643 -0.000017 
1781.427142 -0.000013 
1779.926642 -0.000014 
1778.426142 -0.000022 
1776.925642 -0.000017 
1775.425142 -0.000018 
1773.924642 -0.000030 
1772.424141 -0.000007 
1770.923641 0.000008 
1769.423141 -0.000004 
1767.922641 0.000021 
1766.422141 0.000004 
1764.921641 -0.000004 
1763.421140 -0.000004 
1761.920640 0.000001 
1760.420140 -0.000001 
1758.919640 -0.000004 
1757.419140 0.000006 
1755.918640 0.000004 
1754.418139 -0.000006 
1752.917639 -0.000007 
1751.417139 0.000023 
1749.916639 0.000014 
1748.416139 -0.000013 
1746.915639 -0.000009 
1745.415138 -0.000004 
1743.914638 0.000001 
1742.414138 0.000017 
1740.913638 0.000010 
1739.413138 0.000046 
1737.912638 0.000052 
1736.412137 0.000053 
1734.911637 0.000097 
1733.411137 0.000177 
1731.910637 0.000137 
1730.410137 0.000128 
1728.909637 0.000180 
1727.409136 0.000214 
1725.908636 0.000222 
1724.408136 0.000221 
1722.907636 0.000232 
1721.407136 0.000247 
1719.906636 0.000175 
1718.406135 -0.000027 
1716.905635 0.000058 
1715.405135 0.000151 
1713.904635 0.000240 
1712.404135 0.000301 
1710.903635 0.000300 
1709.403134 0.000314 
1707.902634 0.000296 
1706.402134 0.000252 
1704.901634 0.000268 
1703.401134 0.000325 
1701.900634 0.000156 
1700.400133 -0.000071 
1698.899633 0.000248 
1697.399133 0.000209 
1695.898633 0.000051 
1694.398133 0.000345 
1692.897633 0.000427 
1691.397132 0.000424 
1689.896632 0.000413 
1688.396132 0.000423 
1686.895632 0.000393 
1685.395132 0.000083 
1683.894632 0.000051 
1682.394131 -0.000030 
1680.893631 -0.000057 
1679.393131 -0.000076 
1677.892631 -0.000111 
1676.392131 -0.000143 
1674.891631 -0.000121 
1673.391130 -0.000137 
1671.890630 -0.000152 
1670.390130 -0.000162 
1668.889630 -0.000147 
1667.389130 -0.000167 
1665.888630 -0.000183 
1664.388129 -0.000192 
1662.887629 -0.000186 
1661.387129 -0.000187 
1659.886629 -0.000196 
1658.386129 -0.000205 
1656.885629 -0.000208 
1655.385128 -0.000210 
1653.884628 -0.000222 
1652.384128 -0.000136 
1650.883628 -0.000166 
1649.383128 -0.000194 
1647.882628 -0.000174 
1646.382127 -0.000153 
1644.881627 -0.000136 
1643.381127 -0.000152 
1641.880627 -0.000152 
1640.380127 -0.000148 
1638.879627 -0.000158 
1637.379126 -0.000183 
1635.878626 -0.000193 
1634.378126 -0.000240 
1632.877626 -0.000181 
1631.377126 -0.000156 
1629.876626 -0.000156 
1628.376125 -0.000156 
1626.875625 -0.000155 
1625.375125 -0.000161 
1623.874625 -0.000139 
1622.374125 -0.000099 
1620.873625 -0.000094 
1619.373124 -0.000078 
1617.872624 -0.000075 
1616.372124 0.000004 
1614.871624 0.000006 
1613.371124 0.000003 
1611.870624 -0.000022 
1610.370123 -0.000076 
1608.869623 -0.000098 
1607.369123 -0.000120 
1605.868623 -0.000146 
1604.368123 -0.000166 
1602.867623 -0.000172 
1601.367122 -0.000208 
1599.866622 -0.000236 
1598.366122 -0.000249 
1596.865622 -0.000247 
1595.365122 -0.000247 
1593.864622 -0.000262 
1592.364121 -0.000259 
1590.863621 -0.000232 
1589.363121 -0.000205 
1587.862621 -0.000173 
1586.362121 -0.000139 
1584.861621 -0.000137 
1583.361120 -0.000123 
1581.860620 -0.000137 
1580.360120 -0.000134 
1578.859620 -0.000159 
1577.359120 -0.000151 
1575.858620 -0.000112 
1574.358119 -0.000122 
1572.857619 -0.000110 
1571.357119 -0.000116 
1569.856619 -0.000083 
1568.356119 -0.000069 
1566.855619 -0.000065 
1565.355118 -0.000054 
1563.854618 -0.000040 
1562.354118 -0.000035 
1560.853618 0.000003 
1559.353118 0.000032 
1557.852618 0.000053 
1556.352117 0.000038 
1554.851617 0.000056 
1553.351117 0.000077 
1551.850617 0.000086 
1550.350117 0.000133 
1548.849617 0.000136 
1547.349116 0.000160 
1545.848616 0.000211 
1544.348116 0.000232 
1542.847616 0.000209 
1541.347116 0.000216 
1539.846616 0.000198 
1538.346115 0.000099 
1536.845615 0.000106 
1535.345115 0.000124 
1533.844615 0.000129 
1532.344115 0.000112 
1530.843615 0.000096 
1529.343114 0.000091 
1527.842614 0.000116 
1526.342114 0.000127 
1524.841614 0.000123 
1523.341114 0.000117 
1521.840614 0.000176 
1520.340113 0.000191 
1518.839613 0.000155 
1517.339113 0.000172 
1515.838613 0.000177 
1514.338113 0.000172 
1512.837613 0.000190 
1511.337112 0.000195 
1509.836612 0.000206 
1508.336112 0.000221 
1506.835612 0.000264 
1505.335112 0.000278 
1503.834612 0.000237 
1502.334111 0.000246 
1500.833611 0.000266 
1499.333111 0.000304 
1497.832611 0.000340 
1496.332111 0.000395 
1494.831611 0.000407 
1493.331110 0.000452 
1491.830610 0.000447 
1490.330110 0.000439 
1488.829610 0.000388 
1487.329110 0.000343 
1485.828610 0.000298 
1484.328109 0.000264 
1482.827609 0.000306 
1481.327109 0.000428 
1479.826609 0.000489 
1478.326109 0.000336 
1476.825609 0.000122 
1475.325108 0.000014 
1473.824608 -0.000004 
1472.324108 0.000003 
1470.823608 -0.000028 
1469.323108 -0.000056 
1467.822608 -0.000051 
1466.322107 -0.000040 
1464.821607 0.000011 
1463.321107 0.000051 
1461.820607 0.000089 
1460.320107 0.000148 
1458.819607 0.000231 
1457.319106 0.000383 
1455.818606 0.000508 
1454.318106 0.000595 
1452.817606 0.000764 
1451.317106 0.000977 
1449.816606 0.001213 
1448.316105 0.001497 
1446.815605 0.001821 
1445.315105 0.002192 
1443.814605 0.002626 
1442.314105 0.003099 
1440.813605 0.003580 
1439.313104 0.004056 
1437.812604 0.004514 
1436.312104 0.005016 
1434.811604 0.005433 
1433.311104 0.005928 
1431.810604 0.006472 
1430.310103 0.007060 
1428.809603 0.007708 
1427.309103 0.008439 
1425.808603 0.009271 
1424.308103 0.010187 
1422.807603 0.011135 
1421.307102 0.011953 
1419.806602 0.012603 
1418.306102 0.013035 
1416.805602 0.013319 
1415.305102 0.013627 
1413.804602 0.014019 
1412.304101 0.014497 
1410.803601 0.015035 
1409.303101 0.015623 
1407.802601 0.016303 
1406.302101 0.017151 
1404.801601 0.018257 
1403.301100 0.019633 
1401.800600 0.021327 
1400.300100 0.023388 
1398.799600 0.025913 
1397.299100 0.029016 
1395.798600 0.032964 
1394.298099 0.037961 
1392.797599 0.043376 
1391.297099 0.047634 
1389.796599 0.049029 
1388.296099 0.047535 
1386.795599 0.044454 
1385.295098 0.041001 
1383.794598 0.037813 
1382.294098 0.035008 
1380.793598 0.032532 
1379.293098 0.030316 
1377.792598 0.028266 
1376.292097 0.026314 
1374.791597 0.024407 
1373.291097 0.022513 
1371.790597 0.020630 
1370.290097 0.018747 
1368.789597 0.016720 
1367.289096 0.014672 
1365.788596 0.012766 
1364.288096 0.011047 
1362.787596 0.009549 
1361.287096 0.008337 
1359.786596 0.007342 
1358.286095 0.006466 
1356.785595 0.005528 
1355.285095 0.004552 
1353.784595 0.003644 
1352.284095 0.002914 
1350.783595 0.002405 
1349.283094 0.002018 
1347.782594 0.001711 
1346.282094 0.001475 
1344.781594 0.001264 
1343.281094 0.001078 
1341.780594 0.000933 
1340.280093 0.000828 
1338.779593 0.000707 
1337.279093 0.000595 
1335.778593 0.000504 
1334.278093 0.000412 
1332.777593 0.000340 
1331.277092 0.000286 
1329.776592 0.000227 
1328.276092 0.000181 
1326.775592 0.000146 
1325.275092 0.000124 
1323.774592 0.000100 
1322.274091 0.000085 
1320.773591 0.000093 
1319.273091 0.000106 
1317.772591 0.000115 
1316.272091 0.000126 
1314.771591 0.000160 
1313.271090 0.000199 
1311.770590 0.000238 
1310.270090 0.000292 
1308.769590 0.000372 
1307.269090 0.000466 
1305.768590 0.000564 
1304.268089 0.000643 
1302.767589 0.000671 
1301.267089 0.000659 
1299.766589 0.000620 
1298.266089 0.000581 
1296.765589 0.000552 
1295.265088 0.000539 
1293.764588 0.000545 
1292.264088 0.000560 
1290.763588 0.000571 
1289.263088 0.000591 
1287.762588 0.000628 
1286.262087 0.000656 
1284.761587 0.000671 
1283.261087 0.000661 
1281.760587 0.000615 
1280.260087 0.000535 
1278.759587 0.000461 
1277.259086 0.000385 
1275.758586 0.000328 
1274.258086 0.000298 
1272.757586 0.000276 
1271.257086 0.000243 
1269.756586 0.000215 
1268.256085 0.000198 
1266.755585 0.000172 
1265.255085 0.000143 
1263.754585 0.000104 
1262.254085 0.000059 
1260.753585 0.000030 
1259.253084 0.000013 
1257.752584 -0.000004 
1256.252084 -0.000004 
1254.751584 -0.000002 
1253.251084 0.000000 
1251.750584 0.000000 
1250.250083 0.000002 
1248.749583 0.000009 
1247.249083 0.000028 
1245.748583 0.000070 
1244.248083 0.000163 
1242.747583 0.000307 
1241.247082 0.000502 
1239.746582 0.000691 
1238.246082 0.000850 
1236.745582 0.000845 
1235.245082 0.000728 
1233.744582 0.000625 
1232.244081 0.000514 
1230.743581 0.000423 
1229.243081 0.000362 
1227.742581 0.000254 
1226.242081 0.000141 
1224.741581 0.000050 
1223.241080 0.000015 
1221.740580 -0.000002 
1220.240080 -0.000009 
1218.739580 -0.000009 
1217.239080 -0.000011 
1215.738580 -0.000013 
1214.238079 0.000000 
1212.737579 0.000013 
1211.237079 0.000006 
1209.736579 0.000000 
1208.236079 0.000006 
1206.735579 -0.000002 
1205.235078 -0.000004 
1203.734578 0.000000 
1202.234078 -0.000007 
1200.733578 -0.000011 
1199.233078 -0.000013 
1197.732578 -0.000017 
1196.232077 -0.000008 
1194.731577 0.000002 
1193.231077 0.000024 
1191.730577 0.000028 
1190.230077 0.000044 
1188.729577 0.000054 
1187.229076 0.000063 
1185.728576 0.000065 
1184.228076 0.000054 
1182.727576 -0.000007 
1181.227076 0.000024 
1179.726576 0.000145 
1178.226075 0.000178 
1176.725575 0.000167 
1175.225075 0.000163 
1173.724575 0.000154 
1172.224075 0.000148 
1170.723575 0.000168 
1169.223074 0.000160 
1167.722574 0.000166 
1166.222074 0.000150 
1164.721574 0.000170 
1163.221074 0.000169 
1161.720574 0.000177 
1160.220073 0.000182 
1158.719573 0.000190 
1157.219073 0.000186 
1155.718573 0.000195 
1154.218073 0.000176 
1152.717573 0.000176 
1151.217072 0.000203 
1149.716572 0.000242 
1148.216072 0.000269 
1146.715572 0.000281 
1145.215072 0.000276 
1143.714572 0.000286 
1142.214071 0.000270 
1140.713571 0.000266 
1139.213071 0.000279 
1137.712571 0.000269 
1136.212071 0.000256 
1134.711571 0.000241 
1133.211070 0.000228 
1131.710570 0.000215 
1130.210070 0.000237 
1128.709570 0.000307 
1127.209070 0.000222 
1125.708570 0.000176 
1124.208069 0.000152 
1122.707569 0.000135 
1121.207069 0.000124 
1119.706569 0.000097 
1118.206069 0.000084 
1116.705569 0.000052 
1115.205068 0.000057 
1113.704568 0.000033 
1112.204068 0.000019 
1110.703568 0.000024 
1109.203068 0.000024 
1107.702568 0.000014 
1106.202067 0.000012 
1104.701567 0.000012 
1103.201067 0.000009 
1101.700567 0.000007 
1100.200067 0.000036 
1098.699567 0.000077 
1097.199066 0.000229 
1095.698566 0.000363 
1094.198066 0.000338 
1092.697566 0.000234 
1091.197066 0.000112 
1089.696566 0.000060 
1088.196065 0.000059 
1086.695565 0.000068 
1085.195065 0.000083 
1083.694565 0.000074 
1082.194065 0.000076 
1080.693565 0.000069 
1079.193064 0.000085 
1077.692564 0.000066 
1076.192064 0.000057 
1074.691564 0.000073 
1073.191064 0.000045 
1071.690564 0.000013 
1070.190063 -0.000036 
1068.689563 -0.000050 
1067.189063 -0.000061 
1065.688563 -0.000061 
1064.188063 -0.000052 
1062.687563 -0.000056 
1061.187062 -0.000061 
1059.686562 -0.000058 
1058.186062 -0.000069 
1056.685562 -0.000065 
1055.185062 -0.000079 
1053.684562 -0.000107 
1052.184061 -0.000094 
1050.683561 -0.000083 
1049.183061 -0.000075 
1047.682561 -0.000044 
1046.182061 -0.000023 
1044.681561 -0.000016 
1043.181060 -0.000007 
1041.680560 0.000011 
1040.180060 0.000050 
1038.679560 0.000100 
1037.179060 0.000109 
1035.678560 0.000107 
1034.178059 0.000035 
1032.677559 -0.000007 
1031.177059 -0.000011 
1029.676559 0.000004 
1028.176059 0.000033 
1026.675559 -0.000003 
1025.175058 0.000014 
1023.674558 0.000006 
1022.174058 -0.000004 
1020.673558 0.000007 
1019.173058 0.000004 
1017.672558 0.000009 
1016.172057 -0.000003 
1014.671557 0.000013 
1013.171057 0.000022 
1011.670557 0.000017 
1010.170057 0.000006 
1008.669557 -0.000003 
1007.169056 -0.000004 
1005.668556 -0.000012 
1004.168056 -0.000029 
1002.667556 -0.000030 
1001.167056 -0.000038 
999.666556 -0.000043 
998.166055 -0.000042 
996.665555 -0.000039 
995.165055 -0.000038 
993.664555 -0.000048 
992.164055 -0.000049 
990.663555 -0.000039 
989.163054 -0.000051 
987.662554 -0.000059 
986.162054 -0.000065 
984.661554 -0.000061 
983.161054 -0.000065 
981.660554 -0.000081 
980.160053 -0.000087 
978.659553 -0.000083 
977.159053 -0.000094 
975.658553 -0.000100 
974.158053 -0.000097 
972.657553 -0.000088 
971.157052 -0.000088 
969.656552 -0.000093 
968.156052 -0.000084 
966.655552 -0.000072 
965.155052 -0.000052 
963.654552 -0.000043 
962.154051 -0.000040 
960.653551 -0.000019 
959.153051 -0.000009 
957.652551 0.000010 
956.152051 0.000020 
954.651551 0.000032 
953.151050 0.000058 
951.650550 0.000081 
950.150050 0.000109 
948.649550 0.000132 
947.149050 0.000177 
945.648550 0.000202 
944.148049 0.000238 
942.647549 0.000280 
941.147049 0.000297 
939.646549 0.000326 
938.146049 0.000377 
936.645549 0.000415 
935.145048 0.000447 
933.644548 0.000480 
932.144048 0.000522 
930.643548 0.000553 
929.143048 0.000584 
927.642548 0.000625 
926.142047 0.000674 
924.641547 0.000705 
923.141047 0.000735 
921.640547 0.000774 
920.140047 0.000810 
918.639547 0.000844 
917.139046 0.000884 
915.638546 0.000914 
914.138046 0.000962 
912.637546 0.001004 
911.137046 0.001065 
909.636546 0.001135 
908.136045 0.001195 
906.635545 0.001255 
905.135045 0.001325 
903.634545 0.001375 
902.134045 0.001435 
900.633545 0.001467 
899.133044 0.001507 
897.632544 0.001540 
896.132044 0.001570 
894.631544 0.001580 
893.131044 0.001607 
891.630544 0.001637 
890.130043 0.001640 
888.629543 0.001657 
887.129043 0.001697 
885.628543 0.001727 
884.128043 0.001757 
882.627543 0.001777 
881.127042 0.001787 
879.626542 0.001817 
878.126042 0.001850 
876.625542 0.001867 
875.125042 0.001895 
873.624542 0.001938 
872.124041 0.001968 
870.623541 0.001962 
869.123041 0.001950 
867.622541 0.001968 
866.122041 0.001988 
864.621541 0.002010 
863.121040 0.002018 
861.620540 0.002038 
860.120040 0.002050 
858.619540 0.002085 
857.119040 0.002118 
855.618540 0.002128 
854.118039 0.002185 
852.617539 0.002228 
851.117039 0.002275 
849.616539 0.002308 
848.116039 0.002375 
846.615539 0.002425 
845.115038 0.002475 
843.614538 0.002545 
842.114038 0.002585 
840.613538 0.002643 
839.113038 0.002733 
837.612538 0.002805 
836.112037 0.002886 
834.611537 0.002953 
833.111037 0.003053 
831.610537 0.003191 
830.110037 0.003309 
828.609537 0.003431 
827.109036 0.003571 
825.608536 0.003729 
824.108036 0.003905 
822.607536 0.004113 
821.107036 0.004335 
819.606536 0.004593 
818.106035 0.004831 
816.605535 0.005111 
815.105035 0.005391 
813.604535 0.005679 
812.104035 0.005995 
810.603535 0.006355 
809.103034 0.006715 
807.602534 0.007119 
806.102034 0.007611 
804.601534 0.008155 
803.101034 0.008700 
801.600534 0.009354 
800.100033 0.010134 
798.599533 0.011142 
797.099033 0.012323 
795.598533 0.013910 
794.098033 0.016222 
792.597533 0.020082 
791.097032 0.026690 
789.596532 0.035820 
788.096032 0.044730 
786.595532 0.051554 
785.095032 0.057124 
783.594532 0.062977 
782.094031 0.070184 
780.593531 0.079497 
779.093031 0.091518 
777.592531 0.107239 
776.092031 0.127987 
774.591531 0.153680 
773.091030 0.181491 
771.590530 0.205559 
770.090030 0.221032 
768.589530 0.229028 
767.089030 0.234316 
765.588530 0.241736 
764.088029 0.253042 
762.587529 0.267164 
761.087029 0.280927 
759.586529 0.290600 
758.086029 0.295467 
756.585529 0.297345 
755.085028 0.297821 
753.584528 0.297665 
752.084028 0.297265 
750.583528 0.296550 
749.083028 0.295175 
747.582528 0.292565 
746.082027 0.287648 
744.581527 0.278900 
743.081027 0.262271 
741.580527 0.230874 
740.080027 0.185005 
738.579527 0.136757 
737.079026 0.097931 
735.578526 0.071871 
734.078026 0.055376 
732.577526 0.044576 
731.077026 0.037050 
729.576526 0.031493 
728.076025 0.027181 
726.575525 0.023813 
725.075025 0.021125 
723.574525 0.018819 
722.074025 0.016934 
720.573525 0.015505 
719.073024 0.014100 
717.572524 0.012891 
716.072024 0.011990 
714.571524 0.011190 
713.071024 0.010424 
711.570524 0.009731 
710.070023 0.009138 
708.569523 0.008506 
707.069023 0.007975 
705.568523 0.007498 
704.068023 0.007089 
702.567523 0.006686 
701.067022 0.006289 
699.566522 0.005999 
698.066022 0.005798 
696.565522 0.005674 
695.065022 0.005613 
693.564522 0.005543 
692.064021 0.005315 
690.563521 0.004849 
689.063021 0.004524 
687.562521 0.004120 
686.062021 0.003694 
684.561521 0.003430 
683.061020 0.003113 
681.560520 0.002926 
680.060020 0.002747 
678.559520 0.002604 
677.059020 0.002516 
675.558520 0.002355 
674.058019 0.002245 
672.557519 0.002210 
671.057019 0.002145 
669.556519 0.002081 
668.056019 0.002109 
666.555519 0.001988 
665.055018 0.001823 
663.554518 0.001859 
662.054018 0.001831 
660.553518 0.001839 
659.053018 0.001916 
657.552518 0.001999 
656.052017 0.001932 
654.551517 0.001965 
653.051017 0.002415 
651.550517 0.002195 
650.050017 0.002013 
648.549517 0.001892 
647.049016 0.002015 
645.548516 0.002109 
644.048016 0.002061 
642.547516 0.002127 
641.047016 0.002150 
639.546516 0.002188 
638.046015 0.002304 
636.545515 0.002536 
635.045015 0.002435 
633.544515 0.002322 
632.044015 0.002369 
630.543515 0.002323 
629.043014 0.002183 
627.542514 0.001949 
626.042014 0.001783 
624.541514 0.001596 
623.041014 0.001347 
621.540514 0.001028 
620.040013 0.000915 
618.539513 0.000601 
617.039013 0.000466 
615.538513 0.000394 
614.038013 0.000300 
612.537513 0.000351 
611.037012 0.000398 
609.536512 0.000338 
608.036012 0.000299 
606.535512 0.000297 
605.035012 0.000248 
603.534512 0.000367 
602.034011 0.000278 
600.533511 0.000004 
599.033011 0.000190 
597.532511 0.000282 
596.032011 0.000232 
594.531511 0.000233 
593.031010 0.000308 
591.530510 0.000419 
590.030010 0.000308 
588.529510 0.000299 
587.029010 0.000081 
585.528510 -0.000004 
584.028009 0.000190 
582.527509 0.000539 
581.027009 0.000730 
579.526509 0.000118 
578.026009 -0.000540 
576.525509 -0.001622 
575.025008 -0.000279 
573.524508 0.000031 
572.024008 0.000384 
570.523508 0.000075 
569.023008 0.000015 
567.522508 -0.000271 
566.022007 -0.000233 
564.521507 -0.000817 
563.021007 -0.000034 
561.520507 0.000126 
560.020007 -0.000064 
558.519507 0.000417 
557.019006 0.000786 
555.518506 -0.000176 
554.018006 -0.000187 
552.517506 0.000019 
551.017006 0.000053 
549.516506 0.000053 
548.016005 0.000653 
546.515505 0.000210 
545.015005 0.000116 
543.514505 0.000410 
542.014005 0.000138 
540.513505 0.000078 
539.013004 0.001039 
537.512504 0.000753 
536.012004 0.000256 
534.511504 -0.000510 
533.011004 -0.000954 
531.510504 -0.000142 
530.010003 -0.000061 
528.509503 -0.000038 
527.009003 -0.000118 
525.508503 -0.000276 
524.008003 -0.000512 
522.507503 -0.000236 
521.007002 -0.000260 
519.506502 0.000470 
518.006002 0.000021 
516.505502 -0.000212 
515.005002 -0.000947 
513.504502 -0.000459 
512.004001 -0.000065 
510.503501 0.000971 
509.003001 0.000642 
507.502501 -0.000044 
506.002001 -0.000048 
504.501501 -0.000282 
503.001000 -0.000243 
501.500500 0.000035 
500.000000 -0.000221 
