5000.000000 0.000308 
4998.499500 0.000382 
4996.999000 0.000309 
4995.498499 0.000408 
4993.997999 0.000395 
4992.497499 0.000526 
4990.996999 0.000543 
4989.496499 0.000356 
4987.995999 0.000282 
4986.495498 0.000278 
4984.994998 0.000326 
4983.494498 0.000352 
4981.993998 0.000274 
4980.493498 0.000422 
4978.992998 0.000434 
4977.492497 0.000400 
4975.991997 0.000430 
4974.491497 0.000399 
4972.990997 0.000344 
4971.490497 0.000412 
4969.989997 0.000282 
4968.489496 0.000375 
4966.988996 0.000451 
4965.488496 0.000365 
4963.987996 0.000418 
4962.487496 0.000404 
4960.986996 0.000410 
4959.486495 0.000464 
4957.985995 0.000392 
4956.485495 0.000486 
4954.984995 0.000427 
4953.484495 0.000556 
4951.983995 0.000482 
4950.483494 0.000469 
4948.982994 0.000421 
4947.482494 0.000452 
4945.981994 0.000398 
4944.481494 0.000263 
4942.980994 0.000227 
4941.480493 0.000286 
4939.979993 0.000275 
4938.479493 0.000334 
4936.978993 0.000294 
4935.478493 0.000138 
4933.977993 0.000140 
4932.477492 0.000209 
4930.976992 0.000234 
4929.476492 0.000174 
4927.975992 0.000222 
4926.475492 0.000236 
4924.974992 0.000318 
4923.474491 0.000316 
4921.973991 0.000292 
4920.473491 0.000269 
4918.972991 0.000310 
4917.472491 0.000302 
4915.971991 0.000244 
4914.471490 0.000354 
4912.970990 0.000323 
4911.470490 0.000244 
4909.969990 0.000294 
4908.469490 0.000491 
4906.968990 0.000567 
4905.468489 0.000475 
4903.967989 0.000557 
4902.467489 0.000492 
4900.966989 0.000394 
4899.466489 0.000321 
4897.965989 0.000380 
4896.465488 0.000458 
4894.964988 0.000472 
4893.464488 0.000389 
4891.963988 0.000358 
4890.463488 0.000416 
4888.962988 0.000367 
4887.462487 0.000343 
4885.961987 0.000306 
4884.461487 0.000263 
4882.960987 0.000355 
4881.460487 0.000294 
4879.959987 0.000242 
4878.459486 0.000269 
4876.958986 0.000386 
4875.458486 0.000344 
4873.957986 0.000364 
4872.457486 0.000299 
4870.956986 0.000360 
4869.456485 0.000391 
4867.955985 0.000385 
4866.455485 0.000276 
4864.954985 0.000306 
4863.454485 0.000357 
4861.953985 0.000370 
4860.453484 0.000352 
4858.952984 0.000393 
4857.452484 0.000435 
4855.951984 0.000421 
4854.451484 0.000393 
4852.950984 0.000420 
4851.450483 0.000378 
4849.949983 0.000357 
4848.449483 0.000316 
4846.948983 0.000345 
4845.448483 0.000334 
4843.947983 0.000324 
4842.447482 0.000395 
4840.946982 0.000382 
4839.446482 0.000355 
4837.945982 0.000339 
4836.445482 0.000253 
4834.944982 0.000272 
4833.444481 0.000238 
4831.943981 0.000166 
4830.443481 0.000140 
4828.942981 0.000151 
4827.442481 0.000121 
4825.941981 0.000127 
4824.441480 0.000199 
4822.940980 0.000195 
4821.440480 0.000107 
4819.939980 0.000073 
4818.439480 0.000222 
4816.938980 0.000280 
4815.438479 0.000222 
4813.937979 0.000192 
4812.437479 0.000202 
4810.936979 0.000295 
4809.436479 0.000305 
4807.935979 0.000286 
4806.435478 0.000263 
4804.934978 0.000178 
4803.434478 0.000166 
4801.933978 0.000120 
4800.433478 0.000167 
4798.932978 0.000119 
4797.432477 0.000105 
4795.931977 0.000078 
4794.431477 0.000154 
4792.930977 0.000210 
4791.430477 0.000262 
4789.929977 0.000160 
4788.429476 0.000063 
4786.928976 0.000117 
4785.428476 0.000110 
4783.927976 0.000104 
4782.427476 0.000039 
4780.926976 0.000178 
4779.426475 0.000292 
4777.925975 0.000232 
4776.425475 0.000234 
4774.924975 0.000376 
4773.424475 0.000359 
4771.923975 0.000382 
4770.423474 0.000448 
4768.922974 0.000453 
4767.422474 0.000462 
4765.921974 0.000429 
4764.421474 0.000465 
4762.920974 0.000616 
4761.420473 0.000624 
4759.919973 0.000581 
4758.419473 0.000533 
4756.918973 0.000571 
4755.418473 0.000671 
4753.917973 0.000690 
4752.417472 0.000680 
4750.916972 0.000638 
4749.416472 0.000624 
4747.915972 0.000603 
4746.415472 0.000590 
4744.914972 0.000631 
4743.414471 0.000487 
4741.913971 0.000502 
4740.413471 0.000525 
4738.912971 0.000505 
4737.412471 0.000407 
4735.911971 0.000412 
4734.411470 0.000344 
4732.910970 0.000337 
4731.410470 0.000383 
4729.909970 0.000401 
4728.409470 0.000364 
4726.908970 0.000294 
4725.408469 0.000263 
4723.907969 0.000266 
4722.407469 0.000257 
4720.906969 0.000320 
4719.406469 0.000338 
4717.905969 0.000382 
4716.405468 0.000328 
4714.904968 0.000278 
4713.404468 0.000316 
4711.903968 0.000354 
4710.403468 0.000351 
4708.902968 0.000370 
4707.402467 0.000337 
4705.901967 0.000383 
4704.401467 0.000425 
4702.900967 0.000368 
4701.400467 0.000342 
4699.899967 0.000416 
4698.399466 0.000441 
4696.898966 0.000477 
4695.398466 0.000454 
4693.897966 0.000481 
4692.397466 0.000503 
4690.896966 0.000414 
4689.396465 0.000414 
4687.895965 0.000438 
4686.395465 0.000486 
4684.894965 0.000427 
4683.394465 0.000456 
4681.893965 0.000519 
4680.393464 0.000451 
4678.892964 0.000419 
4677.392464 0.000450 
4675.891964 0.000349 
4674.391464 0.000344 
4672.890964 0.000395 
4671.390463 0.000404 
4669.889963 0.000364 
4668.389463 0.000347 
4666.888963 0.000311 
4665.388463 0.000327 
4663.887963 0.000463 
4662.387462 0.000329 
4660.886962 0.000361 
4659.386462 0.000388 
4657.885962 0.000496 
4656.385462 0.000489 
4654.884962 0.000439 
4653.384461 0.000437 
4651.883961 0.000323 
4650.383461 0.000330 
4648.882961 0.000330 
4647.382461 0.000318 
4645.881961 0.000301 
4644.381460 0.000255 
4642.880960 0.000244 
4641.380460 0.000271 
4639.879960 0.000183 
4638.379460 0.000164 
4636.878960 0.000060 
4635.378459 0.000017 
4633.877959 0.000098 
4632.377459 0.000112 
4630.876959 0.000026 
4629.376459 -0.000062 
4627.875959 0.000027 
4626.375458 0.000012 
4624.874958 0.000005 
4623.374458 -0.000014 
4621.873958 -0.000025 
4620.373458 -0.000085 
4618.872958 -0.000051 
4617.372457 -0.000036 
4615.871957 -0.000015 
4614.371457 0.000059 
4612.870957 0.000117 
4611.370457 0.000180 
4609.869957 0.000167 
4608.369456 0.000079 
4606.868956 0.000012 
4605.368456 -0.000001 
4603.867956 0.000080 
4602.367456 0.000131 
4600.866956 0.000123 
4599.366455 0.000173 
4597.865955 0.000201 
4596.365455 0.000210 
4594.864955 0.000222 
4593.364455 0.000245 
4591.863955 0.000262 
4590.363454 0.000194 
4588.862954 0.000204 
4587.362454 0.000258 
4585.861954 0.000182 
4584.361454 0.000174 
4582.860954 -0.000008 
4581.360453 0.000033 
4579.859953 0.000157 
4578.359453 0.000134 
4576.858953 0.000069 
4575.358453 0.000052 
4573.857953 0.000046 
4572.357452 0.000055 
4570.856952 0.000109 
4569.356452 0.000110 
4567.855952 0.000019 
4566.355452 0.000063 
4564.854952 0.000055 
4563.354451 0.000103 
4561.853951 0.000039 
4560.353451 0.000044 
4558.852951 0.000096 
4557.352451 0.000104 
4555.851951 0.000099 
4554.351450 0.000097 
4552.850950 0.000041 
4551.350450 -0.000073 
4549.849950 0.000054 
4548.349450 0.000023 
4546.848950 -0.000023 
4545.348449 0.000090 
4543.847949 0.000058 
4542.347449 0.000159 
4540.846949 0.000128 
4539.346449 0.000120 
4537.845949 0.000144 
4536.345448 0.000224 
4534.844948 0.000168 
4533.344448 0.000173 
4531.843948 0.000236 
4530.343448 0.000216 
4528.842948 0.000220 
4527.342447 0.000230 
4525.841947 0.000259 
4524.341447 0.000222 
4522.840947 0.000138 
4521.340447 0.000125 
4519.839947 0.000208 
4518.339446 0.000245 
4516.838946 0.000248 
4515.338446 0.000224 
4513.837946 0.000346 
4512.337446 0.000348 
4510.836946 0.000324 
4509.336445 0.000372 
4507.835945 0.000362 
4506.335445 0.000384 
4504.834945 0.000427 
4503.334445 0.000446 
4501.833945 0.000449 
4500.333444 0.000433 
4498.832944 0.000372 
4497.332444 0.000326 
4495.831944 0.000313 
4494.331444 0.000259 
4492.830944 0.000274 
4491.330443 0.000301 
4489.829943 0.000250 
4488.329443 0.000280 
4486.828943 0.000269 
4485.328443 0.000175 
4483.827943 0.000117 
4482.327442 0.000077 
4480.826942 0.000070 
4479.326442 0.000039 
4477.825942 0.000033 
4476.325442 0.000035 
4474.824942 0.000033 
4473.324441 0.000022 
4471.823941 0.000071 
4470.323441 0.000073 
4468.822941 0.000128 
4467.322441 0.000111 
4465.821941 0.000012 
4464.321440 0.000018 
4462.820940 0.000068 
4461.320440 0.000064 
4459.819940 0.000086 
4458.319440 0.000176 
4456.818940 0.000141 
4455.318439 0.000105 
4453.817939 0.000107 
4452.317439 0.000069 
4450.816939 0.000112 
4449.316439 0.000041 
4447.815939 0.000031 
4446.315438 0.000072 
4444.814938 0.000027 
4443.314438 -0.000007 
4441.813938 0.000055 
4440.313438 0.000027 
4438.812938 0.000090 
4437.312437 -0.000016 
4435.811937 -0.000003 
4434.311437 -0.000019 
4432.810937 -0.000039 
4431.310437 0.000035 
4429.809937 0.000056 
4428.309436 0.000006 
4426.808936 -0.000093 
4425.308436 -0.000063 
4423.807936 -0.000118 
4422.307436 -0.000120 
4420.806936 -0.000048 
4419.306435 -0.000016 
4417.805935 -0.000068 
4416.305435 -0.000069 
4414.804935 -0.000057 
4413.304435 -0.000039 
4411.803935 0.000030 
4410.303434 0.000014 
4408.802934 -0.000016 
4407.302434 -0.000091 
4405.801934 -0.000065 
4404.301434 -0.000048 
4402.800934 -0.000067 
4401.300433 -0.000082 
4399.799933 -0.000117 
4398.299433 -0.000077 
4396.798933 -0.000100 
4395.298433 -0.000124 
4393.797933 -0.000073 
4392.297432 -0.000052 
4390.796932 -0.000073 
4389.296432 -0.000092 
4387.795932 -0.000036 
4386.295432 -0.000098 
4384.794932 -0.000084 
4383.294431 -0.000066 
4381.793931 0.000035 
4380.293431 0.000049 
4378.792931 -0.000074 
4377.292431 0.000035 
4375.791931 0.000071 
4374.291430 0.000042 
4372.790930 -0.000007 
4371.290430 -0.000026 
4369.789930 -0.000017 
4368.289430 0.000054 
4366.788930 -0.000023 
4365.288429 -0.000022 
4363.787929 -0.000004 
4362.287429 0.000004 
4360.786929 -0.000035 
4359.286429 0.000081 
4357.785929 0.000108 
4356.285428 0.000089 
4354.784928 0.000102 
4353.284428 0.000142 
4351.783928 0.000161 
4350.283428 0.000187 
4348.782928 0.000094 
4347.282427 0.000096 
4345.781927 0.000103 
4344.281427 0.000143 
4342.780927 0.000193 
4341.280427 0.000207 
4339.779927 0.000142 
4338.279426 0.000168 
4336.778926 0.000155 
4335.278426 0.000113 
4333.777926 0.000138 
4332.277426 0.000154 
4330.776926 0.000136 
4329.276425 0.000078 
4327.775925 0.000130 
4326.275425 0.000114 
4324.774925 0.000171 
4323.274425 0.000175 
4321.773925 0.000228 
4320.273424 0.000183 
4318.772924 0.000199 
4317.272424 0.000166 
4315.771924 0.000143 
4314.271424 0.000172 
4312.770924 0.000184 
4311.270423 0.000247 
4309.769923 0.000250 
4308.269423 0.000246 
4306.768923 0.000199 
4305.268423 0.000249 
4303.767923 0.000263 
4302.267422 0.000246 
4300.766922 0.000200 
4299.266422 0.000200 
4297.765922 0.000251 
4296.265422 0.000248 
4294.764922 0.000265 
4293.264421 0.000216 
4291.763921 0.000191 
4290.263421 0.000230 
4288.762921 0.000246 
4287.262421 0.000247 
4285.761921 0.000248 
4284.261420 0.000189 
4282.760920 0.000239 
4281.260420 0.000235 
4279.759920 0.000271 
4278.259420 0.000313 
4276.758920 0.000285 
4275.258419 0.000256 
4273.757919 0.000228 
4272.257419 0.000228 
4270.756919 0.000220 
4269.256419 0.000161 
4267.755919 0.000143 
4266.255418 0.000167 
4264.754918 0.000120 
4263.254418 0.000087 
4261.753918 0.000094 
4260.253418 -0.000008 
4258.752918 0.000037 
4257.252417 0.000106 
4255.751917 0.000122 
4254.251417 0.000104 
4252.750917 0.000037 
4251.250417 0.000002 
4249.749917 0.000054 
4248.249416 0.000078 
4246.748916 0.000074 
4245.248416 0.000050 
4243.747916 0.000078 
4242.247416 0.000146 
4240.746916 0.000139 
4239.246415 0.000024 
4237.745915 0.000061 
4236.245415 0.000069 
4234.744915 0.000074 
4233.244415 0.000120 
4231.743915 0.000171 
4230.243414 0.000109 
4228.742914 0.000122 
4227.242414 0.000128 
4225.741914 0.000115 
4224.241414 0.000132 
4222.740914 0.000089 
4221.240413 0.000105 
4219.739913 0.000154 
4218.239413 0.000141 
4216.738913 0.000111 
4215.238413 0.000137 
4213.737913 0.000156 
4212.237412 0.000176 
4210.736912 0.000158 
4209.236412 0.000133 
4207.735912 0.000123 
4206.235412 0.000153 
4204.734912 0.000182 
4203.234411 0.000143 
4201.733911 0.000144 
4200.233411 0.000143 
4198.732911 0.000144 
4197.232411 0.000160 
4195.731911 0.000095 
4194.231410 0.000065 
4192.730910 0.000061 
4191.230410 0.000078 
4189.729910 0.000057 
4188.229410 0.000087 
4186.728910 0.000069 
4185.228409 0.000078 
4183.727909 0.000103 
4182.227409 0.000166 
4180.726909 0.000154 
4179.226409 0.000159 
4177.725909 0.000167 
4176.225408 0.000143 
4174.724908 0.000170 
4173.224408 0.000144 
4171.723908 0.000113 
4170.223408 0.000124 
4168.722908 0.000153 
4167.222407 0.000167 
4165.721907 0.000139 
4164.221407 0.000132 
4162.720907 0.000106 
4161.220407 0.000084 
4159.719907 0.000074 
4158.219406 0.000087 
4156.718906 0.000126 
4155.218406 0.000099 
4153.717906 0.000054 
4152.217406 0.000088 
4150.716906 0.000097 
4149.216405 0.000076 
4147.715905 0.000052 
4146.215405 0.000050 
4144.714905 0.000040 
4143.214405 0.000013 
4141.713905 0.000015 
4140.213404 0.000024 
4138.712904 -0.000026 
4137.212404 -0.000099 
4135.711904 -0.000172 
4134.211404 -0.000096 
4132.710904 -0.000100 
4131.210403 -0.000042 
4129.709903 -0.000037 
4128.209403 0.000016 
4126.708903 -0.000052 
4125.208403 -0.000165 
4123.707903 -0.000075 
4122.207402 -0.000077 
4120.706902 -0.000159 
4119.206402 -0.000095 
4117.705902 -0.000093 
4116.205402 -0.000099 
4114.704902 -0.000108 
4113.204401 -0.000160 
4111.703901 -0.000121 
4110.203401 -0.000098 
4108.702901 -0.000047 
4107.202401 0.000037 
4105.701901 0.000147 
4104.201400 0.000201 
4102.700900 0.000278 
4101.200400 0.000393 
4099.699900 0.000544 
4098.199400 0.000633 
4096.698900 0.000644 
4095.198399 0.000810 
4093.697899 0.000958 
4092.197399 0.001070 
4090.696899 0.001182 
4089.196399 0.001252 
4087.695899 0.001298 
4086.195398 0.001497 
4084.694898 0.001562 
4083.194398 0.001713 
4081.693898 0.001844 
4080.193398 0.002075 
4078.692898 0.002268 
4077.192397 0.002258 
4075.691897 0.002155 
4074.191397 0.002007 
4072.690897 0.001722 
4071.190397 0.001382 
4069.689897 0.001090 
4068.189396 0.000931 
4066.688896 0.000798 
4065.188396 0.000644 
4063.687896 0.000526 
4062.187396 0.000442 
4060.686896 0.000277 
4059.186395 0.000172 
4057.685895 0.000169 
4056.185395 0.000143 
4054.684895 0.000076 
4053.184395 0.000066 
4051.683895 0.000074 
4050.183394 0.000075 
4048.682894 0.000043 
4047.182394 0.000040 
4045.681894 0.000091 
4044.181394 0.000083 
4042.680894 0.000077 
4041.180393 0.000051 
4039.679893 0.000046 
4038.179393 0.000085 
4036.678893 0.000107 
4035.178393 0.000136 
4033.677893 0.000157 
4032.177392 0.000193 
4030.676892 0.000198 
4029.176392 0.000249 
4027.675892 0.000301 
4026.175392 0.000277 
4024.674892 0.000256 
4023.174391 0.000261 
4021.673891 0.000249 
4020.173391 0.000258 
4018.672891 0.000271 
4017.172391 0.000230 
4015.671891 0.000200 
4014.171390 0.000177 
4012.670890 0.000146 
4011.170390 0.000122 
4009.669890 0.000119 
4008.169390 0.000127 
4006.668890 0.000109 
4005.168389 0.000159 
4003.667889 0.000142 
4002.167389 0.000204 
4000.666889 0.000178 
3999.166389 0.000098 
3997.665889 0.000103 
3996.165388 0.000138 
3994.664888 0.000107 
3993.164388 0.000154 
3991.663888 0.000127 
3990.163388 0.000104 
3988.662888 0.000101 
3987.162387 0.000055 
3985.661887 0.000028 
3984.161387 0.000035 
3982.660887 0.000007 
3981.160387 0.000071 
3979.659887 0.000084 
3978.159386 0.000109 
3976.658886 0.000124 
3975.158386 0.000113 
3973.657886 0.000113 
3972.157386 0.000152 
3970.656886 0.000196 
3969.156385 0.000278 
3967.655885 0.000287 
3966.155385 0.000331 
3964.654885 0.000368 
3963.154385 0.000381 
3961.653885 0.000372 
3960.153384 0.000349 
3958.652884 0.000355 
3957.152384 0.000383 
3955.651884 0.000375 
3954.151384 0.000365 
3952.650884 0.000359 
3951.150383 0.000418 
3949.649883 0.000454 
3948.149383 0.000454 
3946.648883 0.000355 
3945.148383 0.000332 
3943.647883 0.000349 
3942.147382 0.000262 
3940.646882 0.000216 
3939.146382 0.000209 
3937.645882 0.000169 
3936.145382 0.000203 
3934.644882 0.000190 
3933.144381 0.000238 
3931.643881 0.000186 
3930.143381 0.000118 
3928.642881 0.000105 
3927.142381 0.000095 
3925.641881 0.000168 
3924.141380 0.000097 
3922.640880 0.000055 
3921.140380 0.000066 
3919.639880 0.000160 
3918.139380 0.000220 
3916.638880 0.000160 
3915.138379 0.000133 
3913.637879 0.000094 
3912.137379 0.000013 
3910.636879 -0.000032 
3909.136379 -0.000038 
3907.635879 -0.000045 
3906.135378 0.000151 
3904.634878 0.000187 
3903.134378 0.000217 
3901.633878 0.000178 
3900.133378 0.000182 
3898.632878 0.000039 
3897.132377 -0.000039 
3895.631877 0.000015 
3894.131377 0.000154 
3892.630877 0.000317 
3891.130377 0.000238 
3889.629877 0.000205 
3888.129376 0.000341 
3886.628876 0.000498 
3885.128376 0.000417 
3883.627876 0.000406 
3882.127376 0.000522 
3880.626876 0.000602 
3879.126375 0.000624 
3877.625875 0.000667 
3876.125375 0.000893 
3874.624875 0.001080 
3873.124375 0.001278 
3871.623875 0.001640 
3870.123374 0.001780 
3868.622874 0.001900 
3867.122374 0.002396 
3865.621874 0.003212 
3864.121374 0.003424 
3862.620874 0.002236 
3861.120373 0.001163 
3859.619873 0.000770 
3858.119373 0.000757 
3856.618873 0.000918 
3855.118373 0.000981 
3853.617873 0.000698 
3852.117372 0.000342 
3850.616872 0.000064 
3849.116372 -0.000062 
3847.615872 -0.000139 
3846.115372 -0.000138 
3844.614872 -0.000126 
3843.114371 -0.000067 
3841.613871 -0.000029 
3840.113371 0.000047 
3838.612871 0.000131 
3837.112371 0.000061 
3835.611871 0.000005 
3834.111370 -0.000119 
3832.610870 -0.000148 
3831.110370 -0.000166 
3829.609870 -0.000162 
3828.109370 -0.000124 
3826.608870 -0.000171 
3825.108369 -0.000187 
3823.607869 -0.000066 
3822.107369 0.000060 
3820.606869 -0.000012 
3819.106369 -0.000031 
3817.605869 0.000138 
3816.105368 0.000052 
3814.604868 -0.000017 
3813.104368 -0.000045 
3811.603868 -0.000073 
3810.103368 -0.000066 
3808.602868 0.000102 
3807.102367 0.000062 
3805.601867 0.000002 
3804.101367 0.000094 
3802.600867 0.000172 
3801.100367 0.000131 
3799.599867 0.000031 
3798.099366 0.000036 
3796.598866 0.000025 
3795.098366 -0.000048 
3793.597866 -0.000068 
3792.097366 -0.000010 
3790.596866 -0.000050 
3789.096365 -0.000005 
3787.595865 0.000017 
3786.095365 0.000017 
3784.594865 0.000006 
3783.094365 -0.000009 
3781.593865 0.000004 
3780.093364 -0.000027 
3778.592864 -0.000036 
3777.092364 -0.000038 
3775.591864 -0.000015 
3774.091364 -0.000012 
3772.590864 0.000036 
3771.090363 0.000137 
3769.589863 0.000110 
3768.089363 0.000111 
3766.588863 0.000111 
3765.088363 0.000027 
3763.587863 -0.000006 
3762.087362 0.000092 
3760.586862 0.000173 
3759.086362 0.000197 
3757.585862 0.000227 
3756.085362 0.000156 
3754.584862 0.000267 
3753.084361 0.000483 
3751.583861 0.000508 
3750.083361 0.000474 
3748.582861 0.000351 
3747.082361 0.000512 
3745.581861 0.000792 
3744.081360 0.000550 
3742.580860 0.000393 
3741.080360 0.000247 
3739.579860 0.000230 
3738.079360 0.000472 
3736.578860 0.000631 
3735.078359 0.000539 
3733.577859 0.000402 
3732.077359 0.000226 
3730.576859 0.000203 
3729.076359 0.000244 
3727.575859 0.000300 
3726.075358 0.000258 
3724.574858 0.000272 
3723.074358 0.000279 
3721.573858 0.000253 
3720.073358 0.000227 
3718.572858 0.000218 
3717.072357 0.000241 
3715.571857 0.000240 
3714.071357 0.000382 
3712.570857 0.000383 
3711.070357 0.000319 
3709.569857 0.000226 
3708.069356 0.000172 
3706.568856 0.000132 
3705.068356 0.000105 
3703.567856 0.000112 
3702.067356 0.000113 
3700.566856 0.000094 
3699.066355 0.000086 
3697.565855 0.000092 
3696.065355 0.000099 
3694.564855 0.000095 
3693.064355 0.000199 
3691.563855 0.000225 
3690.063354 0.000376 
3688.562854 0.000312 
3687.062354 0.000141 
3685.561854 0.000055 
3684.061354 0.000030 
3682.560854 0.000080 
3681.060353 0.000121 
3679.559853 0.000088 
3678.059353 0.000245 
3676.558853 0.000429 
3675.058353 0.000273 
3673.557853 0.000181 
3672.057352 0.000338 
3670.556852 0.000315 
3669.056352 0.000218 
3667.555852 0.000111 
3666.055352 0.000037 
3664.554852 0.000018 
3663.054351 0.000013 
3661.553851 0.000021 
3660.053351 0.000071 
3658.552851 0.000169 
3657.052351 0.000239 
3655.551851 0.000150 
3654.051350 0.000129 
3652.550850 0.000264 
3651.050350 0.000422 
3649.549850 0.000389 
3648.049350 0.000350 
3646.548850 0.000179 
3645.048349 0.000064 
3643.547849 0.000023 
3642.047349 0.000013 
3640.546849 0.000009 
3639.046349 -0.000016 
3637.545849 -0.000043 
3636.045348 0.000002 
3634.544848 0.000027 
3633.044348 -0.000026 
3631.543848 0.000203 
3630.043348 0.000428 
3628.542848 0.000250 
3627.042347 0.000086 
3625.541847 -0.000019 
3624.041347 -0.000082 
3622.540847 -0.000054 
3621.040347 0.000097 
3619.539847 0.000075 
3618.039346 0.000020 
3616.538846 -0.000055 
3615.038346 -0.000024 
3613.537846 0.000047 
3612.037346 0.000004 
3610.536846 0.000132 
3609.036345 0.000059 
3607.535845 -0.000015 
3606.035345 -0.000153 
3604.534845 -0.000183 
3603.034345 -0.000173 
3601.533845 -0.000158 
3600.033344 -0.000122 
3598.532844 -0.000113 
3597.032344 -0.000108 
3595.531844 -0.000148 
3594.031344 -0.000134 
3592.530844 -0.000199 
3591.030343 -0.000120 
3589.529843 -0.000001 
3588.029343 0.000000 
3586.528843 -0.000093 
3585.028343 -0.000224 
3583.527843 -0.000243 
3582.027342 -0.000244 
3580.526842 -0.000255 
3579.026342 -0.000290 
3577.525842 -0.000270 
3576.025342 -0.000256 
3574.524842 -0.000286 
3573.024341 -0.000274 
3571.523841 -0.000308 
3570.023341 -0.000207 
3568.522841 -0.000079 
3567.022341 -0.000120 
3565.521841 -0.000233 
3564.021340 -0.000282 
3562.520840 -0.000321 
3561.020340 -0.000313 
3559.519840 -0.000317 
3558.019340 -0.000338 
3556.518840 -0.000382 
3555.018339 -0.000373 
3553.517839 -0.000356 
3552.017339 -0.000373 
3550.516839 -0.000386 
3549.016339 -0.000331 
3547.515839 -0.000278 
3546.015338 -0.000256 
3544.514838 -0.000351 
3543.014338 -0.000369 
3541.513838 -0.000378 
3540.013338 -0.000412 
3538.512838 -0.000369 
3537.012337 -0.000334 
3535.511837 -0.000321 
3534.011337 -0.000351 
3532.510837 -0.000360 
3531.010337 -0.000330 
3529.509837 -0.000308 
3528.009336 -0.000321 
3526.508836 -0.000291 
3525.008336 -0.000248 
3523.507836 -0.000256 
3522.007336 -0.000248 
3520.506836 -0.000265 
3519.006335 -0.000291 
3517.505835 -0.000252 
3516.005335 -0.000278 
3514.504835 -0.000269 
3513.004335 -0.000269 
3511.503835 -0.000252 
3510.003334 -0.000235 
3508.502834 -0.000243 
3507.002334 -0.000235 
3505.501834 -0.000200 
3504.001334 -0.000178 
3502.500834 -0.000187 
3501.000333 -0.000200 
3499.499833 -0.000191 
3497.999333 -0.000195 
3496.498833 -0.000217 
3494.998333 -0.000226 
3493.497833 -0.000217 
3491.997332 -0.000230 
3490.496832 -0.000234 
3488.996332 -0.000200 
3487.495832 -0.000161 
3485.995332 -0.000156 
3484.494832 -0.000161 
3482.994331 -0.000169 
3481.493831 -0.000161 
3479.993331 -0.000178 
3478.492831 -0.000143 
3476.992331 -0.000187 
3475.491831 -0.000156 
3473.991330 -0.000187 
3472.490830 -0.000178 
3470.990330 -0.000156 
3469.489830 -0.000200 
3467.989330 -0.000225 
3466.488830 -0.000182 
3464.988329 -0.000161 
3463.487829 -0.000156 
3461.987329 -0.000113 
3460.486829 -0.000135 
3458.986329 -0.000121 
3457.485829 -0.000087 
3455.985328 -0.000121 
3454.484828 -0.000091 
3452.984328 -0.000087 
3451.483828 -0.000078 
3449.983328 -0.000008 
3448.482828 0.000071 
3446.982327 0.000171 
3445.481827 0.000279 
3443.981327 0.000362 
3442.480827 0.000497 
3440.980327 0.000553 
3439.479827 0.000680 
3437.979326 0.000814 
3436.478826 0.000865 
3434.978326 0.000861 
3433.477826 0.000891 
3431.977326 0.000909 
3430.476826 0.000976 
3428.976325 0.001091 
3427.475825 0.001150 
3425.975325 0.001190 
3424.474825 0.001168 
3422.974325 0.001119 
3421.473825 0.001068 
3419.973324 0.000937 
3418.472824 0.000868 
3416.972324 0.000723 
3415.471824 0.000566 
3413.971324 0.000371 
3412.470824 0.000268 
3410.970323 0.000195 
3409.469823 0.000156 
3407.969323 0.000112 
3406.468823 0.000069 
3404.968323 0.000037 
3403.467823 -0.000036 
3401.967322 -0.000060 
3400.466822 -0.000030 
3398.966322 -0.000012 
3397.465822 0.000009 
3395.965322 -0.000000 
3394.464822 0.000000 
3392.964321 -0.000008 
3391.463821 0.000048 
3389.963321 0.000012 
3388.462821 -0.000045 
3386.962321 -0.000100 
3385.461821 -0.000082 
3383.961320 -0.000097 
3382.460820 -0.000171 
3380.960320 -0.000209 
3379.459820 -0.000253 
3377.959320 -0.000319 
3376.458820 -0.000370 
3374.958319 -0.000426 
3373.457819 -0.000434 
3371.957319 -0.000445 
3370.456819 -0.000513 
3368.956319 -0.000517 
3367.455819 -0.000520 
3365.955318 -0.000517 
3364.454818 -0.000511 
3362.954318 -0.000517 
3361.453818 -0.000530 
3359.953318 -0.000551 
3358.452818 -0.000542 
3356.952317 -0.000502 
3355.451817 -0.000450 
3353.951317 -0.000380 
3352.450817 -0.000338 
3350.950317 -0.000320 
3349.449817 -0.000282 
3347.949316 -0.000287 
3346.448816 -0.000296 
3344.948316 -0.000279 
3343.447816 -0.000174 
3341.947316 -0.000061 
3340.446816 0.000068 
3338.946315 0.000313 
3337.445815 0.000556 
3335.945315 0.000771 
3334.444815 0.000941 
3332.944315 0.001104 
3331.443815 0.001179 
3329.943314 0.001138 
3328.442814 0.001034 
3326.942314 0.000816 
3325.441814 0.000562 
3323.941314 0.000266 
3322.440814 -0.000017 
3320.940313 -0.000157 
3319.439813 -0.000137 
3317.939313 -0.000118 
3316.438813 -0.000136 
3314.938313 -0.000163 
3313.437813 -0.000215 
3311.937312 -0.000251 
3310.436812 -0.000159 
3308.936312 0.000201 
3307.435812 0.000411 
3305.935312 0.000053 
3304.434812 -0.000246 
3302.934311 -0.000345 
3301.433811 -0.000386 
3299.933311 -0.000373 
3298.432811 -0.000384 
3296.932311 -0.000411 
3295.431811 -0.000391 
3293.931310 -0.000404 
3292.430810 -0.000440 
3290.930310 -0.000445 
3289.429810 -0.000422 
3287.929310 -0.000425 
3286.428810 -0.000402 
3284.928309 -0.000368 
3283.427809 -0.000352 
3281.927309 -0.000132 
3280.426809 0.000187 
3278.926309 0.000062 
3277.425809 -0.000004 
3275.925308 0.000035 
3274.424808 0.000171 
3272.924308 0.000367 
3271.423808 0.000592 
3269.923308 0.000885 
3268.422808 0.001209 
3266.922307 0.001635 
3265.421807 0.002118 
3263.921307 0.002681 
3262.420807 0.003341 
3260.920307 0.004188 
3259.419807 0.005148 
3257.919306 0.006329 
3256.418806 0.007786 
3254.918306 0.009723 
3253.417806 0.012219 
3251.917306 0.015478 
3250.416806 0.019743 
3248.916305 0.025453 
3247.415805 0.032633 
3245.915305 0.040844 
3244.414805 0.049637 
3242.914305 0.059744 
3241.413805 0.073908 
3239.913304 0.096202 
3238.412804 0.133325 
3236.912304 0.189417 
3235.411804 0.263540 
3233.911304 0.368450 
3232.410804 0.526360 
3230.910303 0.765566 
3229.409803 1.116387 
3227.909303 1.564569 
3226.408803 1.293595 
3224.908303 0.594075 
3223.407803 0.351555 
3221.907302 0.239835 
3220.406802 0.157081 
3218.906302 0.116977 
3217.405802 0.095131 
3215.905302 0.080407 
3214.404802 0.069301 
3212.904301 0.060554 
3211.403801 0.053480 
3209.903301 0.047735 
3208.402801 0.043048 
3206.902301 0.039141 
3205.401801 0.035836 
3203.901300 0.033000 
3202.400800 0.030545 
3200.900300 0.028322 
3199.399800 0.026368 
3197.899300 0.024633 
3196.398800 0.023091 
3194.898299 0.021676 
3193.397799 0.020354 
3191.897299 0.019128 
3190.396799 0.018010 
3188.896299 0.016987 
3187.395799 0.015997 
3185.895298 0.015123 
3184.394798 0.014313 
3182.894298 0.013519 
3181.393798 0.012821 
3179.893298 0.012155 
3178.392798 0.011543 
3176.892297 0.010923 
3175.391797 0.010445 
3173.891297 0.009967 
3172.390797 0.009539 
3170.890297 0.009161 
3169.389797 0.008776 
3167.889296 0.008436 
3166.388796 0.008108 
3164.888296 0.007788 
3163.387796 0.007522 
3161.887296 0.007270 
3160.386796 0.007000 
3158.886295 0.006786 
3157.385795 0.006572 
3155.885295 0.006312 
3154.384795 0.006094 
3152.884295 0.005884 
3151.383795 0.005674 
3149.883294 0.005476 
3148.382794 0.005281 
3146.882294 0.005064 
3145.381794 0.004888 
3143.881294 0.004718 
3142.380794 0.004556 
3140.880293 0.004386 
3139.379793 0.004208 
3137.879293 0.004048 
3136.378793 0.003898 
3134.878293 0.003750 
3133.377793 0.003665 
3131.877292 0.003580 
3130.376792 0.003473 
3128.876292 0.003393 
3127.375792 0.003280 
3125.875292 0.003183 
3124.374792 0.003090 
3122.874291 0.002980 
3121.373791 0.002892 
3119.873291 0.002792 
3118.372791 0.002690 
3116.872291 0.002590 
3115.371791 0.002482 
3113.871290 0.002392 
3112.370790 0.002335 
3110.870290 0.002250 
3109.369790 0.002155 
3107.869290 0.002097 
3106.368790 0.002055 
3104.868289 0.001985 
3103.367789 0.001927 
3101.867289 0.001892 
3100.366789 0.001792 
3098.866289 0.001727 
3097.365789 0.001682 
3095.865288 0.001607 
3094.364788 0.001597 
3092.864288 0.001542 
3091.363788 0.001480 
3089.863288 0.001455 
3088.362788 0.001405 
3086.862287 0.001357 
3085.361787 0.001330 
3083.861287 0.001327 
3082.360787 0.001294 
3080.860287 0.001257 
3079.359787 0.001237 
3077.859286 0.001194 
3076.358786 0.001160 
3074.858286 0.001157 
3073.357786 0.001114 
3071.857286 0.001080 
3070.356786 0.001054 
3068.856285 0.001005 
3067.355785 0.000960 
3065.855285 0.000959 
3064.354785 0.000970 
3062.854285 0.000948 
3061.353785 0.000905 
3059.853284 0.000850 
3058.352784 0.000814 
3056.852284 0.000835 
3055.351784 0.000825 
3053.851284 0.000802 
3052.350784 0.000754 
3050.850283 0.000725 
3049.349783 0.000703 
3047.849283 0.000710 
3046.348783 0.000699 
3044.848283 0.000656 
3043.347783 0.000669 
3041.847282 0.000634 
3040.346782 0.000634 
3038.846282 0.000646 
3037.345782 0.000643 
3035.845282 0.000623 
3034.344782 0.000615 
3032.844281 0.000636 
3031.343781 0.000636 
3029.843281 0.000597 
3028.342781 0.000602 
3026.842281 0.000609 
3025.341781 0.000589 
3023.841280 0.000621 
3022.340780 0.000613 
3020.840280 0.000580 
3019.339780 0.000533 
3017.839280 0.000531 
3016.338780 0.000582 
3014.838279 0.000626 
3013.337779 0.000658 
3011.837279 0.000681 
3010.336779 0.000697 
3008.836279 0.000716 
3007.335779 0.000736 
3005.835278 0.000724 
3004.334778 0.000703 
3002.834278 0.000694 
3001.333778 0.000665 
2999.833278 0.000624 
2998.332778 0.000584 
2996.832277 0.000561 
2995.331777 0.000526 
2993.831277 0.000474 
2992.330777 0.000450 
2990.830277 0.000449 
2989.329777 0.000426 
2987.829276 0.000422 
2986.328776 0.000440 
2984.828276 0.000414 
2983.327776 0.000408 
2981.827276 0.000388 
2980.326776 0.000390 
2978.826275 0.000393 
2977.325775 0.000408 
2975.825275 0.000381 
2974.324775 0.000366 
2972.824275 0.000356 
2971.323775 0.000324 
2969.823274 0.000283 
2968.322774 0.000224 
2966.822274 0.000185 
2965.321774 0.000178 
2963.821274 0.000187 
2962.320774 0.000163 
2960.820273 0.000124 
2959.319773 0.000101 
2957.819273 0.000115 
2956.318773 0.000124 
2954.818273 0.000081 
2953.317773 0.000103 
2951.817272 0.000143 
2950.316772 0.000141 
2948.816272 0.000131 
2947.315772 0.000117 
2945.815272 0.000129 
2944.314772 0.000144 
2942.814271 0.000101 
2941.313771 0.000096 
2939.813271 0.000071 
2938.312771 0.000065 
2936.812271 0.000043 
2935.311771 0.000001 
2933.811270 -0.000016 
2932.310770 -0.000059 
2930.810270 -0.000109 
2929.309770 -0.000152 
2927.809270 -0.000244 
2926.308770 -0.000286 
2924.808269 -0.000346 
2923.307769 -0.000425 
2921.807269 -0.000507 
2920.306769 -0.000590 
2918.806269 -0.000671 
2917.305769 -0.000738 
2915.805268 -0.000727 
2914.304768 -0.000682 
2912.804268 -0.000631 
2911.303768 -0.000571 
2909.803268 -0.000530 
2908.302768 -0.000530 
2906.802267 -0.000521 
2905.301767 -0.000517 
2903.801267 -0.000525 
2902.300767 -0.000543 
2900.800267 -0.000589 
2899.299767 -0.000626 
2897.799266 -0.000642 
2896.298766 -0.000661 
2894.798266 -0.000674 
2893.297766 -0.000677 
2891.797266 -0.000685 
2890.296766 -0.000727 
2888.796265 -0.000746 
2887.295765 -0.000742 
2885.795265 -0.000736 
2884.294765 -0.000738 
2882.794265 -0.000720 
2881.293765 -0.000737 
2879.793264 -0.000759 
2878.292764 -0.000772 
2876.792264 -0.000775 
2875.291764 -0.000778 
2873.791264 -0.000790 
2872.290764 -0.000789 
2870.790263 -0.000828 
2869.289763 -0.000812 
2867.789263 -0.000798 
2866.288763 -0.000822 
2864.788263 -0.000820 
2863.287763 -0.000828 
2861.787262 -0.000848 
2860.286762 -0.000858 
2858.786262 -0.000886 
2857.285762 -0.000927 
2855.785262 -0.000988 
2854.284762 -0.001024 
2852.784261 -0.001079 
2851.283761 -0.001173 
2849.783261 -0.001230 
2848.282761 -0.001216 
2846.782261 -0.001137 
2845.281761 -0.001014 
2843.781260 -0.000925 
2842.280760 -0.000899 
2840.780260 -0.000868 
2839.279760 -0.000838 
2837.779260 -0.000811 
2836.278760 -0.000803 
2834.778259 -0.000800 
2833.277759 -0.000807 
2831.777259 -0.000809 
2830.276759 -0.000790 
2828.776259 -0.000785 
2827.275759 -0.000764 
2825.775258 -0.000764 
2824.274758 -0.000748 
2822.774258 -0.000781 
2821.273758 -0.000751 
2819.773258 -0.000746 
2818.272758 -0.000748 
2816.772257 -0.000732 
2815.271757 -0.000720 
2813.771257 -0.000699 
2812.270757 -0.000703 
2810.770257 -0.000710 
2809.269757 -0.000692 
2807.769256 -0.000673 
2806.268756 -0.000651 
2804.768256 -0.000634 
2803.267756 -0.000599 
2801.767256 -0.000571 
2800.266756 -0.000551 
2798.766255 -0.000530 
2797.265755 -0.000521 
2795.765255 -0.000502 
2794.264755 -0.000460 
2792.764255 -0.000451 
2791.263755 -0.000419 
2789.763254 -0.000378 
2788.262754 -0.000345 
2786.762254 -0.000296 
2785.261754 -0.000254 
2783.761254 -0.000213 
2782.260754 -0.000176 
2780.760253 -0.000159 
2779.259753 -0.000169 
2777.759253 -0.000200 
2776.258753 -0.000230 
2774.758253 -0.000237 
2773.257753 -0.000284 
2771.757252 -0.000325 
2770.256752 -0.000321 
2768.756252 -0.000315 
2767.255752 -0.000339 
2765.755252 -0.000360 
2764.254752 -0.000371 
2762.754251 -0.000382 
2761.253751 -0.000389 
2759.753251 -0.000367 
2758.252751 -0.000380 
2756.752251 -0.000384 
2755.251751 -0.000354 
2753.751250 -0.000347 
2752.250750 -0.000369 
2750.750250 -0.000367 
2749.249750 -0.000373 
2747.749250 -0.000369 
2746.248750 -0.000345 
2744.748249 -0.000308 
2743.247749 -0.000237 
2741.747249 -0.000176 
2740.246749 -0.000080 
2738.746249 0.000037 
2737.245749 0.000091 
2735.745248 0.000045 
2734.244748 -0.000007 
2732.744248 -0.000061 
2731.243748 -0.000122 
2729.743248 -0.000132 
2728.242748 -0.000156 
2726.742247 -0.000191 
2725.241747 -0.000204 
2723.741247 -0.000193 
2722.240747 -0.000176 
2720.740247 -0.000187 
2719.239747 -0.000206 
2717.739246 -0.000217 
2716.238746 -0.000224 
2714.738246 -0.000239 
2713.237746 -0.000263 
2711.737246 -0.000293 
2710.236746 -0.000300 
2708.736245 -0.000345 
2707.235745 -0.000352 
2705.735245 -0.000380 
2704.234745 -0.000406 
2702.734245 -0.000415 
2701.233745 -0.000432 
2699.733244 -0.000452 
2698.232744 -0.000471 
2696.732244 -0.000482 
2695.231744 -0.000462 
2693.731244 -0.000460 
2692.230744 -0.000473 
2690.730243 -0.000501 
2689.229743 -0.000506 
2687.729243 -0.000512 
2686.228743 -0.000517 
2684.728243 -0.000528 
2683.227743 -0.000547 
2681.727242 -0.000545 
2680.226742 -0.000531 
2678.726242 -0.000547 
2677.225742 -0.000554 
2675.725242 -0.000564 
2674.224742 -0.000553 
2672.724241 -0.000544 
2671.223741 -0.000545 
2669.723241 -0.000580 
2668.222741 -0.000588 
2666.722241 -0.000586 
2665.221741 -0.000624 
2663.721240 -0.000636 
2662.220740 -0.000621 
2660.720240 -0.000643 
2659.219740 -0.000651 
2657.719240 -0.000649 
2656.218740 -0.000660 
2654.718239 -0.000669 
2653.217739 -0.000704 
2651.717239 -0.000696 
2650.216739 -0.000704 
2648.716239 -0.000725 
2647.215739 -0.000723 
2645.715238 -0.000743 
2644.214738 -0.000733 
2642.714238 -0.000747 
2641.213738 -0.000761 
2639.713238 -0.000755 
2638.212738 -0.000771 
2636.712237 -0.000770 
2635.211737 -0.000766 
2633.711237 -0.000781 
2632.210737 -0.000770 
2630.710237 -0.000779 
2629.209737 -0.000801 
2627.709236 -0.000787 
2626.208736 -0.000801 
2624.708236 -0.000793 
2623.207736 -0.000781 
2621.707236 -0.000790 
2620.206736 -0.000797 
2618.706235 -0.000813 
2617.205735 -0.000778 
2615.705235 -0.000768 
2614.204735 -0.000746 
2612.704235 -0.000760 
2611.203735 -0.000761 
2609.703234 -0.000730 
2608.202734 -0.000716 
2606.702234 -0.000709 
2605.201734 -0.000696 
2603.701234 -0.000699 
2602.200734 -0.000687 
2600.700233 -0.000695 
2599.199733 -0.000693 
2597.699233 -0.000673 
2596.198733 -0.000684 
2594.698233 -0.000674 
2593.197733 -0.000664 
2591.697232 -0.000660 
2590.196732 -0.000662 
2588.696232 -0.000650 
2587.195732 -0.000643 
2585.695232 -0.000667 
2584.194732 -0.000659 
2582.694231 -0.000651 
2581.193731 -0.000640 
2579.693231 -0.000648 
2578.192731 -0.000650 
2576.692231 -0.000624 
2575.191731 -0.000605 
2573.691230 -0.000606 
2572.190730 -0.000612 
2570.690230 -0.000608 
2569.189730 -0.000582 
2567.689230 -0.000567 
2566.188730 -0.000567 
2564.688229 -0.000547 
2563.187729 -0.000541 
2561.687229 -0.000532 
2560.186729 -0.000535 
2558.686229 -0.000517 
2557.185729 -0.000521 
2555.685228 -0.000496 
2554.184728 -0.000488 
2552.684228 -0.000477 
2551.183728 -0.000459 
2549.683228 -0.000436 
2548.182728 -0.000383 
2546.682227 -0.000088 
2545.181727 -0.000022 
2543.681227 -0.000283 
2542.180727 -0.000334 
2540.680227 -0.000353 
2539.179727 -0.000355 
2537.679226 -0.000336 
2536.178726 -0.000326 
2534.678226 -0.000321 
2533.177726 -0.000305 
2531.677226 -0.000268 
2530.176726 -0.000272 
2528.676225 -0.000264 
2527.175725 -0.000252 
2525.675225 -0.000249 
2524.174725 -0.000222 
2522.674225 -0.000198 
2521.173725 -0.000198 
2519.673224 -0.000204 
2518.172724 -0.000185 
2516.672224 -0.000155 
2515.171724 -0.000138 
2513.671224 -0.000129 
2512.170724 -0.000127 
2510.670223 -0.000104 
2509.169723 -0.000087 
2507.669223 -0.000096 
2506.168723 -0.000059 
2504.668223 -0.000054 
2503.167723 -0.000071 
2501.667222 -0.000045 
2500.166722 -0.000042 
2498.666222 -0.000071 
2497.165722 -0.000065 
2495.665222 -0.000038 
2494.164722 -0.000042 
2492.664221 -0.000046 
2491.163721 -0.000071 
2489.663221 -0.000071 
2488.162721 -0.000067 
2486.662221 -0.000071 
2485.161721 -0.000094 
2483.661220 -0.000103 
2482.160720 -0.000109 
2480.660220 -0.000123 
2479.159720 -0.000126 
2477.659220 -0.000130 
2476.158720 -0.000133 
2474.658219 -0.000132 
2473.157719 -0.000120 
2471.657219 -0.000145 
2470.156719 -0.000152 
2468.656219 -0.000143 
2467.155719 -0.000155 
2465.655218 -0.000131 
2464.154718 -0.000101 
2462.654218 -0.000104 
2461.153718 -0.000109 
2459.653218 -0.000116 
2458.152718 -0.000110 
2456.652217 -0.000100 
2455.151717 -0.000103 
2453.651217 -0.000098 
2452.150717 -0.000062 
2450.650217 -0.000069 
2449.149717 -0.000058 
2447.649216 -0.000056 
2446.148716 -0.000056 
2444.648216 -0.000043 
2443.147716 -0.000037 
2441.647216 0.000001 
2440.146716 0.000013 
2438.646215 0.000000 
2437.145715 0.000031 
2435.645215 0.000040 
2434.144715 0.000008 
2432.644215 0.000009 
2431.143715 0.000016 
2429.643214 0.000004 
2428.142714 0.000010 
2426.642214 0.000000 
2425.141714 -0.000007 
2423.641214 -0.000044 
2422.140714 -0.000061 
2420.640213 -0.000040 
2419.139713 -0.000055 
2417.639213 -0.000073 
2416.138713 -0.000090 
2414.638213 -0.000092 
2413.137713 -0.000090 
2411.637212 -0.000103 
2410.136712 -0.000095 
2408.636212 -0.000093 
2407.135712 -0.000109 
2405.635212 -0.000124 
2404.134712 -0.000124 
2402.634211 -0.000100 
2401.133711 -0.000118 
2399.633211 -0.000138 
2398.132711 -0.000155 
2396.632211 -0.000137 
2395.131711 -0.000131 
2393.631210 -0.000133 
2392.130710 -0.000158 
2390.630210 -0.000165 
2389.129710 -0.000154 
2387.629210 -0.000166 
2386.128710 -0.000182 
2384.628209 -0.000178 
2383.127709 -0.000198 
2381.627209 -0.000185 
2380.126709 -0.000190 
2378.626209 -0.000191 
2377.125709 -0.000183 
2375.625208 -0.000194 
2374.124708 -0.000179 
2372.624208 -0.000189 
2371.123708 -0.000202 
2369.623208 -0.000225 
2368.122708 -0.000218 
2366.622207 -0.000244 
2365.121707 -0.000256 
2363.621207 -0.000259 
2362.120707 -0.000277 
2360.620207 -0.000291 
2359.119707 -0.000287 
2357.619206 -0.000313 
2356.118706 -0.000358 
2354.618206 -0.000354 
2353.117706 -0.000339 
2351.617206 -0.000346 
2350.116706 -0.000376 
2348.616205 -0.000366 
2347.115705 -0.000347 
2345.615205 -0.000260 
2344.114705 -0.000117 
2342.614205 0.000016 
2341.113705 -0.000026 
2339.613204 -0.000160 
2338.112704 -0.000259 
2336.612204 -0.000274 
2335.111704 -0.000274 
2333.611204 -0.000289 
2332.110704 -0.000308 
2330.610203 -0.000287 
2329.109703 -0.000279 
2327.609203 -0.000274 
2326.108703 -0.000279 
2324.608203 -0.000254 
2323.107703 -0.000271 
2321.607202 -0.000287 
2320.106702 -0.000279 
2318.606202 -0.000278 
2317.105702 -0.000274 
2315.605202 -0.000278 
2314.104702 -0.000262 
2312.604201 -0.000255 
2311.103701 -0.000267 
2309.603201 -0.000254 
2308.102701 -0.000260 
2306.602201 -0.000241 
2305.101701 -0.000237 
2303.601200 -0.000240 
2302.100700 -0.000222 
2300.600200 -0.000218 
2299.099700 -0.000209 
2297.599200 -0.000181 
2296.098700 -0.000148 
2294.598199 -0.000148 
2293.097699 -0.000139 
2291.597199 -0.000131 
2290.096699 -0.000126 
2288.596199 -0.000117 
2287.095699 -0.000097 
2285.595198 -0.000091 
2284.094698 -0.000088 
2282.594198 -0.000094 
2281.093698 -0.000080 
2279.593198 -0.000090 
2278.092698 -0.000088 
2276.592197 -0.000082 
2275.091697 -0.000095 
2273.591197 -0.000100 
2272.090697 -0.000092 
2270.590197 -0.000099 
2269.089697 -0.000104 
2267.589196 -0.000112 
2266.088696 -0.000126 
2264.588196 -0.000101 
2263.087696 -0.000080 
2261.587196 -0.000045 
2260.086696 -0.000027 
2258.586195 -0.000034 
2257.085695 -0.000022 
2255.585195 -0.000026 
2254.084695 -0.000010 
2252.584195 -0.000009 
2251.083695 0.000004 
2249.583194 0.000000 
2248.082694 0.000017 
2246.582194 0.000009 
2245.081694 0.000013 
2243.581194 0.000001 
2242.080694 0.000004 
2240.580193 0.000021 
2239.079693 0.000042 
2237.579193 0.000040 
2236.078693 0.000038 
2234.578193 0.000043 
2233.077693 0.000056 
2231.577192 0.000060 
2230.076692 0.000065 
2228.576192 0.000073 
2227.075692 0.000074 
2225.575192 0.000078 
2224.074692 0.000066 
2222.574191 0.000065 
2221.073691 0.000036 
2219.573191 0.000030 
2218.072691 0.000063 
2216.572191 0.000058 
2215.071691 0.000039 
2213.571190 0.000044 
2212.070690 0.000031 
2210.570190 0.000022 
2209.069690 0.000014 
2207.569190 0.000009 
2206.068690 0.000025 
2204.568189 0.000022 
2203.067689 0.000017 
2201.567189 0.000014 
2200.066689 0.000000 
2198.566189 0.000000 
2197.065689 -0.000004 
2195.565188 -0.000014 
2194.064688 -0.000012 
2192.564188 -0.000013 
2191.063688 -0.000026 
2189.563188 -0.000022 
2188.062688 -0.000021 
2186.562187 -0.000022 
2185.061687 -0.000034 
2183.561187 -0.000030 
2182.060687 -0.000042 
2180.560187 -0.000068 
2179.059687 -0.000070 
2177.559186 -0.000086 
2176.058686 -0.000104 
2174.558186 -0.000121 
2173.057686 -0.000118 
2171.557186 -0.000121 
2170.056686 -0.000143 
2168.556185 -0.000147 
2167.055685 -0.000173 
2165.555185 -0.000165 
2164.054685 -0.000157 
2162.554185 -0.000173 
2161.053685 -0.000178 
2159.553184 -0.000194 
2158.052684 -0.000209 
2156.552184 -0.000208 
2155.051684 -0.000217 
2153.551184 -0.000213 
2152.050684 -0.000225 
2150.550183 -0.000234 
2149.049683 -0.000247 
2147.549183 -0.000277 
2146.048683 -0.000274 
2144.548183 -0.000290 
2143.047683 -0.000274 
2141.547182 -0.000273 
2140.046682 -0.000270 
2138.546182 -0.000269 
2137.045682 -0.000244 
2135.545182 -0.000256 
2134.044682 -0.000248 
2132.544181 -0.000268 
2131.043681 -0.000248 
2129.543181 -0.000264 
2128.042681 -0.000286 
2126.542181 -0.000270 
2125.041681 -0.000264 
2123.541180 -0.000291 
2122.040680 -0.000266 
2120.540180 -0.000299 
2119.039680 -0.000262 
2117.539180 -0.000260 
2116.038680 -0.000278 
2114.538179 -0.000274 
2113.037679 -0.000278 
2111.537179 -0.000291 
2110.036679 -0.000257 
2108.536179 -0.000256 
2107.035679 -0.000269 
2105.535178 -0.000260 
2104.034678 -0.000273 
2102.534178 -0.000257 
2101.033678 -0.000252 
2099.533178 -0.000227 
2098.032678 -0.000192 
2096.532177 -0.000199 
2095.031677 -0.000192 
2093.531177 -0.000153 
2092.030677 -0.000143 
2090.530177 -0.000127 
2089.029677 -0.000091 
2087.529176 -0.000083 
2086.028676 -0.000040 
2084.528176 0.000016 
2083.027676 0.000064 
2081.527176 0.000091 
2080.026676 0.000134 
2078.526175 0.000177 
2077.025675 0.000204 
2075.525175 0.000251 
2074.024675 0.000299 
2072.524175 0.000326 
2071.023675 0.000351 
2069.523174 0.000382 
2068.022674 0.000417 
2066.522174 0.000430 
2065.021674 0.000469 
2063.521174 0.000495 
2062.020674 0.000513 
2060.520173 0.000513 
2059.019673 0.000509 
2057.519173 0.000483 
2056.018673 0.000495 
2054.518173 0.000470 
2053.017673 0.000452 
2051.517172 0.000422 
2050.016672 0.000408 
2048.516172 0.000400 
2047.015672 0.000369 
2045.515172 0.000374 
2044.014672 0.000361 
2042.514171 0.000399 
2041.013671 0.000408 
2039.513171 0.000404 
2038.012671 0.000408 
2036.512171 0.000408 
2035.011671 0.000434 
2033.511170 0.000443 
2032.010670 0.000491 
2030.510170 0.000487 
2029.009670 0.000491 
2027.509170 0.000469 
2026.008670 0.000461 
2024.508169 0.000448 
2023.007669 0.000439 
2021.507169 0.000422 
2020.006669 0.000408 
2018.506169 0.000426 
2017.005669 0.000417 
2015.505168 0.000391 
2014.004668 0.000387 
2012.504168 0.000374 
2011.003668 0.000369 
2009.503168 0.000374 
2008.002668 0.000374 
2006.502167 0.000391 
2005.001667 0.000391 
2003.501167 0.000361 
2002.000667 0.000378 
2000.500167 0.000400 
1998.999667 0.000387 
1997.499166 0.000387 
1995.998666 0.000391 
1994.498166 0.000408 
1992.997666 0.000448 
1991.497166 0.000395 
1989.996666 0.000361 
1988.496165 0.000391 
1986.995665 0.000361 
1985.495165 0.000365 
1983.994665 0.000360 
1982.494165 0.000343 
1980.993665 0.000365 
1979.493164 0.000374 
1977.992664 0.000356 
1976.492164 0.000343 
1974.991664 0.000348 
1973.491164 0.000343 
1971.990664 0.000348 
1970.490163 0.000321 
1968.989663 0.000339 
1967.489163 0.000356 
1965.988663 0.000352 
1964.488163 0.000387 
1962.987663 0.000492 
1961.487162 0.000556 
1959.986662 0.000521 
1958.486162 0.000469 
1956.985662 0.000452 
1955.485162 0.000456 
1953.984662 0.000430 
1952.484161 0.000426 
1950.983661 0.000377 
1949.483161 0.000308 
1947.982661 0.000291 
1946.482161 0.000274 
1944.981661 0.000274 
1943.481160 0.000317 
1941.980660 0.000273 
1940.480160 0.000217 
1938.979660 0.000191 
1937.479160 0.000183 
1935.978660 0.000191 
1934.478159 0.000174 
1932.977659 0.000174 
1931.477159 0.000174 
1929.976659 0.000174 
1928.476159 0.000173 
1926.975659 0.000125 
1925.475158 0.000122 
1923.974658 0.000179 
1922.474158 0.000168 
1920.973658 0.000086 
1919.473158 0.000133 
1917.972658 0.000181 
1916.472157 0.000082 
1914.971657 0.000060 
1913.471157 0.000043 
1911.970657 0.000057 
1910.470157 0.000056 
1908.969657 0.000048 
1907.469156 0.000061 
1905.968656 0.000034 
1904.468156 0.000030 
1902.967656 0.000017 
1901.467156 0.000005 
1899.966656 0.000017 
1898.466155 0.000000 
1896.965655 0.000014 
1895.465155 0.000056 
1893.964655 0.000034 
1892.464155 0.000022 
1890.963655 0.000049 
1889.463154 0.000090 
1887.962654 0.000029 
1886.462154 0.000026 
1884.961654 0.000030 
1883.461154 0.000021 
1881.960654 0.000031 
1880.460153 0.000034 
1878.959653 0.000021 
1877.459153 0.000000 
1875.958653 0.000013 
1874.458153 0.000000 
1872.957653 0.000005 
1871.457152 0.000059 
1869.956652 0.000175 
1868.456152 0.000141 
1866.955652 0.000090 
1865.455152 0.000042 
1863.954652 0.000022 
1862.454151 0.000030 
1860.953651 0.000040 
1859.453151 0.000052 
1857.952651 0.000047 
1856.452151 0.000035 
1854.951651 0.000031 
1853.451150 0.000039 
1851.950650 0.000045 
1850.450150 0.000079 
1848.949650 0.000122 
1847.449150 0.000130 
1845.948650 0.000208 
1844.448149 0.000376 
1842.947649 0.000238 
1841.447149 0.000138 
1839.946649 0.000117 
1838.446149 0.000126 
1836.945649 0.000121 
1835.445148 0.000118 
1833.944648 0.000154 
1832.444148 0.000202 
1830.943648 0.000290 
1829.443148 0.000295 
1827.942648 0.000194 
1826.442147 0.000253 
1824.941647 0.000292 
1823.441147 0.000225 
1821.940647 0.000213 
1820.440147 0.000218 
1818.939647 0.000250 
1817.439146 0.000304 
1815.938646 0.000282 
1814.438146 0.000301 
1812.937646 0.000332 
1811.437146 0.000370 
1809.936646 0.000369 
1808.436145 0.000370 
1806.935645 0.000373 
1805.435145 0.000370 
1803.934645 0.000440 
1802.434145 0.000544 
1800.933645 0.000533 
1799.433144 0.000501 
1797.932644 0.000448 
1796.432144 0.000483 
1794.931644 0.000482 
1793.431144 0.000650 
1791.930644 0.000686 
1790.430143 0.000558 
1788.929643 0.000454 
1787.429143 0.000438 
1785.928643 0.000561 
1784.428143 0.000555 
1782.927643 0.000474 
1781.427142 0.000518 
1779.926642 0.000515 
1778.426142 0.000461 
1776.925642 0.000498 
1775.425142 0.000518 
1773.924642 0.000652 
1772.424141 0.000781 
1770.923641 0.000634 
1769.423141 0.000712 
1767.922641 0.000783 
1766.422141 0.000573 
1764.921641 0.000522 
1763.421140 0.000616 
1761.920640 0.000745 
1760.420140 0.000572 
1758.919640 0.000553 
1757.419140 0.000689 
1755.918640 0.000591 
1754.418139 0.000505 
1752.917639 0.000676 
1751.417139 0.000960 
1749.916639 0.000722 
1748.416139 0.000641 
1746.915639 0.000597 
1745.415138 0.000572 
1743.914638 0.000635 
1742.414138 0.000589 
1740.913638 0.000646 
1739.413138 0.000649 
1737.912638 0.000553 
1736.412137 0.000631 
1734.911637 0.001129 
1733.411137 0.001078 
1731.910637 0.000635 
1730.410137 0.000603 
1728.909637 0.000547 
1727.409136 0.000495 
1725.908636 0.000496 
1724.408136 0.000543 
1722.907636 0.000574 
1721.407136 0.000607 
1719.906636 0.000864 
1718.406135 0.001561 
1716.905635 0.002038 
1715.405135 0.002753 
1713.904635 0.003755 
1712.404135 0.004729 
1710.903635 0.005509 
1709.403134 0.005758 
1707.902634 0.005632 
1706.402134 0.005267 
1704.901634 0.004717 
1703.401134 0.004042 
1701.900634 0.003734 
1700.400133 0.003522 
1698.899633 0.002556 
1697.399133 0.002168 
1695.898633 0.002059 
1694.398133 0.001239 
1692.897633 0.000825 
1691.397132 0.000667 
1689.896632 0.000596 
1688.396132 0.000521 
1686.895632 0.000490 
1685.395132 0.000961 
1683.894632 0.000904 
1682.394131 0.000463 
1680.893631 0.000403 
1679.393131 0.000317 
1677.892631 0.000235 
1676.392131 0.000454 
1674.891631 0.000478 
1673.391130 0.000260 
1671.890630 0.000319 
1670.390130 0.000436 
1668.889630 0.000455 
1667.389130 0.000257 
1665.888630 0.000200 
1664.388129 0.000246 
1662.887629 0.000351 
1661.387129 0.000245 
1659.886629 0.000179 
1658.386129 0.000151 
1656.885629 0.000173 
1655.385128 0.000446 
1653.884628 0.000968 
1652.384128 0.000834 
1650.883628 0.000281 
1649.383128 0.000224 
1647.882628 0.000395 
1646.382127 0.000544 
1644.881627 0.000292 
1643.381127 0.000156 
1641.880627 0.000161 
1640.380127 0.000157 
1638.879627 0.000203 
1637.379126 0.000339 
1635.878626 0.000584 
1634.378126 0.000317 
1632.877626 0.000110 
1631.377126 0.000141 
1629.876626 0.000164 
1628.376125 0.000202 
1626.875625 0.000185 
1625.375125 0.000222 
1623.874625 0.000357 
1622.374125 0.000282 
1620.873625 0.000230 
1619.373124 0.000239 
1617.872624 0.000459 
1616.372124 0.000532 
1614.871624 0.000265 
1613.371124 0.000202 
1611.870624 0.000231 
1610.370123 0.000259 
1608.869623 0.000278 
1607.369123 0.000288 
1605.868623 0.000291 
1604.368123 0.000306 
1602.867623 0.000317 
1601.367122 0.000309 
1599.866622 0.000270 
1598.366122 0.000260 
1596.865622 0.000306 
1595.365122 0.000324 
1593.864622 0.000349 
1592.364121 0.000360 
1590.863621 0.000406 
1589.363121 0.000424 
1587.862621 0.000448 
1586.362121 0.000478 
1584.861621 0.000489 
1583.361120 0.000512 
1581.860620 0.000469 
1580.360120 0.000425 
1578.859620 0.000443 
1577.359120 0.000723 
1575.858620 0.000860 
1574.358119 0.000597 
1572.857619 0.000564 
1571.357119 0.000676 
1569.856619 0.000874 
1568.356119 0.000760 
1566.855619 0.000705 
1565.355118 0.000783 
1563.854618 0.000789 
1562.354118 0.000863 
1560.853618 0.001439 
1559.353118 0.001757 
1557.852618 0.001481 
1556.352117 0.001063 
1554.851617 0.001236 
1553.351117 0.001040 
1551.850617 0.000940 
1550.350117 0.001113 
1548.849617 0.001017 
1547.349116 0.001024 
1545.848616 0.001370 
1544.348116 0.001476 
1542.847616 0.001710 
1541.347116 0.001948 
1539.846616 0.002242 
1538.346115 0.001965 
1536.845615 0.001624 
1535.345115 0.001682 
1533.844615 0.001844 
1532.344115 0.001691 
1530.843615 0.001534 
1529.343114 0.001563 
1527.842614 0.001686 
1526.342114 0.001779 
1524.841614 0.001724 
1523.341114 0.001758 
1521.840614 0.002189 
1520.340113 0.001986 
1518.839613 0.001610 
1517.339113 0.001677 
1515.838613 0.001527 
1514.338113 0.001357 
1512.837613 0.001446 
1511.337112 0.001373 
1509.836612 0.001426 
1508.336112 0.001699 
1506.835612 0.001954 
1505.335112 0.001571 
1503.834612 0.001197 
1502.334111 0.001163 
1500.833611 0.001180 
1499.333111 0.001277 
1497.832611 0.001313 
1496.332111 0.001497 
1494.831611 0.001236 
1493.331110 0.001157 
1491.830610 0.001320 
1490.330110 0.001530 
1488.829610 0.001426 
1487.329110 0.001350 
1485.828610 0.001223 
1484.328109 0.001133 
1482.827609 0.001123 
1481.327109 0.001143 
1479.826609 0.001087 
1478.326109 0.001137 
1476.825609 0.001314 
1475.325108 0.001283 
1473.824608 0.001502 
1472.324108 0.001532 
1470.823608 0.001212 
1469.323108 0.001100 
1467.822608 0.001117 
1466.322107 0.001286 
1464.821607 0.001476 
1463.321107 0.001406 
1461.820607 0.001478 
1460.320107 0.001676 
1458.819607 0.002099 
1457.319106 0.002797 
1455.818606 0.002649 
1454.318106 0.002481 
1452.817606 0.002683 
1451.317106 0.002926 
1449.816606 0.003215 
1448.316105 0.003694 
1446.815605 0.003967 
1445.315105 0.004377 
1443.814605 0.004975 
1442.314105 0.005707 
1440.813605 0.006538 
1439.313104 0.007388 
1437.812604 0.008515 
1436.312104 0.009378 
1434.811604 0.009790 
1433.311104 0.010671 
1431.810604 0.011670 
1430.310103 0.012848 
1428.809603 0.014064 
1427.309103 0.015476 
1425.808603 0.017326 
1424.308103 0.019649 
1422.807603 0.021792 
1421.307102 0.023453 
1419.806602 0.024753 
1418.306102 0.024927 
1416.805602 0.024733 
1415.305102 0.024538 
1413.804602 0.024540 
1412.304101 0.024904 
1410.803601 0.025666 
1409.303101 0.026604 
1407.802601 0.027381 
1406.302101 0.028201 
1404.801601 0.029379 
1403.301100 0.031104 
1401.800600 0.033801 
1400.300100 0.037546 
1398.799600 0.042189 
1397.299100 0.047974 
1395.798600 0.056518 
1394.298099 0.069518 
1392.797599 0.086545 
1391.297099 0.101442 
1389.796599 0.102742 
1388.296099 0.089504 
1386.795599 0.071745 
1385.295098 0.057446 
1383.794598 0.047734 
1382.294098 0.041279 
1380.793598 0.036798 
1379.293098 0.033517 
1377.792598 0.030965 
1376.292097 0.028921 
1374.791597 0.027285 
1373.291097 0.025213 
1371.790597 0.021207 
1370.290097 0.015700 
1368.789597 0.011446 
1367.289096 0.008849 
1365.788596 0.007050 
1364.288096 0.005699 
1362.787596 0.004644 
1361.287096 0.003871 
1359.786596 0.003363 
1358.286095 0.003173 
1356.785595 0.003034 
1355.285095 0.002803 
1353.784595 0.002357 
1352.284095 0.001847 
1350.783595 0.001388 
1349.283094 0.001057 
1347.782594 0.000827 
1346.282094 0.000681 
1344.781594 0.000565 
1343.281094 0.000476 
1341.780594 0.000429 
1340.280093 0.000495 
1338.779593 0.000454 
1337.279093 0.000360 
1335.778593 0.000284 
1334.278093 0.000235 
1332.777593 0.000209 
1331.277092 0.000198 
1329.776592 0.000185 
1328.276092 0.000127 
1326.775592 0.000119 
1325.275092 0.000133 
1323.774592 0.000116 
1322.274091 0.000083 
1320.773591 0.000095 
1319.273091 0.000119 
1317.772591 0.000126 
1316.272091 0.000115 
1314.771591 0.000107 
1313.271090 0.000117 
1311.770590 0.000111 
1310.270090 0.000123 
1308.769590 0.000154 
1307.269090 0.000169 
1305.768590 0.000188 
1304.268089 0.000217 
1302.767589 0.000266 
1301.267089 0.000304 
1299.766589 0.000317 
1298.266089 0.000319 
1296.765589 0.000296 
1295.265088 0.000280 
1293.764588 0.000321 
1292.264088 0.000360 
1290.763588 0.000378 
1289.263088 0.000417 
1287.762588 0.000518 
1286.262087 0.000711 
1284.761587 0.000957 
1283.261087 0.001189 
1281.760587 0.001266 
1280.260087 0.000953 
1278.759587 0.000500 
1277.259086 0.000268 
1275.758586 0.000200 
1274.258086 0.000198 
1272.757586 0.000217 
1271.257086 0.000217 
1269.756586 0.000254 
1268.256085 0.000239 
1266.755585 0.000220 
1265.255085 0.000165 
1263.754585 0.000094 
1262.254085 0.000005 
1260.753585 -0.000067 
1259.253084 -0.000109 
1257.752584 -0.000113 
1256.252084 -0.000091 
1254.751584 -0.000048 
1253.251084 0.000022 
1251.750584 0.000080 
1250.250083 0.000117 
1248.749583 0.000137 
1247.249083 0.000156 
1245.748583 0.000178 
1244.248083 0.000235 
1242.747583 0.000309 
1241.247082 0.000437 
1239.746582 0.000646 
1238.246082 0.000914 
1236.745582 0.001186 
1235.245082 0.001411 
1233.744582 0.001515 
1232.244081 0.001485 
1230.743581 0.001344 
1229.243081 0.001073 
1227.742581 0.000746 
1226.242081 0.000464 
1224.741581 0.000266 
1223.241080 0.000160 
1221.740580 0.000124 
1220.240080 0.000108 
1218.739580 0.000100 
1217.239080 0.000091 
1215.738580 0.000091 
1214.238079 0.000072 
1212.737579 0.000083 
1211.237079 0.000091 
1209.736579 0.000085 
1208.236079 0.000094 
1206.735579 0.000093 
1205.235078 0.000085 
1203.734578 0.000080 
1202.234078 0.000069 
1200.733578 0.000054 
1199.233078 0.000041 
1197.732578 0.000024 
1196.232077 -0.000002 
1194.731577 0.000007 
1193.231077 0.000006 
1191.730577 -0.000026 
1190.230077 -0.000026 
1188.729577 -0.000022 
1187.229076 -0.000048 
1185.728576 -0.000081 
1184.228076 -0.000187 
1182.727576 -0.000473 
1181.227076 -0.000419 
1179.726576 0.000023 
1178.226075 0.000084 
1176.725575 0.000012 
1175.225075 -0.000060 
1173.724575 -0.000122 
1172.224075 -0.000146 
1170.723575 -0.000158 
1169.223074 -0.000166 
1167.722574 -0.000204 
1166.222074 -0.000215 
1164.721574 -0.000215 
1163.221074 -0.000204 
1161.720574 -0.000187 
1160.220073 -0.000222 
1158.719573 -0.000208 
1157.219073 -0.000229 
1155.718573 -0.000259 
1154.218073 -0.000292 
1152.717573 -0.000366 
1151.217072 -0.000396 
1149.716572 -0.000291 
1148.216072 -0.000225 
1146.715572 -0.000191 
1145.215072 -0.000225 
1143.714572 -0.000228 
1142.214071 -0.000230 
1140.713571 -0.000223 
1139.213071 -0.000221 
1137.712571 -0.000273 
1136.212071 -0.000282 
1134.711571 -0.000291 
1133.211070 -0.000288 
1131.710570 -0.000287 
1130.210070 -0.000308 
1128.709570 -0.000336 
1127.209070 -0.000321 
1125.708570 -0.000345 
1124.208069 -0.000347 
1122.707569 -0.000345 
1121.207069 -0.000370 
1119.706569 -0.000371 
1118.206069 -0.000391 
1116.705569 -0.000381 
1115.205068 -0.000397 
1113.704568 -0.000425 
1112.204068 -0.000399 
1110.703568 -0.000399 
1109.203068 -0.000401 
1107.702568 -0.000422 
1106.202067 -0.000383 
1104.701567 -0.000411 
1103.201067 -0.000435 
1101.700567 -0.000412 
1100.200067 -0.000294 
1098.699567 -0.000158 
1097.199066 0.000034 
1095.698566 0.000158 
1094.198066 0.000240 
1092.697566 0.000201 
1091.197066 0.000058 
1089.696566 -0.000049 
1088.196065 -0.000094 
1086.695565 -0.000127 
1085.195065 -0.000160 
1083.694565 -0.000202 
1082.194065 -0.000255 
1080.693565 -0.000268 
1079.193064 -0.000191 
1077.692564 -0.000125 
1076.192064 -0.000105 
1074.691564 -0.000090 
1073.191064 -0.000095 
1071.690564 -0.000081 
1070.190063 -0.000084 
1068.689563 -0.000060 
1067.189063 -0.000041 
1065.688563 -0.000055 
1064.188063 -0.000059 
1062.687563 -0.000055 
1061.187062 -0.000045 
1059.686562 -0.000050 
1058.186062 -0.000055 
1056.685562 -0.000068 
1055.185062 -0.000099 
1053.684562 -0.000130 
1052.184061 -0.000142 
1050.683561 -0.000123 
1049.183061 -0.000122 
1047.682561 -0.000119 
1046.182061 -0.000113 
1044.681561 -0.000106 
1043.181060 -0.000093 
1041.680560 -0.000115 
1040.180060 -0.000125 
1038.679560 -0.000109 
1037.179060 -0.000139 
1035.678560 -0.000155 
1034.178059 -0.000184 
1032.677559 -0.000204 
1031.177059 -0.000230 
1029.676559 -0.000262 
1028.176059 -0.000291 
1026.675559 -0.000323 
1025.175058 -0.000353 
1023.674558 -0.000370 
1022.174058 -0.000419 
1020.673558 -0.000446 
1019.173058 -0.000463 
1017.672558 -0.000469 
1016.172057 -0.000453 
1014.671557 -0.000407 
1013.171057 -0.000382 
1011.670557 -0.000329 
1010.170057 -0.000274 
1008.669557 -0.000224 
1007.169056 -0.000149 
1005.668556 -0.000117 
1004.168056 -0.000064 
1002.667556 -0.000029 
1001.167056 -0.000026 
999.666556 -0.000003 
998.166055 0.000001 
996.665555 -0.000006 
995.165055 0.000012 
993.664555 0.000025 
992.164055 0.000036 
990.663555 0.000042 
989.163054 0.000048 
987.662554 0.000054 
986.162054 0.000083 
984.661554 0.000067 
983.161054 0.000042 
981.660554 0.000052 
980.160053 0.000038 
978.659553 0.000010 
977.159053 -0.000018 
975.658553 -0.000039 
974.158053 -0.000007 
972.657553 -0.000003 
971.157052 -0.000050 
969.656552 -0.000104 
968.156052 -0.000101 
966.655552 -0.000115 
965.155052 -0.000127 
963.654552 -0.000097 
962.154051 -0.000116 
960.653551 -0.000106 
959.153051 -0.000088 
957.652551 -0.000060 
956.152051 -0.000043 
954.651551 -0.000055 
953.151050 0.000005 
951.650550 0.000083 
950.150050 0.000137 
948.649550 0.000205 
947.149050 0.000239 
945.648550 0.000314 
944.148049 0.000391 
942.647549 0.000457 
941.147049 0.000499 
939.646549 0.000557 
938.146049 0.000609 
936.645549 0.000666 
935.145048 0.000749 
933.644548 0.000845 
932.144048 0.000886 
930.643548 0.000924 
929.143048 0.000983 
927.642548 0.001017 
926.142047 0.001064 
924.641547 0.001114 
923.141047 0.001184 
921.640547 0.001237 
920.140047 0.001264 
918.639547 0.001304 
917.139046 0.001377 
915.638546 0.001404 
914.138046 0.001499 
912.637546 0.001592 
911.137046 0.001679 
909.636546 0.001826 
908.136045 0.001939 
906.635545 0.002104 
905.135045 0.002276 
903.634545 0.002427 
902.134045 0.002607 
900.633545 0.002739 
899.133044 0.002825 
897.632544 0.002850 
896.132044 0.002850 
894.631544 0.002850 
893.131044 0.002825 
891.630544 0.002803 
890.130043 0.002807 
888.629543 0.002865 
887.129043 0.002917 
885.628543 0.002937 
884.128043 0.002960 
882.627543 0.002943 
881.127042 0.002910 
879.626542 0.002883 
878.126042 0.002860 
876.625542 0.002912 
875.125042 0.002977 
873.624542 0.002972 
872.124041 0.002915 
870.623541 0.002817 
869.123041 0.002742 
867.622541 0.002710 
866.122041 0.002710 
864.621541 0.002710 
863.121040 0.002710 
861.620540 0.002738 
860.120040 0.002740 
858.619540 0.002748 
857.119040 0.002788 
855.618540 0.002873 
854.118039 0.002943 
852.617539 0.003025 
851.117039 0.003060 
849.616539 0.003090 
848.116039 0.003062 
846.615539 0.003070 
845.115038 0.003088 
843.614538 0.003100 
842.114038 0.003065 
840.613538 0.003032 
839.113038 0.003020 
837.612538 0.003028 
836.112037 0.003030 
834.611537 0.002994 
833.111037 0.002960 
831.610537 0.002897 
830.110037 0.002880 
828.609537 0.002862 
827.109036 0.002850 
825.608536 0.002832 
824.108036 0.002838 
822.607536 0.002896 
821.107036 0.002981 
819.606536 0.003099 
818.106035 0.003244 
816.605535 0.003332 
815.105035 0.003442 
813.604535 0.003574 
812.104035 0.003712 
810.603535 0.003883 
809.103034 0.004101 
807.602534 0.004354 
806.102034 0.004604 
804.601534 0.004880 
803.101034 0.005186 
801.600534 0.005538 
800.100033 0.005922 
798.599533 0.006380 
797.099033 0.006900 
795.598533 0.007719 
794.098033 0.009470 
792.597533 0.015134 
791.097032 0.017511 
789.596532 0.015242 
788.096032 0.016727 
786.595532 0.020083 
785.095032 0.023346 
783.594532 0.026163 
782.094031 0.030700 
780.593531 0.037853 
779.093031 0.047423 
777.592531 0.060598 
776.092031 0.081061 
774.591531 0.115352 
773.091030 0.174502 
771.590530 0.272736 
770.090030 0.377379 
768.589530 0.395597 
767.089030 0.370510 
765.588530 0.365109 
764.088029 0.377034 
762.587529 0.399372 
761.087029 0.419322 
759.586529 0.398668 
758.086029 0.327286 
756.585529 0.248774 
755.085028 0.189814 
753.584528 0.150864 
752.084028 0.126318 
750.583528 0.111488 
749.083028 0.103329 
747.582528 0.099427 
746.082027 0.096734 
744.581527 0.089687 
743.081027 0.072178 
741.580527 0.051234 
740.080027 0.036473 
738.579527 0.027463 
737.079026 0.021788 
735.578526 0.018060 
734.078026 0.015390 
732.577526 0.013385 
731.077026 0.011812 
729.576526 0.010644 
728.076025 0.009563 
726.575525 0.008716 
725.075025 0.007999 
723.574525 0.007233 
722.074025 0.006906 
720.573525 0.006770 
719.073024 0.006410 
717.572524 0.005987 
716.072024 0.005759 
714.571524 0.005477 
713.071024 0.005237 
711.570524 0.005041 
710.070023 0.004858 
708.569523 0.004631 
707.069023 0.004531 
705.568523 0.004411 
704.068023 0.004102 
702.567523 0.004145 
701.067022 0.003919 
699.566522 0.003591 
698.066022 0.003408 
696.565522 0.003254 
695.065022 0.002941 
693.564522 0.002675 
692.064021 0.002472 
690.563521 0.002226 
689.063021 0.002260 
687.562521 0.002003 
686.062021 0.001940 
684.561521 0.001771 
683.061020 0.001652 
681.560520 0.001611 
680.060020 0.001496 
678.559520 0.001506 
677.059020 0.001610 
675.558520 0.001477 
674.058019 0.001363 
672.557519 0.001236 
671.057019 0.001188 
669.556519 0.001258 
668.056019 0.001233 
666.555519 0.001094 
665.055018 0.001002 
663.554518 0.000989 
662.054018 0.000864 
660.553518 0.000853 
659.053018 0.000809 
657.552518 0.000767 
656.052017 0.000715 
654.551517 0.000699 
653.051017 0.000704 
651.550517 0.000697 
650.050017 0.000598 
648.549517 0.000521 
647.049016 0.000486 
645.548516 0.000492 
644.048016 0.000469 
642.547516 0.000462 
641.047016 0.000422 
639.546516 0.000360 
638.046015 0.000306 
636.545515 0.000374 
635.045015 0.000378 
633.544515 0.000344 
632.044015 0.000331 
630.543515 0.000337 
629.043014 0.000405 
627.542514 0.000235 
626.042014 0.000195 
624.541514 0.000179 
623.041014 0.000124 
621.540514 0.000077 
620.040013 0.000147 
618.539513 0.000097 
617.039013 0.000099 
615.538513 0.000096 
614.038013 0.000065 
612.537513 0.000079 
611.037012 -0.000003 
609.536512 0.000058 
608.036012 0.000092 
606.535512 0.000053 
605.035012 0.000012 
603.534512 0.000001 
602.034011 -0.000126 
600.533511 -0.000160 
599.033011 -0.000284 
597.532511 -0.000387 
596.032011 -0.000548 
594.531511 -0.000651 
593.031010 -0.000396 
591.530510 -0.000430 
590.030010 -0.000548 
588.529510 -0.000503 
587.029010 -0.000523 
585.528510 -0.000700 
584.028009 -0.000709 
582.527509 -0.000664 
581.027009 -0.000661 
579.526509 -0.000569 
578.026009 -0.000619 
576.525509 -0.000637 
575.025008 -0.000749 
573.524508 -0.000781 
572.024008 -0.000849 
570.523508 -0.000842 
569.023008 -0.000854 
567.522508 -0.000822 
566.022007 -0.000875 
564.521507 -0.000911 
563.021007 -0.000953 
561.520507 -0.000999 
560.020007 -0.000933 
558.519507 -0.000902 
557.019006 -0.000933 
555.518506 -0.000915 
554.018006 -0.001049 
552.517506 -0.001032 
551.017006 -0.000972 
549.516506 -0.000980 
548.016005 -0.000883 
546.515505 -0.000846 
545.015005 -0.000936 
543.514505 -0.001050 
542.014005 -0.000990 
540.513505 -0.000775 
539.013004 -0.000527 
537.512504 -0.000332 
536.012004 -0.000342 
534.511504 -0.000553 
533.011004 -0.000896 
531.510504 -0.001059 
530.010003 -0.001150 
528.509503 -0.001179 
527.009003 -0.001241 
525.508503 -0.001180 
524.008003 -0.001080 
522.507503 -0.001249 
521.007002 -0.001271 
519.506502 -0.001020 
518.006002 -0.001110 
516.505502 -0.000981 
515.005002 -0.001129 
513.504502 -0.001120 
512.004001 -0.001150 
510.503501 -0.001080 
509.003001 -0.001070 
507.502501 -0.001130 
506.002001 -0.001080 
504.501501 -0.001290 
503.001000 -0.001220 
501.500500 -0.001240 
500.000000 -0.001500 
