5000.000000 0.001310 
4998.499500 0.001300 
4996.999000 0.001270 
4995.498499 0.001340 
4993.997999 0.001280 
4992.497499 0.001340 
4990.996999 0.001370 
4989.496499 0.001260 
4987.995999 0.001280 
4986.495498 0.001340 
4984.994998 0.001370 
4983.494498 0.001300 
4981.993998 0.001240 
4980.493498 0.001270 
4978.992998 0.001270 
4977.492497 0.001240 
4975.991997 0.001270 
4974.491497 0.001340 
4972.990997 0.001361 
4971.490497 0.001450 
4969.989997 0.001440 
4968.489496 0.001370 
4966.988996 0.001350 
4965.488496 0.001350 
4963.987996 0.001320 
4962.487496 0.001340 
4960.986996 0.001370 
4959.486495 0.001339 
4957.985995 0.001261 
4956.485495 0.001361 
4954.984995 0.001461 
4953.484495 0.001429 
4951.983995 0.001410 
4950.483494 0.001369 
4948.982994 0.001330 
4947.482494 0.001279 
4945.981994 0.001200 
4944.481494 0.001220 
4942.980994 0.001188 
4941.480493 0.001069 
4939.979993 0.001132 
4938.479493 0.001159 
4936.978993 0.001060 
4935.478493 0.001183 
4933.977993 0.001218 
4932.477492 0.001089 
4930.976992 0.001110 
4929.476492 0.001059 
4927.975992 0.000975 
4926.475492 0.001132 
4924.974992 0.001201 
4923.474491 0.001228 
4921.973991 0.001130 
4920.473491 0.001170 
4918.972991 0.001069 
4917.472491 0.001100 
4915.971991 0.001059 
4914.471490 0.001113 
4912.970990 0.001208 
4911.470490 0.001110 
4909.969990 0.001121 
4908.469490 0.001181 
4906.968990 0.001210 
4905.468489 0.001222 
4903.967989 0.001277 
4902.467489 0.001075 
4900.966989 0.000968 
4899.466489 0.001112 
4897.965989 0.001150 
4896.465488 0.001149 
4894.964988 0.001160 
4893.464488 0.001131 
4891.963988 0.001179 
4890.463488 0.001079 
4888.962988 0.001093 
4887.462487 0.001158 
4885.961987 0.001099 
4884.461487 0.001120 
4882.960987 0.001026 
4881.460487 0.000972 
4879.959987 0.000999 
4878.459486 0.000954 
4876.958986 0.000925 
4875.458486 0.001030 
4873.957986 0.001021 
4872.457486 0.001073 
4870.956986 0.001107 
4869.456485 0.001010 
4867.955985 0.001040 
4866.455485 0.000998 
4864.954985 0.000960 
4863.454485 0.000907 
4861.953985 0.000906 
4860.453484 0.000945 
4858.952984 0.001022 
4857.452484 0.001060 
4855.951984 0.001050 
4854.451484 0.000985 
4852.950984 0.000923 
4851.450483 0.001038 
4849.949983 0.000992 
4848.449483 0.000989 
4846.948983 0.000899 
4845.448483 0.000924 
4843.947983 0.000913 
4842.447482 0.000808 
4840.946982 0.000864 
4839.446482 0.000911 
4837.945982 0.000827 
4836.445482 0.000766 
4834.944982 0.000817 
4833.444481 0.000726 
4831.943981 0.000703 
4830.443481 0.000815 
4828.942981 0.000810 
4827.442481 0.000769 
4825.941981 0.000580 
4824.441480 0.000544 
4822.940980 0.000625 
4821.440480 0.000605 
4819.939980 0.000612 
4818.439480 0.000605 
4816.938980 0.000632 
4815.438479 0.000690 
4813.937979 0.000733 
4812.437479 0.000736 
4810.936979 0.000703 
4809.436479 0.000582 
4807.935979 0.000703 
4806.435478 0.000755 
4804.934978 0.000682 
4803.434478 0.000669 
4801.933978 0.000544 
4800.433478 0.000537 
4798.932978 0.000616 
4797.432477 0.000669 
4795.931977 0.000602 
4794.431477 0.000597 
4792.930977 0.000496 
4791.430477 0.000467 
4789.929977 0.000513 
4788.429476 0.000488 
4786.928976 0.000480 
4785.428476 0.000451 
4783.927976 0.000438 
4782.427476 0.000484 
4780.926976 0.000482 
4779.426475 0.000579 
4777.925975 0.000516 
4776.425475 0.000516 
4774.924975 0.000585 
4773.424475 0.000548 
4771.923975 0.000469 
4770.423474 0.000530 
4768.922974 0.000572 
4767.422474 0.000665 
4765.921974 0.000668 
4764.421474 0.000583 
4762.920974 0.000662 
4761.420473 0.000744 
4759.919973 0.000831 
4758.419473 0.000768 
4756.918973 0.000712 
4755.418473 0.000721 
4753.917973 0.000804 
4752.417472 0.000830 
4750.916972 0.000846 
4749.416472 0.000800 
4747.915972 0.000672 
4746.415472 0.000713 
4744.914972 0.000856 
4743.414471 0.000740 
4741.913971 0.000663 
4740.413471 0.000589 
4738.912971 0.000521 
4737.412471 0.000543 
4735.911971 0.000582 
4734.411470 0.000481 
4732.910970 0.000505 
4731.410470 0.000537 
4729.909970 0.000511 
4728.409470 0.000575 
4726.908970 0.000575 
4725.408469 0.000511 
4723.907969 0.000420 
4722.407469 0.000387 
4720.906969 0.000421 
4719.406469 0.000423 
4717.905969 0.000452 
4716.405468 0.000461 
4714.904968 0.000489 
4713.404468 0.000475 
4711.903968 0.000465 
4710.403468 0.000455 
4708.902968 0.000486 
4707.402467 0.000470 
4705.901967 0.000554 
4704.401467 0.000574 
4702.900967 0.000520 
4701.400467 0.000559 
4699.899967 0.000547 
4698.399466 0.000584 
4696.898966 0.000653 
4695.398466 0.000655 
4693.897966 0.000770 
4692.397466 0.000566 
4690.896966 0.000610 
4689.396465 0.000703 
4687.895965 0.000749 
4686.395465 0.000673 
4684.894965 0.000647 
4683.394465 0.000684 
4681.893965 0.000626 
4680.393464 0.000592 
4678.892964 0.000566 
4677.392464 0.000527 
4675.891964 0.000485 
4674.391464 0.000600 
4672.890964 0.000612 
4671.390463 0.000547 
4669.889963 0.000483 
4668.389463 0.000518 
4666.888963 0.000554 
4665.388463 0.000579 
4663.887963 0.000645 
4662.387462 0.000617 
4660.886962 0.000635 
4659.386462 0.000608 
4657.885962 0.000670 
4656.385462 0.000634 
4654.884962 0.000578 
4653.384461 0.000597 
4651.883961 0.000508 
4650.383461 0.000607 
4648.882961 0.000590 
4647.382461 0.000484 
4645.881961 0.000508 
4644.381460 0.000479 
4642.880960 0.000382 
4641.380460 0.000410 
4639.879960 0.000472 
4638.379460 0.000457 
4636.878960 0.000292 
4635.378459 0.000249 
4633.877959 0.000269 
4632.377459 0.000255 
4630.876959 0.000252 
4629.376459 0.000237 
4627.875959 0.000213 
4626.375458 0.000151 
4624.874958 0.000179 
4623.374458 0.000218 
4621.873958 0.000166 
4620.373458 0.000143 
4618.872958 0.000191 
4617.372457 0.000200 
4615.871957 0.000138 
4614.371457 0.000163 
4612.870957 0.000171 
4611.370457 0.000192 
4609.869957 0.000242 
4608.369456 0.000272 
4606.868956 0.000166 
4605.368456 0.000153 
4603.867956 0.000129 
4602.367456 0.000261 
4600.866956 0.000324 
4599.366455 0.000308 
4597.865955 0.000359 
4596.365455 0.000380 
4594.864955 0.000421 
4593.364455 0.000388 
4591.863955 0.000382 
4590.363454 0.000346 
4588.862954 0.000363 
4587.362454 0.000361 
4585.861954 0.000410 
4584.361454 0.000439 
4582.860954 0.000429 
4581.360453 0.000423 
4579.859953 0.000398 
4578.359453 0.000347 
4576.858953 0.000321 
4575.358453 0.000306 
4573.857953 0.000266 
4572.357452 0.000278 
4570.856952 0.000241 
4569.356452 0.000222 
4567.855952 0.000238 
4566.355452 0.000291 
4564.854952 0.000279 
4563.354451 0.000227 
4561.853951 0.000302 
4560.353451 0.000300 
4558.852951 0.000306 
4557.352451 0.000356 
4555.851951 0.000316 
4554.351450 0.000306 
4552.850950 0.000298 
4551.350450 0.000368 
4549.849950 0.000383 
4548.349450 0.000448 
4546.848950 0.000458 
4545.348449 0.000411 
4543.847949 0.000400 
4542.347449 0.000506 
4540.846949 0.000548 
4539.346449 0.000499 
4537.845949 0.000460 
4536.345448 0.000511 
4534.844948 0.000467 
4533.344448 0.000465 
4531.843948 0.000518 
4530.343448 0.000585 
4528.842948 0.000602 
4527.342447 0.000500 
4525.841947 0.000531 
4524.341447 0.000636 
4522.840947 0.000569 
4521.340447 0.000626 
4519.839947 0.000640 
4518.339446 0.000678 
4516.838946 0.000761 
4515.338446 0.000729 
4513.837946 0.000727 
4512.337446 0.000833 
4510.836946 0.000779 
4509.336445 0.000856 
4507.835945 0.000855 
4506.335445 0.000893 
4504.834945 0.000801 
4503.334445 0.000778 
4501.833945 0.000872 
4500.333444 0.000897 
4498.832944 0.000913 
4497.332444 0.000896 
4495.831944 0.000813 
4494.331444 0.000795 
4492.830944 0.000737 
4491.330443 0.000655 
4489.829943 0.000673 
4488.329443 0.000742 
4486.828943 0.000691 
4485.328443 0.000661 
4483.827943 0.000700 
4482.327442 0.000694 
4480.826942 0.000615 
4479.326442 0.000542 
4477.825942 0.000690 
4476.325442 0.000683 
4474.824942 0.000614 
4473.324441 0.000575 
4471.823941 0.000619 
4470.323441 0.000607 
4468.822941 0.000590 
4467.322441 0.000670 
4465.821941 0.000661 
4464.321440 0.000616 
4462.820940 0.000589 
4461.320440 0.000597 
4459.819940 0.000737 
4458.319440 0.000766 
4456.818940 0.000759 
4455.318439 0.000731 
4453.817939 0.000722 
4452.317439 0.000733 
4450.816939 0.000685 
4449.316439 0.000713 
4447.815939 0.000701 
4446.315438 0.000665 
4444.814938 0.000691 
4443.314438 0.000665 
4441.813938 0.000701 
4440.313438 0.000763 
4438.812938 0.000676 
4437.312437 0.000610 
4435.811937 0.000610 
4434.311437 0.000657 
4432.810937 0.000665 
4431.310437 0.000738 
4429.809937 0.000621 
4428.309436 0.000586 
4426.808936 0.000642 
4425.308436 0.000691 
4423.807936 0.000712 
4422.307436 0.000671 
4420.806936 0.000717 
4419.306435 0.000668 
4417.805935 0.000759 
4416.305435 0.000792 
4414.804935 0.000756 
4413.304435 0.000691 
4411.803935 0.000710 
4410.303434 0.000768 
4408.802934 0.000808 
4407.302434 0.000787 
4405.801934 0.000715 
4404.301434 0.000726 
4402.800934 0.000795 
4401.300433 0.000821 
4399.799933 0.000738 
4398.299433 0.000695 
4396.798933 0.000776 
4395.298433 0.000780 
4393.797933 0.000681 
4392.297432 0.000750 
4390.796932 0.000803 
4389.296432 0.000775 
4387.795932 0.000705 
4386.295432 0.000785 
4384.794932 0.000744 
4383.294431 0.000721 
4381.793931 0.000768 
4380.293431 0.000781 
4378.792931 0.000707 
4377.292431 0.000641 
4375.791931 0.000727 
4374.291430 0.000769 
4372.790930 0.000673 
4371.290430 0.000677 
4369.789930 0.000637 
4368.289430 0.000595 
4366.788930 0.000682 
4365.288429 0.000715 
4363.787929 0.000652 
4362.287429 0.000623 
4360.786929 0.000594 
4359.286429 0.000674 
4357.785929 0.000676 
4356.285428 0.000605 
4354.784928 0.000646 
4353.284428 0.000657 
4351.783928 0.000600 
4350.283428 0.000655 
4348.782928 0.000659 
4347.282427 0.000624 
4345.781927 0.000651 
4344.281427 0.000649 
4342.780927 0.000600 
4341.280427 0.000594 
4339.779927 0.000593 
4338.279426 0.000547 
4336.778926 0.000532 
4335.278426 0.000543 
4333.777926 0.000537 
4332.277426 0.000545 
4330.776926 0.000548 
4329.276425 0.000579 
4327.775925 0.000602 
4326.275425 0.000577 
4324.774925 0.000530 
4323.274425 0.000602 
4321.773925 0.000686 
4320.273424 0.000691 
4318.772924 0.000685 
4317.272424 0.000636 
4315.771924 0.000578 
4314.271424 0.000623 
4312.770924 0.000619 
4311.270423 0.000576 
4309.769923 0.000597 
4308.269423 0.000615 
4306.768923 0.000587 
4305.268423 0.000610 
4303.767923 0.000712 
4302.267422 0.000727 
4300.766922 0.000635 
4299.266422 0.000641 
4297.765922 0.000603 
4296.265422 0.000573 
4294.764922 0.000630 
4293.264421 0.000613 
4291.763921 0.000653 
4290.263421 0.000730 
4288.762921 0.000679 
4287.262421 0.000606 
4285.761921 0.000640 
4284.261420 0.000691 
4282.760920 0.000646 
4281.260420 0.000634 
4279.759920 0.000658 
4278.259420 0.000650 
4276.758920 0.000682 
4275.258419 0.000650 
4273.757919 0.000582 
4272.257419 0.000628 
4270.756919 0.000555 
4269.256419 0.000506 
4267.755919 0.000541 
4266.255418 0.000552 
4264.754918 0.000563 
4263.254418 0.000567 
4261.753918 0.000563 
4260.253418 0.000515 
4258.752918 0.000424 
4257.252417 0.000491 
4255.751917 0.000515 
4254.251417 0.000498 
4252.750917 0.000504 
4251.250417 0.000508 
4249.749917 0.000482 
4248.249416 0.000504 
4246.748916 0.000491 
4245.248416 0.000563 
4243.747916 0.000500 
4242.247416 0.000498 
4240.746916 0.000497 
4239.246415 0.000450 
4237.745915 0.000491 
4236.245415 0.000504 
4234.744915 0.000543 
4233.244415 0.000552 
4231.743915 0.000543 
4230.243414 0.000550 
4228.742914 0.000583 
4227.242414 0.000667 
4225.741914 0.000695 
4224.241414 0.000632 
4222.740914 0.000604 
4221.240413 0.000586 
4219.739913 0.000570 
4218.239413 0.000633 
4216.738913 0.000672 
4215.238413 0.000654 
4213.737913 0.000637 
4212.237412 0.000663 
4210.736912 0.000661 
4209.236412 0.000669 
4207.735912 0.000646 
4206.235412 0.000667 
4204.734912 0.000597 
4203.234411 0.000609 
4201.733911 0.000661 
4200.233411 0.000654 
4198.732911 0.000685 
4197.232411 0.000662 
4195.731911 0.000593 
4194.231410 0.000635 
4192.730910 0.000636 
4191.230410 0.000624 
4189.729910 0.000645 
4188.229410 0.000590 
4186.728910 0.000565 
4185.228409 0.000568 
4183.727909 0.000626 
4182.227409 0.000635 
4180.726909 0.000613 
4179.226409 0.000626 
4177.725909 0.000650 
4176.225408 0.000663 
4174.724908 0.000674 
4173.224408 0.000656 
4171.723908 0.000641 
4170.223408 0.000620 
4168.722908 0.000659 
4167.222407 0.000644 
4165.721907 0.000569 
4164.221407 0.000638 
4162.720907 0.000669 
4161.220407 0.000698 
4159.719907 0.000642 
4158.219406 0.000636 
4156.718906 0.000660 
4155.218406 0.000618 
4153.717906 0.000600 
4152.217406 0.000624 
4150.716906 0.000605 
4149.216405 0.000550 
4147.715905 0.000535 
4146.215405 0.000549 
4144.714905 0.000513 
4143.214405 0.000439 
4141.713905 0.000481 
4140.213404 0.000484 
4138.712904 0.000494 
4137.212404 0.000470 
4135.711904 0.000437 
4134.211404 0.000474 
4132.710904 0.000471 
4131.210403 0.000476 
4129.709903 0.000475 
4128.209403 0.000464 
4126.708903 0.000444 
4125.208403 0.000474 
4123.707903 0.000456 
4122.207402 0.000432 
4120.706902 0.000390 
4119.206402 0.000399 
4117.705902 0.000400 
4116.205402 0.000447 
4114.704902 0.000436 
4113.204401 0.000428 
4111.703901 0.000460 
4110.203401 0.000501 
4108.702901 0.000559 
4107.202401 0.000570 
4105.701901 0.000561 
4104.201400 0.000650 
4102.700900 0.000797 
4101.200400 0.000895 
4099.699900 0.000975 
4098.199400 0.001050 
4096.698900 0.001154 
4095.198399 0.001294 
4093.697899 0.001446 
4092.197399 0.001630 
4090.696899 0.001702 
4089.196399 0.001820 
4087.695899 0.001838 
4086.195398 0.001844 
4084.694898 0.001994 
4083.194398 0.002137 
4081.693898 0.002333 
4080.193398 0.002543 
4078.692898 0.002695 
4077.192397 0.002740 
4075.691897 0.002675 
4074.191397 0.002464 
4072.690897 0.002178 
4071.190397 0.001900 
4069.689897 0.001660 
4068.189396 0.001453 
4066.688896 0.001311 
4065.188396 0.001199 
4063.687896 0.001059 
4062.187396 0.000920 
4060.686896 0.000825 
4059.186395 0.000742 
4057.685895 0.000652 
4056.185395 0.000545 
4054.684895 0.000538 
4053.184395 0.000532 
4051.683895 0.000481 
4050.183394 0.000513 
4048.682894 0.000552 
4047.182394 0.000536 
4045.681894 0.000535 
4044.181394 0.000569 
4042.680894 0.000531 
4041.180393 0.000416 
4039.679893 0.000437 
4038.179393 0.000542 
4036.678893 0.000587 
4035.178393 0.000580 
4033.677893 0.000610 
4032.177392 0.000600 
4030.676892 0.000640 
4029.176392 0.000684 
4027.675892 0.000710 
4026.175392 0.000710 
4024.674892 0.000740 
4023.174391 0.000728 
4021.673891 0.000655 
4020.173391 0.000689 
4018.672891 0.000704 
4017.172391 0.000685 
4015.671891 0.000655 
4014.171390 0.000652 
4012.670890 0.000666 
4011.170390 0.000649 
4009.669890 0.000635 
4008.169390 0.000601 
4006.668890 0.000633 
4005.168389 0.000564 
4003.667889 0.000581 
4002.167389 0.000598 
4000.666889 0.000598 
3999.166389 0.000659 
3997.665889 0.000601 
3996.165388 0.000562 
3994.664888 0.000614 
3993.164388 0.000613 
3991.663888 0.000619 
3990.163388 0.000611 
3988.662888 0.000602 
3987.162387 0.000495 
3985.661887 0.000509 
3984.161387 0.000546 
3982.660887 0.000590 
3981.160387 0.000582 
3979.659887 0.000600 
3978.159386 0.000627 
3976.658886 0.000668 
3975.158386 0.000722 
3973.657886 0.000782 
3972.157386 0.000768 
3970.656886 0.000840 
3969.156385 0.000842 
3967.655885 0.000899 
3966.155385 0.000968 
3964.654885 0.001021 
3963.154385 0.001057 
3961.653885 0.001070 
3960.153384 0.001060 
3958.652884 0.001040 
3957.152384 0.001037 
3955.651884 0.001067 
3954.151384 0.001107 
3952.650884 0.001137 
3951.150383 0.001123 
3949.649883 0.001110 
3948.149383 0.001100 
3946.648883 0.001121 
3945.148383 0.001130 
3943.647883 0.001160 
3942.147382 0.001089 
3940.646882 0.001026 
3939.146382 0.000929 
3937.645882 0.000910 
3936.145382 0.000980 
3934.644882 0.001074 
3933.144381 0.001069 
3931.643881 0.000962 
3930.143381 0.000980 
3928.642881 0.000947 
3927.142381 0.000952 
3925.641881 0.000969 
3924.141380 0.000965 
3922.640880 0.000907 
3921.140380 0.000953 
3919.639880 0.000988 
3918.139380 0.001122 
3916.638880 0.001044 
3915.138379 0.000975 
3913.637879 0.000943 
3912.137379 0.000935 
3910.636879 0.000919 
3909.136379 0.000881 
3907.635879 0.000930 
3906.135378 0.001104 
3904.634878 0.001140 
3903.134378 0.001200 
3901.633878 0.001133 
3900.133378 0.001083 
3898.632878 0.000923 
3897.132377 0.000912 
3895.631877 0.000979 
3894.131377 0.001087 
3892.630877 0.001282 
3891.130377 0.001176 
3889.629877 0.001093 
3888.129376 0.001244 
3886.628876 0.001465 
3885.128376 0.001363 
3883.627876 0.001280 
3882.127376 0.001435 
3880.626876 0.001490 
3879.126375 0.001510 
3877.625875 0.001577 
3876.125375 0.001835 
3874.624875 0.002023 
3873.124375 0.002133 
3871.623875 0.002510 
3870.123374 0.002703 
3868.622874 0.002778 
3867.122374 0.003216 
3865.621874 0.004009 
3864.121374 0.004405 
3862.620874 0.003311 
3861.120373 0.002137 
3859.619873 0.001682 
3858.119373 0.001610 
3856.618873 0.001844 
3855.118373 0.002004 
3853.617873 0.001696 
3852.117372 0.001248 
3850.616872 0.000940 
3849.116372 0.000800 
3847.615872 0.000716 
3846.115372 0.000705 
3844.614872 0.000839 
3843.114371 0.000823 
3841.613871 0.000900 
3840.113371 0.001041 
3838.612871 0.001081 
3837.112371 0.000872 
3835.611871 0.000744 
3834.111370 0.000736 
3832.610870 0.000745 
3831.110370 0.000637 
3829.609870 0.000607 
3828.109370 0.000671 
3826.608870 0.000643 
3825.108369 0.000659 
3823.607869 0.000848 
3822.107369 0.000959 
3820.606869 0.000800 
3819.106369 0.000773 
3817.605869 0.001028 
3816.105368 0.000914 
3814.604868 0.000798 
3813.104368 0.000722 
3811.603868 0.000692 
3810.103368 0.000730 
3808.602868 0.000909 
3807.102367 0.000858 
3805.601867 0.000795 
3804.101367 0.000868 
3802.600867 0.001074 
3801.100367 0.000926 
3799.599867 0.000816 
3798.099366 0.000776 
3796.598866 0.000735 
3795.098366 0.000721 
3793.597866 0.000654 
3792.097366 0.000660 
3790.596866 0.000689 
3789.096365 0.000716 
3787.595865 0.000707 
3786.095365 0.000695 
3784.594865 0.000736 
3783.094365 0.000721 
3781.593865 0.000740 
3780.093364 0.000813 
3778.592864 0.000781 
3777.092364 0.000728 
3775.591864 0.000750 
3774.091364 0.000725 
3772.590864 0.000769 
3771.090363 0.000898 
3769.589863 0.000851 
3768.089363 0.000853 
3766.588863 0.000896 
3765.088363 0.000825 
3763.587863 0.000816 
3762.087362 0.000858 
3760.586862 0.000932 
3759.086362 0.000971 
3757.585862 0.000968 
3756.085362 0.000919 
3754.584862 0.001082 
3753.084361 0.001308 
3751.583861 0.001378 
3750.083361 0.001412 
3748.582861 0.001132 
3747.082361 0.001360 
3745.581861 0.001788 
3744.081360 0.001366 
3742.580860 0.001136 
3741.080360 0.001036 
3739.579860 0.001016 
3738.079360 0.001284 
3736.578860 0.001420 
3735.078359 0.001298 
3733.577859 0.001243 
3732.077359 0.001089 
3730.576859 0.000953 
3729.076359 0.000993 
3727.575859 0.001118 
3726.075358 0.001045 
3724.574858 0.001019 
3723.074358 0.001069 
3721.573858 0.001050 
3720.073358 0.001013 
3718.572858 0.000975 
3717.072357 0.000962 
3715.571857 0.000971 
3714.071357 0.001177 
3712.570857 0.001206 
3711.070357 0.001141 
3709.569857 0.001047 
3708.069356 0.000938 
3706.568856 0.000888 
3705.068356 0.000887 
3703.567856 0.000964 
3702.067356 0.000957 
3700.566856 0.000856 
3699.066355 0.000826 
3697.565855 0.000856 
3696.065355 0.000836 
3694.564855 0.000842 
3693.064355 0.000967 
3691.563855 0.001056 
3690.063354 0.001280 
3688.562854 0.001161 
3687.062354 0.000958 
3685.561854 0.000900 
3684.061354 0.000859 
3682.560854 0.000830 
3681.060353 0.000872 
3679.559853 0.000865 
3678.059353 0.001105 
3676.558853 0.001405 
3675.058353 0.001193 
3673.557853 0.001001 
3672.057352 0.001213 
3670.556852 0.001136 
3669.056352 0.001006 
3667.555852 0.000886 
3666.055352 0.000806 
3664.554852 0.000799 
3663.054351 0.000793 
3661.553851 0.000769 
3660.053351 0.000798 
3658.552851 0.000969 
3657.052351 0.001101 
3655.551851 0.000902 
3654.051350 0.000854 
3652.550850 0.001052 
3651.050350 0.001303 
3649.549850 0.001313 
3648.049350 0.001195 
3646.548850 0.000960 
3645.048349 0.000859 
3643.547849 0.000806 
3642.047349 0.000791 
3640.546849 0.000812 
3639.046349 0.000750 
3637.545849 0.000717 
3636.045348 0.000754 
3634.544848 0.000805 
3633.044348 0.000748 
3631.543848 0.001047 
3630.043348 0.001347 
3628.542848 0.001090 
3627.042347 0.000857 
3625.541847 0.000708 
3624.041347 0.000669 
3622.540847 0.000719 
3621.040347 0.000909 
3619.539847 0.000880 
3618.039346 0.000777 
3616.538846 0.000675 
3615.038346 0.000766 
3613.537846 0.000831 
3612.037346 0.000726 
3610.536846 0.000867 
3609.036345 0.000807 
3607.535845 0.000745 
3606.035345 0.000616 
3604.534845 0.000539 
3603.034345 0.000560 
3601.533845 0.000556 
3600.033344 0.000581 
3598.532844 0.000583 
3597.032344 0.000595 
3595.531844 0.000600 
3594.031344 0.000592 
3592.530844 0.000591 
3591.030343 0.000675 
3589.529843 0.000807 
3588.029343 0.000864 
3586.528843 0.000738 
3585.028343 0.000598 
3583.527843 0.000561 
3582.027342 0.000564 
3580.526842 0.000604 
3579.026342 0.000557 
3577.525842 0.000569 
3576.025342 0.000543 
3574.524842 0.000573 
3573.024341 0.000625 
3571.523841 0.000630 
3570.023341 0.000736 
3568.522841 0.000860 
3567.022341 0.000823 
3565.521841 0.000689 
3564.021340 0.000609 
3562.520840 0.000570 
3561.020340 0.000548 
3559.519840 0.000556 
3558.019340 0.000573 
3556.518840 0.000552 
3555.018339 0.000569 
3553.517839 0.000621 
3552.017339 0.000647 
3550.516839 0.000643 
3549.016339 0.000678 
3547.515839 0.000734 
3546.015338 0.000765 
3544.514838 0.000688 
3543.014338 0.000626 
3541.513838 0.000639 
3540.013338 0.000643 
3538.512838 0.000669 
3537.012337 0.000678 
3535.511837 0.000695 
3534.011337 0.000691 
3532.510837 0.000691 
3531.010337 0.000687 
3529.509837 0.000747 
3528.009336 0.000791 
3526.508836 0.000761 
3525.008336 0.000774 
3523.507836 0.000761 
3522.007336 0.000743 
3520.506836 0.000726 
3519.006335 0.000717 
3517.505835 0.000730 
3516.005335 0.000748 
3514.504835 0.000748 
3513.004335 0.000808 
3511.503835 0.000809 
3510.003334 0.000791 
3508.502834 0.000796 
3507.002334 0.000756 
3505.501834 0.000791 
3504.001334 0.000817 
3502.500834 0.000835 
3501.000333 0.000817 
3499.499833 0.000765 
3497.999333 0.000791 
3496.498833 0.000813 
3494.998333 0.000800 
3493.497833 0.000804 
3491.997332 0.000791 
3490.496832 0.000778 
3488.996332 0.000791 
3487.495832 0.000804 
3485.995332 0.000783 
3484.494832 0.000813 
3482.994331 0.000835 
3481.493831 0.000826 
3479.993331 0.000795 
3478.492831 0.000774 
3476.992331 0.000835 
3475.491831 0.000848 
3473.991330 0.000839 
3472.490830 0.000843 
3470.990330 0.000813 
3469.489830 0.000791 
3467.989330 0.000800 
3466.488830 0.000800 
3464.988329 0.000813 
3463.487829 0.000809 
3461.987329 0.000835 
3460.486829 0.000839 
3458.986329 0.000843 
3457.485829 0.000822 
3455.985328 0.000835 
3454.484828 0.000874 
3452.984328 0.000874 
3451.483828 0.000914 
3449.983328 0.000979 
3448.482828 0.001091 
3446.982327 0.001151 
3445.481827 0.001220 
3443.981327 0.001292 
3442.480827 0.001432 
3440.980327 0.001552 
3439.479827 0.001691 
3437.979326 0.001751 
3436.478826 0.001810 
3434.978326 0.001820 
3433.477826 0.001811 
3431.977326 0.001881 
3430.476826 0.001951 
3428.976325 0.002052 
3427.475825 0.002171 
3425.975325 0.002188 
3424.474825 0.002078 
3422.974325 0.002020 
3421.473825 0.001978 
3419.973324 0.001868 
3418.472824 0.001767 
3416.972324 0.001637 
3415.471824 0.001477 
3413.971324 0.001317 
3412.470824 0.001148 
3410.970323 0.001058 
3409.469823 0.000973 
3407.969323 0.000978 
3406.468823 0.000947 
3404.968323 0.000903 
3403.467823 0.000860 
3401.967322 0.000857 
3400.466822 0.000860 
3398.966322 0.000861 
3397.465822 0.000869 
3395.965322 0.000883 
3394.464822 0.000900 
3392.964321 0.000904 
3391.463821 0.000891 
3389.963321 0.000873 
3388.462821 0.000828 
3386.962321 0.000760 
3385.461821 0.000720 
3383.961320 0.000687 
3382.460820 0.000659 
3380.960320 0.000581 
3379.459820 0.000577 
3377.959320 0.000516 
3376.458820 0.000458 
3374.958319 0.000385 
3373.457819 0.000342 
3371.957319 0.000281 
3370.456819 0.000274 
3368.956319 0.000269 
3367.455819 0.000269 
3365.955318 0.000242 
3364.454818 0.000203 
3362.954318 0.000205 
3361.453818 0.000198 
3359.953318 0.000139 
3358.452818 0.000179 
3356.952317 0.000201 
3355.451817 0.000248 
3353.951317 0.000253 
3352.450817 0.000303 
3350.950317 0.000365 
3349.449817 0.000383 
3347.949316 0.000397 
3346.448816 0.000440 
3344.948316 0.000462 
3343.447816 0.000524 
3341.947316 0.000619 
3340.446816 0.000819 
3338.946315 0.000991 
3337.445815 0.001251 
3335.945315 0.001498 
3334.444815 0.001674 
3332.944315 0.001751 
3331.443815 0.001759 
3329.943314 0.001685 
3328.442814 0.001543 
3326.942314 0.001320 
3325.441814 0.001028 
3323.941314 0.000733 
3322.440814 0.000530 
3320.940313 0.000439 
3319.439813 0.000398 
3317.939313 0.000474 
3316.438813 0.000436 
3314.938313 0.000389 
3313.437813 0.000337 
3311.937312 0.000300 
3310.436812 0.000350 
3308.936312 0.000651 
3307.435812 0.000997 
3305.935312 0.000693 
3304.434812 0.000341 
3302.934311 0.000232 
3301.433811 0.000177 
3299.933311 0.000160 
3298.432811 0.000148 
3296.932311 0.000153 
3295.431811 0.000175 
3293.931310 0.000178 
3292.430810 0.000160 
3290.930310 0.000135 
3289.429810 0.000143 
3287.929310 0.000154 
3286.428810 0.000196 
3284.928309 0.000163 
3283.427809 0.000168 
3281.927309 0.000293 
3280.426809 0.000660 
3278.926309 0.000700 
3277.425809 0.000557 
3275.925308 0.000548 
3274.424808 0.000678 
3272.924308 0.000866 
3271.423808 0.001092 
3269.923308 0.001355 
3268.422808 0.001647 
3266.922307 0.002013 
3265.421807 0.002495 
3263.921307 0.003001 
3262.420807 0.003640 
3260.920307 0.004436 
3259.419807 0.005355 
3257.919306 0.006468 
3256.418806 0.007848 
3254.918306 0.009653 
3253.417806 0.011960 
3251.917306 0.014988 
3250.416806 0.018993 
3248.916305 0.024273 
3247.415805 0.031001 
3245.915305 0.038869 
3244.414805 0.047292 
3242.914305 0.056557 
3241.413805 0.068957 
3239.913304 0.088184 
3238.412804 0.120163 
3236.912304 0.171011 
3235.411804 0.238577 
3233.911304 0.330944 
3232.410804 0.468618 
3230.910303 0.678123 
3229.409803 0.989879 
3227.909303 1.420271 
3226.408803 1.546325 
3224.908303 0.750106 
3223.407803 0.389159 
3221.907302 0.270264 
3220.406802 0.174742 
3218.906302 0.125157 
3217.405802 0.100201 
3215.905302 0.084326 
3214.404802 0.072533 
3212.904301 0.063273 
3211.403801 0.055884 
3209.903301 0.049906 
3208.402801 0.044964 
3206.902301 0.040874 
3205.401801 0.037434 
3203.901300 0.034454 
3202.400800 0.031935 
3200.900300 0.029676 
3199.399800 0.027658 
3197.899300 0.025927 
3196.398800 0.024313 
3194.898299 0.022818 
3193.397799 0.021514 
3191.897299 0.020288 
3190.396799 0.019166 
3188.896299 0.018107 
3187.395799 0.017073 
3185.895298 0.016161 
3184.394798 0.015333 
3182.894298 0.014539 
3181.393798 0.013833 
3179.893298 0.013141 
3178.392798 0.012485 
3176.892297 0.011909 
3175.391797 0.011329 
3173.891297 0.010797 
3172.390797 0.010372 
3170.890297 0.009981 
3169.389797 0.009569 
3167.889296 0.009206 
3166.388796 0.008886 
3164.888296 0.008578 
3163.387796 0.008263 
3161.887296 0.007930 
3160.386796 0.007684 
3158.886295 0.007472 
3157.385795 0.007232 
3155.885295 0.006984 
3154.384795 0.006762 
3152.884295 0.006554 
3151.383795 0.006341 
3149.883294 0.006114 
3148.382794 0.005884 
3146.882294 0.005696 
3145.381794 0.005526 
3143.881294 0.005368 
3142.380794 0.005218 
3140.880293 0.005073 
3139.379793 0.004946 
3137.879293 0.004756 
3136.378793 0.004598 
3134.878293 0.004448 
3133.377793 0.004320 
3131.877292 0.004220 
3130.376792 0.004133 
3128.876292 0.004043 
3127.375792 0.003950 
3125.875292 0.003823 
3124.374792 0.003755 
3122.874291 0.003667 
3121.373791 0.003542 
3119.873291 0.003465 
3118.372791 0.003400 
3116.872291 0.003262 
3115.371791 0.003180 
3113.871290 0.003082 
3112.370790 0.002992 
3110.870290 0.002925 
3109.369790 0.002875 
3107.869290 0.002795 
3106.368790 0.002727 
3104.868289 0.002675 
3103.367789 0.002622 
3101.867289 0.002537 
3100.366789 0.002482 
3098.866289 0.002382 
3097.365789 0.002327 
3095.865288 0.002285 
3094.364788 0.002245 
3092.864288 0.002197 
3091.363788 0.002145 
3089.863288 0.002117 
3088.362788 0.002097 
3086.862287 0.002034 
3085.361787 0.002000 
3083.861287 0.002004 
3082.360787 0.001957 
3080.860287 0.001894 
3079.359787 0.001847 
3077.859286 0.001837 
3076.358786 0.001804 
3074.858286 0.001747 
3073.357786 0.001750 
3071.857286 0.001737 
3070.356786 0.001701 
3068.856285 0.001614 
3067.355785 0.001580 
3065.855285 0.001580 
3064.354785 0.001564 
3062.854285 0.001520 
3061.353785 0.001527 
3059.853284 0.001494 
3058.352784 0.001450 
3056.852284 0.001437 
3055.351784 0.001387 
3053.851284 0.001380 
3052.350784 0.001377 
3050.850283 0.001354 
3049.349783 0.001327 
3047.849283 0.001297 
3046.348783 0.001284 
3044.848283 0.001250 
3043.347783 0.001237 
3041.847282 0.001207 
3040.346782 0.001206 
3038.846282 0.001227 
3037.345782 0.001213 
3035.845282 0.001220 
3034.344782 0.001227 
3032.844281 0.001220 
3031.343781 0.001217 
3029.843281 0.001210 
3028.342781 0.001200 
3026.842281 0.001164 
3025.341781 0.001143 
3023.841280 0.001193 
3022.340780 0.001197 
3020.840280 0.001167 
3019.339780 0.001127 
3017.839280 0.001123 
3016.338780 0.001153 
3014.838279 0.001186 
3013.337779 0.001240 
3011.837279 0.001253 
3010.336779 0.001277 
3008.836279 0.001283 
3007.335779 0.001300 
3005.835278 0.001290 
3004.334778 0.001267 
3002.834278 0.001233 
3001.333778 0.001210 
2999.833278 0.001183 
2998.332778 0.001137 
2996.832277 0.001097 
2995.331777 0.001057 
2993.831277 0.001063 
2992.330777 0.001070 
2990.830277 0.001027 
2989.329777 0.000999 
2987.829276 0.000978 
2986.328776 0.000962 
2984.828276 0.000986 
2983.327776 0.001000 
2981.827276 0.000968 
2980.326776 0.000948 
2978.826275 0.000933 
2977.325775 0.000928 
2975.825275 0.000930 
2974.324775 0.000945 
2972.824275 0.000939 
2971.323775 0.000924 
2969.823274 0.000871 
2968.322774 0.000843 
2966.822274 0.000816 
2965.321774 0.000781 
2963.821274 0.000733 
2962.320774 0.000688 
2960.820273 0.000707 
2959.319773 0.000694 
2957.819273 0.000664 
2956.318773 0.000696 
2954.818273 0.000723 
2953.317773 0.000720 
2951.817272 0.000725 
2950.316772 0.000765 
2948.816272 0.000796 
2947.315772 0.000830 
2945.815272 0.000843 
2944.314772 0.000849 
2942.814271 0.000859 
2941.313771 0.000850 
2939.813271 0.000843 
2938.312771 0.000825 
2936.812271 0.000810 
2935.311771 0.000816 
2933.811270 0.000788 
2932.310770 0.000766 
2930.810270 0.000734 
2929.309770 0.000701 
2927.809270 0.000651 
2926.308770 0.000572 
2924.808269 0.000510 
2923.307769 0.000443 
2921.807269 0.000336 
2920.306769 0.000259 
2918.806269 0.000199 
2917.305769 0.000176 
2915.805268 0.000181 
2914.304768 0.000233 
2912.804268 0.000277 
2911.303768 0.000306 
2909.803268 0.000368 
2908.302768 0.000396 
2906.802267 0.000443 
2905.301767 0.000466 
2903.801267 0.000443 
2902.300767 0.000438 
2900.800267 0.000415 
2899.299767 0.000407 
2897.799266 0.000419 
2896.298766 0.000398 
2894.798266 0.000401 
2893.297766 0.000404 
2891.797266 0.000392 
2890.296766 0.000375 
2888.796265 0.000402 
2887.295765 0.000404 
2885.795265 0.000394 
2884.294765 0.000375 
2882.794265 0.000403 
2881.293765 0.000431 
2879.793264 0.000469 
2878.292764 0.000466 
2876.792264 0.000446 
2875.291764 0.000430 
2873.791264 0.000414 
2872.290764 0.000378 
2870.790263 0.000390 
2869.289763 0.000408 
2867.789263 0.000425 
2866.288763 0.000433 
2864.788263 0.000428 
2863.287763 0.000401 
2861.787262 0.000382 
2860.286762 0.000361 
2858.786262 0.000344 
2857.285762 0.000305 
2855.785262 0.000255 
2854.284762 0.000217 
2852.784261 0.000134 
2851.283761 0.000080 
2849.783261 0.000012 
2848.282761 0.000008 
2846.782261 0.000046 
2845.281761 0.000179 
2843.781260 0.000307 
2842.280760 0.000360 
2840.780260 0.000382 
2839.279760 0.000395 
2837.779260 0.000433 
2836.278760 0.000474 
2834.778259 0.000465 
2833.277759 0.000467 
2831.777259 0.000461 
2830.276759 0.000461 
2828.776259 0.000462 
2827.275759 0.000484 
2825.775258 0.000495 
2824.274758 0.000499 
2822.774258 0.000513 
2821.273758 0.000506 
2819.773258 0.000521 
2818.272758 0.000532 
2816.772257 0.000554 
2815.271757 0.000576 
2813.771257 0.000567 
2812.270757 0.000580 
2810.770257 0.000600 
2809.269757 0.000604 
2807.769256 0.000634 
2806.268756 0.000643 
2804.768256 0.000660 
2803.267756 0.000686 
2801.767256 0.000715 
2800.266756 0.000734 
2798.766255 0.000762 
2797.265755 0.000806 
2795.765255 0.000847 
2794.264755 0.000856 
2792.764255 0.000897 
2791.263755 0.000915 
2789.763254 0.000945 
2788.262754 0.001014 
2786.762254 0.001080 
2785.261754 0.001125 
2783.761254 0.001180 
2782.260754 0.001200 
2780.760253 0.001175 
2779.259753 0.001155 
2777.759253 0.001140 
2776.258753 0.001135 
2774.758253 0.001105 
2773.257753 0.001075 
2771.757252 0.001020 
2770.256752 0.000993 
2768.756252 0.001025 
2767.255752 0.001030 
2765.755252 0.001040 
2764.254752 0.001030 
2762.754251 0.001025 
2761.253751 0.001030 
2759.753251 0.001030 
2758.252751 0.001010 
2756.752251 0.001025 
2755.251751 0.001040 
2753.751250 0.001040 
2752.250750 0.001040 
2750.750250 0.001070 
2749.249750 0.001110 
2747.749250 0.001125 
2746.248750 0.001140 
2744.748249 0.001175 
2743.247749 0.001205 
2741.747249 0.001275 
2740.246749 0.001405 
2738.746249 0.001525 
2737.245749 0.001575 
2735.745248 0.001550 
2734.244748 0.001495 
2732.744248 0.001435 
2731.243748 0.001405 
2729.743248 0.001335 
2728.242748 0.001295 
2726.742247 0.001270 
2725.241747 0.001305 
2723.741247 0.001310 
2722.240747 0.001315 
2720.740247 0.001330 
2719.239747 0.001305 
2717.739246 0.001290 
2716.238746 0.001285 
2714.738246 0.001265 
2713.237746 0.001240 
2711.737246 0.001225 
2710.236746 0.001195 
2708.736245 0.001165 
2707.235745 0.001130 
2705.735245 0.001105 
2704.234745 0.001095 
2702.734245 0.001075 
2701.233745 0.001055 
2699.733244 0.001070 
2698.232744 0.001070 
2696.732244 0.001050 
2695.231744 0.001060 
2693.731244 0.001040 
2692.230744 0.001030 
2690.730243 0.001015 
2689.229743 0.001000 
2687.729243 0.001000 
2686.228743 0.001005 
2684.728243 0.000978 
2683.227743 0.000961 
2681.727242 0.000956 
2680.226742 0.000943 
2678.726242 0.000941 
2677.225742 0.000941 
2675.725242 0.000945 
2674.224742 0.000945 
2672.724241 0.000932 
2671.223741 0.000928 
2669.723241 0.000908 
2668.222741 0.000873 
2666.722241 0.000863 
2665.221741 0.000865 
2663.721240 0.000852 
2662.220740 0.000830 
2660.720240 0.000828 
2659.219740 0.000830 
2657.719240 0.000804 
2656.218740 0.000780 
2654.718239 0.000780 
2653.217739 0.000758 
2651.717239 0.000776 
2650.216739 0.000758 
2648.716239 0.000736 
2647.215739 0.000730 
2645.715238 0.000728 
2644.214738 0.000715 
2642.714238 0.000704 
2641.213738 0.000684 
2639.713238 0.000676 
2638.212738 0.000667 
2636.712237 0.000652 
2635.211737 0.000673 
2633.711237 0.000675 
2632.210737 0.000648 
2630.710237 0.000645 
2629.209737 0.000618 
2627.709236 0.000608 
2626.208736 0.000631 
2624.708236 0.000625 
2623.207736 0.000624 
2621.707236 0.000628 
2620.206736 0.000617 
2618.706235 0.000603 
2617.205735 0.000598 
2615.705235 0.000615 
2614.204735 0.000610 
2612.704235 0.000622 
2611.203735 0.000648 
2609.703234 0.000669 
2608.202734 0.000662 
2606.702234 0.000649 
2605.201734 0.000653 
2603.701234 0.000663 
2602.200734 0.000679 
2600.700233 0.000674 
2599.199733 0.000674 
2597.699233 0.000685 
2596.198733 0.000691 
2594.698233 0.000680 
2593.197733 0.000672 
2591.697232 0.000685 
2590.196732 0.000695 
2588.696232 0.000689 
2587.195732 0.000680 
2585.695232 0.000678 
2584.194732 0.000667 
2582.694231 0.000654 
2581.193731 0.000652 
2579.693231 0.000652 
2578.192731 0.000655 
2576.692231 0.000641 
2575.191731 0.000657 
2573.691230 0.000669 
2572.190730 0.000661 
2570.690230 0.000682 
2569.189730 0.000670 
2567.689230 0.000652 
2566.188730 0.000654 
2564.688229 0.000657 
2563.187729 0.000685 
2561.687229 0.000693 
2560.186729 0.000673 
2558.686229 0.000683 
2557.185729 0.000693 
2555.685228 0.000694 
2554.184728 0.000707 
2552.684228 0.000713 
2551.183728 0.000724 
2549.683228 0.000733 
2548.182728 0.000764 
2546.682227 0.001021 
2545.181727 0.001215 
2543.681227 0.000946 
2542.180727 0.000819 
2540.680227 0.000800 
2539.179727 0.000806 
2537.679226 0.000791 
2536.178726 0.000810 
2534.678226 0.000840 
2533.177726 0.000845 
2531.677226 0.000841 
2530.176726 0.000829 
2528.676225 0.000848 
2527.175725 0.000835 
2525.675225 0.000861 
2524.174725 0.000877 
2522.674225 0.000869 
2521.173725 0.000884 
2519.673224 0.000891 
2518.172724 0.000901 
2516.672224 0.000916 
2515.171724 0.000935 
2513.671224 0.000964 
2512.170724 0.000954 
2510.670223 0.000959 
2509.169723 0.000981 
2507.669223 0.000994 
2506.168723 0.000997 
2504.668223 0.001007 
2503.167723 0.001030 
2501.667222 0.001010 
2500.166722 0.001000 
2498.666222 0.001010 
2497.165722 0.001017 
2495.665222 0.001003 
2494.164722 0.001010 
2492.664221 0.001030 
2491.163721 0.001003 
2489.663221 0.000980 
2488.162721 0.000972 
2486.662221 0.000961 
2485.161721 0.000949 
2483.661220 0.000922 
2482.160720 0.000893 
2480.660220 0.000901 
2479.159720 0.000877 
2477.659220 0.000885 
2476.158720 0.000872 
2474.658219 0.000858 
2473.157719 0.000868 
2471.657219 0.000866 
2470.156719 0.000849 
2468.656219 0.000848 
2467.155719 0.000832 
2465.655218 0.000845 
2464.154718 0.000852 
2462.654218 0.000864 
2461.153718 0.000872 
2459.653218 0.000890 
2458.152718 0.000881 
2456.652217 0.000850 
2455.151717 0.000842 
2453.651217 0.000870 
2452.150717 0.000899 
2450.650217 0.000913 
2449.149717 0.000910 
2447.649216 0.000894 
2446.148716 0.000887 
2444.648216 0.000913 
2443.147716 0.000924 
2441.647216 0.000901 
2440.146716 0.000927 
2438.646215 0.000936 
2437.145715 0.000917 
2435.645215 0.000922 
2434.144715 0.000929 
2432.644215 0.000935 
2431.143715 0.000936 
2429.643214 0.000919 
2428.142714 0.000897 
2426.642214 0.000884 
2425.141714 0.000873 
2423.641214 0.000875 
2422.140714 0.000844 
2420.640213 0.000837 
2419.139713 0.000838 
2417.639213 0.000790 
2416.138713 0.000786 
2414.638213 0.000788 
2413.137713 0.000775 
2411.637212 0.000762 
2410.136712 0.000764 
2408.636212 0.000771 
2407.135712 0.000749 
2405.635212 0.000736 
2404.134712 0.000729 
2402.634211 0.000748 
2401.133711 0.000743 
2399.633211 0.000728 
2398.132711 0.000720 
2396.632211 0.000714 
2395.131711 0.000692 
2393.631210 0.000682 
2392.130710 0.000699 
2390.630210 0.000688 
2389.129710 0.000679 
2387.629210 0.000689 
2386.128710 0.000708 
2384.628209 0.000689 
2383.127709 0.000675 
2381.627209 0.000674 
2380.126709 0.000669 
2378.626209 0.000688 
2377.125709 0.000724 
2375.625208 0.000718 
2374.124708 0.000717 
2372.624208 0.000728 
2371.123708 0.000763 
2369.623208 0.000753 
2368.122708 0.000748 
2366.622207 0.000744 
2365.121707 0.000731 
2363.621207 0.000727 
2362.120707 0.000702 
2360.620207 0.000688 
2359.119707 0.000659 
2357.619206 0.000636 
2356.118706 0.000602 
2354.618206 0.000579 
2353.117706 0.000558 
2351.617206 0.000533 
2350.116706 0.000497 
2348.616205 0.000509 
2347.115705 0.000589 
2345.615205 0.000679 
2344.114705 0.000823 
2342.614205 0.000934 
2341.113705 0.000907 
2339.613204 0.000768 
2338.112704 0.000669 
2336.612204 0.000644 
2335.111704 0.000631 
2333.611204 0.000637 
2332.110704 0.000660 
2330.610203 0.000644 
2329.109703 0.000638 
2327.609203 0.000643 
2326.108703 0.000635 
2324.608203 0.000630 
2323.107703 0.000631 
2321.607202 0.000615 
2320.106702 0.000592 
2318.606202 0.000598 
2317.105702 0.000604 
2315.605202 0.000603 
2314.104702 0.000612 
2312.604201 0.000606 
2311.103701 0.000595 
2309.603201 0.000600 
2308.102701 0.000619 
2306.602201 0.000618 
2305.101701 0.000608 
2303.601200 0.000621 
2302.100700 0.000617 
2300.600200 0.000621 
2299.099700 0.000649 
2297.599200 0.000681 
2296.098700 0.000687 
2294.598199 0.000699 
2293.097699 0.000708 
2291.597199 0.000725 
2290.096699 0.000741 
2288.596199 0.000776 
2287.095699 0.000766 
2285.595198 0.000789 
2284.094698 0.000801 
2282.594198 0.000779 
2281.093698 0.000778 
2279.593198 0.000770 
2278.092698 0.000769 
2276.592197 0.000775 
2275.091697 0.000761 
2273.591197 0.000781 
2272.090697 0.000782 
2270.590197 0.000767 
2269.089697 0.000760 
2267.589196 0.000765 
2266.088696 0.000780 
2264.588196 0.000791 
2263.087696 0.000803 
2261.587196 0.000820 
2260.086696 0.000835 
2258.586195 0.000837 
2257.085695 0.000860 
2255.585195 0.000882 
2254.084695 0.000895 
2252.584195 0.000900 
2251.083695 0.000880 
2249.583194 0.000890 
2248.082694 0.000904 
2246.582194 0.000921 
2245.081694 0.000925 
2243.581194 0.000922 
2242.080694 0.000905 
2240.580193 0.000888 
2239.079693 0.000915 
2237.579193 0.000947 
2236.078693 0.000932 
2234.578193 0.000930 
2233.077693 0.000951 
2231.577192 0.000965 
2230.076692 0.000956 
2228.576192 0.000961 
2227.075692 0.000940 
2225.575192 0.000934 
2224.074692 0.000939 
2222.574191 0.000947 
2221.073691 0.000956 
2219.573191 0.000943 
2218.072691 0.000923 
2216.572191 0.000917 
2215.071691 0.000917 
2213.571190 0.000917 
2212.070690 0.000909 
2210.570190 0.000892 
2209.069690 0.000896 
2207.569190 0.000883 
2206.068690 0.000899 
2204.568189 0.000884 
2203.067689 0.000878 
2201.567189 0.000870 
2200.066689 0.000869 
2198.566189 0.000878 
2197.065689 0.000873 
2195.565188 0.000895 
2194.064688 0.000879 
2192.564188 0.000869 
2191.063688 0.000870 
2189.563188 0.000861 
2188.062688 0.000844 
2186.562187 0.000838 
2185.061687 0.000832 
2183.561187 0.000809 
2182.060687 0.000792 
2180.560187 0.000783 
2179.059687 0.000778 
2177.559186 0.000783 
2176.058686 0.000749 
2174.558186 0.000735 
2173.057686 0.000718 
2171.557186 0.000713 
2170.056686 0.000705 
2168.556185 0.000682 
2167.055685 0.000682 
2165.555185 0.000679 
2164.054685 0.000661 
2162.554185 0.000640 
2161.053685 0.000647 
2159.553184 0.000645 
2158.052684 0.000621 
2156.552184 0.000635 
2155.051684 0.000597 
2153.551184 0.000608 
2152.050684 0.000580 
2150.550183 0.000548 
2149.049683 0.000548 
2147.549183 0.000547 
2146.048683 0.000544 
2144.548183 0.000513 
2143.047683 0.000517 
2141.547182 0.000530 
2140.046682 0.000518 
2138.546182 0.000529 
2137.045682 0.000535 
2135.545182 0.000530 
2134.044682 0.000535 
2132.544181 0.000513 
2131.043681 0.000508 
2129.543181 0.000517 
2128.042681 0.000484 
2126.542181 0.000478 
2125.041681 0.000474 
2123.541180 0.000474 
2122.040680 0.000482 
2120.540180 0.000470 
2119.039680 0.000457 
2117.539180 0.000465 
2116.038680 0.000439 
2114.538179 0.000439 
2113.037679 0.000444 
2111.537179 0.000443 
2110.036679 0.000460 
2108.536179 0.000448 
2107.035679 0.000460 
2105.535178 0.000453 
2104.034678 0.000456 
2102.534178 0.000435 
2101.033678 0.000451 
2099.533178 0.000469 
2098.032678 0.000486 
2096.532177 0.000500 
2095.031677 0.000495 
2093.531177 0.000525 
2092.030677 0.000530 
2090.530177 0.000555 
2089.029677 0.000578 
2087.529176 0.000607 
2086.028676 0.000656 
2084.528176 0.000699 
2083.027676 0.000747 
2081.527176 0.000769 
2080.026676 0.000812 
2078.526175 0.000834 
2077.025675 0.000860 
2075.525175 0.000933 
2074.024675 0.000995 
2072.524175 0.000996 
2071.023675 0.001010 
2069.523174 0.001070 
2068.022674 0.001080 
2066.522174 0.001119 
2065.021674 0.001160 
2063.521174 0.001150 
2062.020674 0.001170 
2060.520173 0.001160 
2059.019673 0.001150 
2057.519173 0.001130 
2056.018673 0.001130 
2054.518173 0.001090 
2053.017673 0.001070 
2051.517172 0.001030 
2050.016672 0.001020 
2048.516172 0.001000 
2047.015672 0.001010 
2045.515172 0.001030 
2044.014672 0.001030 
2042.514171 0.001030 
2041.013671 0.001040 
2039.513171 0.001030 
2038.012671 0.001040 
2036.512171 0.001070 
2035.011671 0.001100 
2033.511170 0.001100 
2032.010670 0.001100 
2030.510170 0.001110 
2029.009670 0.001130 
2027.509170 0.001100 
2026.008670 0.001090 
2024.508169 0.001090 
2023.007669 0.001090 
2021.507169 0.001090 
2020.006669 0.001100 
2018.506169 0.001090 
2017.005669 0.001090 
2015.505168 0.001050 
2014.004668 0.001020 
2012.504168 0.001030 
2011.003668 0.001040 
2009.503168 0.001030 
2008.002668 0.001030 
2006.502167 0.001050 
2005.001667 0.001030 
2003.501167 0.001040 
2002.000667 0.001040 
2000.500167 0.001040 
1998.999667 0.001030 
1997.499166 0.001040 
1995.998666 0.001030 
1994.498166 0.001060 
1992.997666 0.001120 
1991.497166 0.001110 
1989.996666 0.001070 
1988.496165 0.001090 
1986.995665 0.001070 
1985.495165 0.001050 
1983.994665 0.001060 
1982.494165 0.001030 
1980.993665 0.001050 
1979.493164 0.001060 
1977.992664 0.001030 
1976.492164 0.001040 
1974.991664 0.001020 
1973.491164 0.001020 
1971.990664 0.001030 
1970.490163 0.001030 
1968.989663 0.001040 
1967.489163 0.001070 
1965.988663 0.001030 
1964.488163 0.001081 
1962.987663 0.001180 
1961.487162 0.001210 
1959.986662 0.001160 
1958.486162 0.001140 
1956.985662 0.001120 
1955.485162 0.001130 
1953.984662 0.001130 
1952.484161 0.001110 
1950.983661 0.001069 
1949.483161 0.000969 
1947.982661 0.000943 
1946.482161 0.000896 
1944.981661 0.000909 
1943.481160 0.000975 
1941.980660 0.000951 
1940.480160 0.000891 
1938.979660 0.000891 
1937.479160 0.000860 
1935.978660 0.000839 
1934.478159 0.000830 
1932.977659 0.000809 
1931.477159 0.000821 
1929.976659 0.000786 
1928.476159 0.000756 
1926.975659 0.000752 
1925.475158 0.000744 
1923.974658 0.000774 
1922.474158 0.000777 
1920.973658 0.000704 
1919.473158 0.000772 
1917.972658 0.000819 
1916.472157 0.000703 
1914.971657 0.000643 
1913.471157 0.000639 
1911.970657 0.000639 
1910.470157 0.000643 
1908.969657 0.000630 
1907.469156 0.000613 
1905.968656 0.000590 
1904.468156 0.000569 
1902.967656 0.000565 
1901.467156 0.000556 
1899.966656 0.000535 
1898.466155 0.000556 
1896.965655 0.000566 
1895.465155 0.000582 
1893.964655 0.000546 
1892.464155 0.000518 
1890.963655 0.000585 
1889.463154 0.000628 
1887.962654 0.000547 
1886.462154 0.000521 
1884.961654 0.000531 
1883.461154 0.000551 
1881.960654 0.000521 
1880.460153 0.000508 
1878.959653 0.000504 
1877.459153 0.000504 
1875.958653 0.000504 
1874.458153 0.000500 
1872.957653 0.000517 
1871.457152 0.000552 
1869.956652 0.000710 
1868.456152 0.000679 
1866.955652 0.000584 
1865.455152 0.000517 
1863.954652 0.000499 
1862.454151 0.000513 
1860.953651 0.000499 
1859.453151 0.000500 
1857.952651 0.000512 
1856.452151 0.000500 
1854.951651 0.000496 
1853.451150 0.000508 
1851.950650 0.000495 
1850.450150 0.000501 
1848.949650 0.000558 
1847.449150 0.000591 
1845.948650 0.000684 
1844.448149 0.000900 
1842.947649 0.000693 
1841.447149 0.000573 
1839.946649 0.000556 
1838.446149 0.000575 
1836.945649 0.000577 
1835.445148 0.000548 
1833.944648 0.000585 
1832.444148 0.000628 
1830.943648 0.000743 
1829.443148 0.000751 
1827.942648 0.000643 
1826.442147 0.000723 
1824.941647 0.000769 
1823.441147 0.000663 
1821.940647 0.000644 
1820.440147 0.000656 
1818.939647 0.000685 
1817.439146 0.000734 
1815.938646 0.000717 
1814.438146 0.000727 
1812.937646 0.000772 
1811.437146 0.000844 
1809.936646 0.000820 
1808.436145 0.000800 
1806.935645 0.000786 
1805.435145 0.000792 
1803.934645 0.000857 
1802.434145 0.000985 
1800.933645 0.000981 
1799.433144 0.000935 
1797.932644 0.000875 
1796.432144 0.000908 
1794.931644 0.000906 
1793.431144 0.001150 
1791.930644 0.001173 
1790.430143 0.000991 
1788.929643 0.000867 
1787.429143 0.000852 
1785.928643 0.001001 
1784.428143 0.000961 
1782.927643 0.000872 
1781.427142 0.000950 
1779.926642 0.000932 
1778.426142 0.000887 
1776.925642 0.000925 
1775.425142 0.000941 
1773.924642 0.001160 
1772.424141 0.001329 
1770.923641 0.001062 
1769.423141 0.001135 
1767.922641 0.001215 
1766.422141 0.000961 
1764.921641 0.000927 
1763.421140 0.001046 
1761.920640 0.001200 
1760.420140 0.000976 
1758.919640 0.000945 
1757.419140 0.001080 
1755.918640 0.000960 
1754.418139 0.000862 
1752.917639 0.001078 
1751.417139 0.001398 
1749.916639 0.001120 
1748.416139 0.001027 
1746.915639 0.000957 
1745.415138 0.000943 
1743.914638 0.000995 
1742.414138 0.000925 
1740.913638 0.001030 
1739.413138 0.001038 
1737.912638 0.000874 
1736.412137 0.000983 
1734.911637 0.001645 
1733.411137 0.001527 
1731.910637 0.000961 
1730.410137 0.000924 
1728.909637 0.000834 
1727.409136 0.000791 
1725.908636 0.000788 
1724.408136 0.000822 
1722.907636 0.000809 
1721.407136 0.000848 
1719.906636 0.001171 
1718.406135 0.002005 
1716.905635 0.002419 
1715.405135 0.003049 
1713.904635 0.003971 
1712.404135 0.004916 
1710.903635 0.005681 
1709.403134 0.005960 
1707.902634 0.005874 
1706.402134 0.005527 
1704.901634 0.004977 
1703.401134 0.004294 
1701.900634 0.004100 
1700.400133 0.004012 
1698.899633 0.002862 
1697.399133 0.002520 
1695.898633 0.002507 
1694.398133 0.001495 
1692.897633 0.001044 
1691.397132 0.000871 
1689.896632 0.000790 
1688.396132 0.000706 
1686.895632 0.000677 
1685.395132 0.001329 
1683.894632 0.001182 
1682.394131 0.000617 
1680.893631 0.000535 
1679.393131 0.000451 
1677.892631 0.000371 
1676.392131 0.000657 
1674.891631 0.000669 
1673.391130 0.000370 
1671.890630 0.000451 
1670.390130 0.000610 
1668.889630 0.000605 
1667.389130 0.000346 
1665.888630 0.000274 
1664.388129 0.000350 
1662.887629 0.000482 
1661.387129 0.000302 
1659.886629 0.000216 
1658.386129 0.000204 
1656.885629 0.000214 
1655.385128 0.000581 
1653.884628 0.001345 
1652.384128 0.001080 
1650.883628 0.000291 
1649.383128 0.000251 
1647.882628 0.000496 
1646.382127 0.000681 
1644.881627 0.000315 
1643.381127 0.000141 
1641.880627 0.000121 
1640.380127 0.000114 
1638.879627 0.000161 
1637.379126 0.000364 
1635.878626 0.000739 
1634.378126 0.000330 
1632.877626 0.000001 
1631.377126 0.000055 
1629.876626 0.000078 
1628.376125 0.000161 
1626.875625 0.000123 
1625.375125 0.000141 
1623.874625 0.000316 
1622.374125 0.000174 
1620.873625 0.000086 
1619.373124 0.000097 
1617.872624 0.000432 
1616.372124 0.000504 
1614.871624 0.000139 
1613.371124 0.000051 
1611.870624 0.000049 
1610.370123 0.000072 
1608.869623 0.000073 
1607.369123 0.000068 
1605.868623 0.000045 
1604.368123 0.000069 
1602.867623 0.000090 
1601.367122 0.000057 
1599.866622 0.000021 
1598.366122 0.000017 
1596.865622 0.000034 
1595.365122 0.000077 
1593.864622 0.000097 
1592.364121 0.000139 
1590.863621 0.000165 
1589.363121 0.000155 
1587.862621 0.000151 
1586.362121 0.000179 
1584.861621 0.000198 
1583.361120 0.000193 
1581.860620 0.000091 
1580.360120 0.000109 
1578.859620 0.000156 
1577.359120 0.000544 
1575.858620 0.000638 
1574.358119 0.000212 
1572.857619 0.000187 
1571.357119 0.000344 
1569.856619 0.000590 
1568.356119 0.000405 
1566.855619 0.000335 
1565.355118 0.000427 
1563.854618 0.000419 
1562.354118 0.000531 
1560.853618 0.001296 
1559.353118 0.001691 
1557.852618 0.001257 
1556.352117 0.000690 
1554.851617 0.000979 
1553.351117 0.000703 
1551.850617 0.000589 
1550.350117 0.000801 
1548.849617 0.000676 
1547.349116 0.000699 
1545.848616 0.001093 
1544.348116 0.001209 
1542.847616 0.001520 
1541.347116 0.001814 
1539.846616 0.002160 
1538.346115 0.001696 
1536.845615 0.001274 
1535.345115 0.001371 
1533.844615 0.001581 
1532.344115 0.001378 
1530.843615 0.001191 
1529.343114 0.001229 
1527.842614 0.001389 
1526.342114 0.001546 
1524.841614 0.001488 
1523.341114 0.001538 
1521.840614 0.002059 
1520.340113 0.001783 
1518.839613 0.001343 
1517.339113 0.001444 
1515.838613 0.001254 
1514.338113 0.001067 
1512.837613 0.001156 
1511.337112 0.001080 
1509.836612 0.001193 
1508.336112 0.001572 
1506.835612 0.001924 
1505.335112 0.001431 
1503.834612 0.000928 
1502.334111 0.000907 
1500.833611 0.000936 
1499.333111 0.001100 
1497.832611 0.001197 
1496.332111 0.001433 
1494.831611 0.001038 
1493.331110 0.000932 
1491.830610 0.001127 
1490.330110 0.001357 
1488.829610 0.001216 
1487.329110 0.001126 
1485.828610 0.000975 
1484.328109 0.000903 
1482.827609 0.000907 
1481.327109 0.000952 
1479.826609 0.000890 
1478.326109 0.000907 
1476.825609 0.001134 
1475.325108 0.001110 
1473.824608 0.001392 
1472.324108 0.001415 
1470.823608 0.001039 
1469.323108 0.000930 
1467.822608 0.000958 
1466.322107 0.001150 
1464.821607 0.001389 
1463.321107 0.001263 
1461.820607 0.001322 
1460.320107 0.001604 
1458.819607 0.002140 
1457.319106 0.002961 
1455.818606 0.002701 
1454.318106 0.002461 
1452.817606 0.002683 
1451.317106 0.002919 
1449.816606 0.003229 
1448.316105 0.003724 
1446.815605 0.003987 
1445.315105 0.004458 
1443.814605 0.005146 
1442.314105 0.005978 
1440.813605 0.006844 
1439.313104 0.007682 
1437.812604 0.008886 
1436.312104 0.009746 
1434.811604 0.010090 
1433.311104 0.010985 
1431.810604 0.012004 
1430.310103 0.013250 
1428.809603 0.014555 
1427.309103 0.016133 
1425.808603 0.018244 
1424.308103 0.020753 
1422.807603 0.022724 
1421.307102 0.024104 
1419.806602 0.025270 
1418.306102 0.025237 
1416.805602 0.024951 
1415.305102 0.024708 
1413.804602 0.024773 
1412.304101 0.025326 
1410.803601 0.026250 
1409.303101 0.027125 
1407.802601 0.027773 
1406.302101 0.028628 
1404.801601 0.030052 
1403.301100 0.032144 
1401.800600 0.035356 
1400.300100 0.039724 
1398.799600 0.045048 
1397.299100 0.051861 
1395.798600 0.062569 
1394.298099 0.079090 
1392.797599 0.098488 
1391.297099 0.109565 
1389.796599 0.101927 
1388.296099 0.083104 
1386.795599 0.065019 
1385.295098 0.052294 
1383.794598 0.044155 
1382.294098 0.038795 
1380.793598 0.034988 
1379.293098 0.032122 
1377.792598 0.029862 
1376.292097 0.028050 
1374.791597 0.026507 
1373.291097 0.023994 
1371.790597 0.018944 
1370.290097 0.013356 
1368.789597 0.009943 
1367.289096 0.007982 
1365.788596 0.006486 
1364.288096 0.005329 
1362.787596 0.004403 
1361.287096 0.003679 
1359.786596 0.003246 
1358.286095 0.003107 
1356.785595 0.003043 
1355.285095 0.002853 
1353.784595 0.002445 
1352.284095 0.001947 
1350.783595 0.001498 
1349.283094 0.001171 
1347.782594 0.000960 
1346.282094 0.000816 
1344.781594 0.000708 
1343.281094 0.000619 
1341.780594 0.000613 
1340.280093 0.000710 
1338.779593 0.000656 
1337.279093 0.000577 
1335.778593 0.000518 
1334.278093 0.000483 
1332.777593 0.000454 
1331.277092 0.000441 
1329.776592 0.000439 
1328.276092 0.000433 
1326.775592 0.000432 
1325.275092 0.000433 
1323.774592 0.000415 
1322.274091 0.000410 
1320.773591 0.000425 
1319.273091 0.000458 
1317.772591 0.000454 
1316.272091 0.000441 
1314.771591 0.000456 
1313.271090 0.000488 
1311.770590 0.000498 
1310.270090 0.000516 
1308.769590 0.000573 
1307.269090 0.000576 
1305.768590 0.000590 
1304.268089 0.000649 
1302.767589 0.000699 
1301.267089 0.000728 
1299.766589 0.000732 
1298.266089 0.000728 
1296.765589 0.000704 
1295.265088 0.000734 
1293.764588 0.000800 
1292.264088 0.000819 
1290.763588 0.000858 
1289.263088 0.000940 
1287.762588 0.001113 
1286.262087 0.001363 
1284.761587 0.001628 
1283.261087 0.001800 
1281.760587 0.001643 
1280.260087 0.001133 
1278.759587 0.000786 
1277.259086 0.000659 
1275.758586 0.000635 
1274.258086 0.000641 
1272.757586 0.000671 
1271.257086 0.000702 
1269.756586 0.000700 
1268.256085 0.000708 
1266.755585 0.000685 
1265.255085 0.000635 
1263.754585 0.000554 
1262.254085 0.000478 
1260.753585 0.000398 
1259.253084 0.000328 
1257.752584 0.000302 
1256.252084 0.000350 
1254.751584 0.000428 
1253.251084 0.000478 
1251.750584 0.000530 
1250.250083 0.000567 
1248.749583 0.000600 
1247.249083 0.000630 
1245.748583 0.000645 
1244.248083 0.000693 
1242.747583 0.000780 
1241.247082 0.000924 
1239.746582 0.001131 
1238.246082 0.001396 
1236.745582 0.001661 
1235.245082 0.001855 
1233.744582 0.001945 
1232.244081 0.001900 
1230.743581 0.001739 
1229.243081 0.001464 
1227.742581 0.001179 
1226.242081 0.000918 
1224.741581 0.000723 
1223.241080 0.000612 
1221.740580 0.000582 
1220.240080 0.000563 
1218.739580 0.000556 
1217.239080 0.000543 
1215.738580 0.000528 
1214.238079 0.000524 
1212.737579 0.000548 
1211.237079 0.000556 
1209.736579 0.000528 
1208.236079 0.000532 
1206.735579 0.000530 
1205.235078 0.000515 
1203.734578 0.000519 
1202.234078 0.000504 
1200.733578 0.000511 
1199.233078 0.000506 
1197.732578 0.000491 
1196.232077 0.000478 
1194.731577 0.000474 
1193.231077 0.000485 
1191.730577 0.000480 
1190.230077 0.000465 
1188.729577 0.000454 
1187.229076 0.000421 
1185.728576 0.000395 
1184.228076 0.000313 
1182.727576 0.000022 
1181.227076 0.000096 
1179.726576 0.000525 
1178.226075 0.000566 
1176.725575 0.000485 
1175.225075 0.000427 
1173.724575 0.000371 
1172.224075 0.000343 
1170.723575 0.000343 
1169.223074 0.000308 
1167.722574 0.000289 
1166.222074 0.000273 
1164.721574 0.000264 
1163.221074 0.000269 
1161.720574 0.000256 
1160.220073 0.000255 
1158.719573 0.000278 
1157.219073 0.000239 
1155.718573 0.000233 
1154.218073 0.000177 
1152.717573 0.000089 
1151.217072 0.000077 
1149.716572 0.000167 
1148.216072 0.000253 
1146.715572 0.000252 
1145.215072 0.000254 
1143.714572 0.000243 
1142.214071 0.000219 
1140.713571 0.000206 
1139.213071 0.000204 
1137.712571 0.000186 
1136.212071 0.000148 
1134.711571 0.000158 
1133.211070 0.000168 
1131.710570 0.000164 
1130.210070 0.000143 
1128.709570 0.000107 
1127.209070 0.000114 
1125.708570 0.000090 
1124.208069 0.000076 
1122.707569 0.000069 
1121.207069 0.000071 
1119.706569 0.000068 
1118.206069 0.000064 
1116.705569 0.000046 
1115.205068 0.000040 
1113.704568 0.000024 
1112.204068 0.000022 
1110.703568 0.000032 
1109.203068 0.000020 
1107.702568 -0.000002 
1106.202067 0.000005 
1104.701567 -0.000016 
1103.201067 -0.000023 
1101.700567 0.000017 
1100.200067 0.000122 
1098.699567 0.000277 
1097.199066 0.000469 
1095.698566 0.000579 
1094.198066 0.000628 
1092.697566 0.000576 
1091.197066 0.000444 
1089.696566 0.000335 
1088.196065 0.000266 
1086.695565 0.000229 
1085.195065 0.000235 
1083.694565 0.000193 
1082.194065 0.000097 
1080.693565 0.000091 
1079.193064 0.000169 
1077.692564 0.000245 
1076.192064 0.000269 
1074.691564 0.000281 
1073.191064 0.000278 
1071.690564 0.000287 
1070.190063 0.000285 
1068.689563 0.000286 
1067.189063 0.000275 
1065.688563 0.000298 
1064.188063 0.000280 
1062.687563 0.000285 
1061.187062 0.000288 
1059.686562 0.000275 
1058.186062 0.000271 
1056.685562 0.000255 
1055.185062 0.000222 
1053.684562 0.000206 
1052.184061 0.000180 
1050.683561 0.000171 
1049.183061 0.000179 
1047.682561 0.000193 
1046.182061 0.000178 
1044.681561 0.000195 
1043.181060 0.000224 
1041.680560 0.000193 
1040.180060 0.000177 
1038.679560 0.000175 
1037.179060 0.000165 
1035.678560 0.000162 
1034.178059 0.000133 
1032.677559 0.000112 
1031.177059 0.000074 
1029.676559 0.000031 
1028.176059 0.000002 
1026.675559 -0.000042 
1025.175058 -0.000110 
1023.674558 -0.000191 
1022.174058 -0.000237 
1020.673558 -0.000263 
1019.173058 -0.000328 
1017.672558 -0.000357 
1016.172057 -0.000398 
1014.671557 -0.000415 
1013.171057 -0.000395 
1011.670557 -0.000386 
1010.170057 -0.000334 
1008.669557 -0.000336 
1007.169056 -0.000339 
1005.668556 -0.000350 
1004.168056 -0.000347 
1002.667556 -0.000362 
1001.167056 -0.000388 
999.666556 -0.000417 
998.166055 -0.000396 
996.665555 -0.000433 
995.165055 -0.000462 
993.664555 -0.000501 
992.164055 -0.000515 
990.663555 -0.000518 
989.163054 -0.000535 
987.662554 -0.000569 
986.162054 -0.000605 
984.661554 -0.000615 
983.161054 -0.000650 
981.660554 -0.000692 
980.160053 -0.000750 
978.659553 -0.000812 
977.159053 -0.000875 
975.658553 -0.000936 
974.158053 -0.000950 
972.657553 -0.001012 
971.157052 -0.001057 
969.656552 -0.001067 
968.156052 -0.001117 
966.655552 -0.001150 
965.155052 -0.001177 
963.654552 -0.001210 
962.154051 -0.001237 
960.653551 -0.001247 
959.153051 -0.001250 
957.652551 -0.001270 
956.152051 -0.001253 
954.651551 -0.001250 
953.151050 -0.001267 
951.650550 -0.001253 
950.150050 -0.001206 
948.649550 -0.001180 
947.149050 -0.001153 
945.648550 -0.001143 
944.148049 -0.001113 
942.647549 -0.001083 
941.147049 -0.001060 
939.646549 -0.001050 
938.146049 -0.000998 
936.645549 -0.000964 
935.145048 -0.000948 
933.644548 -0.000930 
932.144048 -0.000902 
930.643548 -0.000875 
929.143048 -0.000866 
927.642548 -0.000857 
926.142047 -0.000850 
924.641547 -0.000843 
923.141047 -0.000836 
921.640547 -0.000834 
920.140047 -0.000802 
918.639547 -0.000782 
917.139046 -0.000774 
915.638546 -0.000756 
914.138046 -0.000728 
912.637546 -0.000653 
911.137046 -0.000520 
909.636546 -0.000416 
908.136045 -0.000321 
906.635545 -0.000198 
905.135045 -0.000052 
903.634545 0.000066 
902.134045 0.000157 
900.633545 0.000246 
899.133044 0.000261 
897.632544 0.000247 
896.132044 0.000184 
894.631544 0.000110 
893.131044 0.000045 
891.630544 -0.000014 
890.130043 -0.000020 
888.629543 -0.000001 
887.129043 0.000008 
885.628543 0.000003 
884.128043 0.000013 
882.627543 -0.000043 
881.127042 -0.000111 
879.626542 -0.000118 
878.126042 -0.000075 
876.625542 -0.000005 
875.125042 0.000010 
873.624542 -0.000030 
872.124041 -0.000098 
870.623541 -0.000172 
869.123041 -0.000235 
867.622541 -0.000252 
866.122041 -0.000232 
864.621541 -0.000202 
863.121040 -0.000179 
861.620540 -0.000162 
860.120040 -0.000162 
858.619540 -0.000117 
857.119040 -0.000039 
855.618540 0.000033 
854.118039 0.000123 
852.617539 0.000167 
851.117039 0.000209 
849.616539 0.000243 
848.116039 0.000239 
846.615539 0.000212 
845.115038 0.000208 
843.614538 0.000224 
842.114038 0.000239 
840.613538 0.000210 
839.113038 0.000208 
837.612538 0.000203 
836.112037 0.000156 
834.611537 0.000123 
833.111037 0.000125 
831.610537 0.000116 
830.110037 0.000123 
828.609537 0.000124 
827.109036 0.000132 
825.608536 0.000160 
824.108036 0.000171 
822.607536 0.000266 
821.107036 0.000334 
819.606536 0.000450 
818.106035 0.000587 
816.605535 0.000716 
815.105035 0.000834 
813.604535 0.000990 
812.104035 0.001168 
810.603535 0.001393 
809.103034 0.001604 
807.602534 0.001836 
806.102034 0.002084 
804.601534 0.002426 
803.101034 0.002748 
801.600534 0.003116 
800.100033 0.003514 
798.599533 0.003976 
797.099033 0.004548 
795.598533 0.005425 
794.098033 0.008004 
792.597533 0.014372 
791.097032 0.014069 
789.596532 0.012647 
788.096032 0.014976 
786.595532 0.018563 
785.095032 0.021517 
783.594532 0.024306 
782.094031 0.029128 
780.593531 0.036675 
779.093031 0.046819 
777.592531 0.061099 
776.092031 0.083790 
774.591531 0.121989 
773.091030 0.188322 
771.590530 0.295085 
770.090030 0.387756 
768.589530 0.385795 
767.089030 0.360966 
765.588530 0.360096 
764.088029 0.374545 
762.587529 0.398799 
761.087029 0.419346 
759.586529 0.396185 
758.086029 0.319891 
756.585529 0.238580 
755.085028 0.180079 
753.584528 0.142881 
752.084028 0.120097 
750.583528 0.106601 
749.083028 0.099429 
747.582528 0.096272 
746.082027 0.093665 
744.581527 0.085023 
743.081027 0.065302 
741.580527 0.044650 
740.080027 0.031285 
738.579527 0.023250 
737.079026 0.018233 
735.578526 0.014845 
734.078026 0.012432 
732.577526 0.010557 
731.077026 0.009195 
729.576526 0.008044 
728.076025 0.007103 
726.575525 0.006386 
725.075025 0.005712 
723.574525 0.005249 
722.074025 0.004851 
720.573525 0.004560 
719.073024 0.004203 
717.572524 0.003777 
716.072024 0.003464 
714.571524 0.003171 
713.071024 0.003024 
711.570524 0.002843 
710.070023 0.002646 
708.569523 0.002470 
707.069023 0.002251 
705.568523 0.002083 
704.068023 0.002014 
702.567523 0.001925 
701.067022 0.001722 
699.566522 0.001422 
698.066022 0.001293 
696.565522 0.001129 
695.065022 0.000911 
693.564522 0.000826 
692.064021 0.000675 
690.563521 0.000497 
689.063021 0.000276 
687.562521 0.000173 
686.062021 0.000075 
684.561521 -0.000004 
683.061020 -0.000021 
681.560520 -0.000007 
680.060020 -0.000130 
678.559520 -0.000188 
677.059020 -0.000246 
675.558520 -0.000157 
674.058019 -0.000158 
672.557519 -0.000183 
671.057019 -0.000202 
669.556519 -0.000210 
668.056019 -0.000123 
666.555519 -0.000260 
665.055018 -0.000315 
663.554518 -0.000350 
662.054018 -0.000398 
660.553518 -0.000413 
659.053018 -0.000385 
657.552518 -0.000513 
656.052017 -0.000471 
654.551517 -0.000439 
653.051017 -0.000431 
651.550517 -0.000407 
650.050017 -0.000476 
648.549517 -0.000573 
647.049016 -0.000522 
645.548516 -0.000475 
644.048016 -0.000563 
642.547516 -0.000556 
641.047016 -0.000455 
639.546516 -0.000441 
638.046015 -0.000524 
636.545515 -0.000538 
635.045015 -0.000568 
633.544515 -0.000461 
632.044015 -0.000399 
630.543515 -0.000480 
629.043014 -0.000536 
627.542514 -0.000594 
626.042014 -0.000578 
624.541514 -0.000535 
623.041014 -0.000537 
621.540514 -0.000564 
620.040013 -0.000573 
618.539513 -0.000535 
617.039013 -0.000536 
615.538513 -0.000527 
614.038013 -0.000495 
612.537513 -0.000425 
611.037012 -0.000384 
609.536512 -0.000419 
608.036012 -0.000330 
606.535512 -0.000423 
605.035012 -0.000418 
603.534512 -0.000284 
602.034011 -0.000325 
600.533511 -0.000206 
599.033011 -0.000378 
597.532511 -0.000299 
596.032011 -0.000111 
594.531511 -0.000556 
593.031010 -0.000458 
591.530510 -0.000425 
590.030010 -0.000485 
588.529510 -0.000470 
587.029010 -0.000468 
585.528510 -0.000469 
584.028009 -0.000524 
582.527509 -0.000475 
581.027009 -0.000481 
579.526509 -0.000572 
578.026009 -0.000586 
576.525509 -0.000548 
575.025008 -0.000465 
573.524508 -0.000490 
572.024008 -0.000567 
570.523508 -0.000557 
569.023008 -0.000474 
567.522508 -0.000512 
566.022007 -0.000512 
564.521507 -0.000509 
563.021007 -0.000392 
561.520507 -0.000476 
560.020007 -0.000512 
558.519507 -0.000500 
557.019006 -0.000456 
555.518506 -0.000413 
554.018006 -0.000386 
552.517506 -0.000404 
551.017006 -0.000383 
549.516506 -0.000325 
548.016005 -0.000271 
546.515505 -0.000225 
545.015005 -0.000278 
543.514505 -0.000226 
542.014005 -0.000097 
540.513505 0.000090 
539.013004 0.000316 
537.512504 0.000424 
536.012004 0.000496 
534.511504 0.000267 
533.011004 0.000049 
531.510504 -0.000095 
530.010003 -0.000203 
528.509503 -0.000204 
527.009003 -0.000218 
525.508503 -0.000165 
524.008003 -0.000209 
522.507503 -0.000148 
521.007002 -0.000191 
519.506502 0.000064 
518.006002 0.000156 
516.505502 0.000100 
515.005002 0.000152 
513.504502 0.000178 
512.004001 0.000408 
510.503501 0.000495 
509.003001 0.000417 
507.502501 0.000525 
506.002001 0.000691 
504.501501 0.000435 
503.001000 0.000513 
501.500500 0.000948 
500.000000 0.001060 
