5000.000000 -0.000742 
4998.499500 -0.000720 
4996.999000 -0.000759 
4995.498499 -0.000725 
4993.997999 -0.000686 
4992.497499 -0.000699 
4990.996999 -0.000807 
4989.496499 -0.000755 
4987.995999 -0.000751 
4986.495498 -0.000747 
4984.994998 -0.000824 
4983.494498 -0.000859 
4981.993998 -0.000884 
4980.493498 -0.000777 
4978.992998 -0.000902 
4977.492497 -0.000772 
4975.991997 -0.000733 
4974.491497 -0.000703 
4972.990997 -0.000673 
4971.490497 -0.000695 
4969.989997 -0.000755 
4968.489496 -0.000708 
4966.988996 -0.000812 
4965.488496 -0.000849 
4963.987996 -0.000711 
4962.487496 -0.000629 
4960.986996 -0.000674 
4959.486495 -0.000755 
4957.985995 -0.000746 
4956.485495 -0.000708 
4954.984995 -0.000701 
4953.484495 -0.000582 
4951.983995 -0.000678 
4950.483494 -0.000697 
4948.982994 -0.000595 
4947.482494 -0.000691 
4945.981994 -0.000748 
4944.481494 -0.000872 
4942.980994 -0.000810 
4941.480493 -0.000716 
4939.979993 -0.000765 
4938.479493 -0.000859 
4936.978993 -0.000859 
4935.478493 -0.000816 
4933.977993 -0.000878 
4932.477492 -0.000928 
4930.976992 -0.000885 
4929.476492 -0.000901 
4927.975992 -0.000856 
4926.475492 -0.000919 
4924.974992 -0.000825 
4923.474491 -0.000885 
4921.973991 -0.000834 
4920.473491 -0.000925 
4918.972991 -0.000938 
4917.472491 -0.000954 
4915.971991 -0.000964 
4914.471490 -0.000947 
4912.970990 -0.000836 
4911.470490 -0.000776 
4909.969990 -0.000774 
4908.469490 -0.000872 
4906.968990 -0.000830 
4905.468489 -0.000807 
4903.967989 -0.000644 
4902.467489 -0.000769 
4900.966989 -0.000787 
4899.466489 -0.000900 
4897.965989 -0.000941 
4896.465488 -0.000887 
4894.964988 -0.000806 
4893.464488 -0.000812 
4891.963988 -0.000818 
4890.463488 -0.000803 
4888.962988 -0.000781 
4887.462487 -0.000808 
4885.961987 -0.000842 
4884.461487 -0.000887 
4882.960987 -0.000937 
4881.460487 -0.000923 
4879.959987 -0.000890 
4878.459486 -0.000948 
4876.958986 -0.000961 
4875.458486 -0.000885 
4873.957986 -0.000933 
4872.457486 -0.000950 
4870.956986 -0.000934 
4869.456485 -0.001010 
4867.955985 -0.000936 
4866.455485 -0.000954 
4864.954985 -0.000917 
4863.454485 -0.000988 
4861.953985 -0.000951 
4860.453484 -0.000945 
4858.952984 -0.000813 
4857.452484 -0.000927 
4855.951984 -0.000912 
4854.451484 -0.000844 
4852.950984 -0.000810 
4851.450483 -0.000908 
4849.949983 -0.000879 
4848.449483 -0.000901 
4846.948983 -0.000978 
4845.448483 -0.000947 
4843.947983 -0.000861 
4842.447482 -0.000998 
4840.946982 -0.000858 
4839.446482 -0.000941 
4837.945982 -0.001024 
4836.445482 -0.001150 
4834.944982 -0.001066 
4833.444481 -0.000940 
4831.943981 -0.000885 
4830.443481 -0.000986 
4828.942981 -0.001011 
4827.442481 -0.001020 
4825.941981 -0.001061 
4824.441480 -0.001051 
4822.940980 -0.001110 
4821.440480 -0.001076 
4819.939980 -0.000988 
4818.439480 -0.001077 
4816.938980 -0.001146 
4815.438479 -0.001050 
4813.937979 -0.001080 
4812.437479 -0.001033 
4810.936979 -0.000860 
4809.436479 -0.000916 
4807.935979 -0.001045 
4806.435478 -0.000918 
4804.934978 -0.000964 
4803.434478 -0.001026 
4801.933978 -0.000990 
4800.433478 -0.000965 
4798.932978 -0.000996 
4797.432477 -0.001141 
4795.931977 -0.001149 
4794.431477 -0.001096 
4792.930977 -0.001037 
4791.430477 -0.001003 
4789.929977 -0.001037 
4788.429476 -0.000990 
4786.928976 -0.001033 
4785.428476 -0.001143 
4783.927976 -0.001096 
4782.427476 -0.001031 
4780.926976 -0.001090 
4779.426475 -0.000940 
4777.925975 -0.000847 
4776.425475 -0.000838 
4774.924975 -0.000843 
4773.424475 -0.000886 
4771.923975 -0.000893 
4770.423474 -0.000771 
4768.922974 -0.000811 
4767.422474 -0.000856 
4765.921974 -0.000724 
4764.421474 -0.000655 
4762.920974 -0.000640 
4761.420473 -0.000574 
4759.919973 -0.000584 
4758.419473 -0.000676 
4756.918973 -0.000638 
4755.418473 -0.000552 
4753.917973 -0.000604 
4752.417472 -0.000589 
4750.916972 -0.000569 
4749.416472 -0.000537 
4747.915972 -0.000571 
4746.415472 -0.000594 
4744.914972 -0.000642 
4743.414471 -0.000619 
4741.913971 -0.000699 
4740.413471 -0.000686 
4738.912971 -0.000749 
4737.412471 -0.000769 
4735.911971 -0.000827 
4734.411470 -0.000884 
4732.910970 -0.000891 
4731.410470 -0.000794 
4729.909970 -0.000803 
4728.409470 -0.000769 
4726.908970 -0.000835 
4725.408469 -0.000874 
4723.907969 -0.000817 
4722.407469 -0.000855 
4720.906969 -0.000952 
4719.406469 -0.000822 
4717.905969 -0.000828 
4716.405468 -0.000815 
4714.904968 -0.000784 
4713.404468 -0.000817 
4711.903968 -0.000801 
4710.403468 -0.000830 
4708.902968 -0.000796 
4707.402467 -0.000874 
4705.901967 -0.000895 
4704.401467 -0.000861 
4702.900967 -0.000746 
4701.400467 -0.000719 
4699.899967 -0.000681 
4698.399466 -0.000628 
4696.898966 -0.000633 
4695.398466 -0.000607 
4693.897966 -0.000534 
4692.397466 -0.000422 
4690.896966 -0.000584 
4689.396465 -0.000548 
4687.895965 -0.000545 
4686.395465 -0.000554 
4684.894965 -0.000591 
4683.394465 -0.000647 
4681.893965 -0.000685 
4680.393464 -0.000761 
4678.892964 -0.000661 
4677.392464 -0.000687 
4675.891964 -0.000729 
4674.391464 -0.000749 
4672.890964 -0.000767 
4671.390463 -0.000737 
4669.889963 -0.000740 
4668.389463 -0.000692 
4666.888963 -0.000696 
4665.388463 -0.000726 
4663.887963 -0.000786 
4662.387462 -0.000663 
4660.886962 -0.000655 
4659.386462 -0.000673 
4657.885962 -0.000576 
4656.385462 -0.000558 
4654.884962 -0.000620 
4653.384461 -0.000645 
4651.883961 -0.000659 
4650.383461 -0.000632 
4648.882961 -0.000759 
4647.382461 -0.000769 
4645.881961 -0.000791 
4644.381460 -0.000746 
4642.880960 -0.000772 
4641.380460 -0.000831 
4639.879960 -0.000912 
4638.379460 -0.000993 
4636.878960 -0.001030 
4635.378459 -0.001015 
4633.877959 -0.000967 
4632.377459 -0.001067 
4630.876959 -0.001073 
4629.376459 -0.000997 
4627.875959 -0.000985 
4626.375458 -0.001087 
4624.874958 -0.001095 
4623.374458 -0.001050 
4621.873958 -0.001053 
4620.373458 -0.001083 
4618.872958 -0.001098 
4617.372457 -0.001157 
4615.871957 -0.001050 
4614.371457 -0.000994 
4612.870957 -0.001027 
4611.370457 -0.000991 
4609.869957 -0.001035 
4608.369456 -0.001035 
4606.868956 -0.001035 
4605.368456 -0.001042 
4603.867956 -0.000995 
4602.367456 -0.001007 
4600.866956 -0.000944 
4599.366455 -0.000900 
4597.865955 -0.000885 
4596.365455 -0.000829 
4594.864955 -0.000831 
4593.364455 -0.000891 
4591.863955 -0.000860 
4590.363454 -0.000888 
4588.862954 -0.000890 
4587.362454 -0.000951 
4585.861954 -0.000896 
4584.361454 -0.000905 
4582.860954 -0.000935 
4581.360453 -0.000926 
4579.859953 -0.000874 
4578.359453 -0.000899 
4576.858953 -0.000926 
4575.358453 -0.001066 
4573.857953 -0.001010 
4572.357452 -0.000981 
4570.856952 -0.000957 
4569.356452 -0.000941 
4567.855952 -0.001033 
4566.355452 -0.001014 
4564.854952 -0.000908 
4563.354451 -0.000883 
4561.853951 -0.001016 
4560.353451 -0.001033 
4558.852951 -0.001047 
4557.352451 -0.001007 
4555.851951 -0.000984 
4554.351450 -0.000928 
4552.850950 -0.000987 
4551.350450 -0.000944 
4549.849950 -0.000879 
4548.349450 -0.000850 
4546.848950 -0.000914 
4545.348449 -0.000928 
4543.847949 -0.000943 
4542.347449 -0.000894 
4540.846949 -0.000875 
4539.346449 -0.000820 
4537.845949 -0.000825 
4536.345448 -0.000718 
4534.844948 -0.000764 
4533.344448 -0.000879 
4531.843948 -0.000842 
4530.343448 -0.000790 
4528.842948 -0.000710 
4527.342447 -0.000699 
4525.841947 -0.000711 
4524.341447 -0.000705 
4522.840947 -0.000703 
4521.340447 -0.000761 
4519.839947 -0.000699 
4518.339446 -0.000625 
4516.838946 -0.000622 
4515.338446 -0.000642 
4513.837946 -0.000569 
4512.337446 -0.000472 
4510.836946 -0.000483 
4509.336445 -0.000524 
4507.835945 -0.000421 
4506.335445 -0.000464 
4504.834945 -0.000485 
4503.334445 -0.000424 
4501.833945 -0.000440 
4500.333444 -0.000399 
4498.832944 -0.000353 
4497.332444 -0.000488 
4495.831944 -0.000602 
4494.331444 -0.000567 
4492.830944 -0.000579 
4491.330443 -0.000554 
4489.829943 -0.000547 
4488.329443 -0.000553 
4486.828943 -0.000552 
4485.328443 -0.000550 
4483.827943 -0.000718 
4482.327442 -0.000683 
4480.826942 -0.000690 
4479.326442 -0.000678 
4477.825942 -0.000703 
4476.325442 -0.000684 
4474.824942 -0.000643 
4473.324441 -0.000643 
4471.823941 -0.000710 
4470.323441 -0.000652 
4468.822941 -0.000668 
4467.322441 -0.000676 
4465.821941 -0.000595 
4464.321440 -0.000543 
4462.820940 -0.000551 
4461.320440 -0.000581 
4459.819940 -0.000614 
4458.319440 -0.000512 
4456.818940 -0.000524 
4455.318439 -0.000522 
4453.817939 -0.000506 
4452.317439 -0.000459 
4450.816939 -0.000470 
4449.316439 -0.000517 
4447.815939 -0.000450 
4446.315438 -0.000527 
4444.814938 -0.000488 
4443.314438 -0.000439 
4441.813938 -0.000529 
4440.313438 -0.000519 
4438.812938 -0.000531 
4437.312437 -0.000520 
4435.811937 -0.000476 
4434.311437 -0.000613 
4432.810937 -0.000649 
4431.310437 -0.000649 
4429.809937 -0.000666 
4428.309436 -0.000652 
4426.808936 -0.000566 
4425.308436 -0.000632 
4423.807936 -0.000695 
4422.307436 -0.000624 
4420.806936 -0.000595 
4419.306435 -0.000635 
4417.805935 -0.000665 
4416.305435 -0.000632 
4414.804935 -0.000641 
4413.304435 -0.000652 
4411.803935 -0.000616 
4410.303434 -0.000594 
4408.802934 -0.000661 
4407.302434 -0.000606 
4405.801934 -0.000634 
4404.301434 -0.000742 
4402.800934 -0.000699 
4401.300433 -0.000566 
4399.799933 -0.000628 
4398.299433 -0.000719 
4396.798933 -0.000668 
4395.298433 -0.000623 
4393.797933 -0.000638 
4392.297432 -0.000704 
4390.796932 -0.000732 
4389.296432 -0.000758 
4387.795932 -0.000751 
4386.295432 -0.000733 
4384.794932 -0.000686 
4383.294431 -0.000748 
4381.793931 -0.000745 
4380.293431 -0.000767 
4378.792931 -0.000749 
4377.292431 -0.000685 
4375.791931 -0.000734 
4374.291430 -0.000738 
4372.790930 -0.000749 
4371.290430 -0.000711 
4369.789930 -0.000705 
4368.289430 -0.000719 
4366.788930 -0.000715 
4365.288429 -0.000763 
4363.787929 -0.000760 
4362.287429 -0.000715 
4360.786929 -0.000718 
4359.286429 -0.000710 
4357.785929 -0.000735 
4356.285428 -0.000744 
4354.784928 -0.000770 
4353.284428 -0.000733 
4351.783928 -0.000715 
4350.283428 -0.000793 
4348.782928 -0.000862 
4347.282427 -0.000762 
4345.781927 -0.000707 
4344.281427 -0.000746 
4342.780927 -0.000728 
4341.280427 -0.000735 
4339.779927 -0.000758 
4338.279426 -0.000773 
4336.778926 -0.000811 
4335.278426 -0.000793 
4333.777926 -0.000774 
4332.277426 -0.000790 
4330.776926 -0.000802 
4329.276425 -0.000842 
4327.775925 -0.000833 
4326.275425 -0.000833 
4324.774925 -0.000821 
4323.274425 -0.000792 
4321.773925 -0.000825 
4320.273424 -0.000773 
4318.772924 -0.000765 
4317.272424 -0.000777 
4315.771924 -0.000770 
4314.271424 -0.000751 
4312.770924 -0.000727 
4311.270423 -0.000724 
4309.769923 -0.000763 
4308.269423 -0.000719 
4306.768923 -0.000643 
4305.268423 -0.000676 
4303.767923 -0.000712 
4302.267422 -0.000675 
4300.766922 -0.000719 
4299.266422 -0.000759 
4297.765922 -0.000749 
4296.265422 -0.000744 
4294.764922 -0.000736 
4293.264421 -0.000680 
4291.763921 -0.000672 
4290.263421 -0.000744 
4288.762921 -0.000705 
4287.262421 -0.000787 
4285.761921 -0.000784 
4284.261420 -0.000731 
4282.760920 -0.000742 
4281.260420 -0.000740 
4279.759920 -0.000681 
4278.259420 -0.000692 
4276.758920 -0.000690 
4275.258419 -0.000684 
4273.757919 -0.000685 
4272.257419 -0.000746 
4270.756919 -0.000774 
4269.256419 -0.000762 
4267.755919 -0.000781 
4266.255418 -0.000777 
4264.754918 -0.000753 
4263.254418 -0.000794 
4261.753918 -0.000757 
4260.253418 -0.000735 
4258.752918 -0.000733 
4257.252417 -0.000714 
4255.751917 -0.000722 
4254.251417 -0.000761 
4252.750917 -0.000772 
4251.250417 -0.000751 
4249.749917 -0.000788 
4248.249416 -0.000783 
4246.748916 -0.000837 
4245.248416 -0.000833 
4243.747916 -0.000781 
4242.247416 -0.000764 
4240.746916 -0.000766 
4239.246415 -0.000770 
4237.745915 -0.000766 
4236.245415 -0.000735 
4234.744915 -0.000709 
4233.244415 -0.000681 
4231.743915 -0.000694 
4230.243414 -0.000738 
4228.742914 -0.000748 
4227.242414 -0.000675 
4225.741914 -0.000697 
4224.241414 -0.000655 
4222.740914 -0.000627 
4221.240413 -0.000627 
4219.739913 -0.000590 
4218.239413 -0.000625 
4216.738913 -0.000566 
4215.238413 -0.000582 
4213.737913 -0.000657 
4212.237412 -0.000603 
4210.736912 -0.000568 
4209.236412 -0.000532 
4207.735912 -0.000601 
4206.235412 -0.000577 
4204.734912 -0.000560 
4203.234411 -0.000597 
4201.733911 -0.000582 
4200.233411 -0.000592 
4198.732911 -0.000558 
4197.232411 -0.000542 
4195.731911 -0.000556 
4194.231410 -0.000549 
4192.730910 -0.000571 
4191.230410 -0.000602 
4189.729910 -0.000585 
4188.229410 -0.000554 
4186.728910 -0.000584 
4185.228409 -0.000571 
4183.727909 -0.000571 
4182.227409 -0.000547 
4180.726909 -0.000562 
4179.226409 -0.000537 
4177.725909 -0.000521 
4176.225408 -0.000539 
4174.724908 -0.000551 
4173.224408 -0.000526 
4171.723908 -0.000575 
4170.223408 -0.000522 
4168.722908 -0.000501 
4167.222407 -0.000468 
4165.721907 -0.000477 
4164.221407 -0.000449 
4162.720907 -0.000457 
4161.220407 -0.000484 
4159.719907 -0.000494 
4158.219406 -0.000545 
4156.718906 -0.000520 
4155.218406 -0.000515 
4153.717906 -0.000525 
4152.217406 -0.000489 
4150.716906 -0.000525 
4149.216405 -0.000537 
4147.715905 -0.000578 
4146.215405 -0.000598 
4144.714905 -0.000634 
4143.214405 -0.000611 
4141.713905 -0.000601 
4140.213404 -0.000617 
4138.712904 -0.000685 
4137.212404 -0.000723 
4135.711904 -0.000743 
4134.211404 -0.000667 
4132.710904 -0.000713 
4131.210403 -0.000686 
4129.709903 -0.000624 
4128.209403 -0.000626 
4126.708903 -0.000660 
4125.208403 -0.000670 
4123.707903 -0.000748 
4122.207402 -0.000738 
4120.706902 -0.000696 
4119.206402 -0.000650 
4117.705902 -0.000683 
4116.205402 -0.000674 
4114.704902 -0.000670 
4113.204401 -0.000688 
4111.703901 -0.000676 
4110.203401 -0.000601 
4108.702901 -0.000569 
4107.202401 -0.000511 
4105.701901 -0.000419 
4104.201400 -0.000417 
4102.700900 -0.000370 
4101.200400 -0.000195 
4099.699900 -0.000068 
4098.199400 -0.000050 
4096.698900 0.000004 
4095.198399 0.000179 
4093.697899 0.000393 
4092.197399 0.000502 
4090.696899 0.000585 
4089.196399 0.000657 
4087.695899 0.000735 
4086.195398 0.000795 
4084.694898 0.000844 
4083.194398 0.000963 
4081.693898 0.001173 
4080.193398 0.001389 
4078.692898 0.001627 
4077.192397 0.001674 
4075.691897 0.001602 
4074.191397 0.001489 
4072.690897 0.001294 
4071.190397 0.000934 
4069.689897 0.000613 
4068.189396 0.000373 
4066.688896 0.000155 
4065.188396 -0.000005 
4063.687896 -0.000167 
4062.187396 -0.000218 
4060.686896 -0.000322 
4059.186395 -0.000406 
4057.685895 -0.000478 
4056.185395 -0.000539 
4054.684895 -0.000569 
4053.184395 -0.000581 
4051.683895 -0.000612 
4050.183394 -0.000632 
4048.682894 -0.000690 
4047.182394 -0.000655 
4045.681894 -0.000595 
4044.181394 -0.000638 
4042.680894 -0.000635 
4041.180393 -0.000614 
4039.679893 -0.000566 
4038.179393 -0.000613 
4036.678893 -0.000596 
4035.178393 -0.000587 
4033.677893 -0.000591 
4032.177392 -0.000553 
4030.676892 -0.000485 
4029.176392 -0.000451 
4027.675892 -0.000428 
4026.175392 -0.000407 
4024.674892 -0.000415 
4023.174391 -0.000440 
4021.673891 -0.000411 
4020.173391 -0.000379 
4018.672891 -0.000415 
4017.172391 -0.000460 
4015.671891 -0.000474 
4014.171390 -0.000525 
4012.670890 -0.000525 
4011.170390 -0.000519 
4009.669890 -0.000518 
4008.169390 -0.000544 
4006.668890 -0.000602 
4005.168389 -0.000573 
4003.667889 -0.000535 
4002.167389 -0.000514 
4000.666889 -0.000564 
3999.166389 -0.000564 
3997.665889 -0.000531 
3996.165388 -0.000540 
3994.664888 -0.000580 
3993.164388 -0.000524 
3991.663888 -0.000540 
3990.163388 -0.000598 
3988.662888 -0.000616 
3987.162387 -0.000609 
3985.661887 -0.000669 
3984.161387 -0.000699 
3982.660887 -0.000584 
3981.160387 -0.000571 
3979.659887 -0.000563 
3978.159386 -0.000531 
3976.658886 -0.000531 
3975.158386 -0.000512 
3973.657886 -0.000470 
3972.157386 -0.000425 
3970.656886 -0.000371 
3969.156385 -0.000296 
3967.655885 -0.000270 
3966.155385 -0.000243 
3964.654885 -0.000238 
3963.154385 -0.000201 
3961.653885 -0.000200 
3960.153384 -0.000181 
3958.652884 -0.000178 
3957.152384 -0.000188 
3955.651884 -0.000186 
3954.151384 -0.000155 
3952.650884 -0.000132 
3951.150383 -0.000099 
3949.649883 -0.000094 
3948.149383 -0.000115 
3946.648883 -0.000139 
3945.148383 -0.000125 
3943.647883 -0.000098 
3942.147382 -0.000207 
3940.646882 -0.000252 
3939.146382 -0.000231 
3937.645882 -0.000267 
3936.145382 -0.000271 
3934.644882 -0.000161 
3933.144381 -0.000153 
3931.643881 -0.000204 
3930.143381 -0.000306 
3928.642881 -0.000311 
3927.142381 -0.000295 
3925.641881 -0.000236 
3924.141380 -0.000308 
3922.640880 -0.000284 
3921.140380 -0.000259 
3919.639880 -0.000254 
3918.139380 -0.000176 
3916.638880 -0.000242 
3915.138379 -0.000276 
3913.637879 -0.000246 
3912.137379 -0.000316 
3910.636879 -0.000360 
3909.136379 -0.000345 
3907.635879 -0.000262 
3906.135378 -0.000104 
3904.634878 -0.000026 
3903.134378 -0.000004 
3901.633878 -0.000129 
3900.133378 -0.000106 
3898.632878 -0.000270 
3897.132377 -0.000317 
3895.631877 -0.000309 
3894.131377 -0.000141 
3892.630877 0.000082 
3891.130377 0.000005 
3889.629877 -0.000083 
3888.129376 0.000134 
3886.628876 0.000317 
3885.128376 0.000159 
3883.627876 0.000115 
3882.127376 0.000269 
3880.626876 0.000307 
3879.126375 0.000281 
3877.625875 0.000399 
3876.125375 0.000646 
3874.624875 0.000821 
3873.124375 0.000973 
3871.623875 0.001350 
3870.123374 0.001470 
3868.622874 0.001548 
3867.122374 0.001931 
3865.621874 0.002684 
3864.121374 0.003316 
3862.620874 0.002481 
3861.120373 0.001073 
3859.619873 0.000446 
3858.119373 0.000367 
3856.618873 0.000738 
3855.118373 0.001077 
3853.617873 0.000694 
3852.117372 0.000146 
3850.616872 -0.000252 
3849.116372 -0.000408 
3847.615872 -0.000475 
3846.115372 -0.000447 
3844.614872 -0.000451 
3843.114371 -0.000429 
3841.613871 -0.000396 
3840.113371 -0.000223 
3838.612871 -0.000076 
3837.112371 -0.000281 
3835.611871 -0.000382 
3834.111370 -0.000488 
3832.610870 -0.000538 
3831.110370 -0.000664 
3829.609870 -0.000627 
3828.109370 -0.000564 
3826.608870 -0.000605 
3825.108369 -0.000629 
3823.607869 -0.000418 
3822.107369 -0.000260 
3820.606869 -0.000389 
3819.106369 -0.000399 
3817.605869 -0.000169 
3816.105368 -0.000302 
3814.604868 -0.000487 
3813.104368 -0.000566 
3811.603868 -0.000582 
3810.103368 -0.000542 
3808.602868 -0.000250 
3807.102367 -0.000317 
3805.601867 -0.000502 
3804.101367 -0.000360 
3802.600867 -0.000099 
3801.100367 -0.000296 
3799.599867 -0.000454 
3798.099366 -0.000477 
3796.598866 -0.000516 
3795.098366 -0.000612 
3793.597866 -0.000637 
3792.097366 -0.000638 
3790.596866 -0.000602 
3789.096365 -0.000615 
3787.595865 -0.000587 
3786.095365 -0.000530 
3784.594865 -0.000562 
3783.094365 -0.000617 
3781.593865 -0.000600 
3780.093364 -0.000537 
3778.592864 -0.000580 
3777.092364 -0.000589 
3775.591864 -0.000566 
3774.091364 -0.000583 
3772.590864 -0.000534 
3771.090363 -0.000399 
3769.589863 -0.000440 
3768.089363 -0.000441 
3766.588863 -0.000424 
3765.088363 -0.000482 
3763.587863 -0.000532 
3762.087362 -0.000472 
3760.586862 -0.000358 
3759.086362 -0.000367 
3757.585862 -0.000365 
3756.085362 -0.000409 
3754.584862 -0.000131 
3753.084361 0.000159 
3751.583861 0.000156 
3750.083361 0.000186 
3748.582861 -0.000158 
3747.082361 0.000058 
3745.581861 0.000622 
3744.081360 0.000182 
3742.580860 -0.000165 
3741.080360 -0.000324 
3739.579860 -0.000270 
3738.079360 0.000049 
3736.578860 0.000169 
3735.078359 0.000087 
3733.577859 0.000039 
3732.077359 -0.000194 
3730.576859 -0.000346 
3729.076359 -0.000315 
3727.575859 -0.000165 
3726.075358 -0.000200 
3724.574858 -0.000239 
3723.074358 -0.000241 
3721.573858 -0.000314 
3720.073358 -0.000324 
3718.572858 -0.000380 
3717.072357 -0.000354 
3715.571857 -0.000299 
3714.071357 -0.000078 
3712.570857 -0.000027 
3711.070357 -0.000081 
3709.569857 -0.000218 
3708.069356 -0.000322 
3706.568856 -0.000396 
3705.068356 -0.000389 
3703.567856 -0.000311 
3702.067356 -0.000330 
3700.566856 -0.000415 
3699.066355 -0.000401 
3697.565855 -0.000386 
3696.065355 -0.000395 
3694.564855 -0.000387 
3693.064355 -0.000246 
3691.563855 -0.000178 
3690.063354 0.000110 
3688.562854 -0.000030 
3687.062354 -0.000258 
3685.561854 -0.000382 
3684.061354 -0.000416 
3682.560854 -0.000430 
3681.060353 -0.000360 
3679.559853 -0.000318 
3678.059353 -0.000031 
3676.558853 0.000279 
3675.058353 0.000007 
3673.557853 -0.000168 
3672.057352 0.000151 
3670.556852 0.000089 
3669.056352 -0.000121 
3667.555852 -0.000345 
3666.055352 -0.000433 
3664.554852 -0.000447 
3663.054351 -0.000435 
3661.553851 -0.000430 
3660.053351 -0.000418 
3658.552851 -0.000240 
3657.052351 -0.000128 
3655.551851 -0.000279 
3654.051350 -0.000263 
3652.550850 -0.000065 
3651.050350 0.000188 
3649.549850 0.000169 
3648.049350 0.000049 
3646.548850 -0.000197 
3645.048349 -0.000331 
3643.547849 -0.000368 
3642.047349 -0.000378 
3640.546849 -0.000398 
3639.046349 -0.000450 
3637.545849 -0.000494 
3636.045348 -0.000454 
3634.544848 -0.000395 
3633.044348 -0.000439 
3631.543848 -0.000089 
3630.043348 0.000245 
3628.542848 -0.000025 
3627.042347 -0.000251 
3625.541847 -0.000400 
3624.041347 -0.000481 
3622.540847 -0.000420 
3621.040347 -0.000201 
3619.539847 -0.000181 
3618.039346 -0.000351 
3616.538846 -0.000434 
3615.038346 -0.000376 
3613.537846 -0.000312 
3612.037346 -0.000382 
3610.536846 -0.000242 
3609.036345 -0.000323 
3607.535845 -0.000415 
3606.035345 -0.000510 
3604.534845 -0.000597 
3603.034345 -0.000587 
3601.533845 -0.000573 
3600.033344 -0.000539 
3598.532844 -0.000538 
3597.032344 -0.000539 
3595.531844 -0.000525 
3594.031344 -0.000521 
3592.530844 -0.000567 
3591.030343 -0.000486 
3589.529843 -0.000315 
3588.029343 -0.000311 
3586.528843 -0.000466 
3585.028343 -0.000580 
3583.527843 -0.000620 
3582.027342 -0.000637 
3580.526842 -0.000625 
3579.026342 -0.000612 
3577.525842 -0.000590 
3576.025342 -0.000590 
3574.524842 -0.000595 
3573.024341 -0.000569 
3571.523841 -0.000560 
3570.023341 -0.000416 
3568.522841 -0.000253 
3567.022341 -0.000302 
3565.521841 -0.000471 
3564.021340 -0.000580 
3562.520840 -0.000586 
3561.020340 -0.000573 
3559.519840 -0.000603 
3558.019340 -0.000603 
3556.518840 -0.000608 
3555.018339 -0.000573 
3553.517839 -0.000564 
3552.017339 -0.000594 
3550.516839 -0.000569 
3549.016339 -0.000522 
3547.515839 -0.000435 
3546.015338 -0.000460 
3544.514838 -0.000477 
3543.014338 -0.000516 
3541.513838 -0.000504 
3540.013338 -0.000534 
3538.512838 -0.000517 
3537.012337 -0.000478 
3535.511837 -0.000495 
3534.011337 -0.000495 
3532.510837 -0.000469 
3531.010337 -0.000456 
3529.509837 -0.000409 
3528.009336 -0.000373 
3526.508836 -0.000382 
3525.008336 -0.000339 
3523.507836 -0.000330 
3522.007336 -0.000369 
3520.506836 -0.000347 
3519.006335 -0.000395 
3517.505835 -0.000378 
3516.005335 -0.000369 
3514.504835 -0.000360 
3513.004335 -0.000347 
3511.503835 -0.000300 
3510.003334 -0.000287 
3508.502834 -0.000282 
3507.002334 -0.000321 
3505.501834 -0.000291 
3504.001334 -0.000221 
3502.500834 -0.000269 
3501.000333 -0.000330 
3499.499833 -0.000282 
3497.999333 -0.000261 
3496.498833 -0.000300 
3494.998333 -0.000260 
3493.497833 -0.000252 
3491.997332 -0.000252 
3490.496832 -0.000256 
3488.996332 -0.000265 
3487.495832 -0.000260 
3485.995332 -0.000230 
3484.494832 -0.000226 
3482.994331 -0.000265 
3481.493831 -0.000273 
3479.993331 -0.000247 
3478.492831 -0.000208 
3476.992331 -0.000239 
3475.491831 -0.000234 
3473.991330 -0.000174 
3472.490830 -0.000204 
3470.990330 -0.000213 
3469.489830 -0.000173 
3467.989330 -0.000144 
3466.488830 -0.000200 
3464.988329 -0.000221 
3463.487829 -0.000195 
3461.987329 -0.000178 
3460.486829 -0.000213 
3458.986329 -0.000222 
3457.485829 -0.000212 
3455.985328 -0.000178 
3454.484828 -0.000164 
3452.984328 -0.000112 
3451.483828 -0.000064 
3449.983328 0.000027 
3448.482828 0.000154 
3446.982327 0.000274 
3445.481827 0.000335 
3443.981327 0.000445 
3442.480827 0.000610 
3440.980327 0.000714 
3439.479827 0.000881 
3437.979326 0.001030 
3436.478826 0.001029 
3434.978326 0.000947 
3433.477826 0.000872 
3431.977326 0.000773 
3430.476826 0.000847 
3428.976325 0.001073 
3427.475825 0.001201 
3425.975325 0.001220 
3424.474825 0.001219 
3422.974325 0.001158 
3421.473825 0.001069 
3419.973324 0.000977 
3418.472824 0.000889 
3416.972324 0.000744 
3415.471824 0.000525 
3413.971324 0.000315 
3412.470824 0.000260 
3410.970323 0.000203 
3409.469823 0.000152 
3407.969323 0.000143 
3406.468823 0.000113 
3404.968323 0.000095 
3403.467823 0.000043 
3401.967322 -0.000005 
3400.466822 0.000001 
3398.966322 0.000053 
3397.465822 0.000075 
3395.965322 0.000113 
3394.464822 0.000130 
3392.964321 0.000116 
3391.463821 0.000087 
3389.963321 0.000068 
3388.462821 0.000011 
3386.962321 -0.000044 
3385.461821 -0.000084 
3383.961320 -0.000100 
3382.460820 -0.000127 
3380.960320 -0.000154 
3379.459820 -0.000218 
3377.959320 -0.000257 
3376.458820 -0.000297 
3374.958319 -0.000357 
3373.457819 -0.000391 
3371.957319 -0.000391 
3370.456819 -0.000409 
3368.956319 -0.000408 
3367.455819 -0.000436 
3365.955318 -0.000505 
3364.454818 -0.000502 
3362.954318 -0.000442 
3361.453818 -0.000435 
3359.953318 -0.000470 
3358.452818 -0.000463 
3356.952317 -0.000428 
3355.451817 -0.000380 
3353.951317 -0.000328 
3352.450817 -0.000244 
3350.950317 -0.000200 
3349.449817 -0.000186 
3347.949316 -0.000183 
3346.448816 -0.000164 
3344.948316 -0.000124 
3343.447816 -0.000011 
3341.947316 0.000148 
3340.446816 0.000321 
3338.946315 0.000578 
3337.445815 0.000803 
3335.945315 0.001002 
3334.444815 0.001111 
3332.944315 0.001131 
3331.443815 0.001148 
3329.943314 0.001044 
3328.442814 0.000878 
3326.942314 0.000614 
3325.441814 0.000269 
3323.941314 -0.000047 
3322.440814 -0.000203 
3320.940313 -0.000242 
3319.439813 -0.000191 
3317.939313 -0.000126 
3316.438813 -0.000142 
3314.938313 -0.000211 
3313.437813 -0.000251 
3311.937312 -0.000258 
3310.436812 -0.000261 
3308.936312 -0.000102 
3307.435812 0.000341 
3305.935312 0.000377 
3304.434812 -0.000067 
3302.934311 -0.000325 
3301.433811 -0.000367 
3299.933311 -0.000340 
3298.432811 -0.000392 
3296.932311 -0.000390 
3295.431811 -0.000380 
3293.931310 -0.000358 
3292.430810 -0.000388 
3290.930310 -0.000409 
3289.429810 -0.000464 
3287.929310 -0.000450 
3286.428810 -0.000430 
3284.928309 -0.000425 
3283.427809 -0.000406 
3281.927309 -0.000357 
3280.426809 -0.000063 
3278.926309 0.000140 
3277.425809 -0.000064 
3275.925308 -0.000116 
3274.424808 0.000035 
3272.924308 0.000208 
3271.423808 0.000376 
3269.923308 0.000604 
3268.422808 0.000877 
3266.922307 0.001230 
3265.421807 0.001612 
3263.921307 0.002035 
3262.420807 0.002593 
3260.920307 0.003313 
3259.419807 0.004141 
3257.919306 0.005173 
3256.418806 0.006408 
3254.918306 0.008065 
3253.417806 0.010155 
3251.917306 0.012885 
3250.416806 0.016431 
3248.916305 0.021108 
3247.415805 0.027232 
3245.915305 0.034622 
3244.414805 0.042647 
3242.914305 0.051173 
3241.413805 0.061630 
3239.913304 0.077141 
3238.412804 0.102568 
3236.912304 0.145409 
3235.411804 0.205156 
3233.911304 0.282902 
3232.410804 0.395330 
3230.910303 0.566373 
3229.409803 0.824651 
3227.909303 1.197918 
3226.408803 1.631079 
3224.908303 1.124787 
3223.407803 0.502173 
3221.907302 0.315579 
3220.406802 0.210700 
3218.906302 0.140335 
3217.405802 0.107870 
3215.905302 0.089437 
3214.404802 0.076469 
3212.904301 0.066385 
3211.403801 0.058406 
3209.903301 0.051924 
3208.402801 0.046641 
3206.902301 0.042268 
3205.401801 0.038526 
3203.901300 0.035372 
3202.400800 0.032665 
3200.900300 0.030306 
3199.399800 0.028250 
3197.899300 0.026395 
3196.398800 0.024727 
3194.898299 0.023232 
3193.397799 0.021816 
3191.897299 0.020496 
3190.396799 0.019302 
3188.896299 0.018177 
3187.395799 0.017141 
3185.895298 0.016187 
3184.394798 0.015293 
3182.894298 0.014463 
3181.393798 0.013677 
3179.893298 0.012953 
3178.392798 0.012307 
3176.892297 0.011685 
3175.391797 0.011077 
3173.891297 0.010513 
3172.390797 0.009995 
3170.890297 0.009531 
3169.389797 0.009107 
3167.889296 0.008661 
3166.388796 0.008273 
3164.888296 0.007893 
3163.387796 0.007570 
3161.887296 0.007310 
3160.386796 0.007015 
3158.886295 0.006690 
3157.385795 0.006439 
3155.885295 0.006194 
3154.384795 0.005962 
3152.884295 0.005721 
3151.383795 0.005511 
3149.883294 0.005296 
3148.382794 0.005104 
3146.882294 0.004884 
3145.381794 0.004698 
3143.881294 0.004558 
3142.380794 0.004400 
3140.880293 0.004258 
3139.379793 0.004078 
3137.879293 0.003943 
3136.378793 0.003840 
3134.878293 0.003695 
3133.377793 0.003538 
3131.877292 0.003423 
3130.376792 0.003330 
3128.876292 0.003220 
3127.375792 0.003110 
3125.875292 0.003023 
3124.374792 0.002910 
3122.874291 0.002802 
3121.373791 0.002732 
3119.873291 0.002640 
3118.372791 0.002532 
3116.872291 0.002445 
3115.371791 0.002382 
3113.871290 0.002292 
3112.370790 0.002180 
3110.870290 0.002107 
3109.369790 0.002027 
3107.869290 0.001935 
3106.368790 0.001885 
3104.868289 0.001802 
3103.367789 0.001745 
3101.867289 0.001692 
3100.366789 0.001592 
3098.866289 0.001535 
3097.365789 0.001462 
3095.865288 0.001392 
3094.364788 0.001327 
3092.864288 0.001285 
3091.363788 0.001247 
3089.863288 0.001192 
3088.362788 0.001137 
3086.862287 0.001100 
3085.361787 0.001077 
3083.861287 0.001047 
3082.360787 0.000995 
3080.860287 0.000947 
3079.359787 0.000921 
3077.859286 0.000880 
3076.358786 0.000822 
3074.858286 0.000787 
3073.357786 0.000754 
3071.857286 0.000729 
3070.356786 0.000694 
3068.856285 0.000636 
3067.355785 0.000606 
3065.855285 0.000580 
3064.354785 0.000538 
3062.854285 0.000495 
3061.353785 0.000480 
3059.853284 0.000447 
3058.352784 0.000392 
3056.852284 0.000361 
3055.351784 0.000343 
3053.851284 0.000329 
3052.350784 0.000268 
3050.850283 0.000252 
3049.349783 0.000225 
3047.849283 0.000193 
3046.348783 0.000141 
3044.848283 0.000115 
3043.347783 0.000113 
3041.847282 0.000100 
3040.346782 0.000100 
3038.846282 0.000079 
3037.345782 0.000056 
3035.845282 0.000051 
3034.344782 0.000032 
3032.844281 0.000023 
3031.343781 0.000023 
3029.843281 -0.000020 
3028.342781 -0.000014 
3026.842281 -0.000053 
3025.341781 -0.000025 
3023.841280 -0.000022 
3022.340780 -0.000078 
3020.840280 -0.000098 
3019.339780 -0.000110 
3017.839280 -0.000132 
3016.338780 -0.000091 
3014.838279 -0.000075 
3013.337779 -0.000045 
3011.837279 -0.000009 
3010.336779 0.000006 
3008.836279 -0.000032 
3007.335779 -0.000033 
3005.835278 -0.000038 
3004.334778 -0.000068 
3002.834278 -0.000075 
3001.333778 -0.000120 
2999.833278 -0.000178 
2998.332778 -0.000206 
2996.832277 -0.000216 
2995.331777 -0.000250 
2993.831277 -0.000308 
2992.330777 -0.000324 
2990.830277 -0.000336 
2989.329777 -0.000373 
2987.829276 -0.000362 
2986.328776 -0.000357 
2984.828276 -0.000363 
2983.327776 -0.000362 
2981.827276 -0.000353 
2980.326776 -0.000360 
2978.826275 -0.000363 
2977.325775 -0.000350 
2975.825275 -0.000330 
2974.324775 -0.000320 
2972.824275 -0.000346 
2971.323775 -0.000330 
2969.823274 -0.000359 
2968.322774 -0.000397 
2966.822274 -0.000407 
2965.321774 -0.000446 
2963.821274 -0.000457 
2962.320774 -0.000459 
2960.820273 -0.000469 
2959.319773 -0.000485 
2957.819273 -0.000462 
2956.318773 -0.000485 
2954.818273 -0.000498 
2953.317773 -0.000474 
2951.817272 -0.000436 
2950.316772 -0.000383 
2948.816272 -0.000397 
2947.315772 -0.000386 
2945.815272 -0.000356 
2944.314772 -0.000354 
2942.814271 -0.000349 
2941.313771 -0.000362 
2939.813271 -0.000372 
2938.312771 -0.000385 
2936.812271 -0.000379 
2935.311771 -0.000398 
2933.811270 -0.000441 
2932.310770 -0.000479 
2930.810270 -0.000481 
2929.309770 -0.000483 
2927.809270 -0.000565 
2926.308770 -0.000636 
2924.808269 -0.000696 
2923.307769 -0.000775 
2921.807269 -0.000860 
2920.306769 -0.000916 
2918.806269 -0.000965 
2917.305769 -0.001008 
2915.805268 -0.001020 
2914.304768 -0.000976 
2912.804268 -0.000905 
2911.303768 -0.000830 
2909.803268 -0.000811 
2908.302768 -0.000769 
2906.802267 -0.000764 
2905.301767 -0.000749 
2903.801267 -0.000746 
2902.300767 -0.000761 
2900.800267 -0.000768 
2899.299767 -0.000783 
2897.799266 -0.000783 
2896.298766 -0.000801 
2894.798266 -0.000788 
2893.297766 -0.000791 
2891.797266 -0.000804 
2890.296766 -0.000819 
2888.796265 -0.000829 
2887.295765 -0.000824 
2885.795265 -0.000810 
2884.294765 -0.000794 
2882.794265 -0.000785 
2881.293765 -0.000806 
2879.793264 -0.000820 
2878.292764 -0.000806 
2876.792264 -0.000777 
2875.291764 -0.000791 
2873.791264 -0.000811 
2872.290764 -0.000823 
2870.790263 -0.000830 
2869.289763 -0.000857 
2867.789263 -0.000855 
2866.288763 -0.000852 
2864.788263 -0.000846 
2863.287763 -0.000857 
2861.787262 -0.000869 
2860.286762 -0.000914 
2858.786262 -0.000941 
2857.285762 -0.000952 
2855.785262 -0.000980 
2854.284762 -0.001029 
2852.784261 -0.001119 
2851.283761 -0.001173 
2849.783261 -0.001269 
2848.282761 -0.001296 
2846.782261 -0.001208 
2845.281761 -0.001091 
2843.781260 -0.001017 
2842.280760 -0.000949 
2840.780260 -0.000943 
2839.279760 -0.000925 
2837.779260 -0.000892 
2836.278760 -0.000881 
2834.778259 -0.000902 
2833.277759 -0.000894 
2831.777259 -0.000896 
2830.276759 -0.000890 
2828.776259 -0.000872 
2827.275759 -0.000889 
2825.775258 -0.000896 
2824.274758 -0.000889 
2822.774258 -0.000869 
2821.273758 -0.000852 
2819.773258 -0.000859 
2818.272758 -0.000861 
2816.772257 -0.000823 
2815.271757 -0.000822 
2813.771257 -0.000822 
2812.270757 -0.000840 
2810.770257 -0.000814 
2809.269757 -0.000835 
2807.769256 -0.000818 
2806.268756 -0.000798 
2804.768256 -0.000788 
2803.267756 -0.000738 
2801.767256 -0.000718 
2800.266756 -0.000721 
2798.766255 -0.000688 
2797.265755 -0.000679 
2795.765255 -0.000638 
2794.264755 -0.000608 
2792.764255 -0.000541 
2791.263755 -0.000514 
2789.763254 -0.000476 
2788.262754 -0.000415 
2786.762254 -0.000354 
2785.261754 -0.000304 
2783.761254 -0.000306 
2782.260754 -0.000327 
2780.760253 -0.000369 
2779.259753 -0.000404 
2777.759253 -0.000447 
2776.258753 -0.000462 
2774.758253 -0.000477 
2773.257753 -0.000503 
2771.757252 -0.000493 
2770.256752 -0.000499 
2768.756252 -0.000521 
2767.255752 -0.000519 
2765.755252 -0.000542 
2764.254752 -0.000545 
2762.754251 -0.000540 
2761.253751 -0.000540 
2759.753251 -0.000560 
2758.252751 -0.000549 
2756.752251 -0.000519 
2755.251751 -0.000530 
2753.751250 -0.000517 
2752.250750 -0.000490 
2750.750250 -0.000493 
2749.249750 -0.000486 
2747.749250 -0.000460 
2746.248750 -0.000449 
2744.748249 -0.000417 
2743.247749 -0.000356 
2741.747249 -0.000265 
2740.246749 -0.000110 
2738.746249 -0.000002 
2737.245749 0.000011 
2735.745248 -0.000026 
2734.244748 -0.000089 
2732.744248 -0.000137 
2731.243748 -0.000176 
2729.743248 -0.000189 
2728.242748 -0.000224 
2726.742247 -0.000247 
2725.241747 -0.000250 
2723.741247 -0.000254 
2722.240747 -0.000237 
2720.740247 -0.000245 
2719.239747 -0.000245 
2717.739246 -0.000252 
2716.238746 -0.000247 
2714.738246 -0.000276 
2713.237746 -0.000300 
2711.737246 -0.000330 
2710.236746 -0.000371 
2708.736245 -0.000391 
2707.235745 -0.000393 
2705.735245 -0.000400 
2704.234745 -0.000452 
2702.734245 -0.000471 
2701.233745 -0.000480 
2699.733244 -0.000497 
2698.232744 -0.000503 
2696.732244 -0.000512 
2695.231744 -0.000517 
2693.731244 -0.000528 
2692.230744 -0.000527 
2690.730243 -0.000530 
2689.229743 -0.000532 
2687.729243 -0.000527 
2686.228743 -0.000541 
2684.728243 -0.000545 
2683.227743 -0.000549 
2681.727242 -0.000569 
2680.226742 -0.000568 
2678.726242 -0.000564 
2677.225742 -0.000560 
2675.725242 -0.000589 
2674.224742 -0.000588 
2672.724241 -0.000604 
2671.223741 -0.000616 
2669.723241 -0.000623 
2668.222741 -0.000636 
2666.722241 -0.000674 
2665.221741 -0.000694 
2663.721240 -0.000697 
2662.220740 -0.000707 
2660.720240 -0.000718 
2659.219740 -0.000720 
2657.719240 -0.000716 
2656.218740 -0.000734 
2654.718239 -0.000753 
2653.217739 -0.000736 
2651.717239 -0.000775 
2650.216739 -0.000772 
2648.716239 -0.000770 
2647.215739 -0.000803 
2645.715238 -0.000800 
2644.214738 -0.000823 
2642.714238 -0.000829 
2641.213738 -0.000831 
2639.713238 -0.000829 
2638.212738 -0.000847 
2636.712237 -0.000870 
2635.211737 -0.000866 
2633.711237 -0.000894 
2632.210737 -0.000888 
2630.710237 -0.000912 
2629.209737 -0.000924 
2627.709236 -0.000920 
2626.208736 -0.000915 
2624.708236 -0.000915 
2623.207736 -0.000924 
2621.707236 -0.000924 
2620.206736 -0.000933 
2618.706235 -0.000961 
2617.205735 -0.000956 
2615.705235 -0.000954 
2614.204735 -0.000952 
2612.704235 -0.000936 
2611.203735 -0.000924 
2609.703234 -0.000910 
2608.202734 -0.000902 
2606.702234 -0.000911 
2605.201734 -0.000911 
2603.701234 -0.000894 
2602.200734 -0.000909 
2600.700233 -0.000913 
2599.199733 -0.000925 
2597.699233 -0.000926 
2596.198733 -0.000924 
2594.698233 -0.000920 
2593.197733 -0.000914 
2591.697232 -0.000889 
2590.196732 -0.000896 
2588.696232 -0.000905 
2587.195732 -0.000911 
2585.695232 -0.000914 
2584.194732 -0.000924 
2582.694231 -0.000928 
2581.193731 -0.000932 
2579.693231 -0.000957 
2578.192731 -0.000950 
2576.692231 -0.000955 
2575.191731 -0.000949 
2573.691230 -0.000921 
2572.190730 -0.000922 
2570.690230 -0.000906 
2569.189730 -0.000898 
2567.689230 -0.000892 
2566.188730 -0.000916 
2564.688229 -0.000930 
2563.187729 -0.000906 
2561.687229 -0.000898 
2560.186729 -0.000880 
2558.686229 -0.000861 
2557.185729 -0.000855 
2555.685228 -0.000855 
2554.184728 -0.000854 
2552.684228 -0.000822 
2551.183728 -0.000816 
2549.683228 -0.000816 
2548.182728 -0.000774 
2546.682227 -0.000644 
2545.181727 -0.000313 
2543.681227 -0.000505 
2542.180727 -0.000696 
2540.680227 -0.000720 
2539.179727 -0.000720 
2537.679226 -0.000703 
2536.178726 -0.000709 
2534.678226 -0.000702 
2533.177726 -0.000697 
2531.677226 -0.000676 
2530.176726 -0.000671 
2528.676225 -0.000660 
2527.175725 -0.000644 
2525.675225 -0.000619 
2524.174725 -0.000623 
2522.674225 -0.000629 
2521.173725 -0.000618 
2519.673224 -0.000582 
2518.172724 -0.000564 
2516.672224 -0.000569 
2515.171724 -0.000556 
2513.671224 -0.000537 
2512.170724 -0.000511 
2510.670223 -0.000480 
2509.169723 -0.000488 
2507.669223 -0.000473 
2506.168723 -0.000451 
2504.668223 -0.000447 
2503.167723 -0.000436 
2501.667222 -0.000424 
2500.166722 -0.000417 
2498.666222 -0.000409 
2497.165722 -0.000399 
2495.665222 -0.000395 
2494.164722 -0.000395 
2492.664221 -0.000402 
2491.163721 -0.000402 
2489.663221 -0.000394 
2488.162721 -0.000407 
2486.662221 -0.000408 
2485.161721 -0.000395 
2483.661220 -0.000407 
2482.160720 -0.000424 
2480.660220 -0.000441 
2479.159720 -0.000459 
2477.659220 -0.000459 
2476.158720 -0.000473 
2474.658219 -0.000453 
2473.157719 -0.000463 
2471.657219 -0.000457 
2470.156719 -0.000456 
2468.656219 -0.000450 
2467.155719 -0.000450 
2465.655218 -0.000457 
2464.154718 -0.000434 
2462.654218 -0.000417 
2461.153718 -0.000430 
2459.653218 -0.000403 
2458.152718 -0.000405 
2456.652217 -0.000421 
2455.151717 -0.000411 
2453.651217 -0.000380 
2452.150717 -0.000366 
2450.650217 -0.000357 
2449.149717 -0.000340 
2447.649216 -0.000334 
2446.148716 -0.000343 
2444.648216 -0.000315 
2443.147716 -0.000307 
2441.647216 -0.000298 
2440.146716 -0.000275 
2438.646215 -0.000269 
2437.145715 -0.000265 
2435.645215 -0.000246 
2434.144715 -0.000242 
2432.644215 -0.000246 
2431.143715 -0.000229 
2429.643214 -0.000243 
2428.142714 -0.000243 
2426.642214 -0.000249 
2425.141714 -0.000264 
2423.641214 -0.000285 
2422.140714 -0.000259 
2420.640213 -0.000283 
2419.139713 -0.000292 
2417.639213 -0.000287 
2416.138713 -0.000298 
2414.638213 -0.000308 
2413.137713 -0.000296 
2411.637212 -0.000303 
2410.136712 -0.000304 
2408.636212 -0.000291 
2407.135712 -0.000322 
2405.635212 -0.000314 
2404.134712 -0.000320 
2402.634211 -0.000326 
2401.133711 -0.000321 
2399.633211 -0.000339 
2398.132711 -0.000344 
2396.632211 -0.000328 
2395.131711 -0.000305 
2393.631210 -0.000311 
2392.130710 -0.000324 
2390.630210 -0.000330 
2389.129710 -0.000321 
2387.629210 -0.000333 
2386.128710 -0.000327 
2384.628209 -0.000321 
2383.127709 -0.000318 
2381.627209 -0.000297 
2380.126709 -0.000291 
2378.626209 -0.000288 
2377.125709 -0.000259 
2375.625208 -0.000219 
2374.124708 -0.000202 
2372.624208 -0.000180 
2371.123708 -0.000158 
2369.623208 -0.000124 
2368.122708 -0.000110 
2366.622207 -0.000097 
2365.121707 -0.000099 
2363.621207 -0.000104 
2362.120707 -0.000092 
2360.620207 -0.000106 
2359.119707 -0.000129 
2357.619206 -0.000150 
2356.118706 -0.000177 
2354.618206 -0.000194 
2353.117706 -0.000222 
2351.617206 -0.000254 
2350.116706 -0.000267 
2348.616205 -0.000278 
2347.115705 -0.000223 
2345.615205 -0.000126 
2344.114705 0.000026 
2342.614205 0.000144 
2341.113705 0.000127 
2339.613204 0.000002 
2338.112704 -0.000116 
2336.612204 -0.000147 
2335.111704 -0.000164 
2333.611204 -0.000153 
2332.110704 -0.000152 
2330.610203 -0.000152 
2329.109703 -0.000149 
2327.609203 -0.000162 
2326.108703 -0.000194 
2324.608203 -0.000184 
2323.107703 -0.000189 
2321.607202 -0.000199 
2320.106702 -0.000224 
2318.606202 -0.000230 
2317.105702 -0.000226 
2315.605202 -0.000238 
2314.104702 -0.000247 
2312.604201 -0.000264 
2311.103701 -0.000264 
2309.603201 -0.000249 
2308.102701 -0.000247 
2306.602201 -0.000236 
2305.101701 -0.000240 
2303.601200 -0.000260 
2302.100700 -0.000245 
2300.600200 -0.000229 
2299.099700 -0.000219 
2297.599200 -0.000196 
2296.098700 -0.000188 
2294.598199 -0.000166 
2293.097699 -0.000158 
2291.597199 -0.000143 
2290.096699 -0.000151 
2288.596199 -0.000144 
2287.095699 -0.000115 
2285.595198 -0.000120 
2284.094698 -0.000142 
2282.594198 -0.000148 
2281.093698 -0.000140 
2279.593198 -0.000126 
2278.092698 -0.000126 
2276.592197 -0.000134 
2275.091697 -0.000150 
2273.591197 -0.000169 
2272.090697 -0.000157 
2270.590197 -0.000152 
2269.089697 -0.000169 
2267.589196 -0.000162 
2266.088696 -0.000156 
2264.588196 -0.000135 
2263.087696 -0.000119 
2261.587196 -0.000113 
2260.086696 -0.000105 
2258.586195 -0.000092 
2257.085695 -0.000075 
2255.585195 -0.000062 
2254.084695 -0.000045 
2252.584195 -0.000031 
2251.083695 -0.000030 
2249.583194 -0.000015 
2248.082694 0.000000 
2246.582194 -0.000021 
2245.081694 -0.000039 
2243.581194 -0.000035 
2242.080694 -0.000027 
2240.580193 -0.000022 
2239.079693 -0.000025 
2237.579193 -0.000023 
2236.078693 0.000016 
2234.578193 0.000001 
2233.077693 0.000024 
2231.577192 0.000011 
2230.076692 0.000004 
2228.576192 0.000013 
2227.075692 0.000009 
2225.575192 0.000013 
2224.074692 0.000013 
2222.574191 0.000001 
2221.073691 -0.000008 
2219.573191 -0.000028 
2218.072691 -0.000048 
2216.572191 -0.000031 
2215.071691 -0.000051 
2213.571190 -0.000044 
2212.070690 -0.000031 
2210.570190 -0.000026 
2209.069690 -0.000034 
2207.569190 -0.000051 
2206.068690 -0.000069 
2204.568189 -0.000048 
2203.067689 -0.000039 
2201.567189 -0.000052 
2200.066689 -0.000057 
2198.566189 -0.000048 
2197.065689 -0.000052 
2195.565188 -0.000052 
2194.064688 -0.000053 
2192.564188 -0.000060 
2191.063688 -0.000065 
2189.563188 -0.000061 
2188.062688 -0.000056 
2186.562187 -0.000073 
2185.061687 -0.000074 
2183.561187 -0.000094 
2182.060687 -0.000104 
2180.560187 -0.000108 
2179.059687 -0.000133 
2177.559186 -0.000156 
2176.058686 -0.000173 
2174.558186 -0.000182 
2173.057686 -0.000199 
2171.557186 -0.000192 
2170.056686 -0.000195 
2168.556185 -0.000192 
2167.055685 -0.000203 
2165.555185 -0.000200 
2164.054685 -0.000212 
2162.554185 -0.000209 
2161.053685 -0.000200 
2159.553184 -0.000208 
2158.052684 -0.000226 
2156.552184 -0.000234 
2155.051684 -0.000263 
2153.551184 -0.000282 
2152.050684 -0.000274 
2150.550183 -0.000273 
2149.049683 -0.000282 
2147.549183 -0.000291 
2146.048683 -0.000303 
2144.548183 -0.000304 
2143.047683 -0.000283 
2141.547182 -0.000286 
2140.046682 -0.000279 
2138.546182 -0.000274 
2137.045682 -0.000290 
2135.545182 -0.000320 
2134.044682 -0.000317 
2132.544181 -0.000296 
2131.043681 -0.000291 
2129.543181 -0.000300 
2128.042681 -0.000291 
2126.542181 -0.000287 
2125.041681 -0.000291 
2123.541180 -0.000313 
2122.040680 -0.000308 
2120.540180 -0.000304 
2119.039680 -0.000346 
2117.539180 -0.000339 
2116.038680 -0.000339 
2114.538179 -0.000331 
2113.037679 -0.000317 
2111.537179 -0.000326 
2110.036679 -0.000317 
2108.536179 -0.000321 
2107.035679 -0.000342 
2105.535178 -0.000343 
2104.034678 -0.000330 
2102.534178 -0.000313 
2101.033678 -0.000300 
2099.533178 -0.000291 
2098.032678 -0.000291 
2096.532177 -0.000291 
2095.031677 -0.000248 
2093.531177 -0.000230 
2092.030677 -0.000243 
2090.530177 -0.000243 
2089.029677 -0.000201 
2087.529176 -0.000166 
2086.028676 -0.000123 
2084.528176 -0.000066 
2083.027676 -0.000048 
2081.527176 -0.000006 
2080.026676 0.000043 
2078.526175 0.000074 
2077.025675 0.000103 
2075.525175 0.000152 
2074.024675 0.000174 
2072.524175 0.000178 
2071.023675 0.000195 
2069.523174 0.000234 
2068.022674 0.000307 
2066.522174 0.000335 
2065.021674 0.000326 
2063.521174 0.000335 
2062.020674 0.000326 
2060.520173 0.000304 
2059.019673 0.000287 
2057.519173 0.000282 
2056.018673 0.000257 
2054.518173 0.000239 
2053.017673 0.000213 
2051.517172 0.000174 
2050.016672 0.000157 
2048.516172 0.000165 
2047.015672 0.000165 
2045.515172 0.000156 
2044.014672 0.000178 
2042.514171 0.000174 
2041.013671 0.000178 
2039.513171 0.000161 
2038.012671 0.000169 
2036.512171 0.000182 
2035.011671 0.000213 
2033.511170 0.000243 
2032.010670 0.000230 
2030.510170 0.000217 
2029.009670 0.000204 
2027.509170 0.000178 
2026.008670 0.000143 
2024.508169 0.000143 
2023.007669 0.000165 
2021.507169 0.000152 
2020.006669 0.000156 
2018.506169 0.000148 
2017.005669 0.000135 
2015.505168 0.000117 
2014.004668 0.000117 
2012.504168 0.000126 
2011.003668 0.000117 
2009.503168 0.000100 
2008.002668 0.000096 
2006.502167 0.000113 
2005.001667 0.000113 
2003.501167 0.000126 
2002.000667 0.000113 
2000.500167 0.000130 
1998.999667 0.000122 
1997.499166 0.000126 
1995.998666 0.000122 
1994.498166 0.000135 
1992.997666 0.000217 
1991.497166 0.000191 
1989.996666 0.000126 
1988.496165 0.000143 
1986.995665 0.000135 
1985.495165 0.000126 
1983.994665 0.000122 
1982.494165 0.000122 
1980.993665 0.000117 
1979.493164 0.000135 
1977.992664 0.000135 
1976.492164 0.000122 
1974.991664 0.000126 
1973.491164 0.000122 
1971.990664 0.000117 
1970.490163 0.000109 
1968.989663 0.000118 
1967.489163 0.000143 
1965.988663 0.000130 
1964.488163 0.000170 
1962.987663 0.000240 
1961.487162 0.000317 
1959.986662 0.000300 
1958.486162 0.000274 
1956.985662 0.000261 
1955.485162 0.000256 
1953.984662 0.000243 
1952.484161 0.000234 
1950.983661 0.000177 
1949.483161 0.000103 
1947.982661 0.000065 
1946.482161 0.000060 
1944.981661 0.000022 
1943.481160 0.000083 
1941.980660 0.000077 
1940.480160 -0.000010 
1938.979660 -0.000043 
1937.479160 -0.000043 
1935.978660 -0.000022 
1934.478159 -0.000044 
1932.977659 -0.000056 
1931.477159 -0.000070 
1929.976659 -0.000083 
1928.476159 -0.000109 
1926.975659 -0.000109 
1925.475158 -0.000121 
1923.974658 -0.000060 
1922.474158 -0.000084 
1920.973658 -0.000165 
1919.473158 -0.000070 
1917.972658 -0.000012 
1916.472157 -0.000171 
1914.971657 -0.000213 
1913.471157 -0.000217 
1911.970657 -0.000204 
1910.470157 -0.000199 
1908.969657 -0.000196 
1907.469156 -0.000226 
1905.968656 -0.000235 
1904.468156 -0.000256 
1902.967656 -0.000264 
1901.467156 -0.000265 
1899.966656 -0.000269 
1898.466155 -0.000270 
1896.965655 -0.000273 
1895.465155 -0.000252 
1893.964655 -0.000279 
1892.464155 -0.000312 
1890.963655 -0.000236 
1889.463154 -0.000202 
1887.962654 -0.000283 
1886.462154 -0.000304 
1884.961654 -0.000317 
1883.461154 -0.000304 
1881.960654 -0.000308 
1880.460153 -0.000317 
1878.959653 -0.000317 
1877.459153 -0.000317 
1875.958653 -0.000309 
1874.458153 -0.000334 
1872.957653 -0.000317 
1871.457152 -0.000273 
1869.956652 -0.000106 
1868.456152 -0.000126 
1866.955652 -0.000254 
1865.455152 -0.000309 
1863.954652 -0.000317 
1862.454151 -0.000303 
1860.953651 -0.000300 
1859.453151 -0.000313 
1857.952651 -0.000300 
1856.452151 -0.000317 
1854.951651 -0.000317 
1853.451150 -0.000330 
1851.950650 -0.000330 
1850.450150 -0.000311 
1848.949650 -0.000250 
1847.449150 -0.000235 
1845.948650 -0.000135 
1844.448149 0.000121 
1842.947649 -0.000125 
1841.447149 -0.000257 
1839.946649 -0.000269 
1838.446149 -0.000256 
1836.945649 -0.000261 
1835.445148 -0.000273 
1833.944648 -0.000242 
1832.444148 -0.000209 
1830.943648 -0.000043 
1829.443148 -0.000068 
1827.942648 -0.000212 
1826.442147 -0.000084 
1824.941647 -0.000042 
1823.441147 -0.000175 
1821.940647 -0.000209 
1820.440147 -0.000199 
1818.939647 -0.000162 
1817.439146 -0.000118 
1815.938646 -0.000144 
1814.438146 -0.000141 
1812.937646 -0.000066 
1811.437146 -0.000004 
1809.936646 -0.000014 
1808.436145 -0.000017 
1806.935645 -0.000022 
1805.435145 -0.000025 
1803.934645 0.000032 
1802.434145 0.000146 
1800.933645 0.000161 
1799.433144 0.000129 
1797.932644 0.000045 
1796.432144 0.000086 
1794.931644 0.000096 
1793.431144 0.000396 
1791.930644 0.000408 
1790.430143 0.000191 
1788.929643 0.000068 
1787.429143 0.000055 
1785.928643 0.000193 
1784.428143 0.000183 
1782.927643 0.000080 
1781.427142 0.000159 
1779.926642 0.000130 
1778.426142 0.000061 
1776.925642 0.000112 
1775.425142 0.000160 
1773.924642 0.000432 
1772.424141 0.000635 
1770.923641 0.000338 
1769.423141 0.000385 
1767.922641 0.000454 
1766.422141 0.000203 
1764.921641 0.000145 
1763.421140 0.000282 
1761.920640 0.000473 
1760.420140 0.000223 
1758.919640 0.000190 
1757.419140 0.000356 
1755.918640 0.000212 
1754.418139 0.000114 
1752.917639 0.000344 
1751.417139 0.000705 
1749.916639 0.000423 
1748.416139 0.000352 
1746.915639 0.000255 
1745.415138 0.000204 
1743.914638 0.000288 
1742.414138 0.000224 
1740.913638 0.000376 
1739.413138 0.000401 
1737.912638 0.000181 
1736.412137 0.000321 
1734.911637 0.001108 
1733.411137 0.000962 
1731.910637 0.000325 
1730.410137 0.000278 
1728.909637 0.000171 
1727.409136 0.000109 
1725.908636 0.000109 
1724.408136 0.000160 
1722.907636 0.000186 
1721.407136 0.000204 
1719.906636 0.000542 
1718.406135 0.001469 
1716.905635 0.001875 
1715.405135 0.002457 
1713.904635 0.003327 
1712.404135 0.004239 
1710.903635 0.005045 
1709.403134 0.005340 
1707.902634 0.005294 
1706.402134 0.005051 
1704.901634 0.004515 
1703.401134 0.003816 
1701.900634 0.003734 
1700.400133 0.003798 
1698.899633 0.002506 
1697.399133 0.002182 
1695.898633 0.002221 
1694.398133 0.001078 
1692.897633 0.000575 
1691.397132 0.000416 
1689.896632 0.000336 
1688.396132 0.000228 
1686.895632 0.000234 
1685.395132 0.001044 
1683.894632 0.000840 
1682.394131 0.000183 
1680.893631 0.000077 
1679.393131 -0.000023 
1677.892631 -0.000100 
1676.392131 0.000240 
1674.891631 0.000269 
1673.391130 -0.000061 
1671.890630 0.000029 
1670.390130 0.000190 
1668.889630 0.000178 
1667.389130 -0.000130 
1665.888630 -0.000215 
1664.388129 -0.000089 
1662.887629 0.000071 
1661.387129 -0.000145 
1659.886629 -0.000217 
1658.386129 -0.000213 
1656.885629 -0.000190 
1655.385128 0.000232 
1653.884628 0.001206 
1652.384128 0.000902 
1650.883628 -0.000094 
1649.383128 -0.000153 
1647.882628 0.000140 
1646.382127 0.000379 
1644.881627 -0.000060 
1643.381127 -0.000272 
1641.880627 -0.000288 
1640.380127 -0.000306 
1638.879627 -0.000263 
1637.379126 -0.000034 
1635.878626 0.000401 
1634.378126 -0.000143 
1632.877626 -0.000405 
1631.377126 -0.000409 
1629.876626 -0.000402 
1628.376125 -0.000310 
1626.875625 -0.000379 
1625.375125 -0.000365 
1623.874625 -0.000170 
1622.374125 -0.000356 
1620.873625 -0.000461 
1619.373124 -0.000453 
1617.872624 -0.000034 
1616.372124 0.000069 
1614.871624 -0.000441 
1613.371124 -0.000540 
1611.870624 -0.000540 
1610.370123 -0.000548 
1608.869623 -0.000527 
1607.369123 -0.000538 
1605.868623 -0.000556 
1604.368123 -0.000538 
1602.867623 -0.000520 
1601.367122 -0.000573 
1599.866622 -0.000625 
1598.366122 -0.000668 
1596.865622 -0.000642 
1595.365122 -0.000599 
1593.864622 -0.000612 
1592.364121 -0.000584 
1590.863621 -0.000556 
1589.363121 -0.000559 
1587.862621 -0.000519 
1586.362121 -0.000484 
1584.861621 -0.000523 
1583.361120 -0.000577 
1581.860620 -0.000627 
1580.360120 -0.000625 
1578.859620 -0.000610 
1577.359120 -0.000118 
1575.858620 0.000020 
1574.358119 -0.000511 
1572.857619 -0.000569 
1571.357119 -0.000433 
1569.856619 -0.000138 
1568.356119 -0.000393 
1566.855619 -0.000451 
1565.355118 -0.000336 
1563.854618 -0.000381 
1562.354118 -0.000272 
1560.853618 0.000580 
1559.353118 0.001070 
1557.852618 0.000575 
1556.352117 -0.000136 
1554.851617 0.000167 
1553.351117 -0.000135 
1551.850617 -0.000263 
1550.350117 -0.000054 
1548.849617 -0.000181 
1547.349116 -0.000195 
1545.848616 0.000222 
1544.348116 0.000329 
1542.847616 0.000675 
1541.347116 0.000982 
1539.846616 0.001384 
1538.346115 0.000743 
1536.845615 0.000189 
1535.345115 0.000273 
1533.844615 0.000502 
1532.344115 0.000247 
1530.843615 0.000053 
1529.343114 0.000092 
1527.842614 0.000233 
1526.342114 0.000376 
1524.841614 0.000292 
1523.341114 0.000382 
1521.840614 0.000956 
1520.340113 0.000567 
1518.839613 0.000084 
1517.339113 0.000203 
1515.838613 -0.000066 
1514.338113 -0.000278 
1512.837613 -0.000182 
1511.337112 -0.000279 
1509.836612 -0.000183 
1508.336112 0.000242 
1506.835612 0.000697 
1505.335112 0.000136 
1503.834612 -0.000495 
1502.334111 -0.000551 
1500.833611 -0.000532 
1499.333111 -0.000369 
1497.832611 -0.000297 
1496.332111 -0.000048 
1494.831611 -0.000507 
1493.331110 -0.000644 
1491.830610 -0.000459 
1490.330110 -0.000239 
1488.829610 -0.000414 
1487.329110 -0.000510 
1485.828610 -0.000714 
1484.328109 -0.000812 
1482.827609 -0.000795 
1481.327109 -0.000770 
1479.826609 -0.000843 
1478.326109 -0.000841 
1476.825609 -0.000629 
1475.325108 -0.000678 
1473.824608 -0.000347 
1472.324108 -0.000319 
1470.823608 -0.000766 
1469.323108 -0.000905 
1467.822608 -0.000861 
1466.322107 -0.000621 
1464.821607 -0.000345 
1463.321107 -0.000469 
1461.820607 -0.000345 
1460.320107 -0.000007 
1458.819607 0.000625 
1457.319106 0.001561 
1455.818606 0.001223 
1454.318106 0.000883 
1452.817606 0.001086 
1451.317106 0.001329 
1449.816606 0.001652 
1448.316105 0.002219 
1446.815605 0.002598 
1445.315105 0.003182 
1443.814605 0.004031 
1442.314105 0.004945 
1440.813605 0.005807 
1439.313104 0.006565 
1437.812604 0.007797 
1436.312104 0.008693 
1434.811604 0.009024 
1433.311104 0.009928 
1431.810604 0.011047 
1430.310103 0.012500 
1428.809603 0.014019 
1427.309103 0.015940 
1425.808603 0.018455 
1424.308103 0.020931 
1422.807603 0.022441 
1421.307102 0.023361 
1419.806602 0.024314 
1418.306102 0.024138 
1416.805602 0.023771 
1415.305102 0.023608 
1413.804602 0.023922 
1412.304101 0.024749 
1410.803601 0.025662 
1409.303101 0.026249 
1407.802601 0.026747 
1406.302101 0.027796 
1404.801601 0.029747 
1403.301100 0.032743 
1401.800600 0.037032 
1400.300100 0.042362 
1398.799600 0.048902 
1397.299100 0.058329 
1395.798600 0.074205 
1394.298099 0.097146 
1392.797599 0.115683 
1391.297099 0.112825 
1389.796599 0.091385 
1388.296099 0.069422 
1386.795599 0.053938 
1385.295098 0.044252 
1383.794598 0.038217 
1382.294098 0.034126 
1380.793598 0.031101 
1379.293098 0.028760 
1377.792598 0.026815 
1376.292097 0.025200 
1374.791597 0.023567 
1373.291097 0.019689 
1371.790597 0.013286 
1370.290097 0.008630 
1368.789597 0.006562 
1367.289096 0.005300 
1365.788596 0.004154 
1364.288096 0.003190 
1362.787596 0.002391 
1361.287096 0.001738 
1359.786596 0.001380 
1358.286095 0.001290 
1356.785595 0.001276 
1355.285095 0.001141 
1353.784595 0.000784 
1352.284095 0.000321 
1350.783595 -0.000087 
1349.283094 -0.000407 
1347.782594 -0.000619 
1346.282094 -0.000778 
1344.781594 -0.000866 
1343.281094 -0.000924 
1341.780594 -0.000883 
1340.280093 -0.000790 
1338.779593 -0.000827 
1337.279093 -0.000886 
1335.778593 -0.000938 
1334.278093 -0.000978 
1332.777593 -0.000991 
1331.277092 -0.000996 
1329.776592 -0.000987 
1328.276092 -0.000993 
1326.775592 -0.000994 
1325.275092 -0.000972 
1323.774592 -0.000978 
1322.274091 -0.000985 
1320.773591 -0.000950 
1319.273091 -0.000926 
1317.772591 -0.000916 
1316.272091 -0.000917 
1314.771591 -0.000918 
1313.271090 -0.000883 
1311.770590 -0.000866 
1310.270090 -0.000836 
1308.769590 -0.000788 
1307.269090 -0.000723 
1305.768590 -0.000708 
1304.268089 -0.000656 
1302.767589 -0.000621 
1301.267089 -0.000634 
1299.766589 -0.000608 
1298.266089 -0.000586 
1296.765589 -0.000558 
1295.265088 -0.000493 
1293.764588 -0.000475 
1292.264088 -0.000461 
1290.763588 -0.000377 
1289.263088 -0.000210 
1287.762588 0.000063 
1286.262087 0.000380 
1284.761587 0.000636 
1283.261087 0.000518 
1281.760587 -0.000080 
1280.260087 -0.000511 
1278.759587 -0.000644 
1277.259086 -0.000673 
1275.758586 -0.000683 
1274.258086 -0.000681 
1272.757586 -0.000647 
1271.257086 -0.000603 
1269.756586 -0.000592 
1268.256085 -0.000599 
1266.755585 -0.000627 
1265.255085 -0.000647 
1263.754585 -0.000683 
1262.254085 -0.000757 
1260.753585 -0.000813 
1259.253084 -0.000853 
1257.752584 -0.000846 
1256.252084 -0.000816 
1254.751584 -0.000751 
1253.251084 -0.000679 
1251.750584 -0.000614 
1250.250083 -0.000579 
1248.749583 -0.000566 
1247.249083 -0.000534 
1245.748583 -0.000482 
1244.248083 -0.000421 
1242.747583 -0.000312 
1241.247082 -0.000156 
1239.746582 0.000088 
1238.246082 0.000370 
1236.745582 0.000609 
1235.245082 0.000757 
1233.744582 0.000807 
1232.244081 0.000800 
1230.743581 0.000640 
1229.243081 0.000383 
1227.742581 0.000079 
1226.242081 -0.000149 
1224.741581 -0.000311 
1223.241080 -0.000408 
1221.740580 -0.000454 
1220.240080 -0.000456 
1218.739580 -0.000449 
1217.239080 -0.000436 
1215.738580 -0.000425 
1214.238079 -0.000425 
1212.737579 -0.000395 
1211.237079 -0.000395 
1209.736579 -0.000404 
1208.236079 -0.000390 
1206.735579 -0.000382 
1205.235078 -0.000380 
1203.734578 -0.000367 
1202.234078 -0.000365 
1200.733578 -0.000371 
1199.233078 -0.000382 
1197.732578 -0.000375 
1196.232077 -0.000384 
1194.731577 -0.000382 
1193.231077 -0.000360 
1191.730577 -0.000354 
1190.230077 -0.000367 
1188.729577 -0.000369 
1187.229076 -0.000367 
1185.728576 -0.000389 
1184.228076 -0.000475 
1182.727576 -0.000718 
1181.227076 -0.000658 
1179.726576 -0.000258 
1178.226075 -0.000179 
1176.725575 -0.000249 
1175.225075 -0.000313 
1173.724575 -0.000341 
1172.224075 -0.000341 
1170.723575 -0.000329 
1169.223074 -0.000348 
1167.722574 -0.000362 
1166.222074 -0.000362 
1164.721574 -0.000336 
1163.221074 -0.000317 
1161.720574 -0.000337 
1160.220073 -0.000294 
1158.719573 -0.000311 
1157.219073 -0.000317 
1155.718573 -0.000312 
1154.218073 -0.000327 
1152.717573 -0.000384 
1151.217072 -0.000419 
1149.716572 -0.000295 
1148.216072 -0.000218 
1146.715572 -0.000189 
1145.215072 -0.000187 
1143.714572 -0.000210 
1142.214071 -0.000191 
1140.713571 -0.000188 
1139.213071 -0.000181 
1137.712571 -0.000178 
1136.212071 -0.000184 
1134.711571 -0.000212 
1133.211070 -0.000203 
1131.710570 -0.000197 
1130.210070 -0.000186 
1128.709570 -0.000201 
1127.209070 -0.000175 
1125.708570 -0.000163 
1124.208069 -0.000180 
1122.707569 -0.000174 
1121.207069 -0.000194 
1119.706569 -0.000206 
1118.206069 -0.000195 
1116.705569 -0.000208 
1115.205068 -0.000203 
1113.704568 -0.000225 
1112.204068 -0.000213 
1110.703568 -0.000211 
1109.203068 -0.000232 
1107.702568 -0.000233 
1106.202067 -0.000226 
1104.701567 -0.000250 
1103.201067 -0.000232 
1101.700567 -0.000202 
1100.200067 -0.000129 
1098.699567 0.000039 
1097.199066 0.000218 
1095.698566 0.000311 
1094.198066 0.000379 
1092.697566 0.000324 
1091.197066 0.000191 
1089.696566 0.000079 
1088.196065 -0.000011 
1086.695565 -0.000040 
1085.195065 -0.000050 
1083.694565 -0.000082 
1082.194065 -0.000130 
1080.693565 -0.000128 
1079.193064 -0.000065 
1077.692564 -0.000006 
1076.192064 -0.000009 
1074.691564 0.000000 
1073.191064 0.000010 
1071.690564 0.000022 
1070.190063 0.000015 
1068.689563 0.000004 
1067.189063 0.000030 
1065.688563 0.000036 
1064.188063 0.000023 
1062.687563 0.000010 
1061.187062 0.000014 
1059.686562 0.000026 
1058.186062 0.000013 
1056.685562 0.000013 
1055.185062 -0.000005 
1053.684562 -0.000024 
1052.184061 -0.000050 
1050.683561 -0.000088 
1049.183061 -0.000087 
1047.682561 -0.000098 
1046.182061 -0.000103 
1044.681561 -0.000117 
1043.181060 -0.000116 
1041.680560 -0.000126 
1040.180060 -0.000133 
1038.679560 -0.000132 
1037.179060 -0.000137 
1035.678560 -0.000159 
1034.178059 -0.000179 
1032.677559 -0.000212 
1031.177059 -0.000247 
1029.676559 -0.000295 
1028.176059 -0.000315 
1026.675559 -0.000315 
1025.175058 -0.000351 
1023.674558 -0.000376 
1022.174058 -0.000381 
1020.673558 -0.000389 
1019.173058 -0.000391 
1017.672558 -0.000401 
1016.172057 -0.000378 
1014.671557 -0.000385 
1013.171057 -0.000372 
1011.670557 -0.000357 
1010.170057 -0.000330 
1008.669557 -0.000301 
1007.169056 -0.000302 
1005.668556 -0.000308 
1004.168056 -0.000298 
1002.667556 -0.000294 
1001.167056 -0.000288 
999.666556 -0.000287 
998.166055 -0.000302 
996.665555 -0.000297 
995.165055 -0.000285 
993.664555 -0.000266 
992.164055 -0.000268 
990.663555 -0.000262 
989.163054 -0.000260 
987.662554 -0.000252 
986.162054 -0.000227 
984.661554 -0.000221 
983.161054 -0.000226 
981.660554 -0.000240 
980.160053 -0.000255 
978.659553 -0.000271 
977.159053 -0.000311 
975.658553 -0.000340 
974.158053 -0.000337 
972.657553 -0.000381 
971.157052 -0.000407 
969.656552 -0.000412 
968.156052 -0.000396 
966.655552 -0.000407 
965.155052 -0.000420 
963.654552 -0.000414 
962.154051 -0.000420 
960.653551 -0.000404 
959.153051 -0.000386 
957.652551 -0.000364 
956.152051 -0.000321 
954.651551 -0.000267 
953.151050 -0.000228 
951.650550 -0.000183 
950.150050 -0.000132 
948.649550 -0.000096 
947.149050 -0.000110 
945.648550 -0.000119 
944.148049 -0.000101 
942.647549 -0.000088 
941.147049 -0.000087 
939.646549 -0.000099 
938.146049 -0.000097 
936.645549 -0.000083 
935.145048 -0.000076 
933.644548 -0.000068 
932.144048 -0.000074 
930.643548 -0.000081 
929.143048 -0.000086 
927.642548 -0.000127 
926.142047 -0.000142 
924.641547 -0.000157 
923.141047 -0.000184 
921.640547 -0.000187 
920.140047 -0.000184 
918.639547 -0.000185 
917.139046 -0.000176 
915.638546 -0.000139 
914.138046 -0.000077 
912.637546 0.000009 
911.137046 0.000114 
909.636546 0.000256 
908.136045 0.000370 
906.635545 0.000507 
905.135045 0.000599 
903.634545 0.000677 
902.134045 0.000750 
900.633545 0.000784 
899.133044 0.000740 
897.632544 0.000671 
896.132044 0.000580 
894.631544 0.000471 
893.131044 0.000390 
891.630544 0.000330 
890.130043 0.000334 
888.629543 0.000371 
887.129043 0.000348 
885.628543 0.000262 
884.128043 0.000105 
882.627543 -0.000019 
881.127042 -0.000129 
879.626542 -0.000125 
878.126042 -0.000078 
876.625542 -0.000090 
875.125042 -0.000183 
873.624542 -0.000283 
872.124041 -0.000340 
870.623541 -0.000376 
869.123041 -0.000371 
867.622541 -0.000352 
866.122041 -0.000372 
864.621541 -0.000377 
863.121040 -0.000390 
861.620540 -0.000380 
860.120040 -0.000343 
858.619540 -0.000291 
857.119040 -0.000234 
855.618540 -0.000154 
854.118039 -0.000135 
852.617539 -0.000141 
851.117039 -0.000149 
849.616539 -0.000149 
848.116039 -0.000186 
846.615539 -0.000203 
845.115038 -0.000209 
843.614538 -0.000221 
842.114038 -0.000226 
840.613538 -0.000250 
839.113038 -0.000279 
837.612538 -0.000327 
836.112037 -0.000331 
834.611537 -0.000341 
833.111037 -0.000306 
831.610537 -0.000197 
830.110037 -0.000137 
828.609537 -0.000112 
827.109036 -0.000074 
825.608536 -0.000091 
824.108036 -0.000055 
822.607536 -0.000051 
821.107036 -0.000001 
819.606536 0.000056 
818.106035 0.000101 
816.605535 0.000177 
815.105035 0.000311 
813.604535 0.000457 
812.104035 0.000632 
810.603535 0.000789 
809.103034 0.000967 
807.602534 0.001204 
806.102034 0.001452 
804.601534 0.001730 
803.101034 0.002030 
801.600534 0.002330 
800.100033 0.002648 
798.599533 0.003114 
797.099033 0.003696 
795.598533 0.004850 
794.098033 0.009656 
792.597533 0.014361 
791.097032 0.011425 
789.596532 0.011967 
788.096032 0.015184 
786.595532 0.018663 
785.095032 0.020945 
783.594532 0.023749 
782.094031 0.029319 
780.593531 0.037654 
779.093031 0.048690 
777.592531 0.064839 
776.092031 0.091264 
774.591531 0.136767 
773.091030 0.217271 
771.590530 0.333420 
770.090030 0.394419 
768.589530 0.369599 
767.089030 0.350648 
765.588530 0.355863 
764.088029 0.372426 
762.587529 0.399729 
761.087029 0.425638 
759.586529 0.400445 
758.086029 0.312110 
756.585529 0.225041 
755.085028 0.167844 
753.584528 0.133321 
752.084028 0.112566 
750.583528 0.100743 
749.083028 0.095038 
747.582528 0.092734 
746.082027 0.089896 
744.581527 0.078263 
743.081027 0.055438 
741.580527 0.036040 
740.080027 0.024740 
738.579527 0.018033 
737.079026 0.013743 
735.578526 0.010674 
734.078026 0.008393 
732.577526 0.006728 
731.077026 0.005467 
729.576526 0.004496 
728.076025 0.003614 
726.575525 0.002845 
725.075025 0.002200 
723.574525 0.001674 
722.074025 0.001380 
720.573525 0.001222 
719.073024 0.000659 
717.572524 0.000143 
716.072024 -0.000098 
714.571524 -0.000185 
713.071024 -0.000305 
711.570524 -0.000474 
710.070023 -0.000482 
708.569523 -0.000348 
707.069023 -0.000253 
705.568523 -0.000138 
704.068023 -0.000214 
702.567523 -0.000206 
701.067022 -0.000291 
699.566522 -0.000110 
698.066022 0.000059 
696.565522 -0.000052 
695.065022 -0.000176 
693.564522 -0.000203 
692.064021 -0.000224 
690.563521 -0.000211 
689.063021 -0.000204 
687.562521 -0.000415 
686.062021 -0.000405 
684.561521 -0.000403 
683.061020 -0.000403 
681.560520 -0.000489 
680.060020 -0.000356 
678.559520 -0.000432 
677.059020 -0.000496 
675.558520 -0.000365 
674.058019 -0.000322 
672.557519 -0.000301 
671.057019 -0.000205 
669.556519 -0.000103 
668.056019 -0.000021 
666.555519 -0.000186 
665.055018 -0.000180 
663.554518 -0.000108 
662.054018 -0.000072 
660.553518 -0.000105 
659.053018 -0.000041 
657.552518 -0.000018 
656.052017 0.000012 
654.551517 0.000026 
653.051017 -0.000032 
651.550517 -0.000004 
650.050017 0.000083 
648.549517 0.000031 
647.049016 0.000109 
645.548516 0.000174 
644.048016 0.000227 
642.547516 0.000224 
641.047016 0.000258 
639.546516 0.000307 
638.046015 0.000327 
636.545515 0.000312 
635.045015 0.000338 
633.544515 0.000385 
632.044015 0.000441 
630.543515 0.000448 
629.043014 0.000404 
627.542514 0.000099 
626.042014 -0.000054 
624.541514 -0.000107 
623.041014 -0.000097 
621.540514 -0.000127 
620.040013 -0.000187 
618.539513 -0.000098 
617.039013 -0.000080 
615.538513 -0.000017 
614.038013 -0.000063 
612.537513 -0.000074 
611.037012 -0.000112 
609.536512 -0.000084 
608.036012 -0.000047 
606.535512 -0.000019 
605.035012 0.000038 
603.534512 0.000095 
602.034011 0.000054 
600.533511 -0.000068 
599.033011 -0.000001 
597.532511 0.000001 
596.032011 -0.000152 
594.531511 -0.000219 
593.031010 0.000042 
591.530510 0.000041 
590.030010 -0.000003 
588.529510 -0.000090 
587.029010 -0.000172 
585.528510 -0.000089 
584.028009 -0.000087 
582.527509 0.000028 
581.027009 0.000062 
579.526509 -0.000098 
578.026009 -0.000074 
576.525509 -0.000062 
575.025008 -0.000017 
573.524508 -0.000035 
572.024008 -0.000137 
570.523508 -0.000139 
569.023008 -0.000173 
567.522508 -0.000140 
566.022007 -0.000159 
564.521507 -0.000225 
563.021007 -0.000239 
561.520507 -0.000251 
560.020007 -0.000333 
558.519507 -0.000271 
557.019006 -0.000255 
555.518506 -0.000295 
554.018006 -0.000299 
552.517506 -0.000373 
551.017006 -0.000382 
549.516506 -0.000339 
548.016005 -0.000352 
546.515505 -0.000321 
545.015005 -0.000335 
543.514505 -0.000299 
542.014005 -0.000214 
540.513505 -0.000032 
539.013004 0.000335 
537.512504 0.000796 
536.012004 0.000878 
534.511504 0.000930 
533.011004 0.000688 
531.510504 0.000441 
530.010003 0.000396 
528.509503 0.000205 
527.009003 0.000221 
525.508503 0.000205 
524.008003 0.000104 
522.507503 0.000217 
521.007002 0.000061 
519.506502 0.000112 
518.006002 0.000226 
516.505502 0.000161 
515.005002 -0.000026 
513.504502 0.000152 
512.004001 -0.000017 
510.503501 0.000113 
509.003001 -0.000056 
507.502501 0.000026 
506.002001 0.000213 
504.501501 0.000061 
503.001000 0.000065 
501.500500 0.000304 
500.000000 0.000195 
