5000.000000 0.000000 
4998.499500 0.000013 
4996.999000 -0.000004 
4995.498499 0.000009 
4993.997999 0.000013 
4992.497499 0.000030 
4990.996999 -0.000004 
4989.496499 -0.000026 
4987.995999 -0.000009 
4986.495498 0.000004 
4984.994998 0.000000 
4983.494498 0.000013 
4981.993998 0.000004 
4980.493498 0.000018 
4978.992998 0.000030 
4977.492497 0.000013 
4975.991997 0.000044 
4974.491497 0.000078 
4972.990997 0.000091 
4971.490497 0.000091 
4969.989997 0.000130 
4968.489496 0.000121 
4966.988996 0.000126 
4965.488496 0.000152 
4963.987996 0.000135 
4962.487496 0.000130 
4960.986996 0.000104 
4959.486495 0.000122 
4957.985995 0.000113 
4956.485495 0.000122 
4954.984995 0.000109 
4953.484495 0.000144 
4951.983995 0.000147 
4950.483494 0.000065 
4948.982994 0.000070 
4947.482494 0.000091 
4945.981994 0.000065 
4944.481494 0.000078 
4942.980994 0.000074 
4941.480493 0.000105 
4939.979993 0.000126 
4938.479493 0.000104 
4936.978993 0.000060 
4935.478493 0.000013 
4933.977993 0.000044 
4932.477492 0.000083 
4930.976992 0.000086 
4929.476492 0.000061 
4927.975992 0.000061 
4926.475492 0.000065 
4924.974992 0.000061 
4923.474491 0.000065 
4921.973991 0.000069 
4920.473491 0.000012 
4918.972991 -0.000009 
4917.472491 -0.000026 
4915.971991 -0.000004 
4914.471490 0.000013 
4912.970990 0.000017 
4911.470490 0.000021 
4909.969990 -0.000005 
4908.469490 -0.000004 
4906.968990 0.000021 
4905.468489 0.000018 
4903.967989 0.000048 
4902.467489 0.000065 
4900.966989 0.000047 
4899.466489 0.000025 
4897.965989 -0.000012 
4896.465488 0.000039 
4894.964988 -0.000006 
4893.464488 -0.000007 
4891.963988 0.000020 
4890.463488 -0.000022 
4888.962988 -0.000013 
4887.462487 0.000004 
4885.961987 -0.000009 
4884.461487 0.000001 
4882.960987 0.000004 
4881.460487 0.000009 
4879.959987 0.000013 
4878.459486 -0.000004 
4876.958986 0.000018 
4875.458486 0.000008 
4873.957986 0.000000 
4872.457486 -0.000022 
4870.956986 -0.000021 
4869.456485 0.000005 
4867.955985 0.000014 
4866.455485 0.000039 
4864.954985 0.000048 
4863.454485 0.000034 
4861.953985 0.000035 
4860.453484 0.000017 
4858.952984 0.000041 
4857.452484 0.000051 
4855.951984 0.000030 
4854.451484 0.000034 
4852.950984 -0.000005 
4851.450483 0.000010 
4849.949983 0.000035 
4848.449483 0.000029 
4846.948983 0.000004 
4845.448483 0.000018 
4843.947983 0.000003 
4842.447482 0.000000 
4840.946982 0.000017 
4839.446482 -0.000001 
4837.945982 -0.000005 
4836.445482 -0.000026 
4834.944982 -0.000009 
4833.444481 -0.000003 
4831.943981 0.000037 
4830.443481 0.000065 
4828.942981 0.000038 
4827.442481 0.000022 
4825.941981 0.000009 
4824.441480 0.000017 
4822.940980 0.000009 
4821.440480 -0.000001 
4819.939980 -0.000017 
4818.439480 -0.000003 
4816.938980 0.000054 
4815.438479 0.000051 
4813.937979 0.000017 
4812.437479 0.000023 
4810.936979 0.000067 
4809.436479 0.000068 
4807.935979 0.000040 
4806.435478 0.000057 
4804.934978 0.000056 
4803.434478 0.000043 
4801.933978 0.000048 
4800.433478 0.000061 
4798.932978 0.000042 
4797.432477 0.000004 
4795.931977 0.000009 
4794.431477 0.000016 
4792.930977 -0.000023 
4791.430477 -0.000016 
4789.929977 -0.000001 
4788.429476 -0.000017 
4786.928976 -0.000022 
4785.428476 -0.000026 
4783.927976 -0.000025 
4782.427476 -0.000014 
4780.926976 -0.000032 
4779.426475 -0.000039 
4777.925975 -0.000059 
4776.425475 -0.000086 
4774.924975 -0.000059 
4773.424475 -0.000040 
4771.923975 -0.000051 
4770.423474 -0.000035 
4768.922974 -0.000030 
4767.422474 -0.000012 
4765.921974 0.000004 
4764.421474 0.000007 
4762.920974 0.000028 
4761.420473 -0.000007 
4759.919973 0.000022 
4758.419473 0.000018 
4756.918973 0.000021 
4755.418473 0.000022 
4753.917973 0.000035 
4752.417472 0.000050 
4750.916972 0.000083 
4749.416472 0.000062 
4747.915972 0.000035 
4746.415472 0.000030 
4744.914972 0.000035 
4743.414471 0.000025 
4741.913971 0.000009 
4740.413471 0.000012 
4738.912971 -0.000041 
4737.412471 -0.000044 
4735.911971 -0.000086 
4734.411470 -0.000116 
4732.910970 -0.000096 
4731.410470 -0.000122 
4729.909970 -0.000117 
4728.409470 -0.000126 
4726.908970 -0.000117 
4725.408469 -0.000113 
4723.907969 -0.000101 
4722.407469 -0.000061 
4720.906969 -0.000064 
4719.406469 -0.000051 
4717.905969 -0.000020 
4716.405468 -0.000023 
4714.904968 -0.000030 
4713.404468 -0.000016 
4711.903968 -0.000034 
4710.403468 -0.000044 
4708.902968 -0.000009 
4707.402467 -0.000002 
4705.901967 0.000046 
4704.401467 0.000059 
4702.900967 0.000049 
4701.400467 0.000080 
4699.899967 0.000091 
4698.399466 0.000095 
4696.898966 0.000082 
4695.398466 0.000078 
4693.897966 0.000073 
4692.397466 0.000047 
4690.896966 0.000057 
4689.396465 0.000043 
4687.895965 0.000050 
4686.395465 0.000070 
4684.894965 0.000058 
4683.394465 0.000025 
4681.893965 0.000008 
4680.393464 0.000006 
4678.892964 0.000021 
4677.392464 0.000005 
4675.891964 0.000017 
4674.391464 -0.000006 
4672.890964 0.000004 
4671.390463 0.000041 
4669.889963 0.000051 
4668.389463 0.000037 
4666.888963 0.000075 
4665.388463 0.000078 
4663.887963 0.000089 
4662.387462 0.000120 
4660.886962 0.000136 
4659.386462 0.000101 
4657.885962 0.000129 
4656.385462 0.000151 
4654.884962 0.000128 
4653.384461 0.000114 
4651.883961 0.000142 
4650.383461 0.000117 
4648.882961 0.000121 
4647.382461 0.000104 
4645.881961 0.000112 
4644.381460 0.000083 
4642.880960 0.000103 
4641.380460 0.000069 
4639.879960 0.000041 
4638.379460 0.000060 
4636.878960 0.000061 
4635.378459 0.000048 
4633.877959 0.000053 
4632.377459 0.000072 
4630.876959 0.000076 
4629.376459 0.000069 
4627.875959 0.000054 
4626.375458 0.000050 
4624.874958 0.000056 
4623.374458 0.000049 
4621.873958 0.000050 
4620.373458 0.000028 
4618.872958 0.000073 
4617.372457 0.000090 
4615.871957 0.000063 
4614.371457 0.000056 
4612.870957 0.000077 
4611.370457 0.000094 
4609.869957 0.000076 
4608.369456 0.000060 
4606.868956 0.000053 
4605.368456 0.000056 
4603.867956 0.000071 
4602.367456 0.000084 
4600.866956 0.000091 
4599.366455 0.000081 
4597.865955 0.000084 
4596.365455 0.000077 
4594.864955 0.000085 
4593.364455 0.000081 
4591.863955 0.000063 
4590.363454 0.000051 
4588.862954 0.000052 
4587.362454 0.000051 
4585.861954 0.000038 
4584.361454 0.000032 
4582.860954 0.000030 
4581.360453 0.000050 
4579.859953 0.000061 
4578.359453 0.000050 
4576.858953 0.000050 
4575.358453 0.000050 
4573.857953 0.000049 
4572.357452 0.000056 
4570.856952 0.000068 
4569.356452 0.000068 
4567.855952 0.000076 
4566.355452 0.000080 
4564.854952 0.000062 
4563.354451 0.000079 
4561.853951 0.000091 
4560.353451 0.000086 
4558.852951 0.000098 
4557.352451 0.000113 
4555.851951 0.000106 
4554.351450 0.000111 
4552.850950 0.000120 
4551.350450 0.000113 
4549.849950 0.000109 
4548.349450 0.000092 
4546.848950 0.000066 
4545.348449 0.000098 
4543.847949 0.000112 
4542.347449 0.000099 
4540.846949 0.000084 
4539.346449 0.000056 
4537.845949 0.000087 
4536.345448 0.000099 
4534.844948 0.000101 
4533.344448 0.000099 
4531.843948 0.000107 
4530.343448 0.000136 
4528.842948 0.000149 
4527.342447 0.000142 
4525.841947 0.000125 
4524.341447 0.000126 
4522.840947 0.000143 
4521.340447 0.000119 
4519.839947 0.000119 
4518.339446 0.000145 
4516.838946 0.000185 
4515.338446 0.000188 
4513.837946 0.000172 
4512.337446 0.000169 
4510.836946 0.000179 
4509.336445 0.000211 
4507.835945 0.000188 
4506.335445 0.000174 
4504.834945 0.000182 
4503.334445 0.000178 
4501.833945 0.000171 
4500.333444 0.000132 
4498.832944 0.000126 
4497.332444 0.000122 
4495.831944 0.000133 
4494.331444 0.000138 
4492.830944 0.000130 
4491.330443 0.000120 
4489.829943 0.000103 
4488.329443 0.000107 
4486.828943 0.000136 
4485.328443 0.000117 
4483.827943 0.000093 
4482.327442 0.000068 
4480.826942 0.000075 
4479.326442 0.000062 
4477.825942 0.000058 
4476.325442 0.000073 
4474.824942 0.000100 
4473.324441 0.000087 
4471.823941 0.000091 
4470.323441 0.000099 
4468.822941 0.000111 
4467.322441 0.000112 
4465.821941 0.000111 
4464.321440 0.000100 
4462.820940 0.000094 
4461.320440 0.000119 
4459.819940 0.000122 
4458.319440 0.000126 
4456.818940 0.000113 
4455.318439 0.000129 
4453.817939 0.000155 
4452.317439 0.000171 
4450.816939 0.000175 
4449.316439 0.000197 
4447.815939 0.000194 
4446.315438 0.000180 
4444.814938 0.000199 
4443.314438 0.000220 
4441.813938 0.000237 
4440.313438 0.000222 
4438.812938 0.000242 
4437.312437 0.000250 
4435.811937 0.000254 
4434.311437 0.000252 
4432.810937 0.000275 
4431.310437 0.000259 
4429.809937 0.000261 
4428.309436 0.000275 
4426.808936 0.000281 
4425.308436 0.000274 
4423.807936 0.000275 
4422.307436 0.000288 
4420.806936 0.000281 
4419.306435 0.000275 
4417.805935 0.000289 
4416.305435 0.000286 
4414.804935 0.000291 
4413.304435 0.000294 
4411.803935 0.000317 
4410.303434 0.000317 
4408.802934 0.000315 
4407.302434 0.000308 
4405.801934 0.000310 
4404.301434 0.000313 
4402.800934 0.000323 
4401.300433 0.000326 
4399.799933 0.000321 
4398.299433 0.000330 
4396.798933 0.000326 
4395.298433 0.000330 
4393.797933 0.000327 
4392.297432 0.000329 
4390.796932 0.000352 
4389.296432 0.000331 
4387.795932 0.000336 
4386.295432 0.000343 
4384.794932 0.000348 
4383.294431 0.000337 
4381.793931 0.000335 
4380.293431 0.000332 
4378.792931 0.000333 
4377.292431 0.000328 
4375.791931 0.000345 
4374.291430 0.000356 
4372.790930 0.000364 
4371.290430 0.000366 
4369.789930 0.000343 
4368.289430 0.000341 
4366.788930 0.000337 
4365.288429 0.000334 
4363.787929 0.000354 
4362.287429 0.000348 
4360.786929 0.000348 
4359.286429 0.000348 
4357.785929 0.000331 
4356.285428 0.000334 
4354.784928 0.000356 
4353.284428 0.000329 
4351.783928 0.000298 
4350.283428 0.000293 
4348.782928 0.000317 
4347.282427 0.000330 
4345.781927 0.000311 
4344.281427 0.000285 
4342.780927 0.000293 
4341.280427 0.000292 
4339.779927 0.000266 
4338.279426 0.000254 
4336.778926 0.000235 
4335.278426 0.000256 
4333.777926 0.000265 
4332.277426 0.000259 
4330.776926 0.000256 
4329.276425 0.000254 
4327.775925 0.000245 
4326.275425 0.000259 
4324.774925 0.000245 
4323.274425 0.000257 
4321.773925 0.000229 
4320.273424 0.000209 
4318.772924 0.000217 
4317.272424 0.000243 
4315.771924 0.000242 
4314.271424 0.000226 
4312.770924 0.000252 
4311.270423 0.000244 
4309.769923 0.000232 
4308.269423 0.000260 
4306.768923 0.000257 
4305.268423 0.000246 
4303.767923 0.000224 
4302.267422 0.000234 
4300.766922 0.000237 
4299.266422 0.000235 
4297.765922 0.000217 
4296.265422 0.000215 
4294.764922 0.000200 
4293.264421 0.000166 
4291.763921 0.000141 
4290.263421 0.000122 
4288.762921 0.000111 
4287.262421 0.000126 
4285.761921 0.000124 
4284.261420 0.000126 
4282.760920 0.000143 
4281.260420 0.000135 
4279.759920 0.000145 
4278.259420 0.000130 
4276.758920 0.000117 
4275.258419 0.000130 
4273.757919 0.000135 
4272.257419 0.000135 
4270.756919 0.000106 
4269.256419 0.000122 
4267.755919 0.000119 
4266.255418 0.000137 
4264.754918 0.000126 
4263.254418 0.000119 
4261.753918 0.000124 
4260.253418 0.000135 
4258.752918 0.000124 
4257.252417 0.000113 
4255.751917 0.000128 
4254.251417 0.000148 
4252.750917 0.000132 
4251.250417 0.000128 
4249.749917 0.000130 
4248.249416 0.000152 
4246.748916 0.000165 
4245.248416 0.000150 
4243.747916 0.000145 
4242.247416 0.000150 
4240.746916 0.000154 
4239.246415 0.000159 
4237.745915 0.000178 
4236.245415 0.000189 
4234.744915 0.000193 
4233.244415 0.000200 
4231.743915 0.000211 
4230.243414 0.000211 
4228.742914 0.000220 
4227.242414 0.000241 
4225.741914 0.000256 
4224.241414 0.000269 
4222.740914 0.000267 
4221.240413 0.000269 
4219.739913 0.000276 
4218.239413 0.000293 
4216.738913 0.000300 
4215.238413 0.000311 
4213.737913 0.000319 
4212.237412 0.000337 
4210.736912 0.000356 
4209.236412 0.000363 
4207.735912 0.000376 
4206.235412 0.000387 
4204.734912 0.000380 
4203.234411 0.000387 
4201.733911 0.000408 
4200.233411 0.000413 
4198.732911 0.000400 
4197.232411 0.000393 
4195.731911 0.000393 
4194.231410 0.000400 
4192.730910 0.000382 
4191.230410 0.000374 
4189.729910 0.000389 
4188.229410 0.000391 
4186.728910 0.000404 
4185.228409 0.000399 
4183.727909 0.000384 
4182.227409 0.000376 
4180.726909 0.000403 
4179.226409 0.000435 
4177.725909 0.000441 
4176.225408 0.000428 
4174.724908 0.000410 
4173.224408 0.000433 
4171.723908 0.000435 
4170.223408 0.000439 
4168.722908 0.000443 
4167.222407 0.000432 
4165.721907 0.000431 
4164.221407 0.000461 
4162.720907 0.000480 
4161.220407 0.000478 
4159.719907 0.000480 
4158.219406 0.000484 
4156.718906 0.000474 
4155.218406 0.000476 
4153.717906 0.000502 
4152.217406 0.000482 
4150.716906 0.000478 
4149.216405 0.000467 
4147.715905 0.000472 
4146.215405 0.000476 
4144.714905 0.000496 
4143.214405 0.000506 
4141.713905 0.000484 
4140.213404 0.000484 
4138.712904 0.000456 
4137.212404 0.000446 
4135.711904 0.000443 
4134.211404 0.000448 
4132.710904 0.000443 
4131.210403 0.000429 
4129.709903 0.000417 
4128.209403 0.000410 
4126.708903 0.000397 
4125.208403 0.000393 
4123.707903 0.000375 
4122.207402 0.000365 
4120.706902 0.000367 
4119.206402 0.000368 
4117.705902 0.000385 
4116.205402 0.000408 
4114.704902 0.000408 
4113.204401 0.000404 
4111.703901 0.000429 
4110.203401 0.000473 
4108.702901 0.000503 
4107.202401 0.000560 
4105.701901 0.000626 
4104.201400 0.000691 
4102.700900 0.000766 
4101.200400 0.000876 
4099.699900 0.000979 
4098.199400 0.001048 
4096.698900 0.001148 
4095.198399 0.001212 
4093.697899 0.001304 
4092.197399 0.001408 
4090.696899 0.001488 
4089.196399 0.001568 
4087.695899 0.001648 
4086.195398 0.001738 
4084.694898 0.001808 
4083.194398 0.001904 
4081.693898 0.001998 
4080.193398 0.002082 
4078.692898 0.002152 
4077.192397 0.002186 
4075.691897 0.002206 
4074.191397 0.002168 
4072.690897 0.002150 
4071.190397 0.002134 
4069.689897 0.002120 
4068.189396 0.002055 
4066.688896 0.001945 
4065.188396 0.001776 
4063.687896 0.001550 
4062.187396 0.001284 
4060.686896 0.001056 
4059.186395 0.000875 
4057.685895 0.000737 
4056.185395 0.000629 
4054.684895 0.000545 
4053.184395 0.000497 
4051.683895 0.000468 
4050.183394 0.000421 
4048.682894 0.000365 
4047.182394 0.000333 
4045.681894 0.000306 
4044.181394 0.000290 
4042.680894 0.000278 
4041.180393 0.000271 
4039.679893 0.000240 
4038.179393 0.000246 
4036.678893 0.000229 
4035.178393 0.000210 
4033.677893 0.000218 
4032.177392 0.000227 
4030.676892 0.000204 
4029.176392 0.000211 
4027.675892 0.000207 
4026.175392 0.000184 
4024.674892 0.000182 
4023.174391 0.000185 
4021.673891 0.000195 
4020.173391 0.000175 
4018.672891 0.000181 
4017.172391 0.000174 
4015.671891 0.000175 
4014.171390 0.000167 
4012.670890 0.000162 
4011.170390 0.000152 
4009.669890 0.000158 
4008.169390 0.000159 
4006.668890 0.000155 
4005.168389 0.000143 
4003.667889 0.000130 
4002.167389 0.000113 
4000.666889 0.000117 
3999.166389 0.000120 
3997.665889 0.000119 
3996.165388 0.000103 
3994.664888 0.000080 
3993.164388 0.000059 
3991.663888 0.000065 
3990.163388 0.000051 
3988.662888 0.000035 
3987.162387 0.000030 
3985.661887 0.000010 
3984.161387 0.000020 
3982.660887 0.000026 
3981.160387 0.000011 
3979.659887 0.000007 
3978.159386 0.000016 
3976.658886 0.000026 
3975.158386 0.000032 
3973.657886 0.000051 
3972.157386 0.000053 
3970.656886 0.000048 
3969.156385 0.000054 
3967.655885 0.000078 
3966.155385 0.000072 
3964.654885 0.000102 
3963.154385 0.000109 
3961.653885 0.000107 
3960.153384 0.000120 
3958.652884 0.000142 
3957.152384 0.000136 
3955.651884 0.000135 
3954.151384 0.000145 
3952.650884 0.000168 
3951.150383 0.000169 
3949.649883 0.000174 
3948.149383 0.000162 
3946.648883 0.000169 
3945.148383 0.000152 
3943.647883 0.000137 
3942.147382 0.000114 
3940.646882 0.000113 
3939.146382 0.000113 
3937.645882 0.000086 
3936.145382 0.000074 
3934.644882 0.000081 
3933.144381 0.000092 
3931.643881 0.000083 
3930.143381 0.000090 
3928.642881 0.000110 
3927.142381 0.000125 
3925.641881 0.000129 
3924.141380 0.000129 
3922.640880 0.000146 
3921.140380 0.000156 
3919.639880 0.000138 
3918.139380 0.000152 
3916.638880 0.000171 
3915.138379 0.000173 
3913.637879 0.000162 
3912.137379 0.000141 
3910.636879 0.000126 
3909.136379 0.000133 
3907.635879 0.000130 
3906.135378 0.000126 
3904.634878 0.000141 
3903.134378 0.000178 
3901.633878 0.000176 
3900.133378 0.000180 
3898.632878 0.000186 
3897.132377 0.000194 
3895.631877 0.000207 
3894.131377 0.000216 
3892.630877 0.000247 
3891.130377 0.000276 
3889.629877 0.000294 
3888.129376 0.000314 
3886.628876 0.000372 
3885.128376 0.000433 
3883.627876 0.000503 
3882.127376 0.000567 
3880.626876 0.000677 
3879.126375 0.000816 
3877.625875 0.001005 
3876.125375 0.001155 
3874.624875 0.001300 
3873.124375 0.001440 
3871.623875 0.001630 
3870.123374 0.001880 
3868.622874 0.002103 
3867.122374 0.002338 
3865.621874 0.002573 
3864.121374 0.002685 
3862.620874 0.002710 
3861.120373 0.002692 
3859.619873 0.002690 
3858.119373 0.002632 
3856.618873 0.002331 
3855.118373 0.001898 
3853.617873 0.001395 
3852.117372 0.001007 
3850.616872 0.000725 
3849.116372 0.000575 
3847.615872 0.000460 
3846.115372 0.000386 
3844.614872 0.000351 
3843.114371 0.000286 
3841.613871 0.000258 
3840.113371 0.000231 
3838.612871 0.000243 
3837.112371 0.000218 
3835.611871 0.000218 
3834.111370 0.000168 
3832.610870 0.000161 
3831.110370 0.000161 
3829.609870 0.000141 
3828.109370 0.000143 
3826.608870 0.000136 
3825.108369 0.000106 
3823.607869 0.000083 
3822.107369 0.000095 
3820.606869 0.000091 
3819.106369 0.000067 
3817.605869 0.000069 
3816.105368 0.000078 
3814.604868 0.000078 
3813.104368 0.000051 
3811.603868 0.000026 
3810.103368 0.000006 
3808.602868 0.000003 
3807.102367 0.000014 
3805.601867 0.000016 
3804.101367 -0.000005 
3802.600867 -0.000026 
3801.100367 -0.000018 
3799.599867 -0.000033 
3798.099366 -0.000048 
3796.598866 -0.000052 
3795.098366 -0.000052 
3793.597866 -0.000052 
3792.097366 -0.000069 
3790.596866 -0.000082 
3789.096365 -0.000087 
3787.595865 -0.000099 
3786.095365 -0.000096 
3784.594865 -0.000095 
3783.094365 -0.000109 
3781.593865 -0.000117 
3780.093364 -0.000117 
3778.592864 -0.000126 
3777.092364 -0.000114 
3775.591864 -0.000108 
3774.091364 -0.000129 
3772.590864 -0.000143 
3771.090363 -0.000148 
3769.589863 -0.000141 
3768.089363 -0.000130 
3766.588863 -0.000135 
3765.088363 -0.000135 
3763.587863 -0.000135 
3762.087362 -0.000147 
3760.586862 -0.000140 
3759.086362 -0.000138 
3757.585862 -0.000140 
3756.085362 -0.000143 
3754.584862 -0.000164 
3753.084361 -0.000145 
3751.583861 -0.000148 
3750.083361 -0.000106 
3748.582861 -0.000128 
3747.082361 -0.000159 
3745.581861 -0.000113 
3744.081360 -0.000090 
3742.580860 -0.000096 
3741.080360 -0.000119 
3739.579860 -0.000151 
3738.079360 -0.000136 
3736.578860 -0.000106 
3735.078359 -0.000102 
3733.577859 -0.000130 
3732.077359 -0.000117 
3730.576859 -0.000130 
3729.076359 -0.000122 
3727.575859 -0.000097 
3726.075358 -0.000087 
3724.574858 -0.000120 
3723.074358 -0.000130 
3721.573858 -0.000130 
3720.073358 -0.000126 
3718.572858 -0.000126 
3717.072357 -0.000151 
3715.571857 -0.000140 
3714.071357 -0.000139 
3712.570857 -0.000122 
3711.070357 -0.000122 
3709.569857 -0.000114 
3708.069356 -0.000129 
3706.568856 -0.000130 
3705.068356 -0.000122 
3703.567856 -0.000113 
3702.067356 -0.000087 
3700.566856 -0.000078 
3699.066355 -0.000078 
3697.565855 -0.000079 
3696.065355 -0.000066 
3694.564855 -0.000073 
3693.064355 -0.000079 
3691.563855 -0.000061 
3690.063354 -0.000049 
3688.562854 0.000007 
3687.062354 0.000026 
3685.561854 0.000014 
3684.061354 0.000034 
3682.560854 0.000051 
3681.060353 0.000065 
3679.559853 0.000090 
3678.059353 0.000100 
3676.558853 0.000136 
3675.058353 0.000233 
3673.557853 0.000317 
3672.057352 0.000213 
3670.556852 0.000215 
3669.056352 0.000296 
3667.555852 0.000376 
3666.055352 0.000399 
3664.554852 0.000404 
3663.054351 0.000400 
3661.553851 0.000387 
3660.053351 0.000387 
3658.552851 0.000333 
3657.052351 0.000269 
3655.551851 0.000324 
3654.051350 0.000344 
3652.550850 0.000264 
3651.050350 0.000147 
3649.549850 0.000133 
3648.049350 0.000193 
3646.548850 0.000288 
3645.048349 0.000334 
3643.547849 0.000339 
3642.047349 0.000339 
3640.546849 0.000339 
3639.046349 0.000331 
3637.545849 0.000330 
3636.045348 0.000314 
3634.544848 0.000295 
3633.044348 0.000296 
3631.543848 0.000204 
3630.043348 0.000067 
3628.542848 0.000131 
3627.042347 0.000236 
3625.541847 0.000281 
3624.041347 0.000287 
3622.540847 0.000262 
3621.040347 0.000193 
3619.539847 0.000174 
3618.039346 0.000207 
3616.538846 0.000234 
3615.038346 0.000218 
3613.537846 0.000191 
3612.037346 0.000209 
3610.536846 0.000158 
3609.036345 0.000164 
3607.535845 0.000195 
3606.035345 0.000226 
3604.534845 0.000235 
3603.034345 0.000222 
3601.533845 0.000209 
3600.033344 0.000204 
3598.532844 0.000204 
3597.032344 0.000187 
3595.531844 0.000178 
3594.031344 0.000182 
3592.530844 0.000191 
3591.030343 0.000170 
3589.529843 0.000114 
3588.029343 0.000096 
3586.528843 0.000121 
3585.028343 0.000160 
3583.527843 0.000169 
3582.027342 0.000169 
3580.526842 0.000169 
3579.026342 0.000165 
3577.525842 0.000161 
3576.025342 0.000156 
3574.524842 0.000152 
3573.024341 0.000148 
3571.523841 0.000139 
3570.023341 0.000101 
3568.522841 0.000053 
3567.022341 0.000056 
3565.521841 0.000091 
3564.021340 0.000108 
3562.520840 0.000113 
3561.020340 0.000104 
3559.519840 0.000109 
3558.019340 0.000113 
3556.518840 0.000109 
3555.018339 0.000100 
3553.517839 0.000083 
3552.017339 0.000082 
3550.516839 0.000087 
3549.016339 0.000074 
3547.515839 0.000048 
3546.015338 0.000043 
3544.514838 0.000056 
3543.014338 0.000069 
3541.513838 0.000074 
3540.013338 0.000074 
3538.512838 0.000061 
3537.012337 0.000061 
3535.511837 0.000069 
3534.011337 0.000069 
3532.510837 0.000070 
3531.010337 0.000074 
3529.509837 0.000078 
3528.009336 0.000095 
3526.508836 0.000104 
3525.008336 0.000100 
3523.507836 0.000104 
3522.007336 0.000113 
3520.506836 0.000122 
3519.006335 0.000135 
3517.505835 0.000148 
3516.005335 0.000143 
3514.504835 0.000152 
3513.004335 0.000169 
3511.503835 0.000182 
3510.003334 0.000195 
3508.502834 0.000187 
3507.002334 0.000182 
3505.501834 0.000174 
3504.001334 0.000165 
3502.500834 0.000156 
3501.000333 0.000148 
3499.499833 0.000143 
3497.999333 0.000135 
3496.498833 0.000126 
3494.998333 0.000117 
3493.497833 0.000109 
3491.997332 0.000100 
3490.496832 0.000096 
3488.996332 0.000087 
3487.495832 0.000078 
3485.995332 0.000069 
3484.494832 0.000061 
3482.994331 0.000056 
3481.493831 0.000048 
3479.993331 0.000039 
3478.492831 0.000030 
3476.992331 0.000022 
3475.491831 0.000017 
3473.991330 0.000009 
3472.490830 0.000000 
3470.990330 -0.000004 
3469.489830 -0.000009 
3467.989330 -0.000017 
3466.488830 -0.000022 
3464.988329 -0.000026 
3463.487829 -0.000031 
3461.987329 -0.000035 
3460.486829 -0.000043 
3458.986329 -0.000048 
3457.485829 -0.000052 
3455.985328 -0.000057 
3454.484828 -0.000061 
3452.984328 -0.000069 
3451.483828 -0.000074 
3449.983328 -0.000078 
3448.482828 -0.000083 
3446.982327 -0.000087 
3445.481827 -0.000096 
3443.981327 -0.000100 
3442.480827 -0.000104 
3440.980327 -0.000109 
3439.479827 -0.000113 
3437.979326 -0.000122 
3436.478826 -0.000126 
3434.978326 -0.000130 
3433.477826 -0.000135 
3431.977326 -0.000143 
3430.476826 -0.000148 
3428.976325 -0.000152 
3427.475825 -0.000157 
3425.975325 -0.000161 
3424.474825 -0.000169 
3422.974325 -0.000174 
3421.473825 -0.000178 
3419.973324 -0.000183 
3418.472824 -0.000187 
3416.972324 -0.000195 
3415.471824 -0.000200 
3413.971324 -0.000208 
3412.470824 -0.000213 
3410.970323 -0.000222 
3409.469823 -0.000230 
3407.969323 -0.000235 
3406.468823 -0.000243 
3404.968323 -0.000248 
3403.467823 -0.000256 
3401.967322 -0.000265 
3400.466822 -0.000269 
3398.966322 -0.000278 
3397.465822 -0.000282 
3395.965322 -0.000291 
3394.464822 -0.000300 
3392.964321 -0.000304 
3391.463821 -0.000313 
3389.963321 -0.000317 
3388.462821 -0.000326 
3386.962321 -0.000334 
3385.461821 -0.000339 
3383.961320 -0.000347 
3382.460820 -0.000352 
3380.960320 -0.000360 
3379.459820 -0.000369 
3377.959320 -0.000374 
3376.458820 -0.000382 
3374.958319 -0.000387 
3373.457819 -0.000395 
3371.957319 -0.000400 
3370.456819 -0.000408 
3368.956319 -0.000417 
3367.455819 -0.000421 
3365.955318 -0.000430 
3364.454818 -0.000434 
3362.954318 -0.000443 
3361.453818 -0.000451 
3359.953318 -0.000471 
3358.452818 -0.000531 
3356.952317 -0.000579 
3355.451817 -0.000636 
3353.951317 -0.000696 
3352.450817 -0.000757 
3350.950317 -0.000804 
3349.449817 -0.000825 
3347.949316 -0.000837 
3346.448816 -0.000818 
3344.948316 -0.000741 
3343.447816 -0.000560 
3341.947316 -0.000337 
3340.446816 -0.000230 
3338.946315 -0.000274 
3337.445815 -0.000422 
3335.945315 -0.000582 
3334.444815 -0.000715 
3332.944315 -0.000796 
3331.443815 -0.000853 
3329.943314 -0.000927 
3328.442814 -0.001013 
3326.942314 -0.001126 
3325.441814 -0.001266 
3323.941314 -0.001406 
3322.440814 -0.001537 
3320.940313 -0.001728 
3319.439813 -0.001971 
3317.939313 -0.002220 
3316.438813 -0.002470 
3314.938313 -0.002720 
3313.437813 -0.002972 
3311.937312 -0.003240 
3310.436812 -0.003469 
3308.936312 -0.003658 
3307.435812 -0.003840 
3305.935312 -0.004114 
3304.434812 -0.004433 
3302.934311 -0.004743 
3301.433811 -0.005043 
3299.933311 -0.005332 
3298.432811 -0.005603 
3296.932311 -0.005884 
3295.431811 -0.006164 
3293.931310 -0.006464 
3292.430810 -0.006765 
3290.930310 -0.007087 
3289.429810 -0.007427 
3287.929310 -0.007787 
3286.428810 -0.008149 
3284.928309 -0.008540 
3283.427809 -0.008950 
3281.927309 -0.009380 
3280.426809 -0.009822 
3278.926309 -0.010317 
3277.425809 -0.010890 
3275.925308 -0.011490 
3274.424808 -0.012102 
3272.924308 -0.012710 
3271.423808 -0.013274 
3269.923308 -0.013741 
3268.422808 -0.014095 
3266.922307 -0.014376 
3265.421807 -0.014793 
3263.921307 -0.015559 
3262.420807 -0.016575 
3260.920307 -0.017623 
3259.419807 -0.018457 
3257.919306 -0.018641 
3256.418806 -0.017239 
3254.918306 -0.012186 
3253.417806 -0.000245 
3251.917306 0.020521 
3250.416806 0.047146 
3248.916305 0.075327 
3247.415805 0.106179 
3245.915305 0.138915 
3244.414805 0.158547 
3242.914305 0.155971 
3241.413805 0.140475 
3239.913304 0.132199 
3238.412804 0.151821 
3236.912304 0.202412 
3235.411804 0.261516 
3233.911304 0.312174 
3232.410804 0.377301 
3230.910303 0.473720 
3229.409803 0.589580 
3227.909303 0.698656 
3226.408803 0.729446 
3224.908303 0.580927 
3223.407803 0.369289 
3221.907302 0.235310 
3220.406802 0.165720 
3218.906302 0.126108 
3217.405802 0.102237 
3215.905302 0.087223 
3214.404802 0.077125 
3212.904301 0.069730 
3211.403801 0.063999 
3209.903301 0.059375 
3208.402801 0.055526 
3206.902301 0.052245 
3205.401801 0.049387 
3203.901300 0.046876 
3202.400800 0.044643 
3200.900300 0.042632 
3199.399800 0.040816 
3197.899300 0.039163 
3196.398800 0.037623 
3194.898299 0.036221 
3193.397799 0.034922 
3191.897299 0.033680 
3190.396799 0.032544 
3188.896299 0.031479 
3187.395799 0.030505 
3185.895298 0.029587 
3184.394798 0.028721 
3182.894298 0.027895 
3181.393798 0.027137 
3179.893298 0.026419 
3178.392798 0.025711 
3176.892297 0.025055 
3175.391797 0.024425 
3173.891297 0.023829 
3172.390797 0.023269 
3170.890297 0.022733 
3169.389797 0.022237 
3167.889296 0.021775 
3166.388796 0.021299 
3164.888296 0.020866 
3163.387796 0.020439 
3161.887296 0.020028 
3160.386796 0.019628 
3158.886295 0.019243 
3157.385795 0.018873 
3155.885295 0.018502 
3154.384795 0.018165 
3152.884295 0.017847 
3151.383795 0.017537 
3149.883294 0.017249 
3148.382794 0.016979 
3146.882294 0.016721 
3145.381794 0.016481 
3143.881294 0.016251 
3142.380794 0.016023 
3140.880293 0.015806 
3139.379793 0.015616 
3137.879293 0.015423 
3136.378793 0.015225 
3134.878293 0.015045 
3133.377793 0.014868 
3131.877292 0.014708 
3130.376792 0.014545 
3128.876292 0.014378 
3127.375792 0.014238 
3125.875292 0.014078 
3124.374792 0.013917 
3122.874291 0.013800 
3121.373791 0.013677 
3119.873291 0.013527 
3118.372791 0.013390 
3116.872291 0.013270 
3115.371791 0.013127 
3113.871290 0.012992 
3112.370790 0.012900 
3110.870290 0.012792 
3109.369790 0.012680 
3107.869290 0.012550 
3106.368790 0.012440 
3104.868289 0.012342 
3103.367789 0.012259 
3101.867289 0.012159 
3100.366789 0.012052 
3098.866289 0.011972 
3097.365789 0.011862 
3095.865288 0.011777 
3094.364788 0.011725 
3092.864288 0.011655 
3091.363788 0.011562 
3089.863288 0.011472 
3088.362788 0.011379 
3086.862287 0.011272 
3085.361787 0.011204 
3083.861287 0.011142 
3082.360787 0.011072 
3080.860287 0.010992 
3079.359787 0.010912 
3077.859286 0.010834 
3076.358786 0.010774 
3074.858286 0.010727 
3073.357786 0.010684 
3071.857286 0.010611 
3070.356786 0.010541 
3068.856285 0.010461 
3067.355785 0.010397 
3065.855285 0.010347 
3064.354785 0.010294 
3062.854285 0.010237 
3061.353785 0.010171 
3059.853284 0.010104 
3058.352784 0.010047 
3056.852284 0.010027 
3055.351784 0.009984 
3053.851284 0.009934 
3052.350784 0.009894 
3050.850283 0.009844 
3049.349783 0.009787 
3047.849283 0.009747 
3046.348783 0.009707 
3044.848283 0.009677 
3043.347783 0.009637 
3041.847282 0.009617 
3040.346782 0.009587 
3038.846282 0.009557 
3037.345782 0.009527 
3035.845282 0.009487 
3034.344782 0.009447 
3032.844281 0.009404 
3031.343781 0.009347 
3029.843281 0.009307 
3028.342781 0.009277 
3026.842281 0.009247 
3025.341781 0.009207 
3023.841280 0.009180 
3022.340780 0.009160 
3020.840280 0.009127 
3019.339780 0.009087 
3017.839280 0.009083 
3016.338780 0.009123 
3014.838279 0.009160 
3013.337779 0.009170 
3011.837279 0.009190 
3010.336779 0.009200 
3008.836279 0.009200 
3007.335779 0.009187 
3005.835278 0.009157 
3004.334778 0.009113 
3002.834278 0.009067 
3001.333778 0.009013 
2999.833278 0.008953 
2998.332778 0.008907 
2996.832277 0.008863 
2995.331777 0.008827 
2993.831277 0.008797 
2992.330777 0.008767 
2990.830277 0.008737 
2989.329777 0.008710 
2987.829276 0.008697 
2986.328776 0.008690 
2984.828276 0.008670 
2983.327776 0.008670 
2981.827276 0.008670 
2980.326776 0.008660 
2978.826275 0.008683 
2977.325775 0.008710 
2975.825275 0.008713 
2974.324775 0.008734 
2972.824275 0.008740 
2971.323775 0.008754 
2969.823274 0.008754 
2968.322774 0.008774 
2966.822274 0.008790 
2965.321774 0.008800 
2963.821274 0.008810 
2962.320774 0.008800 
2960.820273 0.008796 
2959.319773 0.008770 
2957.819273 0.008770 
2956.318773 0.008746 
2954.818273 0.008713 
2953.317773 0.008686 
2951.817272 0.008643 
2950.316772 0.008593 
2948.816272 0.008566 
2947.315772 0.008546 
2945.815272 0.008536 
2944.314772 0.008516 
2942.814271 0.008510 
2941.313771 0.008510 
2939.813271 0.008510 
2938.312771 0.008510 
2936.812271 0.008530 
2935.311771 0.008534 
2933.811270 0.008544 
2932.310770 0.008560 
2930.810270 0.008566 
2929.309770 0.008536 
2927.809270 0.008502 
2926.308770 0.008480 
2924.808269 0.008446 
2923.307769 0.008396 
2921.807269 0.008356 
2920.306769 0.008306 
2918.806269 0.008256 
2917.305769 0.008212 
2915.805268 0.008152 
2914.304768 0.008086 
2912.804268 0.008042 
2911.303768 0.007992 
2909.803268 0.007950 
2908.302768 0.007916 
2906.802267 0.007876 
2905.301767 0.007836 
2903.801267 0.007800 
2902.300767 0.007776 
2900.800267 0.007746 
2899.299767 0.007706 
2897.799266 0.007676 
2896.298766 0.007640 
2894.798266 0.007626 
2893.297766 0.007592 
2891.797266 0.007566 
2890.296766 0.007536 
2888.796265 0.007506 
2887.295765 0.007496 
2885.795265 0.007490 
2884.294765 0.007470 
2882.794265 0.007470 
2881.293765 0.007460 
2879.793264 0.007460 
2878.292764 0.007460 
2876.792264 0.007460 
2875.291764 0.007440 
2873.791264 0.007436 
2872.290764 0.007406 
2870.790263 0.007380 
2869.289763 0.007366 
2867.789263 0.007340 
2866.288763 0.007326 
2864.788263 0.007310 
2863.287763 0.007306 
2861.787262 0.007310 
2860.286762 0.007310 
2858.786262 0.007296 
2857.285762 0.007261 
2855.785262 0.007226 
2854.284762 0.007191 
2852.784261 0.007150 
2851.283761 0.007116 
2849.783261 0.007066 
2848.282761 0.007017 
2846.782261 0.006961 
2845.281761 0.006926 
2843.781260 0.006896 
2842.280760 0.006866 
2840.780260 0.006831 
2839.279760 0.006796 
2837.779260 0.006776 
2836.278760 0.006746 
2834.778259 0.006716 
2833.277759 0.006691 
2831.777259 0.006656 
2830.276759 0.006636 
2828.776259 0.006616 
2827.275759 0.006596 
2825.775258 0.006576 
2824.274758 0.006560 
2822.774258 0.006535 
2821.273758 0.006520 
2819.773258 0.006505 
2818.272758 0.006485 
2816.772257 0.006470 
2815.271757 0.006455 
2813.771257 0.006435 
2812.270757 0.006420 
2810.770257 0.006410 
2809.269757 0.006405 
2807.769256 0.006385 
2806.268756 0.006370 
2804.768256 0.006370 
2803.267756 0.006370 
2801.767256 0.006370 
2800.266756 0.006360 
2798.766255 0.006360 
2797.265755 0.006360 
2795.765255 0.006365 
2794.264755 0.006370 
2792.764255 0.006380 
2791.263755 0.006395 
2789.763254 0.006405 
2788.262754 0.006435 
2786.762254 0.006455 
2785.261754 0.006470 
2783.761254 0.006480 
2782.260754 0.006495 
2780.760253 0.006500 
2779.259753 0.006490 
2777.759253 0.006485 
2776.258753 0.006455 
2774.758253 0.006440 
2773.257753 0.006425 
2771.757252 0.006405 
2770.256752 0.006370 
2768.756252 0.006360 
2767.255752 0.006335 
2765.755252 0.006305 
2764.254752 0.006285 
2762.754251 0.006265 
2761.253751 0.006245 
2759.753251 0.006225 
2758.252751 0.006215 
2756.752251 0.006195 
2755.251751 0.006175 
2753.751250 0.006160 
2752.250750 0.006150 
2750.750250 0.006150 
2749.249750 0.006140 
2747.749250 0.006140 
2746.248750 0.006150 
2744.748249 0.006165 
2743.247749 0.006185 
2741.747249 0.006220 
2740.246749 0.006255 
2738.746249 0.006265 
2737.245749 0.006270 
2735.745248 0.006265 
2734.244748 0.006255 
2732.744248 0.006225 
2731.243748 0.006215 
2729.743248 0.006195 
2728.242748 0.006180 
2726.742247 0.006160 
2725.241747 0.006150 
2723.741247 0.006150 
2722.240747 0.006150 
2720.740247 0.006150 
2719.239747 0.006160 
2717.739246 0.006160 
2716.238746 0.006155 
2714.738246 0.006150 
2713.237746 0.006145 
2711.737246 0.006135 
2710.236746 0.006105 
2708.736245 0.006085 
2707.235745 0.006065 
2705.735245 0.006029 
2704.234745 0.006005 
2702.734245 0.005965 
2701.233745 0.005915 
2699.733244 0.005875 
2698.232744 0.005835 
2696.732244 0.005805 
2695.231744 0.005785 
2693.731244 0.005755 
2692.230744 0.005735 
2690.730243 0.005715 
2689.229743 0.005700 
2687.729243 0.005675 
2686.228743 0.005670 
2684.728243 0.005650 
2683.227743 0.005630 
2681.727242 0.005615 
2680.226742 0.005610 
2678.726242 0.005595 
2677.225742 0.005575 
2675.725242 0.005565 
2674.224742 0.005554 
2672.724241 0.005530 
2671.223741 0.005510 
2669.723241 0.005494 
2668.222741 0.005474 
2666.722241 0.005444 
2665.221741 0.005424 
2663.721240 0.005404 
2662.220740 0.005384 
2660.720240 0.005370 
2659.219740 0.005344 
2657.719240 0.005324 
2656.218740 0.005304 
2654.718239 0.005290 
2653.217739 0.005270 
2651.717239 0.005254 
2650.216739 0.005224 
2648.716239 0.005204 
2647.215739 0.005184 
2645.715238 0.005160 
2644.214738 0.005144 
2642.714238 0.005120 
2641.213738 0.005104 
2639.713238 0.005080 
2638.212738 0.005054 
2636.712237 0.005034 
2635.211737 0.005020 
2633.711237 0.004994 
2632.210737 0.004964 
2630.710237 0.004950 
2629.209737 0.004934 
2627.709236 0.004910 
2626.208736 0.004900 
2624.708236 0.004880 
2623.207736 0.004854 
2621.707236 0.004830 
2620.206736 0.004814 
2618.706235 0.004790 
2617.205735 0.004774 
2615.705235 0.004760 
2614.204735 0.004740 
2612.704235 0.004730 
2611.203735 0.004720 
2609.703234 0.004694 
2608.202734 0.004680 
2606.702234 0.004664 
2605.201734 0.004644 
2603.701234 0.004624 
2602.200734 0.004604 
2600.700233 0.004574 
2599.199733 0.004560 
2597.699233 0.004560 
2596.198733 0.004534 
2594.698233 0.004514 
2593.197733 0.004504 
2591.697232 0.004484 
2590.196732 0.004454 
2588.696232 0.004440 
2587.195732 0.004434 
2585.695232 0.004410 
2584.194732 0.004394 
2582.694231 0.004374 
2581.193731 0.004360 
2579.693231 0.004344 
2578.192731 0.004330 
2576.692231 0.004324 
2575.191731 0.004304 
2573.691230 0.004284 
2572.190730 0.004264 
2570.690230 0.004260 
2569.189730 0.004234 
2567.689230 0.004220 
2566.188730 0.004220 
2564.688229 0.004210 
2563.187729 0.004184 
2561.687229 0.004180 
2560.186729 0.004164 
2558.686229 0.004150 
2557.185729 0.004140 
2555.685228 0.004140 
2554.184728 0.004124 
2552.684228 0.004120 
2551.183728 0.004120 
2549.683228 0.004120 
2548.182728 0.004136 
2546.682227 0.004193 
2545.181727 0.004220 
2543.681227 0.004167 
2542.180727 0.004114 
2540.680227 0.004084 
2539.179727 0.004064 
2537.679226 0.004040 
2536.178726 0.004034 
2534.678226 0.004020 
2533.177726 0.004020 
2531.677226 0.004010 
2530.176726 0.004010 
2528.676225 0.004010 
2527.175725 0.004010 
2525.675225 0.004010 
2524.174725 0.004010 
2522.674225 0.004010 
2521.173725 0.004010 
2519.673224 0.004010 
2518.172724 0.004010 
2516.672224 0.004000 
2515.171724 0.004003 
2513.671224 0.004000 
2512.170724 0.004000 
2510.670223 0.004000 
2509.169723 0.004010 
2507.669223 0.004010 
2506.168723 0.004010 
2504.668223 0.004020 
2503.167723 0.004010 
2501.667222 0.004003 
2500.166722 0.004000 
2498.666222 0.004000 
2497.165722 0.003990 
2495.665222 0.003980 
2494.164722 0.003980 
2492.664221 0.003970 
2491.163721 0.003970 
2489.663221 0.003963 
2488.162721 0.003950 
2486.662221 0.003960 
2485.161721 0.003950 
2483.661220 0.003940 
2482.160720 0.003940 
2480.660220 0.003940 
2479.159720 0.003933 
2477.659220 0.003923 
2476.158720 0.003920 
2474.658219 0.003920 
2473.157719 0.003910 
2471.657219 0.003910 
2470.156719 0.003900 
2468.656219 0.003900 
2467.155719 0.003900 
2465.655218 0.003900 
2464.154718 0.003900 
2462.654218 0.003917 
2461.153718 0.003927 
2459.653218 0.003930 
2458.152718 0.003920 
2456.652217 0.003930 
2455.151717 0.003923 
2453.651217 0.003920 
2452.150717 0.003920 
2450.650217 0.003910 
2449.149717 0.003910 
2447.649216 0.003900 
2446.148716 0.003900 
2444.648216 0.003900 
2443.147716 0.003890 
2441.647216 0.003873 
2440.146716 0.003860 
2438.646215 0.003853 
2437.145715 0.003840 
2435.645215 0.003833 
2434.144715 0.003830 
2432.644215 0.003823 
2431.143715 0.003810 
2429.643214 0.003800 
2428.142714 0.003780 
2426.642214 0.003770 
2425.141714 0.003763 
2423.641214 0.003743 
2422.140714 0.003730 
2420.640213 0.003723 
2419.139713 0.003710 
2417.639213 0.003693 
2416.138713 0.003673 
2414.638213 0.003653 
2413.137713 0.003650 
2411.637212 0.003643 
2410.136712 0.003623 
2408.636212 0.003613 
2407.135712 0.003603 
2405.635212 0.003583 
2404.134712 0.003570 
2402.634211 0.003560 
2401.133711 0.003550 
2399.633211 0.003540 
2398.132711 0.003530 
2396.632211 0.003520 
2395.131711 0.003510 
2393.631210 0.003490 
2392.130710 0.003480 
2390.630210 0.003470 
2389.129710 0.003450 
2387.629210 0.003443 
2386.128710 0.003433 
2384.628209 0.003420 
2383.127709 0.003413 
2381.627209 0.003400 
2380.126709 0.003373 
2378.626209 0.003343 
2377.125709 0.003303 
2375.625208 0.003255 
2374.124708 0.003205 
2372.624208 0.003145 
2371.123708 0.003085 
2369.623208 0.003025 
2368.122708 0.002975 
2366.622207 0.002932 
2365.121707 0.002892 
2363.621207 0.002872 
2362.120707 0.002860 
2360.620207 0.002860 
2359.119707 0.002878 
2357.619206 0.002908 
2356.118706 0.002948 
2354.618206 0.003005 
2353.117706 0.003075 
2351.617206 0.003153 
2350.116706 0.003218 
2348.616205 0.003205 
2347.115705 0.003137 
2345.615205 0.003067 
2344.114705 0.003012 
2342.614205 0.002975 
2341.113705 0.002950 
2339.613204 0.002932 
2338.112704 0.002930 
2336.612204 0.002920 
2335.111704 0.002920 
2333.611204 0.002930 
2332.110704 0.002930 
2330.610203 0.002948 
2329.109703 0.002960 
2327.609203 0.002978 
2326.108703 0.002990 
2324.608203 0.003018 
2323.107703 0.003038 
2321.607202 0.003030 
2320.106702 0.003002 
2318.606202 0.002982 
2317.105702 0.002962 
2315.605202 0.002952 
2314.104702 0.002942 
2312.604201 0.002932 
2311.103701 0.002920 
2309.603201 0.002912 
2308.102701 0.002892 
2306.602201 0.002900 
2305.101701 0.002892 
2303.601200 0.002880 
2302.100700 0.002880 
2300.600200 0.002880 
2299.099700 0.002880 
2297.599200 0.002880 
2296.098700 0.002880 
2294.598199 0.002880 
2293.097699 0.002880 
2291.597199 0.002870 
2290.096699 0.002860 
2288.596199 0.002862 
2287.095699 0.002868 
2285.595198 0.002878 
2284.094698 0.002880 
2282.594198 0.002872 
2281.093698 0.002880 
2279.593198 0.002880 
2278.092698 0.002880 
2276.592197 0.002888 
2275.091697 0.002890 
2273.591197 0.002880 
2272.090697 0.002880 
2270.590197 0.002870 
2269.089697 0.002880 
2267.589196 0.002880 
2266.088696 0.002890 
2264.588196 0.002890 
2263.087696 0.002888 
2261.587196 0.002890 
2260.086696 0.002890 
2258.586195 0.002908 
2257.085695 0.002910 
2255.585195 0.002898 
2254.084695 0.002910 
2252.584195 0.002910 
2251.083695 0.002900 
2249.583194 0.002900 
2248.082694 0.002900 
2246.582194 0.002892 
2245.081694 0.002890 
2243.581194 0.002890 
2242.080694 0.002880 
2240.580193 0.002890 
2239.079693 0.002888 
2237.579193 0.002900 
2236.078693 0.002890 
2234.578193 0.002890 
2233.077693 0.002890 
2231.577192 0.002892 
2230.076692 0.002890 
2228.576192 0.002882 
2227.075692 0.002880 
2225.575192 0.002880 
2224.074692 0.002879 
2222.574191 0.002870 
2221.073691 0.002870 
2219.573191 0.002851 
2218.072691 0.002860 
2216.572191 0.002851 
2215.071691 0.002850 
2213.571190 0.002850 
2212.070690 0.002850 
2210.570190 0.002841 
2209.069690 0.002849 
2207.569190 0.002841 
2206.068690 0.002840 
2204.568189 0.002830 
2203.067689 0.002820 
2201.567189 0.002811 
2200.066689 0.002800 
2198.566189 0.002801 
2197.065689 0.002781 
2195.565188 0.002790 
2194.064688 0.002770 
2192.564188 0.002770 
2191.063688 0.002743 
2189.563188 0.002749 
2188.062688 0.002741 
2186.562187 0.002739 
2185.061687 0.002751 
2183.561187 0.002711 
2182.060687 0.002749 
2180.560187 0.002711 
2179.059687 0.002719 
2177.559186 0.002701 
2176.058686 0.002698 
2174.558186 0.002701 
2173.057686 0.002670 
2171.557186 0.002690 
2170.056686 0.002641 
2168.556185 0.002658 
2167.055685 0.002642 
2165.555185 0.002629 
2164.054685 0.002641 
2162.554185 0.002601 
2161.053685 0.002628 
2159.553184 0.002611 
2158.052684 0.002600 
2156.552184 0.002610 
2155.051684 0.002571 
2153.551184 0.002580 
2152.050684 0.002561 
2150.550183 0.002540 
2149.049683 0.002540 
2147.549183 0.002512 
2146.048683 0.002510 
2144.548183 0.002520 
2143.047683 0.002501 
2141.547182 0.002491 
2140.046682 0.002471 
2138.546182 0.002460 
2137.045682 0.002451 
2135.545182 0.002430 
2134.044682 0.002411 
2132.544181 0.002381 
2131.043681 0.002370 
2129.543181 0.002371 
2128.042681 0.002331 
2126.542181 0.002349 
2125.041681 0.002312 
2123.541180 0.002289 
2122.040680 0.002291 
2120.540180 0.002251 
2119.039680 0.002259 
2117.539180 0.002261 
2116.038680 0.002221 
2114.538179 0.002239 
2113.037679 0.002221 
2111.537179 0.002190 
2110.036679 0.002210 
2108.536179 0.002171 
2107.035679 0.002160 
2105.535178 0.002171 
2104.034678 0.002141 
2102.534178 0.002149 
2101.033678 0.002141 
2099.533178 0.002110 
2098.032678 0.002139 
2096.532177 0.002121 
2095.031677 0.002100 
2093.531177 0.002130 
2092.030677 0.002091 
2090.530177 0.002090 
2089.029677 0.002119 
2087.529176 0.002101 
2086.028676 0.002099 
2084.528176 0.002129 
2083.027676 0.002130 
2081.527176 0.002149 
2080.026676 0.002151 
2078.526175 0.002150 
2077.025675 0.002160 
2075.525175 0.002180 
2074.024675 0.002160 
2072.524175 0.002160 
2071.023675 0.002180 
2069.523174 0.002180 
2068.022674 0.002180 
2066.522174 0.002170 
2065.021674 0.002160 
2063.521174 0.002170 
2062.020674 0.002160 
2060.520173 0.002150 
2059.019673 0.002150 
2057.519173 0.002140 
2056.018673 0.002120 
2054.518173 0.002120 
2053.017673 0.002090 
2051.517172 0.002070 
2050.016672 0.002050 
2048.516172 0.002050 
2047.015672 0.002040 
2045.515172 0.002030 
2044.014672 0.002020 
2042.514171 0.002010 
2041.013671 0.002010 
2039.513171 0.001990 
2038.012671 0.001990 
2036.512171 0.001980 
2035.011671 0.001980 
2033.511170 0.001980 
2032.010670 0.001980 
2030.510170 0.001970 
2029.009670 0.001980 
2027.509170 0.001980 
2026.008670 0.001970 
2024.508169 0.001960 
2023.007669 0.001950 
2021.507169 0.001930 
2020.006669 0.001920 
2018.506169 0.001920 
2017.005669 0.001910 
2015.505168 0.001890 
2014.004668 0.001880 
2012.504168 0.001880 
2011.003668 0.001880 
2009.503168 0.001880 
2008.002668 0.001870 
2006.502167 0.001860 
2005.001667 0.001850 
2003.501167 0.001850 
2002.000667 0.001850 
2000.500167 0.001850 
1998.999667 0.001850 
1997.499166 0.001850 
1995.998666 0.001830 
1994.498166 0.001830 
1992.997666 0.001820 
1991.497166 0.001810 
1989.996666 0.001810 
1988.496165 0.001810 
1986.995665 0.001790 
1985.495165 0.001780 
1983.994665 0.001780 
1982.494165 0.001780 
1980.993665 0.001770 
1979.493164 0.001750 
1977.992664 0.001720 
1976.492164 0.001710 
1974.991664 0.001720 
1973.491164 0.001680 
1971.990664 0.001670 
1970.490163 0.001660 
1968.989663 0.001640 
1967.489163 0.001610 
1965.988663 0.001702 
1964.488163 0.002287 
1962.987663 0.003164 
1961.487162 0.003297 
1959.986662 0.002987 
1958.486162 0.002718 
1956.985662 0.002488 
1955.485162 0.002339 
1953.984662 0.002219 
1952.484161 0.002088 
1950.983661 0.001938 
1949.483161 0.001829 
1947.982661 0.001769 
1946.482161 0.001710 
1944.981661 0.001690 
1943.481160 0.001680 
1941.980660 0.001690 
1940.480160 0.001650 
1938.979660 0.001640 
1937.479160 0.001620 
1935.978660 0.001620 
1934.478159 0.001580 
1932.977659 0.001580 
1931.477159 0.001600 
1929.976659 0.001570 
1928.476159 0.001570 
1926.975659 0.001540 
1925.475158 0.001520 
1923.974658 0.001489 
1922.474158 0.001480 
1920.973658 0.001449 
1919.473158 0.001440 
1917.972658 0.001450 
1916.472157 0.001430 
1914.971657 0.001410 
1913.471157 0.001409 
1911.970657 0.001380 
1910.470157 0.001370 
1908.969657 0.001359 
1907.469156 0.001340 
1905.968656 0.001329 
1904.468156 0.001319 
1902.967656 0.001301 
1901.467156 0.001299 
1899.966656 0.001280 
1898.466155 0.001279 
1896.965655 0.001249 
1895.465155 0.001230 
1893.964655 0.001209 
1892.464155 0.001179 
1890.963655 0.001160 
1889.463154 0.001159 
1887.962654 0.001129 
1886.462154 0.001100 
1884.961654 0.001070 
1883.461154 0.001058 
1881.960654 0.001011 
1880.460153 0.001000 
1878.959653 0.000991 
1877.459153 0.000969 
1875.958653 0.000947 
1874.458153 0.000926 
1872.957653 0.000912 
1871.457152 0.000886 
1869.956652 0.000874 
1868.456152 0.000877 
1866.955652 0.000842 
1865.455152 0.000813 
1863.954652 0.000795 
1862.454151 0.000781 
1860.953651 0.000756 
1859.453151 0.000734 
1857.952651 0.000721 
1856.452151 0.000704 
1854.951651 0.000678 
1853.451150 0.000660 
1851.950650 0.000638 
1850.450150 0.000625 
1848.949650 0.000608 
1847.449150 0.000598 
1845.948650 0.000574 
1844.448149 0.000600 
1842.947649 0.000571 
1841.447149 0.000521 
1839.946649 0.000504 
1838.446149 0.000490 
1836.945649 0.000468 
1835.445148 0.000451 
1833.944648 0.000447 
1832.444148 0.000420 
1830.943648 0.000395 
1829.443148 0.000390 
1827.942648 0.000364 
1826.442147 0.000348 
1824.941647 0.000342 
1823.441147 0.000316 
1821.940647 0.000304 
1820.440147 0.000291 
1818.939647 0.000282 
1817.439146 0.000277 
1815.938646 0.000260 
1814.438146 0.000248 
1812.937646 0.000243 
1811.437146 0.000238 
1809.936646 0.000221 
1808.436145 0.000217 
1806.935645 0.000212 
1805.435145 0.000212 
1803.934645 0.000204 
1802.434145 0.000205 
1800.933645 0.000190 
1799.433144 0.000178 
1797.932644 0.000164 
1796.432144 0.000155 
1794.931644 0.000130 
1793.431144 0.000132 
1791.930644 0.000160 
1790.430143 0.000120 
1788.929643 0.000076 
1787.429143 0.000052 
1785.928643 0.000048 
1784.428143 0.000051 
1782.927643 0.000017 
1781.427142 0.000017 
1779.926642 0.000013 
1778.426142 -0.000001 
1776.925642 -0.000009 
1775.425142 -0.000009 
1773.924642 -0.000003 
1772.424141 0.000035 
1770.923641 0.000020 
1769.423141 0.000001 
1767.922641 0.000025 
1766.422141 -0.000005 
1764.921641 -0.000018 
1763.421140 -0.000030 
1761.920640 -0.000004 
1760.420140 -0.000032 
1758.919640 -0.000048 
1757.419140 -0.000042 
1755.918640 -0.000051 
1754.418139 -0.000083 
1752.917639 -0.000066 
1751.417139 0.000000 
1749.916639 -0.000043 
1748.416139 -0.000069 
1746.915639 -0.000074 
1745.415138 -0.000079 
1743.914638 -0.000073 
1742.414138 -0.000075 
1740.913638 -0.000067 
1739.413138 -0.000030 
1737.912638 -0.000049 
1736.412137 -0.000109 
1734.911637 -0.000363 
1733.411137 -0.000283 
1731.910637 -0.000080 
1730.410137 -0.000073 
1728.909637 -0.000038 
1727.409136 -0.000022 
1725.908636 -0.000022 
1724.408136 -0.000030 
1722.907636 -0.000025 
1721.407136 -0.000015 
1719.906636 -0.000090 
1718.406135 -0.000297 
1716.905635 -0.000224 
1715.405135 -0.000136 
1713.904635 -0.000055 
1712.404135 0.000000 
1710.903635 -0.000004 
1709.403134 0.000010 
1707.902634 -0.000009 
1706.402134 -0.000056 
1704.901634 -0.000041 
1703.401134 0.000013 
1701.900634 -0.000153 
1700.400133 -0.000384 
1698.899633 -0.000065 
1697.399133 -0.000104 
1695.898633 -0.000265 
1694.398133 0.000025 
1692.897633 0.000105 
1691.397132 0.000099 
1689.896632 0.000087 
1688.396132 0.000097 
1686.895632 0.000067 
1685.395132 0.000054 
1683.894632 0.000060 
1682.394131 -0.000058 
1680.893631 -0.000105 
1679.393131 -0.000124 
1677.892631 -0.000158 
1676.392131 -0.000158 
1674.891631 -0.000124 
1673.391130 -0.000185 
1671.890630 -0.000190 
1670.390130 -0.000190 
1668.889630 -0.000179 
1667.389130 -0.000217 
1665.888630 -0.000244 
1664.388129 -0.000251 
1662.887629 -0.000230 
1661.387129 -0.000250 
1659.886629 -0.000283 
1658.386129 -0.000295 
1656.885629 -0.000299 
1655.385128 -0.000274 
1653.884628 -0.000194 
1652.384128 -0.000110 
1650.883628 -0.000242 
1649.383128 -0.000281 
1647.882628 -0.000253 
1646.382127 -0.000197 
1644.881627 -0.000209 
1643.381127 -0.000242 
1641.880627 -0.000234 
1640.380127 -0.000234 
1638.879627 -0.000240 
1637.379126 -0.000237 
1635.878626 -0.000222 
1634.378126 -0.000313 
1632.877626 -0.000243 
1631.377126 -0.000240 
1629.876626 -0.000247 
1628.376125 -0.000232 
1626.875625 -0.000223 
1625.375125 -0.000219 
1623.874625 -0.000173 
1622.374125 -0.000144 
1620.873625 -0.000145 
1619.373124 -0.000108 
1617.872624 -0.000042 
1616.372124 0.000096 
1614.871624 0.000301 
1613.371124 0.000326 
1611.870624 0.000325 
1610.370123 0.000311 
1608.869623 0.000310 
1607.369123 0.000317 
1605.868623 0.000323 
1604.368123 0.000326 
1602.867623 0.000326 
1601.367122 0.000326 
1599.866622 0.000330 
1598.366122 0.000330 
1596.865622 0.000325 
1595.365122 0.000313 
1593.864622 0.000317 
1592.364121 0.000321 
1590.863621 0.000321 
1589.363121 0.000321 
1587.862621 0.000325 
1586.362121 0.000326 
1584.861621 0.000323 
1583.361120 0.000321 
1581.860620 0.000321 
1580.360120 0.000320 
1578.859620 0.000305 
1577.359120 0.000107 
1575.858620 0.000063 
1574.358119 0.000294 
1572.857619 0.000321 
1571.357119 0.000264 
1569.856619 0.000164 
1568.356119 0.000274 
1566.855619 0.000310 
1565.355118 0.000277 
1563.854618 0.000302 
1562.354118 0.000275 
1560.853618 -0.000032 
1559.353118 -0.000206 
1557.852618 -0.000185 
1556.352117 -0.000221 
1554.851617 -0.000140 
1553.351117 -0.000094 
1551.850617 -0.000092 
1550.350117 -0.000007 
1548.849617 0.000039 
1547.349116 0.000072 
1545.848616 0.000134 
1544.348116 0.000169 
1542.847616 0.000213 
1541.347116 0.000275 
1539.846616 0.000308 
1538.346115 0.000322 
1536.845615 0.000243 
1535.345115 0.000217 
1533.844615 0.000268 
1532.344115 0.000247 
1530.843615 0.000217 
1529.343114 0.000234 
1527.842614 0.000245 
1526.342114 0.000246 
1524.841614 0.000233 
1523.341114 0.000239 
1521.840614 0.000354 
1520.340113 0.000344 
1518.839613 0.000261 
1517.339113 0.000297 
1515.838613 0.000288 
1514.338113 0.000282 
1512.837613 0.000314 
1511.337112 0.000314 
1509.836612 0.000326 
1508.336112 0.000384 
1506.835612 0.000474 
1505.335112 0.000451 
1503.834612 0.000355 
1502.334111 0.000345 
1500.833611 0.000356 
1499.333111 0.000392 
1497.832611 0.000432 
1496.332111 0.000517 
1494.831611 0.000488 
1493.331110 0.000419 
1491.830610 0.000462 
1490.330110 0.000511 
1488.829610 0.000452 
1487.329110 0.000397 
1485.828610 0.000337 
1484.328109 0.000295 
1482.827609 0.000348 
1481.327109 0.000487 
1479.826609 0.000511 
1478.326109 0.000338 
1476.825609 0.000146 
1475.325108 0.000036 
1473.824608 0.000031 
1472.324108 0.000043 
1470.823608 -0.000021 
1469.323108 -0.000056 
1467.822608 -0.000045 
1466.322107 -0.000020 
1464.821607 0.000045 
1463.321107 0.000062 
1461.820607 0.000108 
1460.320107 0.000186 
1458.819607 0.000326 
1457.319106 0.000538 
1455.818606 0.000648 
1454.318106 0.000732 
1452.817606 0.000933 
1451.317106 0.001163 
1449.816606 0.001437 
1448.316105 0.001774 
1446.815605 0.002114 
1445.315105 0.002522 
1443.814605 0.002979 
1442.314105 0.003459 
1440.813605 0.003920 
1439.313104 0.004382 
1437.812604 0.004854 
1436.312104 0.005329 
1434.811604 0.005693 
1433.311104 0.006134 
1431.810604 0.006644 
1430.310103 0.007202 
1428.809603 0.007796 
1427.309103 0.008448 
1425.808603 0.009190 
1424.308103 0.010031 
1422.807603 0.010868 
1421.307102 0.011646 
1419.806602 0.012323 
1418.306102 0.012731 
1416.805602 0.012995 
1415.305102 0.013317 
1413.804602 0.013739 
1412.304101 0.014241 
1410.803601 0.014809 
1409.303101 0.015441 
1407.802601 0.016187 
1406.302101 0.017081 
1404.801601 0.018193 
1403.301100 0.019539 
1401.800600 0.021193 
1400.300100 0.023196 
1398.799600 0.025651 
1397.299100 0.028622 
1395.798600 0.032302 
1394.298099 0.036680 
1392.797599 0.041010 
1391.297099 0.044174 
1389.796599 0.045220 
1388.296099 0.044268 
1386.795599 0.042107 
1385.295098 0.039538 
1383.794598 0.037021 
1382.294098 0.034681 
1380.793598 0.032511 
1379.293098 0.030487 
1377.792598 0.028573 
1376.292097 0.026745 
1374.791597 0.025035 
1373.291097 0.023447 
1371.790597 0.021908 
1370.290097 0.020176 
1368.789597 0.018171 
1367.289096 0.016016 
1365.788596 0.013961 
1364.288096 0.012084 
1362.787596 0.010458 
1361.287096 0.009095 
1359.786596 0.007975 
1358.286095 0.006975 
1356.785595 0.005916 
1355.285095 0.004830 
1353.784595 0.003841 
1352.284095 0.003069 
1350.783595 0.002511 
1349.283094 0.002098 
1347.782594 0.001777 
1346.282094 0.001529 
1344.781594 0.001319 
1343.281094 0.001138 
1341.780594 0.001015 
1340.280093 0.000919 
1338.779593 0.000815 
1337.279093 0.000712 
1335.778593 0.000629 
1334.278093 0.000555 
1332.777593 0.000492 
1331.277092 0.000457 
1329.776592 0.000420 
1328.276092 0.000379 
1326.775592 0.000341 
1325.275092 0.000335 
1323.774592 0.000333 
1322.274091 0.000321 
1320.773591 0.000325 
1319.273091 0.000350 
1317.772591 0.000341 
1316.272091 0.000352 
1314.771591 0.000382 
1313.271090 0.000423 
1311.770590 0.000462 
1310.270090 0.000516 
1308.769590 0.000586 
1307.269090 0.000685 
1305.768590 0.000790 
1304.268089 0.000884 
1302.767589 0.000920 
1301.267089 0.000881 
1299.766589 0.000807 
1298.266089 0.000761 
1296.765589 0.000735 
1295.265088 0.000717 
1293.764588 0.000715 
1292.264088 0.000724 
1290.763588 0.000732 
1289.263088 0.000743 
1287.762588 0.000767 
1286.262087 0.000769 
1284.761587 0.000765 
1283.261087 0.000726 
1281.760587 0.000683 
1280.260087 0.000624 
1278.759587 0.000554 
1277.259086 0.000489 
1275.758586 0.000443 
1274.258086 0.000411 
1272.757586 0.000378 
1271.257086 0.000341 
1269.756586 0.000311 
1268.256085 0.000276 
1266.755585 0.000243 
1265.255085 0.000191 
1263.754585 0.000135 
1262.254085 0.000093 
1260.753585 0.000061 
1259.253084 0.000041 
1257.752584 0.000028 
1256.252084 0.000030 
1254.751584 0.000022 
1253.251084 0.000024 
1251.750584 0.000028 
1250.250083 0.000013 
1248.749583 0.000004 
1247.249083 0.000007 
1245.748583 0.000035 
1244.248083 0.000104 
1242.747583 0.000252 
1241.247082 0.000439 
1239.746582 0.000657 
1238.246082 0.000802 
1236.745582 0.000787 
1235.245082 0.000697 
1233.744582 0.000615 
1232.244081 0.000526 
1230.743581 0.000456 
1229.243081 0.000382 
1227.742581 0.000251 
1226.242081 0.000104 
1224.741581 0.000008 
1223.241080 -0.000028 
1221.740580 -0.000063 
1220.240080 -0.000089 
1218.739580 -0.000091 
1217.239080 -0.000093 
1215.738580 -0.000104 
1214.238079 -0.000098 
1212.737579 -0.000087 
1211.237079 -0.000093 
1209.736579 -0.000111 
1208.236079 -0.000111 
1206.735579 -0.000115 
1205.235078 -0.000128 
1203.734578 -0.000132 
1202.234078 -0.000137 
1200.733578 -0.000141 
1199.233078 -0.000143 
1197.732578 -0.000139 
1196.232077 -0.000143 
1194.731577 -0.000148 
1193.231077 -0.000143 
1191.730577 -0.000150 
1190.230077 -0.000139 
1188.729577 -0.000119 
1187.229076 -0.000115 
1185.728576 -0.000115 
1184.228076 -0.000135 
1182.727576 -0.000190 
1181.227076 -0.000170 
1179.726576 -0.000053 
1178.226075 -0.000026 
1176.725575 -0.000030 
1175.225075 -0.000040 
1173.724575 -0.000047 
1172.224075 -0.000033 
1170.723575 -0.000026 
1169.223074 -0.000028 
1167.722574 -0.000013 
1166.222074 -0.000011 
1164.721574 0.000012 
1163.221074 0.000017 
1161.720574 0.000015 
1160.220073 0.000022 
1158.719573 0.000046 
1157.219073 0.000041 
1155.718573 0.000046 
1154.218073 0.000063 
1152.717573 0.000030 
1151.217072 0.000058 
1149.716572 0.000087 
1148.216072 0.000140 
1146.715572 0.000135 
1145.215072 0.000155 
1143.714572 0.000167 
1142.214071 0.000165 
1140.713571 0.000158 
1139.213071 0.000147 
1137.712571 0.000159 
1136.212071 0.000135 
1134.711571 0.000154 
1133.211070 0.000122 
1131.710570 0.000118 
1130.210070 0.000119 
1128.709570 0.000096 
1127.209070 0.000083 
1125.708570 0.000084 
1124.208069 0.000069 
1122.707569 0.000060 
1121.207069 0.000059 
1119.706569 0.000034 
1118.206069 0.000030 
1116.705569 0.000009 
1115.205068 0.000008 
1113.704568 0.000001 
1112.204068 -0.000003 
1110.703568 -0.000013 
1109.203068 -0.000023 
1107.702568 -0.000004 
1106.202067 0.000023 
1104.701567 0.000009 
1103.201067 0.000032 
1101.700567 0.000000 
1100.200067 0.000048 
1098.699567 0.000128 
1097.199066 0.000266 
1095.698566 0.000359 
1094.198066 0.000334 
1092.697566 0.000204 
1091.197066 0.000106 
1089.696566 0.000040 
1088.196065 0.000037 
1086.695565 0.000046 
1085.195065 0.000048 
1083.694565 0.000063 
1082.194065 0.000068 
1080.693565 0.000058 
1079.193064 0.000061 
1077.692564 0.000051 
1076.192064 0.000039 
1074.691564 0.000046 
1073.191064 0.000022 
1071.690564 -0.000005 
1070.190063 -0.000037 
1068.689563 -0.000044 
1067.189063 -0.000078 
1065.688563 -0.000096 
1064.188063 -0.000073 
1062.687563 -0.000086 
1061.187062 -0.000118 
1059.686562 -0.000116 
1058.186062 -0.000121 
1056.685562 -0.000173 
1055.185062 -0.000188 
1053.684562 -0.000152 
1052.184061 -0.000156 
1050.683561 -0.000154 
1049.183061 -0.000110 
1047.682561 -0.000113 
1046.182061 -0.000099 
1044.681561 -0.000061 
1043.181060 -0.000069 
1041.680560 -0.000101 
1040.180060 -0.000021 
1038.679560 0.000046 
1037.179060 0.000069 
1035.678560 0.000043 
1034.178059 -0.000020 
1032.677559 -0.000074 
1031.177059 -0.000108 
1029.676559 -0.000129 
1028.176059 -0.000145 
1026.675559 -0.000089 
1025.175058 -0.000085 
1023.674558 -0.000091 
1022.174058 -0.000098 
1020.673558 -0.000107 
1019.173058 -0.000097 
1017.672558 -0.000096 
1016.172057 -0.000101 
1014.671557 -0.000096 
1013.171057 -0.000078 
1011.670557 -0.000055 
1010.170057 -0.000069 
1008.669557 -0.000071 
1007.169056 -0.000065 
1005.668556 -0.000058 
1004.168056 -0.000055 
1002.667556 -0.000069 
1001.167056 -0.000058 
999.666556 -0.000045 
998.166055 -0.000035 
996.665555 -0.000023 
995.165055 -0.000035 
993.664555 -0.000038 
992.164055 -0.000014 
990.663555 -0.000010 
989.163054 -0.000012 
987.662554 -0.000012 
986.162054 -0.000007 
984.661554 -0.000009 
983.161054 -0.000016 
981.660554 -0.000029 
980.160053 -0.000023 
978.659553 -0.000010 
977.159053 0.000000 
975.658553 0.000001 
974.158053 -0.000012 
972.657553 0.000002 
971.157052 0.000000 
969.656552 0.000015 
968.156052 0.000038 
966.655552 0.000046 
965.155052 0.000055 
963.654552 0.000068 
962.154051 0.000086 
960.653551 0.000097 
959.153051 0.000102 
957.652551 0.000116 
956.152051 0.000141 
954.651551 0.000173 
953.151050 0.000203 
951.650550 0.000201 
950.150050 0.000234 
948.649550 0.000262 
947.149050 0.000300 
945.648550 0.000328 
944.148049 0.000361 
942.647549 0.000400 
941.147049 0.000432 
939.646549 0.000452 
938.146049 0.000486 
936.645549 0.000531 
935.145048 0.000566 
933.644548 0.000613 
932.144048 0.000644 
930.643548 0.000674 
929.143048 0.000713 
927.642548 0.000761 
926.142047 0.000796 
924.641547 0.000835 
923.141047 0.000870 
921.640547 0.000909 
920.140047 0.000954 
918.639547 0.000968 
917.139046 0.001022 
915.638546 0.001067 
914.138046 0.001107 
912.637546 0.001144 
911.137046 0.001197 
909.636546 0.001265 
908.136045 0.001325 
906.635545 0.001365 
905.135045 0.001425 
903.634545 0.001465 
902.134045 0.001532 
900.633545 0.001565 
899.133044 0.001607 
897.632544 0.001637 
896.132044 0.001667 
894.631544 0.001680 
893.131044 0.001697 
891.630544 0.001737 
890.130043 0.001767 
888.629543 0.001780 
887.129043 0.001807 
885.628543 0.001827 
884.128043 0.001850 
882.627543 0.001880 
881.127042 0.001917 
879.626542 0.001957 
878.126042 0.001987 
876.625542 0.002007 
875.125042 0.002037 
873.624542 0.002078 
872.124041 0.002108 
870.623541 0.002120 
869.123041 0.002148 
867.622541 0.002170 
866.122041 0.002190 
864.621541 0.002208 
863.121040 0.002220 
861.620540 0.002258 
860.120040 0.002262 
858.619540 0.002288 
857.119040 0.002315 
855.618540 0.002355 
854.118039 0.002388 
852.617539 0.002425 
851.117039 0.002468 
849.616539 0.002515 
848.116039 0.002578 
846.615539 0.002625 
845.115038 0.002685 
843.614538 0.002763 
842.114038 0.002808 
840.613538 0.002891 
839.113038 0.002973 
837.612538 0.003045 
836.112037 0.003131 
834.611537 0.003231 
833.111037 0.003351 
831.610537 0.003471 
830.110037 0.003627 
828.609537 0.003789 
827.109036 0.003923 
825.608536 0.004067 
824.108036 0.004275 
822.607536 0.004523 
821.107036 0.004737 
819.606536 0.005001 
818.106035 0.005279 
816.605535 0.005589 
815.105035 0.005889 
813.604535 0.006205 
812.104035 0.006583 
810.603535 0.006991 
809.103034 0.007393 
807.602534 0.007817 
806.102034 0.008323 
804.601534 0.008881 
803.101034 0.009534 
801.600534 0.010258 
800.100033 0.011100 
798.599533 0.012126 
797.099033 0.013455 
795.598533 0.015180 
794.098033 0.017776 
792.597533 0.022010 
791.097032 0.028762 
789.596532 0.037627 
788.096032 0.046444 
786.595532 0.053925 
785.095032 0.060712 
783.594532 0.067918 
782.094031 0.076489 
780.593531 0.086955 
779.093031 0.099779 
777.592531 0.115827 
776.092031 0.135689 
774.591531 0.158637 
773.091030 0.181809 
771.590530 0.201146 
770.090030 0.214668 
768.589530 0.223792 
767.089030 0.231457 
765.588530 0.240280 
764.088029 0.251160 
762.587529 0.263125 
761.087029 0.274148 
759.586529 0.282571 
758.086029 0.288210 
756.585529 0.291757 
755.085028 0.293820 
753.584528 0.294843 
752.084028 0.294992 
750.583528 0.293959 
749.083028 0.291446 
747.582528 0.286967 
746.082027 0.280026 
744.581527 0.269826 
743.081027 0.253212 
741.580527 0.224375 
740.080027 0.182095 
738.579527 0.135450 
737.079026 0.095869 
735.578526 0.068492 
734.078026 0.051382 
732.577526 0.040598 
731.077026 0.033233 
729.576526 0.027870 
728.076025 0.023864 
726.575525 0.020723 
725.075025 0.018216 
723.574525 0.016211 
722.074025 0.014527 
720.573525 0.013079 
719.073024 0.011777 
717.572524 0.010774 
716.072024 0.009932 
714.571524 0.009161 
713.071024 0.008533 
711.570524 0.007858 
710.070023 0.007325 
708.569523 0.006812 
707.069023 0.006285 
705.568523 0.005799 
704.068023 0.005481 
702.567523 0.005281 
701.067022 0.004983 
699.566522 0.004758 
698.066022 0.004614 
696.565522 0.004524 
695.065022 0.004471 
693.564522 0.004491 
692.064021 0.004329 
690.563521 0.004312 
689.063021 0.003945 
687.562521 0.003203 
686.062021 0.002844 
684.561521 0.002512 
683.061020 0.002277 
681.560520 0.002232 
680.060020 0.002030 
678.559520 0.001820 
677.059020 0.001604 
675.558520 0.001649 
674.058019 0.001651 
672.557519 0.001630 
671.057019 0.001592 
669.556519 0.001579 
668.056019 0.001601 
666.555519 0.001523 
665.055018 0.001471 
663.554518 0.001442 
662.054018 0.001389 
660.553518 0.001497 
659.053018 0.001520 
657.552518 0.001598 
656.052017 0.001628 
654.551517 0.001775 
653.051017 0.001964 
651.550517 0.001926 
650.050017 0.001898 
648.549517 0.001947 
647.049016 0.001980 
645.548516 0.002046 
644.048016 0.002259 
642.547516 0.002344 
641.047016 0.002366 
639.546516 0.002506 
638.046015 0.002530 
636.545515 0.002559 
635.045015 0.002531 
633.544515 0.002482 
632.044015 0.002536 
630.543515 0.002485 
629.043014 0.002295 
627.542514 0.002029 
626.042014 0.001747 
624.541514 0.001565 
623.041014 0.001269 
621.540514 0.000885 
620.040013 0.000609 
618.539513 0.000377 
617.039013 0.000207 
615.538513 0.000095 
614.038013 0.000118 
612.537513 0.000200 
611.037012 0.000140 
609.536512 0.000088 
608.036012 0.000176 
606.535512 0.000231 
605.035012 0.000467 
603.534512 0.000254 
602.034011 0.000123 
600.533511 0.000256 
599.033011 0.000263 
597.532511 0.000200 
596.032011 0.000331 
594.531511 0.000244 
593.031010 0.000131 
591.530510 -0.000094 
590.030010 -0.000056 
588.529510 0.000009 
587.029010 0.000127 
585.528510 0.000239 
584.028009 0.000166 
582.527509 0.000020 
581.027009 -0.000022 
579.526509 0.000055 
578.026009 -0.000238 
576.525509 -0.000422 
575.025008 -0.000058 
573.524508 -0.000074 
572.024008 0.000042 
570.523508 0.000022 
569.023008 -0.000038 
567.522508 0.000241 
566.022007 0.000117 
564.521507 -0.001132 
563.021007 -0.000947 
561.520507 -0.000436 
560.020007 -0.000268 
558.519507 0.000530 
557.019006 0.001190 
555.518506 -0.000139 
554.018006 -0.000310 
552.517506 -0.000346 
551.017006 -0.000101 
549.516506 -0.000270 
548.016005 -0.000535 
546.515505 0.000010 
545.015005 -0.000009 
543.514505 -0.000077 
542.014005 -0.000058 
540.513505 0.000004 
539.013004 0.000554 
537.512504 0.000435 
536.012004 0.000113 
534.511504 0.000422 
533.011004 0.000443 
531.510504 -0.000232 
530.010003 -0.000196 
528.509503 -0.000130 
527.009003 -0.000053 
525.508503 0.000095 
524.008003 -0.000063 
522.507503 -0.000226 
521.007002 -0.000031 
519.506502 0.000268 
518.006002 0.000032 
516.505502 -0.000026 
515.005002 0.000108 
513.504502 0.000104 
512.004001 0.000187 
510.503501 0.000138 
509.003001 0.000240 
507.502501 -0.000260 
506.002001 -0.000096 
504.501501 -0.000039 
503.001000 -0.000152 
501.500500 0.000213 
500.000000 -0.000030 
