5000.000000 0.000000 
4998.499500 0.000022 
4996.999000 0.000043 
4995.498499 0.000030 
4993.997999 0.000000 
4992.497499 0.000078 
4990.996999 0.000082 
4989.496499 0.000074 
4987.995999 0.000087 
4986.495498 0.000082 
4984.994998 0.000087 
4983.494498 0.000069 
4981.993998 0.000035 
4980.493498 0.000044 
4978.992998 0.000078 
4977.492497 0.000048 
4975.991997 0.000096 
4974.491497 0.000113 
4972.990997 0.000104 
4971.490497 0.000087 
4969.989997 0.000091 
4968.489496 0.000100 
4966.988996 0.000122 
4965.488496 0.000100 
4963.987996 0.000087 
4962.487496 0.000118 
4960.986996 0.000139 
4959.486495 0.000117 
4957.985995 0.000078 
4956.485495 0.000078 
4954.984995 0.000117 
4953.484495 0.000113 
4951.983995 0.000082 
4950.483494 0.000061 
4948.982994 0.000057 
4947.482494 0.000091 
4945.981994 0.000100 
4944.481494 0.000122 
4942.980994 0.000108 
4941.480493 0.000096 
4939.979993 0.000100 
4938.479493 0.000087 
4936.978993 0.000113 
4935.478493 0.000091 
4933.977993 0.000113 
4932.477492 0.000086 
4930.976992 0.000065 
4929.476492 0.000052 
4927.975992 0.000065 
4926.475492 0.000069 
4924.974992 0.000065 
4923.474491 0.000074 
4921.973991 0.000060 
4920.473491 0.000031 
4918.972991 0.000056 
4917.472491 0.000022 
4915.971991 0.000058 
4914.471490 0.000078 
4912.970990 0.000087 
4911.470490 0.000113 
4909.969990 0.000108 
4908.469490 0.000091 
4906.968990 0.000096 
4905.468489 0.000091 
4903.967989 0.000083 
4902.467489 0.000091 
4900.966989 0.000078 
4899.466489 0.000100 
4897.965989 0.000122 
4896.465488 0.000116 
4894.964988 0.000092 
4893.464488 0.000091 
4891.963988 0.000070 
4890.463488 0.000078 
4888.962988 0.000057 
4887.462487 0.000069 
4885.961987 0.000035 
4884.461487 0.000044 
4882.960987 0.000060 
4881.460487 0.000048 
4879.959987 0.000062 
4878.459486 0.000092 
4876.958986 0.000095 
4875.458486 0.000092 
4873.957986 0.000104 
4872.457486 0.000114 
4870.956986 0.000135 
4869.456485 0.000148 
4867.955985 0.000143 
4866.455485 0.000113 
4864.954985 0.000131 
4863.454485 0.000107 
4861.953985 0.000105 
4860.453484 0.000117 
4858.952984 0.000135 
4857.452484 0.000111 
4855.951984 0.000069 
4854.451484 0.000079 
4852.950984 0.000087 
4851.450483 0.000074 
4849.949983 0.000093 
4848.449483 0.000117 
4846.948983 0.000116 
4845.448483 0.000096 
4843.947983 0.000096 
4842.447482 0.000113 
4840.946982 0.000118 
4839.446482 0.000112 
4837.945982 0.000085 
4836.445482 0.000048 
4834.944982 0.000072 
4833.444481 0.000125 
4831.943981 0.000099 
4830.443481 0.000101 
4828.942981 0.000122 
4827.442481 0.000121 
4825.941981 0.000104 
4824.441480 0.000096 
4822.940980 0.000087 
4821.440480 0.000108 
4819.939980 0.000068 
4818.439480 0.000070 
4816.938980 0.000087 
4815.438479 0.000077 
4813.937979 0.000075 
4812.437479 0.000077 
4810.936979 0.000080 
4809.436479 0.000107 
4807.935979 0.000073 
4806.435478 0.000080 
4804.934978 0.000099 
4803.434478 0.000091 
4801.933978 0.000085 
4800.433478 0.000066 
4798.932978 0.000091 
4797.432477 0.000069 
4795.931977 0.000065 
4794.431477 0.000062 
4792.930977 0.000079 
4791.430477 0.000091 
4789.929977 0.000074 
4788.429476 0.000077 
4786.928976 0.000061 
4785.428476 0.000064 
4783.927976 0.000053 
4782.427476 0.000056 
4780.926976 0.000060 
4779.426475 0.000027 
4777.925975 0.000043 
4776.425475 0.000044 
4774.924975 0.000061 
4773.424475 0.000069 
4771.923975 0.000053 
4770.423474 0.000084 
4768.922974 0.000088 
4767.422474 0.000105 
4765.921974 0.000113 
4764.421474 0.000113 
4762.920974 0.000109 
4761.420473 0.000136 
4759.919973 0.000138 
4758.419473 0.000112 
4756.918973 0.000117 
4755.418473 0.000112 
4753.917973 0.000092 
4752.417472 0.000107 
4750.916972 0.000077 
4749.416472 0.000069 
4747.915972 0.000060 
4746.415472 0.000048 
4744.914972 0.000053 
4743.414471 0.000046 
4741.913971 0.000017 
4740.413471 -0.000001 
4738.912971 0.000001 
4737.412471 -0.000018 
4735.911971 -0.000059 
4734.411470 0.000001 
4732.910970 -0.000015 
4731.410470 -0.000040 
4729.909970 -0.000057 
4728.409470 -0.000053 
4726.908970 0.000001 
4725.408469 0.000009 
4723.907969 0.000004 
4722.407469 0.000015 
4720.906969 0.000046 
4719.406469 0.000061 
4717.905969 0.000075 
4716.405468 0.000102 
4714.904968 0.000107 
4713.404468 0.000098 
4711.903968 0.000126 
4710.403468 0.000131 
4708.902968 0.000128 
4707.402467 0.000094 
4705.901967 0.000093 
4704.401467 0.000089 
4702.900967 0.000068 
4701.400467 0.000038 
4699.899967 0.000030 
4698.399466 0.000036 
4696.898966 0.000043 
4695.398466 0.000020 
4693.897966 0.000005 
4692.397466 0.000017 
4690.896966 0.000008 
4689.396465 0.000029 
4687.895965 0.000034 
4686.395465 0.000050 
4684.894965 0.000065 
4683.394465 0.000065 
4681.893965 0.000056 
4680.393464 0.000063 
4678.892964 0.000074 
4677.392464 0.000075 
4675.891964 0.000082 
4674.391464 0.000083 
4672.890964 0.000088 
4671.390463 0.000103 
4669.889963 0.000091 
4668.389463 0.000082 
4666.888963 0.000069 
4665.388463 0.000069 
4663.887963 0.000045 
4662.387462 0.000026 
4660.886962 0.000028 
4659.386462 0.000042 
4657.885962 0.000035 
4656.385462 0.000011 
4654.884962 0.000016 
4653.384461 0.000039 
4651.883961 0.000006 
4650.383461 -0.000006 
4648.882961 0.000037 
4647.382461 0.000048 
4645.881961 0.000047 
4644.381460 0.000029 
4642.880960 0.000037 
4641.380460 0.000047 
4639.879960 0.000036 
4638.379460 0.000068 
4636.878960 0.000098 
4635.378459 0.000101 
4633.877959 0.000068 
4632.377459 0.000081 
4630.876959 0.000093 
4629.376459 0.000074 
4627.875959 0.000060 
4626.375458 0.000062 
4624.874958 0.000063 
4623.374458 0.000043 
4621.873958 0.000053 
4620.373458 0.000050 
4618.872958 0.000015 
4617.372457 0.000001 
4615.871957 0.000012 
4614.371457 -0.000002 
4612.870957 -0.000016 
4611.370457 -0.000001 
4609.869957 0.000008 
4608.369456 0.000015 
4606.868956 -0.000005 
4605.368456 -0.000009 
4603.867956 0.000004 
4602.367456 0.000005 
4600.866956 0.000017 
4599.366455 0.000003 
4597.865955 0.000017 
4596.365455 0.000056 
4594.864955 0.000038 
4593.364455 0.000026 
4591.863955 0.000026 
4590.363454 0.000032 
4588.862954 0.000066 
4587.362454 0.000080 
4585.861954 0.000060 
4584.361454 0.000051 
4582.860954 0.000044 
4581.360453 0.000006 
4579.859953 0.000018 
4578.359453 0.000045 
4576.858953 0.000035 
4575.358453 0.000029 
4573.857953 0.000012 
4572.357452 0.000003 
4570.856952 0.000011 
4569.356452 0.000027 
4567.855952 0.000017 
4566.355452 0.000029 
4564.854952 0.000052 
4563.354451 0.000037 
4561.853951 0.000026 
4560.353451 0.000035 
4558.852951 0.000036 
4557.352451 0.000038 
4555.851951 0.000032 
4554.351450 0.000012 
4552.850950 -0.000003 
4551.350450 -0.000009 
4549.849950 -0.000030 
4548.349450 -0.000055 
4546.848950 -0.000075 
4545.348449 -0.000063 
4543.847949 -0.000052 
4542.347449 -0.000053 
4540.846949 -0.000066 
4539.346449 -0.000074 
4537.845949 -0.000022 
4536.345448 -0.000003 
4534.844948 -0.000001 
4533.344448 -0.000019 
4531.843948 -0.000009 
4530.343448 0.000013 
4528.842948 0.000020 
4527.342447 0.000007 
4525.841947 0.000051 
4524.341447 0.000038 
4522.840947 0.000048 
4521.340447 0.000022 
4519.839947 0.000036 
4518.339446 0.000032 
4516.838946 0.000048 
4515.338446 0.000038 
4513.837946 0.000029 
4512.337446 0.000000 
4510.836946 -0.000002 
4509.336445 -0.000003 
4507.835945 -0.000025 
4506.335445 -0.000039 
4504.834945 -0.000029 
4503.334445 -0.000032 
4501.833945 -0.000030 
4500.333444 -0.000045 
4498.832944 -0.000039 
4497.332444 -0.000042 
4495.831944 -0.000022 
4494.331444 -0.000028 
4492.830944 -0.000019 
4491.330443 -0.000013 
4489.829943 0.000012 
4488.329443 0.000026 
4486.828943 0.000017 
4485.328443 0.000014 
4483.827943 0.000000 
4482.327442 -0.000006 
4480.826942 -0.000019 
4479.326442 -0.000004 
4477.825942 0.000013 
4476.325442 -0.000007 
4474.824942 -0.000013 
4473.324441 -0.000017 
4471.823941 -0.000033 
4470.323441 -0.000056 
4468.822941 -0.000040 
4467.322441 -0.000025 
4465.821941 -0.000022 
4464.321440 -0.000041 
4462.820940 -0.000049 
4461.320440 -0.000052 
4459.819940 -0.000045 
4458.319440 -0.000017 
4456.818940 -0.000028 
4455.318439 -0.000029 
4453.817939 -0.000029 
4452.317439 -0.000037 
4450.816939 -0.000022 
4449.316439 -0.000029 
4447.815939 -0.000013 
4446.315438 -0.000007 
4444.814938 0.000009 
4443.314438 -0.000006 
4441.813938 -0.000003 
4440.313438 -0.000003 
4438.812938 -0.000011 
4437.312437 0.000001 
4435.811937 -0.000011 
4434.311437 0.000000 
4432.810937 0.000000 
4431.310437 -0.000021 
4429.809937 -0.000033 
4428.309436 -0.000014 
4426.808936 0.000007 
4425.308436 -0.000013 
4423.807936 -0.000001 
4422.307436 -0.000001 
4420.806936 -0.000030 
4419.306435 -0.000029 
4417.805935 -0.000032 
4416.305435 -0.000016 
4414.804935 -0.000025 
4413.304435 -0.000049 
4411.803935 -0.000043 
4410.303434 -0.000017 
4408.802934 -0.000034 
4407.302434 -0.000054 
4405.801934 -0.000050 
4404.301434 -0.000050 
4402.800934 -0.000042 
4401.300433 -0.000029 
4399.799933 -0.000031 
4398.299433 -0.000064 
4396.798933 -0.000059 
4395.298433 -0.000058 
4393.797933 -0.000050 
4392.297432 -0.000021 
4390.796932 -0.000008 
4389.296432 -0.000050 
4387.795932 -0.000042 
4386.295432 -0.000043 
4384.794932 -0.000043 
4383.294431 -0.000040 
4381.793931 -0.000026 
4380.293431 -0.000022 
4378.792931 0.000002 
4377.292431 -0.000004 
4375.791931 -0.000017 
4374.291430 -0.000001 
4372.790930 0.000003 
4371.290430 0.000002 
4369.789930 0.000013 
4368.289430 0.000011 
4366.788930 0.000009 
4365.288429 0.000003 
4363.787929 -0.000015 
4362.287429 -0.000013 
4360.786929 -0.000016 
4359.286429 -0.000011 
4357.785929 -0.000020 
4356.285428 0.000006 
4354.784928 -0.000001 
4353.284428 -0.000017 
4351.783928 -0.000009 
4350.283428 -0.000024 
4348.782928 -0.000035 
4347.282427 -0.000027 
4345.781927 -0.000013 
4344.281427 -0.000013 
4342.780927 0.000006 
4341.280427 0.000009 
4339.779927 -0.000022 
4338.279426 -0.000004 
4336.778926 -0.000021 
4335.278426 -0.000024 
4333.777926 -0.000005 
4332.277426 0.000004 
4330.776926 -0.000002 
4329.276425 -0.000015 
4327.775925 -0.000024 
4326.275425 -0.000000 
4324.774925 -0.000015 
4323.274425 -0.000015 
4321.773925 -0.000009 
4320.273424 -0.000004 
4318.772924 0.000000 
4317.272424 0.000004 
4315.771924 0.000004 
4314.271424 -0.000008 
4312.770924 -0.000032 
4311.270423 -0.000052 
4309.769923 -0.000033 
4308.269423 -0.000045 
4306.768923 -0.000033 
4305.268423 -0.000037 
4303.767923 -0.000043 
4302.267422 -0.000048 
4300.766922 -0.000043 
4299.266422 -0.000045 
4297.765922 -0.000048 
4296.265422 -0.000043 
4294.764922 -0.000063 
4293.264421 -0.000061 
4291.763921 -0.000063 
4290.263421 -0.000063 
4288.762921 -0.000065 
4287.262421 -0.000054 
4285.761921 -0.000061 
4284.261420 -0.000046 
4282.760920 -0.000059 
4281.260420 -0.000052 
4279.759920 -0.000043 
4278.259420 -0.000042 
4276.758920 -0.000013 
4275.258419 -0.000020 
4273.757919 -0.000002 
4272.257419 -0.000006 
4270.756919 -0.000009 
4269.256419 -0.000017 
4267.755919 -0.000000 
4266.255418 0.000002 
4264.754918 -0.000015 
4263.254418 -0.000011 
4261.753918 -0.000004 
4260.253418 -0.000002 
4258.752918 -0.000009 
4257.252417 -0.000009 
4255.751917 -0.000007 
4254.251417 -0.000004 
4252.750917 -0.000004 
4251.250417 0.000004 
4249.749917 0.000015 
4248.249416 0.000007 
4246.748916 0.000009 
4245.248416 0.000004 
4243.747916 0.000011 
4242.247416 0.000017 
4240.746916 0.000015 
4239.246415 0.000041 
4237.745915 0.000052 
4236.245415 0.000030 
4234.744915 0.000019 
4233.244415 0.000015 
4231.743915 0.000015 
4230.243414 0.000009 
4228.742914 0.000002 
4227.242414 0.000009 
4225.741914 -0.000018 
4224.241414 -0.000013 
4222.740914 0.000002 
4221.240413 0.000009 
4219.739913 0.000022 
4218.239413 0.000009 
4216.738913 0.000009 
4215.238413 0.000039 
4213.737913 0.000054 
4212.237412 0.000030 
4210.736912 0.000045 
4209.236412 0.000028 
4207.735912 0.000059 
4206.235412 0.000059 
4204.734912 0.000059 
4203.234411 0.000083 
4201.733911 0.000089 
4200.233411 0.000083 
4198.732911 0.000076 
4197.232411 0.000068 
4195.731911 0.000093 
4194.231410 0.000072 
4192.730910 0.000081 
4191.230410 0.000069 
4189.729910 0.000092 
4188.229410 0.000111 
4186.728910 0.000091 
4185.228409 0.000113 
4183.727909 0.000122 
4182.227409 0.000122 
4180.726909 0.000108 
4179.226409 0.000102 
4177.725909 0.000122 
4176.225408 0.000119 
4174.724908 0.000120 
4173.224408 0.000128 
4171.723908 0.000122 
4170.223408 0.000128 
4168.722908 0.000106 
4167.222407 0.000115 
4165.721907 0.000133 
4164.221407 0.000130 
4162.720907 0.000128 
4161.220407 0.000125 
4159.719907 0.000115 
4158.219406 0.000128 
4156.718906 0.000119 
4155.218406 0.000120 
4153.717906 0.000130 
4152.217406 0.000119 
4150.716906 0.000109 
4149.216405 0.000106 
4147.715905 0.000093 
4146.215405 0.000089 
4144.714905 0.000098 
4143.214405 0.000089 
4141.713905 0.000083 
4140.213404 0.000082 
4138.712904 0.000051 
4137.212404 0.000050 
4135.711904 0.000055 
4134.211404 0.000058 
4132.710904 0.000032 
4131.210403 0.000006 
4129.709903 0.000011 
4128.209403 0.000013 
4126.708903 0.000024 
4125.208403 0.000031 
4123.707903 0.000048 
4122.207402 0.000039 
4120.706902 0.000049 
4119.206402 0.000079 
4117.705902 0.000096 
4116.205402 0.000129 
4114.704902 0.000146 
4113.204401 0.000197 
4111.703901 0.000231 
4110.203401 0.000282 
4108.702901 0.000336 
4107.202401 0.000400 
4105.701901 0.000484 
4104.201400 0.000601 
4102.700900 0.000686 
4101.200400 0.000819 
4099.699900 0.000911 
4098.199400 0.001013 
4096.698900 0.001140 
4095.198399 0.001284 
4093.697899 0.001394 
4092.197399 0.001514 
4090.696899 0.001624 
4089.196399 0.001754 
4087.695899 0.001874 
4086.195398 0.002010 
4084.694898 0.002141 
4083.194398 0.002291 
4081.693898 0.002441 
4080.193398 0.002571 
4078.692898 0.002731 
4077.192397 0.002887 
4075.691897 0.003018 
4074.191397 0.003129 
4072.690897 0.003206 
4071.190397 0.003198 
4069.689897 0.003089 
4068.189396 0.002852 
4066.688896 0.002532 
4065.188396 0.002107 
4063.687896 0.001683 
4062.187396 0.001291 
4060.686896 0.000985 
4059.186395 0.000732 
4057.685895 0.000552 
4056.185395 0.000423 
4054.684895 0.000338 
4053.184395 0.000289 
4051.683895 0.000234 
4050.183394 0.000169 
4048.682894 0.000148 
4047.182394 0.000125 
4045.681894 0.000119 
4044.181394 0.000103 
4042.680894 0.000077 
4041.180393 0.000069 
4039.679893 0.000075 
4038.179393 0.000047 
4036.678893 0.000020 
4035.178393 0.000013 
4033.677893 0.000020 
4032.177392 0.000015 
4030.676892 0.000020 
4029.176392 0.000019 
4027.675892 -0.000001 
4026.175392 -0.000013 
4024.674892 -0.000002 
4023.174391 0.000000 
4021.673891 0.000012 
4020.173391 0.000017 
4018.672891 0.000020 
4017.172391 0.000038 
4015.671891 0.000042 
4014.171390 0.000056 
4012.670890 0.000055 
4011.170390 0.000075 
4009.669890 0.000080 
4008.169390 0.000075 
4006.668890 0.000077 
4005.168389 0.000081 
4003.667889 0.000078 
4002.167389 0.000078 
4000.666889 0.000062 
3999.166389 0.000056 
3997.665889 0.000061 
3996.165388 0.000059 
3994.664888 0.000033 
3993.164388 0.000033 
3991.663888 0.000041 
3990.163388 0.000054 
3988.662888 0.000054 
3987.162387 0.000058 
3985.661887 0.000069 
3984.161387 0.000069 
3982.660887 0.000069 
3981.160387 0.000067 
3979.659887 0.000080 
3978.159386 0.000080 
3976.658886 0.000071 
3975.158386 0.000080 
3973.657886 0.000103 
3972.157386 0.000112 
3970.656886 0.000132 
3969.156385 0.000155 
3967.655885 0.000172 
3966.155385 0.000200 
3964.654885 0.000255 
3963.154385 0.000293 
3961.653885 0.000317 
3960.153384 0.000368 
3958.652884 0.000410 
3957.152384 0.000448 
3955.651884 0.000472 
3954.151384 0.000484 
3952.650884 0.000504 
3951.150383 0.000513 
3949.649883 0.000519 
3948.149383 0.000512 
3946.648883 0.000470 
3945.148383 0.000402 
3943.647883 0.000323 
3942.147382 0.000210 
3940.646882 0.000137 
3939.146382 0.000079 
3937.645882 0.000050 
3936.145382 0.000027 
3934.644882 0.000017 
3933.144381 0.000033 
3931.643881 0.000023 
3930.143381 0.000041 
3928.642881 0.000066 
3927.142381 0.000101 
3925.641881 0.000123 
3924.141380 0.000130 
3922.640880 0.000133 
3921.140380 0.000170 
3919.639880 0.000165 
3918.139380 0.000156 
3916.638880 0.000120 
3915.138379 0.000105 
3913.637879 0.000081 
3912.137379 0.000053 
3910.636879 0.000060 
3909.136379 0.000058 
3907.635879 0.000076 
3906.135378 0.000109 
3904.634878 0.000133 
3903.134378 0.000166 
3901.633878 0.000169 
3900.133378 0.000187 
3898.632878 0.000179 
3897.132377 0.000168 
3895.631877 0.000225 
3894.131377 0.000266 
3892.630877 0.000344 
3891.130377 0.000405 
3889.629877 0.000465 
3888.129376 0.000539 
3886.628876 0.000656 
3885.128376 0.000752 
3883.627876 0.000871 
3882.127376 0.001016 
3880.626876 0.001212 
3879.126375 0.001410 
3877.625875 0.001677 
3876.125375 0.001992 
3874.624875 0.002323 
3873.124375 0.002635 
3871.623875 0.002978 
3870.123374 0.003305 
3868.622874 0.003603 
3867.122374 0.003968 
3865.621874 0.004361 
3864.121374 0.004633 
3862.620874 0.004722 
3861.120373 0.004454 
3859.619873 0.003893 
3858.119373 0.003127 
3856.618873 0.002315 
3855.118373 0.001697 
3853.617873 0.001168 
3852.117372 0.000775 
3850.616872 0.000519 
3849.116372 0.000362 
3847.615872 0.000258 
3846.115372 0.000199 
3844.614872 0.000163 
3843.114371 0.000140 
3841.613871 0.000123 
3840.113371 0.000124 
3838.612871 0.000150 
3837.112371 0.000097 
3835.611871 0.000081 
3834.111370 0.000036 
3832.610870 0.000060 
3831.110370 0.000041 
3829.609870 0.000035 
3828.109370 0.000035 
3826.608870 0.000018 
3825.108369 0.000013 
3823.607869 0.000036 
3822.107369 0.000044 
3820.606869 0.000019 
3819.106369 0.000016 
3817.605869 0.000074 
3816.105368 0.000045 
3814.604868 0.000005 
3813.104368 0.000004 
3811.603868 -0.000003 
3810.103368 -0.000003 
3808.602868 0.000018 
3807.102367 0.000028 
3805.601867 0.000017 
3804.101367 0.000012 
3802.600867 0.000049 
3801.100367 0.000041 
3799.599867 0.000026 
3798.099366 0.000034 
3796.598866 0.000010 
3795.098366 0.000000 
3793.597866 0.000013 
3792.097366 -0.000003 
3790.596866 -0.000010 
3789.096365 -0.000001 
3787.595865 0.000000 
3786.095365 -0.000001 
3784.594865 0.000001 
3783.094365 -0.000004 
3781.593865 -0.000014 
3780.093364 -0.000004 
3778.592864 -0.000005 
3777.092364 0.000008 
3775.591864 0.000013 
3774.091364 0.000013 
3772.590864 0.000029 
3771.090363 0.000043 
3769.589863 0.000040 
3768.089363 0.000043 
3766.588863 0.000061 
3765.088363 0.000041 
3763.587863 0.000035 
3762.087362 0.000034 
3760.586862 0.000039 
3759.086362 0.000034 
3757.585862 0.000040 
3756.085362 0.000018 
3754.584862 0.000040 
3753.084361 0.000111 
3751.583861 0.000083 
3750.083361 0.000109 
3748.582861 0.000063 
3747.082361 0.000091 
3745.581861 0.000189 
3744.081360 0.000122 
3742.580860 0.000088 
3741.080360 0.000043 
3739.579860 0.000025 
3738.079360 0.000095 
3736.578860 0.000122 
3735.078359 0.000094 
3733.577859 0.000069 
3732.077359 0.000075 
3730.576859 0.000069 
3729.076359 0.000086 
3727.575859 0.000099 
3726.075358 0.000096 
3724.574858 0.000091 
3723.074358 0.000101 
3721.573858 0.000074 
3720.073358 0.000069 
3718.572858 0.000065 
3717.072357 0.000077 
3715.571857 0.000091 
3714.071357 0.000094 
3712.570857 0.000122 
3711.070357 0.000113 
3709.569857 0.000122 
3708.069356 0.000101 
3706.568856 0.000084 
3705.068356 0.000069 
3703.567856 0.000025 
3702.067356 0.000016 
3700.566856 0.000051 
3699.066355 0.000069 
3697.565855 0.000074 
3696.065355 0.000074 
3694.564855 0.000066 
3693.064355 0.000008 
3691.563855 -0.000042 
3690.063354 -0.000168 
3688.562854 -0.000140 
3687.062354 0.000000 
3685.561854 0.000055 
3684.061354 0.000073 
3682.560854 0.000070 
3681.060353 0.000036 
3679.559853 0.000026 
3678.059353 -0.000080 
3676.558853 -0.000236 
3675.058353 -0.000136 
3673.557853 -0.000040 
3672.057352 -0.000152 
3670.556852 -0.000150 
3669.056352 -0.000056 
3667.555852 0.000028 
3666.055352 0.000056 
3664.554852 0.000061 
3663.054351 0.000061 
3661.553851 0.000056 
3660.053351 0.000056 
3658.552851 0.000004 
3657.052351 -0.000061 
3655.551851 0.000002 
3654.051350 0.000027 
3652.550850 -0.000057 
3651.050350 -0.000175 
3649.549850 -0.000188 
3648.049350 -0.000120 
3646.548850 -0.000012 
3645.048349 0.000043 
3643.547849 0.000052 
3642.047349 0.000056 
3640.546849 0.000061 
3639.046349 0.000056 
3637.545849 0.000060 
3636.045348 0.000044 
3634.544848 0.000026 
3633.044348 0.000035 
3631.543848 -0.000065 
3630.043348 -0.000206 
3628.542848 -0.000130 
3627.042347 -0.000016 
3625.541847 0.000038 
3624.041347 0.000048 
3622.540847 0.000027 
3621.040347 -0.000046 
3619.539847 -0.000061 
3618.039346 -0.000019 
3616.538846 0.000013 
3615.038346 -0.000004 
3613.537846 -0.000026 
3612.037346 -0.000004 
3610.536846 -0.000055 
3609.036345 -0.000044 
3607.535845 -0.000006 
3606.035345 0.000034 
3604.534845 0.000047 
3603.034345 0.000035 
3601.533845 0.000026 
3600.033344 0.000022 
3598.532844 0.000026 
3597.032344 0.000018 
3595.531844 0.000013 
3594.031344 0.000017 
3592.530844 0.000034 
3591.030343 0.000014 
3589.529843 -0.000043 
3588.029343 -0.000061 
3586.528843 -0.000027 
3585.028343 0.000021 
3583.527843 0.000035 
3582.027342 0.000039 
3580.526842 0.000039 
3579.026342 0.000039 
3577.525842 0.000039 
3576.025342 0.000039 
3574.524842 0.000039 
3573.024341 0.000039 
3571.523841 0.000035 
3570.023341 -0.000008 
3568.522841 -0.000056 
3567.022341 -0.000048 
3565.521841 -0.000005 
3564.021340 0.000017 
3562.520840 0.000026 
3561.020340 0.000026 
3559.519840 0.000035 
3558.019340 0.000039 
3556.518840 0.000039 
3555.018339 0.000035 
3553.517839 0.000018 
3552.017339 0.000022 
3550.516839 0.000035 
3549.016339 0.000022 
3547.515839 0.000000 
3546.015338 -0.000000 
3544.514838 0.000017 
3543.014338 0.000034 
3541.513838 0.000043 
3540.013338 0.000048 
3538.512838 0.000035 
3537.012337 0.000026 
3535.511837 0.000039 
3534.011337 0.000048 
3532.510837 0.000043 
3531.010337 0.000035 
3529.509837 0.000030 
3528.009336 0.000030 
3526.508836 0.000035 
3525.008336 0.000030 
3523.507836 0.000035 
3522.007336 0.000039 
3520.506836 0.000052 
3519.006335 0.000057 
3517.505835 0.000035 
3516.005335 0.000035 
3514.504835 0.000026 
3513.004335 0.000043 
3511.503835 0.000048 
3510.003334 0.000043 
3508.502834 0.000048 
3507.002334 0.000052 
3505.501834 0.000052 
3504.001334 0.000022 
3502.500834 0.000026 
3501.000333 0.000026 
3499.499833 0.000013 
3497.999333 0.000013 
3496.498833 0.000009 
3494.998333 0.000009 
3493.497833 0.000000 
3491.997332 -0.000004 
3490.496832 -0.000026 
3488.996332 -0.000030 
3487.495832 -0.000035 
3485.995332 -0.000039 
3484.494832 -0.000043 
3482.994331 -0.000043 
3481.493831 -0.000065 
3479.993331 -0.000087 
3478.492831 -0.000061 
3476.992331 -0.000043 
3475.491831 -0.000061 
3473.991330 -0.000069 
3472.490830 -0.000065 
3470.990330 -0.000083 
3469.489830 -0.000100 
3467.989330 -0.000100 
3466.488830 -0.000069 
3464.988329 -0.000052 
3463.487829 -0.000057 
3461.987329 -0.000074 
3460.486829 -0.000091 
3458.986329 -0.000078 
3457.485829 -0.000061 
3455.985328 -0.000043 
3454.484828 -0.000048 
3452.984328 -0.000039 
3451.483828 -0.000022 
3449.983328 -0.000022 
3448.482828 -0.000004 
3446.982327 0.000022 
3445.481827 0.000026 
3443.981327 0.000022 
3442.480827 0.000017 
3440.980327 0.000022 
3439.479827 0.000017 
3437.979326 0.000018 
3436.478826 0.000017 
3434.978326 0.000022 
3433.477826 0.000030 
3431.977326 -0.000036 
3430.476826 -0.000074 
3428.976325 -0.000055 
3427.475825 0.000005 
3425.975325 0.000022 
3424.474825 0.000026 
3422.974325 0.000026 
3421.473825 0.000026 
3419.973324 0.000026 
3418.472824 0.000035 
3416.972324 0.000012 
3415.471824 -0.000035 
3413.971324 -0.000038 
3412.470824 0.000018 
3410.970323 0.000030 
3409.469823 0.000017 
3407.969323 0.000021 
3406.468823 0.000009 
3404.968323 0.000008 
3403.467823 -0.000027 
3401.967322 -0.000070 
3400.466822 -0.000073 
3398.966322 -0.000030 
3397.465822 -0.000009 
3395.965322 -0.000013 
3394.464822 -0.000032 
3392.964321 -0.000078 
3391.463821 -0.000051 
3389.963321 -0.000013 
3388.462821 -0.000017 
3386.962321 -0.000009 
3385.461821 -0.000013 
3383.961320 -0.000009 
3382.460820 -0.000004 
3380.960320 0.000009 
3379.459820 0.000017 
3377.959320 0.000004 
3376.458820 0.000022 
3374.958319 0.000044 
3373.457819 0.000056 
3371.957319 0.000047 
3370.456819 0.000035 
3368.956319 0.000066 
3367.455819 0.000097 
3365.955318 0.000135 
3364.454818 0.000152 
3362.954318 0.000152 
3361.453818 0.000170 
3359.953318 0.000187 
3358.452818 0.000200 
3356.952317 0.000209 
3355.451817 0.000222 
3353.951317 0.000244 
3352.450817 0.000243 
3350.950317 0.000267 
3349.449817 0.000319 
3347.949316 0.000385 
3346.448816 0.000468 
3344.948316 0.000569 
3343.447816 0.000724 
3341.947316 0.000948 
3340.446816 0.001180 
3338.946315 0.001484 
3337.445815 0.001863 
3335.945315 0.002244 
3334.444815 0.002623 
3332.944315 0.002971 
3331.443815 0.003238 
3329.943314 0.003393 
3328.442814 0.003449 
3326.942314 0.003385 
3325.441814 0.003264 
3323.941314 0.003103 
3322.440814 0.002891 
3320.940313 0.002683 
3319.439813 0.002514 
3317.939313 0.002355 
3316.438813 0.002215 
3314.938313 0.002084 
3313.437813 0.001933 
3311.937312 0.001751 
3310.436812 0.001531 
3308.936312 0.001300 
3307.435812 0.001071 
3305.935312 0.000876 
3304.434812 0.000738 
3302.934311 0.000602 
3301.433811 0.000464 
3299.933311 0.000351 
3298.432811 0.000248 
3296.932311 0.000180 
3295.431811 0.000124 
3293.931310 0.000075 
3292.430810 0.000030 
3290.930310 0.000030 
3289.429810 0.000016 
3287.929310 -0.000009 
3286.428810 -0.000036 
3284.928309 -0.000052 
3283.427809 -0.000053 
3281.927309 -0.000074 
3280.426809 -0.000068 
3278.926309 -0.000047 
3277.425809 -0.000029 
3275.925308 0.000006 
3274.424808 0.000070 
3272.924308 0.000157 
3271.423808 0.000283 
3269.923308 0.000476 
3268.422808 0.000746 
3266.922307 0.001231 
3265.421807 0.001924 
3263.921307 0.002984 
3262.420807 0.004715 
3260.920307 0.007644 
3259.419807 0.012646 
3257.919306 0.021045 
3256.418806 0.034696 
3254.918306 0.055751 
3253.417806 0.086074 
3251.917306 0.126587 
3250.416806 0.176547 
3248.916305 0.233439 
3247.415805 0.293396 
3245.915305 0.351972 
3244.414805 0.405081 
3242.914305 0.448756 
3241.413805 0.478675 
3239.913304 0.491410 
3238.412804 0.484489 
3236.912304 0.457618 
3235.411804 0.413150 
3233.911304 0.355914 
3232.410804 0.293153 
3230.910303 0.233371 
3229.409803 0.181291 
3227.909303 0.137814 
3226.408803 0.102089 
3224.908303 0.074113 
3223.407803 0.054324 
3221.907302 0.041830 
3220.406802 0.034384 
3218.906302 0.029892 
3217.405802 0.027041 
3215.905302 0.025080 
3214.404802 0.023630 
3212.904301 0.022455 
3211.403801 0.021438 
3209.903301 0.020502 
3208.402801 0.019602 
3206.902301 0.018733 
3205.401801 0.017873 
3203.901300 0.017003 
3202.400800 0.016134 
3200.900300 0.015292 
3199.399800 0.014452 
3197.899300 0.013614 
3196.398800 0.012785 
3194.898299 0.011965 
3193.397799 0.011165 
3191.897299 0.010377 
3190.396799 0.009598 
3188.896299 0.008870 
3187.395799 0.008172 
3185.895298 0.007518 
3184.394798 0.006930 
3182.894298 0.006386 
3181.393798 0.005908 
3179.893298 0.005482 
3178.392798 0.005114 
3176.892297 0.004768 
3175.391797 0.004471 
3173.891297 0.004223 
3172.390797 0.003993 
3170.890297 0.003777 
3169.389797 0.003607 
3167.889296 0.003439 
3166.388796 0.003299 
3164.888296 0.003149 
3163.387796 0.003011 
3161.887296 0.002891 
3160.386796 0.002781 
3158.886295 0.002681 
3157.385795 0.002571 
3155.885295 0.002461 
3154.384795 0.002353 
3152.884295 0.002275 
3151.383795 0.002215 
3149.883294 0.002155 
3148.382794 0.002073 
3146.882294 0.001985 
3145.381794 0.001925 
3143.881294 0.001873 
3142.380794 0.001803 
3140.880293 0.001733 
3139.379793 0.001675 
3137.879293 0.001618 
3136.378793 0.001575 
3134.878293 0.001525 
3133.377793 0.001475 
3131.877292 0.001425 
3130.376792 0.001368 
3128.876292 0.001335 
3127.375792 0.001285 
3125.875292 0.001248 
3124.374792 0.001195 
3122.874291 0.001132 
3121.373791 0.001067 
3119.873291 0.001037 
3118.372791 0.000986 
3116.872291 0.000937 
3115.371791 0.000905 
3113.871290 0.000877 
3112.370790 0.000857 
3110.870290 0.000817 
3109.369790 0.000768 
3107.869290 0.000754 
3106.368790 0.000717 
3104.868289 0.000680 
3103.367789 0.000648 
3101.867289 0.000625 
3100.366789 0.000595 
3098.866289 0.000559 
3097.365789 0.000537 
3095.865288 0.000513 
3094.364788 0.000516 
3092.864288 0.000497 
3091.363788 0.000463 
3089.863288 0.000435 
3088.362788 0.000391 
3086.862287 0.000340 
3085.361787 0.000308 
3083.861287 0.000321 
3082.360787 0.000291 
3080.860287 0.000258 
3079.359787 0.000221 
3077.859286 0.000201 
3076.358786 0.000217 
3074.858286 0.000222 
3073.357786 0.000213 
3071.857286 0.000209 
3070.356786 0.000190 
3068.856285 0.000135 
3067.355785 0.000133 
3065.855285 0.000142 
3064.354785 0.000120 
3062.854285 0.000114 
3061.353785 0.000116 
3059.853284 0.000092 
3058.352784 0.000069 
3056.852284 0.000071 
3055.351784 0.000068 
3053.851284 0.000055 
3052.350784 0.000038 
3050.850283 0.000045 
3049.349783 0.000049 
3047.849283 0.000051 
3046.348783 0.000033 
3044.848283 0.000025 
3043.347783 0.000021 
3041.847282 0.000059 
3040.346782 0.000081 
3038.846282 0.000096 
3037.345782 0.000097 
3035.845282 0.000051 
3034.344782 0.000027 
3032.844281 0.000040 
3031.343781 0.000033 
3029.843281 0.000020 
3028.342781 0.000009 
3026.842281 0.000007 
3025.341781 0.000000 
3023.841280 0.000009 
3022.340780 0.000009 
3020.840280 0.000013 
3019.339780 0.000013 
3017.839280 0.000030 
3016.338780 0.000078 
3014.838279 0.000120 
3013.337779 0.000194 
3011.837279 0.000239 
3010.336779 0.000295 
3008.836279 0.000317 
3007.335779 0.000295 
3005.835278 0.000255 
3004.334778 0.000193 
3002.834278 0.000130 
3001.333778 0.000049 
2999.833278 -0.000013 
2998.332778 -0.000074 
2996.832277 -0.000091 
2995.331777 -0.000104 
2993.831277 -0.000142 
2992.330777 -0.000146 
2990.830277 -0.000139 
2989.329777 -0.000149 
2987.829276 -0.000158 
2986.328776 -0.000149 
2984.828276 -0.000123 
2983.327776 -0.000117 
2981.827276 -0.000107 
2980.326776 -0.000088 
2978.826275 -0.000052 
2977.325775 -0.000014 
2975.825275 0.000016 
2974.324775 0.000052 
2972.824275 0.000086 
2971.323775 0.000116 
2969.823274 0.000132 
2968.322774 0.000149 
2966.822274 0.000156 
2965.321774 0.000161 
2963.821274 0.000161 
2962.320774 0.000165 
2960.820273 0.000158 
2959.319773 0.000133 
2957.819273 0.000130 
2956.318773 0.000124 
2954.818273 0.000095 
2953.317773 0.000064 
2951.817272 0.000049 
2950.316772 0.000032 
2948.816272 -0.000009 
2947.315772 -0.000024 
2945.815272 -0.000017 
2944.314772 -0.000020 
2942.814271 0.000002 
2941.313771 0.000017 
2939.813271 0.000028 
2938.312771 0.000059 
2936.812271 0.000093 
2935.311771 0.000118 
2933.811270 0.000139 
2932.310770 0.000154 
2930.810270 0.000156 
2929.309770 0.000162 
2927.809270 0.000146 
2926.308770 0.000148 
2924.808269 0.000125 
2923.307769 0.000086 
2921.807269 0.000032 
2920.306769 -0.000026 
2918.806269 -0.000082 
2917.305769 -0.000150 
2915.805268 -0.000212 
2914.304768 -0.000275 
2912.804268 -0.000251 
2911.303768 -0.000222 
2909.803268 -0.000201 
2908.302768 -0.000191 
2906.802267 -0.000185 
2905.301767 -0.000178 
2903.801267 -0.000178 
2902.300767 -0.000182 
2900.800267 -0.000182 
2899.299767 -0.000181 
2897.799266 -0.000177 
2896.298766 -0.000183 
2894.798266 -0.000163 
2893.297766 -0.000165 
2891.797266 -0.000155 
2890.296766 -0.000152 
2888.796265 -0.000143 
2887.295765 -0.000148 
2885.795265 -0.000140 
2884.294765 -0.000120 
2882.794265 -0.000111 
2881.293765 -0.000094 
2879.793264 -0.000070 
2878.292764 -0.000055 
2876.792264 -0.000027 
2875.291764 -0.000038 
2873.791264 -0.000035 
2872.290764 -0.000016 
2870.790263 -0.000007 
2869.289763 -0.000002 
2867.789263 -0.000005 
2866.288763 0.000013 
2864.788263 0.000025 
2863.287763 0.000039 
2861.787262 0.000060 
2860.286762 0.000078 
2858.786262 0.000078 
2857.285762 0.000072 
2855.785262 0.000048 
2854.284762 0.000016 
2852.784261 -0.000019 
2851.283761 -0.000062 
2849.783261 -0.000116 
2848.282761 -0.000170 
2846.782261 -0.000219 
2845.281761 -0.000201 
2843.781260 -0.000159 
2842.280760 -0.000131 
2840.780260 -0.000130 
2839.279760 -0.000146 
2837.779260 -0.000122 
2836.278760 -0.000102 
2834.778259 -0.000091 
2833.277759 -0.000083 
2831.777259 -0.000085 
2830.276759 -0.000072 
2828.776259 -0.000065 
2827.275759 -0.000056 
2825.775258 -0.000050 
2824.274758 -0.000033 
2822.774258 -0.000033 
2821.273758 -0.000018 
2819.773258 -0.000000 
2818.272758 0.000017 
2816.772257 0.000024 
2815.271757 0.000026 
2813.771257 0.000028 
2812.270757 0.000030 
2810.770257 0.000020 
2809.269757 0.000015 
2807.769256 0.000002 
2806.268756 -0.000015 
2804.768256 -0.000022 
2803.267756 -0.000030 
2801.767256 -0.000045 
2800.266756 -0.000054 
2798.766255 -0.000061 
2797.265755 -0.000067 
2795.765255 -0.000074 
2794.264755 -0.000080 
2792.764255 -0.000085 
2791.263755 -0.000096 
2789.763254 -0.000100 
2788.262754 -0.000089 
2786.762254 -0.000078 
2785.261754 -0.000087 
2783.761254 -0.000080 
2782.260754 -0.000074 
2780.760253 -0.000076 
2779.259753 -0.000083 
2777.759253 -0.000074 
2776.258753 -0.000085 
2774.758253 -0.000080 
2773.257753 -0.000067 
2771.757252 -0.000061 
2770.256752 -0.000059 
2768.756252 -0.000050 
2767.255752 -0.000039 
2765.755252 -0.000043 
2764.254752 -0.000050 
2762.754251 -0.000050 
2761.253751 -0.000037 
2759.753251 -0.000026 
2758.252751 -0.000022 
2756.752251 -0.000022 
2755.251751 -0.000017 
2753.751250 -0.000009 
2752.250750 -0.000013 
2750.750250 -0.000009 
2749.249750 -0.000004 
2747.749250 -0.000002 
2746.248750 0.000022 
2744.748249 0.000041 
2743.247749 0.000065 
2741.747249 0.000091 
2740.246749 0.000111 
2738.746249 0.000115 
2737.245749 0.000124 
2735.745248 0.000137 
2734.244748 0.000148 
2732.744248 0.000143 
2731.243748 0.000141 
2729.743248 0.000130 
2728.242748 0.000128 
2726.742247 0.000115 
2725.241747 0.000117 
2723.741247 0.000111 
2722.240747 0.000109 
2720.740247 0.000102 
2719.239747 0.000093 
2717.739246 0.000093 
2716.238746 0.000102 
2714.738246 0.000104 
2713.237746 0.000104 
2711.737246 0.000098 
2710.236746 0.000096 
2708.736245 0.000087 
2707.235745 0.000080 
2705.735245 0.000061 
2704.234745 0.000026 
2702.734245 -0.000000 
2701.233745 -0.000048 
2699.733244 -0.000100 
2698.232744 -0.000159 
2696.732244 -0.000218 
2695.231744 -0.000259 
2693.731244 -0.000280 
2692.230744 -0.000282 
2690.730243 -0.000287 
2689.229743 -0.000284 
2687.729243 -0.000271 
2686.228743 -0.000260 
2684.728243 -0.000252 
2683.227743 -0.000243 
2681.727242 -0.000243 
2680.226742 -0.000225 
2678.726242 -0.000210 
2677.225742 -0.000204 
2675.725242 -0.000193 
2674.224742 -0.000191 
2672.724241 -0.000193 
2671.223741 -0.000171 
2669.723241 -0.000163 
2668.222741 -0.000161 
2666.722241 -0.000154 
2665.221741 -0.000145 
2663.721240 -0.000148 
2662.220740 -0.000130 
2660.720240 -0.000110 
2659.219740 -0.000104 
2657.719240 -0.000093 
2656.218740 -0.000080 
2654.718239 -0.000081 
2653.217739 -0.000076 
2651.717239 -0.000063 
2650.216739 -0.000056 
2648.716239 -0.000056 
2647.215739 -0.000052 
2645.715238 -0.000043 
2644.214738 -0.000030 
2642.714238 -0.000035 
2641.213738 -0.000032 
2639.713238 -0.000030 
2638.212738 -0.000024 
2636.712237 -0.000017 
2635.211737 -0.000017 
2633.711237 -0.000015 
2632.210737 -0.000004 
2630.710237 0.000000 
2629.209737 0.000009 
2627.709236 0.000017 
2626.208736 0.000013 
2624.708236 0.000022 
2623.207736 0.000022 
2621.707236 0.000026 
2620.206736 0.000024 
2618.706235 0.000013 
2617.205735 0.000016 
2615.705235 0.000017 
2614.204735 0.000029 
2612.704235 0.000032 
2611.203735 0.000030 
2609.703234 0.000030 
2608.202734 0.000033 
2606.702234 0.000039 
2605.201734 0.000042 
2603.701234 0.000048 
2602.200734 0.000041 
2600.700233 0.000042 
2599.199733 0.000045 
2597.699233 0.000039 
2596.198733 0.000042 
2594.698233 0.000048 
2593.197733 0.000055 
2591.697232 0.000065 
2590.196732 0.000074 
2588.696232 0.000069 
2587.195732 0.000063 
2585.695232 0.000054 
2584.194732 0.000038 
2582.694231 0.000028 
2581.193731 0.000015 
2579.693231 0.000009 
2578.192731 -0.000001 
2576.692231 -0.000023 
2575.191731 -0.000033 
2573.691230 -0.000042 
2572.190730 -0.000052 
2570.690230 -0.000059 
2569.189730 -0.000074 
2567.689230 -0.000065 
2566.188730 -0.000069 
2564.688229 -0.000069 
2563.187729 -0.000065 
2561.687229 -0.000062 
2560.186729 -0.000056 
2558.686229 -0.000049 
2557.185729 -0.000036 
2555.685228 -0.000023 
2554.184728 -0.000017 
2552.684228 -0.000022 
2551.183728 -0.000022 
2549.683228 -0.000024 
2548.182728 -0.000033 
2546.682227 -0.000046 
2545.181727 -0.000055 
2543.681227 -0.000068 
2542.180727 -0.000071 
2540.680227 -0.000065 
2539.179727 -0.000072 
2537.679226 -0.000083 
2536.178726 -0.000074 
2534.678226 -0.000071 
2533.177726 -0.000054 
2531.677226 -0.000051 
2530.176726 -0.000049 
2528.676225 -0.000025 
2527.175725 -0.000015 
2525.675225 0.000000 
2524.174725 0.000007 
2522.674225 0.000013 
2521.173725 0.000013 
2519.673224 0.000017 
2518.172724 0.000017 
2516.672224 0.000022 
2515.171724 0.000030 
2513.671224 0.000023 
2512.170724 0.000022 
2510.670223 0.000017 
2509.169723 0.000020 
2507.669223 0.000022 
2506.168723 0.000013 
2504.668223 0.000014 
2503.167723 0.000004 
2501.667222 0.000000 
2500.166722 -0.000001 
2498.666222 0.000012 
2497.165722 0.000009 
2495.665222 -0.000003 
2494.164722 -0.000009 
2492.664221 0.000000 
2491.163721 0.000000 
2489.663221 0.000003 
2488.162721 0.000012 
2486.662221 0.000006 
2485.161721 0.000012 
2483.661220 0.000025 
2482.160720 0.000033 
2480.660220 0.000041 
2479.159720 0.000052 
2477.659220 0.000059 
2476.158720 0.000068 
2474.658219 0.000069 
2473.157719 0.000075 
2471.657219 0.000087 
2470.156719 0.000077 
2468.656219 0.000069 
2467.155719 0.000074 
2465.655218 0.000069 
2464.154718 0.000058 
2462.654218 0.000048 
2461.153718 0.000048 
2459.653218 0.000048 
2458.152718 0.000048 
2456.652217 0.000036 
2455.151717 0.000026 
2453.651217 0.000026 
2452.150717 0.000030 
2450.650217 0.000023 
2449.149717 0.000026 
2447.649216 0.000019 
2446.148716 0.000010 
2444.648216 0.000004 
2443.147716 -0.000003 
2441.647216 -0.000009 
2440.146716 -0.000004 
2438.646215 -0.000016 
2437.145715 -0.000033 
2435.645215 -0.000042 
2434.144715 -0.000051 
2432.644215 -0.000055 
2431.143715 -0.000060 
2429.643214 -0.000073 
2428.142714 -0.000081 
2426.642214 -0.000078 
2425.141714 -0.000074 
2423.641214 -0.000069 
2422.140714 -0.000065 
2420.640213 -0.000053 
2419.139713 -0.000048 
2417.639213 -0.000045 
2416.138713 -0.000023 
2414.638213 -0.000017 
2413.137713 -0.000017 
2411.637212 -0.000001 
2410.136712 0.000000 
2408.636212 0.000012 
2407.135712 0.000013 
2405.635212 0.000017 
2404.134712 0.000029 
2402.634211 0.000047 
2401.133711 0.000045 
2399.633211 0.000051 
2398.132711 0.000060 
2396.632211 0.000069 
2395.131711 0.000081 
2393.631210 0.000098 
2392.130710 0.000107 
2390.630210 0.000120 
2389.129710 0.000134 
2387.629210 0.000147 
2386.128710 0.000155 
2384.628209 0.000164 
2383.127709 0.000168 
2381.627209 0.000166 
2380.126709 0.000159 
2378.626209 0.000141 
2377.125709 0.000115 
2375.625208 0.000081 
2374.124708 0.000042 
2372.624208 -0.000001 
2371.123708 -0.000048 
2369.623208 -0.000092 
2368.122708 -0.000131 
2366.622207 -0.000170 
2365.121707 -0.000205 
2363.621207 -0.000225 
2362.120707 -0.000233 
2360.620207 -0.000227 
2359.119707 -0.000206 
2357.619206 -0.000164 
2356.118706 -0.000109 
2354.618206 -0.000041 
2353.117706 0.000041 
2351.617206 0.000132 
2350.116706 0.000212 
2348.616205 0.000201 
2347.115705 0.000120 
2345.615205 0.000041 
2344.114705 -0.000022 
2342.614205 -0.000070 
2341.113705 -0.000102 
2339.613204 -0.000121 
2338.112704 -0.000130 
2336.612204 -0.000139 
2335.111704 -0.000139 
2333.611204 -0.000139 
2332.110704 -0.000136 
2330.610203 -0.000127 
2329.109703 -0.000110 
2327.609203 -0.000096 
2326.108703 -0.000079 
2324.608203 -0.000062 
2323.107703 -0.000044 
2321.607202 -0.000027 
2320.106702 -0.000010 
2318.606202 0.000008 
2317.105702 0.000021 
2315.605202 0.000034 
2314.104702 0.000043 
2312.604201 0.000056 
2311.103701 0.000060 
2309.603201 0.000065 
2308.102701 0.000069 
2306.602201 0.000074 
2305.101701 0.000070 
2303.601200 0.000069 
2302.100700 0.000069 
2300.600200 0.000069 
2299.099700 0.000066 
2297.599200 0.000061 
2296.098700 0.000056 
2294.598199 0.000052 
2293.097699 0.000048 
2291.597199 0.000040 
2290.096699 0.000036 
2288.596199 0.000035 
2287.095699 0.000027 
2285.595198 0.000023 
2284.094698 0.000018 
2282.594198 0.000010 
2281.093698 0.000005 
2279.593198 0.000004 
2278.092698 0.000001 
2276.592197 -0.000004 
2275.091697 0.000004 
2273.591197 0.000013 
2272.090697 0.000017 
2270.590197 0.000030 
2269.089697 0.000039 
2267.589196 0.000056 
2266.088696 0.000069 
2264.588196 0.000078 
2263.087696 0.000090 
2261.587196 0.000103 
2260.086696 0.000113 
2258.586195 0.000121 
2257.085695 0.000134 
2255.585195 0.000135 
2254.084695 0.000159 
2252.584195 0.000174 
2251.083695 0.000178 
2249.583194 0.000182 
2248.082694 0.000182 
2246.582194 0.000178 
2245.081694 0.000186 
2243.581194 0.000190 
2242.080694 0.000195 
2240.580193 0.000200 
2239.079693 0.000204 
2237.579193 0.000209 
2236.078693 0.000204 
2234.578193 0.000209 
2233.077693 0.000222 
2231.577192 0.000226 
2230.076692 0.000226 
2228.576192 0.000226 
2227.075692 0.000234 
2225.575192 0.000227 
2224.074692 0.000226 
2222.574191 0.000227 
2221.073691 0.000226 
2219.573191 0.000234 
2218.072691 0.000247 
2216.572191 0.000252 
2215.071691 0.000252 
2213.571190 0.000256 
2212.070690 0.000253 
2210.570190 0.000256 
2209.069690 0.000264 
2207.569190 0.000257 
2206.068690 0.000260 
2204.568189 0.000257 
2203.067689 0.000264 
2201.567189 0.000261 
2200.066689 0.000260 
2198.566189 0.000257 
2197.065689 0.000248 
2195.565188 0.000261 
2194.064688 0.000239 
2192.564188 0.000260 
2191.063688 0.000245 
2189.563188 0.000250 
2188.062688 0.000253 
2186.562187 0.000243 
2185.061687 0.000261 
2183.561187 0.000234 
2182.060687 0.000273 
2180.560187 0.000237 
2179.059687 0.000259 
2177.559186 0.000245 
2176.058686 0.000242 
2174.558186 0.000262 
2173.057686 0.000238 
2171.557186 0.000277 
2170.056686 0.000236 
2168.556185 0.000259 
2167.055685 0.000254 
2165.555185 0.000226 
2164.054685 0.000252 
2162.554185 0.000206 
2161.053685 0.000237 
2159.553184 0.000227 
2158.052684 0.000212 
2156.552184 0.000222 
2155.051684 0.000196 
2153.551184 0.000208 
2152.050684 0.000192 
2150.550183 0.000186 
2149.049683 0.000195 
2147.549183 0.000187 
2146.048683 0.000186 
2144.548183 0.000187 
2143.047683 0.000187 
2141.547182 0.000182 
2140.046682 0.000170 
2138.546182 0.000169 
2137.045682 0.000157 
2135.545182 0.000152 
2134.044682 0.000152 
2132.544181 0.000131 
2131.043681 0.000130 
2129.543181 0.000123 
2128.042681 0.000083 
2126.542181 0.000112 
2125.041681 0.000080 
2123.541180 0.000069 
2122.040680 0.000091 
2120.540180 0.000049 
2119.039680 0.000060 
2117.539180 0.000070 
2116.038680 0.000035 
2114.538179 0.000068 
2113.037679 0.000045 
2111.537179 0.000013 
2110.036679 0.000039 
2108.536179 0.000014 
2107.035679 0.000008 
2105.535178 0.000018 
2104.034678 -0.000025 
2102.534178 -0.000027 
2101.033678 -0.000017 
2099.533178 -0.000043 
2098.032678 -0.000026 
2096.532177 -0.000039 
2095.031677 -0.000057 
2093.531177 -0.000026 
2092.030677 -0.000043 
2090.530177 -0.000065 
2089.029677 -0.000039 
2087.529176 -0.000060 
2086.028676 -0.000069 
2084.528176 -0.000044 
2083.027676 -0.000069 
2081.527176 -0.000070 
2080.026676 -0.000044 
2078.526175 -0.000052 
2077.025675 -0.000052 
2075.525175 -0.000048 
2074.024675 -0.000061 
2072.524175 -0.000052 
2071.023675 -0.000043 
2069.523174 -0.000043 
2068.022674 -0.000035 
2066.522174 -0.000048 
2065.021674 -0.000052 
2063.521174 -0.000044 
2062.020674 -0.000048 
2060.520173 -0.000043 
2059.019673 -0.000039 
2057.519173 -0.000048 
2056.018673 -0.000048 
2054.518173 -0.000043 
2053.017673 -0.000043 
2051.517172 -0.000061 
2050.016672 -0.000061 
2048.516172 -0.000052 
2047.015672 -0.000061 
2045.515172 -0.000061 
2044.014672 -0.000069 
2042.514171 -0.000061 
2041.013671 -0.000061 
2039.513171 -0.000069 
2038.012671 -0.000057 
2036.512171 -0.000052 
2035.011671 -0.000043 
2033.511170 -0.000048 
2032.010670 -0.000044 
2030.510170 -0.000039 
2029.009670 -0.000043 
2027.509170 -0.000030 
2026.008670 -0.000030 
2024.508169 -0.000022 
2023.007669 -0.000017 
2021.507169 -0.000013 
2020.006669 -0.000013 
2018.506169 -0.000009 
2017.005669 0.000009 
2015.505168 0.000017 
2014.004668 0.000000 
2012.504168 0.000004 
2011.003668 0.000009 
2009.503168 0.000022 
2008.002668 0.000026 
2006.502167 0.000039 
2005.001667 0.000043 
2003.501167 0.000048 
2002.000667 0.000052 
2000.500167 0.000043 
1998.999667 0.000048 
1997.499166 0.000052 
1995.998666 0.000061 
1994.498166 0.000056 
1992.997666 0.000056 
1991.497166 0.000056 
1989.996666 0.000052 
1988.496165 0.000056 
1986.995665 0.000061 
1985.495165 0.000061 
1983.994665 0.000057 
1982.494165 0.000065 
1980.993665 0.000061 
1979.493164 0.000061 
1977.992664 0.000056 
1976.492164 0.000048 
1974.991664 0.000044 
1973.491164 0.000056 
1971.990664 0.000056 
1970.490163 0.000048 
1968.989663 0.000048 
1967.489163 0.000074 
1965.988663 0.000243 
1964.488163 0.001071 
1962.987663 0.002378 
1961.487162 0.003081 
1959.986662 0.002986 
1958.486162 0.002353 
1956.985662 0.001543 
1955.485162 0.000856 
1953.984662 0.000449 
1952.484161 0.000220 
1950.983661 0.000091 
1949.483161 0.000047 
1947.982661 0.000021 
1946.482161 0.000009 
1944.981661 -0.000000 
1943.481160 0.000005 
1941.980660 0.000013 
1940.480160 -0.000009 
1938.979660 -0.000009 
1937.479160 -0.000004 
1935.978660 -0.000009 
1934.478159 -0.000017 
1932.977659 0.000005 
1931.477159 0.000035 
1929.976659 0.000061 
1928.476159 0.000047 
1926.975659 0.000013 
1925.475158 -0.000000 
1923.974658 -0.000013 
1922.474158 -0.000004 
1920.973658 -0.000022 
1919.473158 0.000000 
1917.972658 0.000008 
1916.472157 -0.000026 
1914.971657 -0.000022 
1913.471157 -0.000031 
1911.970657 -0.000030 
1910.470157 -0.000018 
1908.969657 -0.000027 
1907.469156 -0.000039 
1905.968656 -0.000043 
1904.468156 -0.000043 
1902.967656 -0.000043 
1901.467156 -0.000043 
1899.966656 -0.000043 
1898.466155 -0.000031 
1896.965655 -0.000034 
1895.465155 -0.000039 
1893.964655 -0.000031 
1892.464155 -0.000047 
1890.963655 -0.000030 
1889.463154 -0.000018 
1887.962654 -0.000039 
1886.462154 -0.000043 
1884.961654 -0.000061 
1883.461154 -0.000053 
1881.960654 -0.000065 
1880.460153 -0.000070 
1878.959653 -0.000069 
1877.459153 -0.000065 
1875.958653 -0.000065 
1874.458153 -0.000078 
1872.957653 -0.000078 
1871.457152 -0.000073 
1869.956652 -0.000056 
1868.456152 -0.000052 
1866.955652 -0.000066 
1865.455152 -0.000074 
1863.954652 -0.000073 
1862.454151 -0.000061 
1860.953651 -0.000069 
1859.453151 -0.000065 
1857.952651 -0.000052 
1856.452151 -0.000051 
1854.951651 -0.000043 
1853.451150 -0.000030 
1851.950650 -0.000026 
1850.450150 -0.000030 
1848.949650 -0.000017 
1847.449150 -0.000013 
1845.948650 -0.000012 
1844.448149 0.000030 
1842.947649 -0.000006 
1841.447149 -0.000031 
1839.946649 -0.000043 
1838.446149 -0.000039 
1836.945649 -0.000035 
1835.445148 -0.000044 
1833.944648 -0.000052 
1832.444148 -0.000060 
1830.943648 -0.000042 
1829.443148 -0.000044 
1827.942648 -0.000065 
1826.442147 -0.000051 
1824.941647 -0.000044 
1823.441147 -0.000056 
1821.940647 -0.000052 
1820.440147 -0.000052 
1818.939647 -0.000052 
1817.439146 -0.000034 
1815.938646 -0.000026 
1814.438146 -0.000026 
1812.937646 -0.000012 
1811.437146 0.000001 
1809.936646 0.000017 
1808.436145 0.000000 
1806.935645 0.000000 
1805.435145 0.000000 
1803.934645 0.000009 
1802.434145 0.000022 
1800.933645 0.000017 
1799.433144 0.000016 
1797.932644 -0.000004 
1796.432144 0.000004 
1794.931644 -0.000013 
1793.431144 0.000015 
1791.930644 0.000032 
1790.430143 -0.000015 
1788.929643 -0.000043 
1787.429143 -0.000052 
1785.928643 -0.000042 
1784.428143 -0.000037 
1782.927643 -0.000065 
1781.427142 -0.000039 
1779.926642 -0.000039 
1778.426142 -0.000034 
1776.925642 -0.000012 
1775.425142 0.000000 
1773.924642 0.000031 
1772.424141 0.000081 
1770.923641 0.000046 
1769.423141 0.000045 
1767.922641 0.000058 
1766.422141 0.000002 
1764.921641 -0.000022 
1763.421140 -0.000015 
1761.920640 0.000022 
1760.420140 -0.000019 
1758.919640 -0.000020 
1757.419140 0.000000 
1755.918640 -0.000028 
1754.418139 -0.000052 
1752.917639 -0.000034 
1751.417139 0.000042 
1749.916639 -0.000010 
1748.416139 -0.000012 
1746.915639 -0.000019 
1745.415138 -0.000020 
1743.914638 0.000006 
1742.414138 0.000008 
1740.913638 0.000024 
1739.413138 0.000048 
1737.912638 0.000043 
1736.412137 0.000074 
1734.911637 0.000194 
1733.411137 0.000237 
1731.910637 0.000143 
1730.410137 0.000158 
1728.909637 0.000170 
1727.409136 0.000173 
1725.908636 0.000159 
1724.408136 0.000134 
1722.907636 0.000127 
1721.407136 0.000124 
1719.906636 0.000020 
1718.406135 -0.000233 
1716.905635 -0.000158 
1715.405135 -0.000058 
1713.904635 0.000032 
1712.404135 0.000091 
1710.903635 0.000078 
1709.403134 0.000091 
1707.902634 0.000055 
1706.402134 -0.000005 
1704.901634 0.000003 
1703.401134 0.000056 
1701.900634 -0.000144 
1700.400133 -0.000412 
1698.899633 -0.000042 
1697.399133 -0.000091 
1695.898633 -0.000280 
1694.398133 0.000056 
1692.897633 0.000149 
1691.397132 0.000142 
1689.896632 0.000123 
1688.396132 0.000133 
1686.895632 0.000095 
1685.395132 -0.000271 
1683.894632 -0.000171 
1682.394131 -0.000016 
1680.893631 -0.000030 
1679.393131 -0.000041 
1677.892631 -0.000056 
1676.392131 -0.000026 
1674.891631 0.000005 
1673.391130 -0.000053 
1671.890630 -0.000042 
1670.390130 -0.000023 
1668.889630 0.000007 
1667.389130 -0.000023 
1665.888630 -0.000030 
1664.388129 -0.000033 
1662.887629 -0.000010 
1661.387129 -0.000037 
1659.886629 -0.000043 
1658.386129 -0.000044 
1656.885629 -0.000047 
1655.385128 0.000007 
1653.884628 0.000113 
1652.384128 0.000146 
1650.883628 0.000008 
1649.383128 -0.000001 
1647.882628 0.000038 
1646.382127 0.000088 
1644.881627 0.000043 
1643.381127 0.000013 
1641.880627 0.000013 
1640.380127 0.000003 
1638.879627 -0.000008 
1637.379126 0.000013 
1635.878626 0.000035 
1634.378126 0.000216 
1632.877626 0.000335 
1631.377126 0.000325 
1629.876626 0.000299 
1628.376125 0.000224 
1626.875625 0.000247 
1625.375125 0.000219 
1623.874625 0.000096 
1622.374125 0.000167 
1620.873625 0.000203 
1619.373124 0.000178 
1617.872624 -0.000058 
1616.372124 -0.000113 
1614.871624 0.000110 
1613.371124 0.000125 
1611.870624 0.000106 
1610.370123 0.000075 
1608.869623 0.000056 
1607.369123 0.000051 
1605.868623 0.000042 
1604.368123 0.000028 
1602.867623 0.000012 
1601.367122 -0.000001 
1599.866622 -0.000014 
1598.366122 -0.000027 
1596.865622 -0.000050 
1595.365122 -0.000079 
1593.864622 -0.000091 
1592.364121 -0.000105 
1590.863621 -0.000118 
1589.363121 -0.000133 
1587.862621 -0.000138 
1586.362121 -0.000140 
1584.861621 -0.000131 
1583.361120 -0.000110 
1581.860620 -0.000145 
1580.360120 -0.000122 
1578.859620 -0.000161 
1577.359120 -0.000155 
1575.858620 -0.000099 
1574.358119 -0.000186 
1572.857619 -0.000201 
1571.357119 -0.000202 
1569.856619 -0.000166 
1568.356119 -0.000199 
1566.855619 -0.000217 
1565.355118 -0.000192 
1563.854618 -0.000182 
1562.354118 -0.000163 
1560.853618 -0.000034 
1559.353118 0.000048 
1557.852618 0.000016 
1556.352117 -0.000083 
1554.851617 -0.000012 
1553.351117 -0.000036 
1551.850617 -0.000028 
1550.350117 0.000024 
1548.849617 0.000005 
1547.349116 -0.000013 
1545.848616 0.000063 
1544.348116 0.000081 
1542.847616 0.000107 
1541.347116 0.000145 
1539.846616 0.000154 
1538.346115 0.000052 
1536.845615 0.000094 
1535.345115 0.000130 
1533.844615 0.000169 
1532.344115 0.000147 
1530.843615 0.000117 
1529.343114 0.000140 
1527.842614 0.000143 
1526.342114 0.000149 
1524.841614 0.000131 
1523.341114 0.000124 
1521.840614 0.000227 
1520.340113 0.000195 
1518.839613 0.000113 
1517.339113 0.000153 
1515.838613 0.000136 
1514.338113 0.000113 
1512.837613 0.000148 
1511.337112 0.000133 
1509.836612 0.000140 
1508.336112 0.000194 
1506.835612 0.000265 
1505.335112 0.000203 
1503.834612 0.000098 
1502.334111 0.000101 
1500.833611 0.000119 
1499.333111 0.000161 
1497.832611 0.000185 
1496.332111 0.000272 
1494.831611 0.000217 
1493.331110 0.000169 
1491.830610 0.000228 
1490.330110 0.000281 
1488.829610 0.000239 
1487.329110 0.000210 
1485.828610 0.000175 
1484.328109 0.000162 
1482.827609 0.000218 
1481.327109 0.000383 
1479.826609 0.000469 
1478.326109 0.000300 
1476.825609 0.000136 
1475.325108 0.000031 
1473.824608 0.000033 
1472.324108 0.000020 
1470.823608 -0.000063 
1469.323108 -0.000106 
1467.822608 -0.000098 
1466.322107 -0.000072 
1464.821607 -0.000011 
1463.321107 0.000016 
1461.820607 0.000060 
1460.320107 0.000134 
1458.819607 0.000258 
1457.319106 0.000424 
1455.818606 0.000425 
1454.318106 0.000406 
1452.817606 0.000492 
1451.317106 0.000605 
1449.816606 0.000736 
1448.316105 0.000918 
1446.815605 0.001078 
1445.315105 0.001280 
1443.814605 0.001500 
1442.314105 0.001726 
1440.813605 0.001946 
1439.313104 0.002146 
1437.812604 0.002387 
1436.312104 0.002615 
1434.811604 0.002753 
1433.311104 0.002998 
1431.810604 0.003288 
1430.310103 0.003639 
1428.809603 0.004006 
1427.309103 0.004390 
1425.808603 0.004807 
1424.308103 0.005275 
1422.807603 0.005783 
1421.307102 0.006399 
1419.806602 0.007032 
1418.306102 0.007278 
1416.805602 0.007304 
1415.305102 0.007389 
1413.804602 0.007615 
1412.304101 0.007923 
1410.803601 0.008287 
1409.303101 0.008671 
1407.802601 0.009085 
1406.302101 0.009543 
1404.801601 0.010033 
1403.301100 0.010538 
1401.800600 0.011100 
1400.300100 0.011732 
1398.799600 0.012446 
1397.299100 0.013190 
1395.798600 0.014045 
1394.298099 0.014985 
1392.797599 0.015934 
1391.297099 0.016990 
1389.796599 0.018115 
1388.296099 0.019311 
1386.795599 0.020544 
1385.295098 0.021776 
1383.794598 0.023089 
1382.294098 0.024417 
1380.793598 0.025651 
1379.293098 0.026761 
1377.792598 0.027682 
1376.292097 0.028383 
1374.791597 0.028878 
1373.291097 0.029212 
1371.790597 0.029465 
1370.290097 0.029288 
1368.789597 0.027988 
1367.289096 0.025600 
1365.788596 0.022908 
1364.288096 0.020344 
1362.787596 0.017872 
1361.287096 0.015458 
1359.786596 0.013231 
1358.286095 0.011208 
1356.785595 0.009188 
1355.285095 0.007128 
1353.784595 0.005239 
1352.284095 0.003763 
1350.783595 0.002684 
1349.283094 0.001925 
1347.782594 0.001336 
1346.282094 0.000916 
1344.781594 0.000599 
1343.281094 0.000396 
1341.780594 0.000290 
1340.280093 0.000238 
1338.779593 0.000171 
1337.279093 0.000120 
1335.778593 0.000098 
1334.278093 0.000079 
1332.777593 0.000059 
1331.277092 0.000041 
1329.776592 0.000028 
1328.276092 0.000007 
1326.775592 -0.000004 
1325.275092 -0.000007 
1323.774592 -0.000004 
1322.274091 -0.000026 
1320.773591 -0.000035 
1319.273091 -0.000041 
1317.772591 -0.000063 
1316.272091 -0.000080 
1314.771591 -0.000074 
1313.271090 -0.000059 
1311.770590 -0.000050 
1310.270090 -0.000018 
1308.769590 0.000038 
1307.269090 0.000110 
1305.768590 0.000188 
1304.268089 0.000262 
1302.767589 0.000263 
1301.267089 0.000205 
1299.766589 0.000112 
1298.266089 0.000029 
1296.765589 0.000002 
1295.265088 0.000013 
1293.764588 0.000039 
1292.264088 0.000065 
1290.763588 0.000080 
1289.263088 0.000093 
1287.762588 0.000106 
1286.262087 0.000104 
1284.761587 0.000109 
1283.261087 0.000113 
1281.760587 0.000113 
1280.260087 0.000115 
1278.759587 0.000130 
1277.259086 0.000120 
1275.758586 0.000113 
1274.258086 0.000124 
1272.757586 0.000128 
1271.257086 0.000122 
1269.756586 0.000126 
1268.256085 0.000117 
1266.755585 0.000109 
1265.255085 0.000080 
1263.754585 0.000048 
1262.254085 0.000022 
1260.753585 -0.000009 
1259.253084 -0.000024 
1257.752584 -0.000035 
1256.252084 -0.000022 
1254.751584 -0.000002 
1253.251084 0.000000 
1251.750584 0.000009 
1250.250083 -0.000002 
1248.749583 -0.000022 
1247.249083 -0.000030 
1245.748583 -0.000024 
1244.248083 -0.000002 
1242.747583 0.000078 
1241.247082 0.000226 
1239.746582 0.000525 
1238.246082 0.000962 
1236.745582 0.001336 
1235.245082 0.001314 
1233.744582 0.000879 
1232.244081 0.000405 
1230.743581 0.000108 
1229.243081 -0.000005 
1227.742581 -0.000033 
1226.242081 -0.000028 
1224.741581 -0.000017 
1223.241080 -0.000022 
1221.740580 -0.000017 
1220.240080 -0.000011 
1218.739580 -0.000002 
1217.239080 0.000000 
1215.738580 0.000007 
1214.238079 0.000022 
1212.737579 0.000039 
1211.237079 0.000054 
1209.736579 0.000061 
1208.236079 0.000054 
1206.735579 0.000048 
1205.235078 0.000052 
1203.734578 0.000056 
1202.234078 0.000056 
1200.733578 0.000056 
1199.233078 0.000052 
1197.732578 0.000054 
1196.232077 0.000063 
1194.731577 0.000061 
1193.231077 0.000087 
1191.730577 0.000094 
1190.230077 0.000113 
1188.729577 0.000117 
1187.229076 0.000120 
1185.728576 0.000117 
1184.228076 0.000106 
1182.727576 0.000038 
1181.227076 0.000070 
1179.726576 0.000190 
1178.226075 0.000202 
1176.725575 0.000178 
1175.225075 0.000158 
1173.724575 0.000154 
1172.224075 0.000145 
1170.723575 0.000144 
1169.223074 0.000139 
1167.722574 0.000137 
1166.222074 0.000134 
1164.721574 0.000126 
1163.221074 0.000121 
1161.720574 0.000120 
1160.220073 0.000113 
1158.719573 0.000120 
1157.219073 0.000130 
1155.718573 0.000112 
1154.218073 0.000086 
1152.717573 0.000087 
1151.217072 0.000086 
1149.716572 0.000140 
1148.216072 0.000141 
1146.715572 0.000172 
1145.215072 0.000151 
1143.714572 0.000163 
1142.214071 0.000159 
1140.713571 0.000147 
1139.213071 0.000147 
1137.712571 0.000117 
1136.212071 0.000125 
1134.711571 0.000075 
1133.211070 0.000089 
1131.710570 0.000058 
1130.210070 0.000097 
1128.709570 0.000099 
1127.209070 0.000066 
1125.708570 0.000021 
1124.208069 0.000024 
1122.707569 0.000007 
1121.207069 -0.000013 
1119.706569 -0.000043 
1118.206069 -0.000071 
1116.705569 -0.000084 
1115.205068 -0.000088 
1113.704568 -0.000110 
1112.204068 -0.000111 
1110.703568 -0.000111 
1109.203068 -0.000128 
1107.702568 -0.000140 
1106.202067 -0.000114 
1104.701567 -0.000131 
1103.201067 -0.000142 
1101.700567 -0.000149 
1100.200067 -0.000104 
1098.699567 -0.000059 
1097.199066 0.000062 
1095.698566 0.000202 
1094.198066 0.000248 
1092.697566 0.000141 
1091.197066 0.000015 
1089.696566 -0.000014 
1088.196065 -0.000029 
1086.695565 -0.000027 
1085.195065 0.000014 
1083.694565 0.000040 
1082.194065 0.000059 
1080.693565 0.000058 
1079.193064 0.000059 
1077.692564 0.000075 
1076.192064 0.000064 
1074.691564 0.000049 
1073.191064 0.000028 
1071.690564 0.000003 
1070.190063 -0.000016 
1068.689563 -0.000024 
1067.189063 -0.000026 
1065.688563 -0.000022 
1064.188063 -0.000022 
1062.687563 0.000003 
1061.187062 -0.000010 
1059.686562 -0.000010 
1058.186062 -0.000003 
1056.685562 -0.000018 
1055.185062 -0.000033 
1053.684562 -0.000039 
1052.184061 -0.000028 
1050.683561 -0.000016 
1049.183061 0.000006 
1047.682561 0.000037 
1046.182061 0.000075 
1044.681561 0.000068 
1043.181060 0.000073 
1041.680560 0.000141 
1040.180060 0.000141 
1038.679560 0.000166 
1037.179060 0.000185 
1035.678560 0.000184 
1034.178059 0.000127 
1032.677559 0.000078 
1031.177059 0.000085 
1029.676559 0.000114 
1028.176059 0.000161 
1026.675559 0.000113 
1025.175058 0.000101 
1023.674558 0.000124 
1022.174058 0.000136 
1020.673558 0.000136 
1019.173058 0.000132 
1017.672558 0.000155 
1016.172057 0.000177 
1014.671557 0.000181 
1013.171057 0.000208 
1011.670557 0.000226 
1010.170057 0.000243 
1008.669557 0.000268 
1007.169056 0.000279 
1005.668556 0.000294 
1004.168056 0.000311 
1002.667556 0.000311 
1001.167056 0.000333 
999.666556 0.000353 
998.166055 0.000371 
996.665555 0.000411 
995.165055 0.000435 
993.664555 0.000439 
992.164055 0.000442 
990.663555 0.000448 
989.163054 0.000464 
987.662554 0.000487 
986.162054 0.000508 
984.661554 0.000511 
983.161054 0.000520 
981.660554 0.000526 
980.160053 0.000521 
978.659553 0.000529 
977.159053 0.000546 
975.658553 0.000545 
974.158053 0.000551 
972.657553 0.000568 
971.157052 0.000562 
969.656552 0.000568 
968.156052 0.000581 
966.655552 0.000601 
965.155052 0.000635 
963.654552 0.000656 
962.154051 0.000664 
960.653551 0.000694 
959.153051 0.000703 
957.652551 0.000715 
956.152051 0.000733 
954.651551 0.000741 
953.151050 0.000748 
951.650550 0.000764 
950.150050 0.000785 
948.649550 0.000791 
947.149050 0.000800 
945.648550 0.000815 
944.148049 0.000844 
942.647549 0.000876 
941.147049 0.000890 
939.646549 0.000894 
938.146049 0.000920 
936.645549 0.000937 
935.145048 0.000966 
933.644548 0.000999 
932.144048 0.001017 
930.643548 0.001054 
929.143048 0.001097 
927.642548 0.001127 
926.142047 0.001147 
924.641547 0.001170 
923.141047 0.001207 
921.640547 0.001240 
920.140047 0.001277 
918.639547 0.001300 
917.139046 0.001310 
915.638546 0.001330 
914.138046 0.001354 
912.637546 0.001402 
911.137046 0.001437 
909.636546 0.001440 
908.136045 0.001495 
906.635545 0.001537 
905.135045 0.001585 
903.634545 0.001617 
902.134045 0.001647 
900.633545 0.001695 
899.133044 0.001747 
897.632544 0.001787 
896.132044 0.001825 
894.631544 0.001850 
893.131044 0.001867 
891.630544 0.001905 
890.130043 0.001947 
888.629543 0.001975 
887.129043 0.002007 
885.628543 0.002035 
884.128043 0.002077 
882.627543 0.002117 
881.127042 0.002165 
879.626542 0.002215 
878.126042 0.002237 
876.625542 0.002275 
875.125042 0.002345 
873.624542 0.002395 
872.124041 0.002465 
870.623541 0.002508 
869.123041 0.002565 
867.622541 0.002625 
866.122041 0.002678 
864.621541 0.002735 
863.121040 0.002775 
861.620540 0.002828 
860.120040 0.002875 
858.619540 0.002928 
857.119040 0.002975 
855.618540 0.003015 
854.118039 0.003058 
852.617539 0.003123 
851.117039 0.003193 
849.616539 0.003263 
848.116039 0.003325 
846.615539 0.003388 
845.115038 0.003463 
843.614538 0.003551 
842.114038 0.003615 
840.613538 0.003693 
839.113038 0.003793 
837.612538 0.003873 
836.112037 0.003961 
834.611537 0.004038 
833.111037 0.004149 
831.610537 0.004281 
830.110037 0.004383 
828.609537 0.004509 
827.109036 0.004667 
825.608536 0.004817 
824.108036 0.004995 
822.607536 0.005215 
821.107036 0.005481 
819.606536 0.005759 
818.106035 0.006051 
816.605535 0.006405 
815.105035 0.006765 
813.604535 0.007171 
812.104035 0.007627 
810.603535 0.008133 
809.103034 0.008647 
807.602534 0.009135 
806.102034 0.009671 
804.601534 0.010241 
803.101034 0.010802 
801.600534 0.011380 
800.100033 0.011962 
798.599533 0.012588 
797.099033 0.013236 
795.598533 0.013973 
794.098033 0.014743 
792.597533 0.015764 
791.097032 0.017067 
789.596532 0.018949 
788.096032 0.021688 
786.595532 0.025670 
785.095032 0.031009 
783.594532 0.037583 
782.094031 0.044936 
780.593531 0.052678 
779.093031 0.060698 
777.592531 0.068859 
776.092031 0.077283 
774.591531 0.085806 
773.091030 0.094533 
771.590530 0.103422 
770.090030 0.112491 
768.589530 0.121717 
767.089030 0.131024 
765.588530 0.140434 
764.088029 0.149847 
762.587529 0.159317 
761.087029 0.168936 
759.586529 0.178859 
758.086029 0.189342 
756.585529 0.200543 
755.085028 0.212925 
753.584528 0.226887 
752.084028 0.242571 
750.583528 0.260196 
749.083028 0.279731 
747.582528 0.300661 
746.082027 0.321761 
744.581527 0.340751 
743.081027 0.352814 
741.580527 0.350585 
740.080027 0.323789 
738.579527 0.267046 
737.079026 0.192539 
735.578526 0.125769 
734.078026 0.081070 
732.577526 0.055191 
731.077026 0.040103 
729.576526 0.030703 
728.076025 0.024266 
726.575525 0.019681 
725.075025 0.016164 
723.574525 0.013486 
722.074025 0.011472 
720.573525 0.009788 
719.073024 0.008467 
717.572524 0.007429 
716.072024 0.006483 
714.571524 0.005639 
713.071024 0.004968 
711.570524 0.004464 
710.070023 0.003990 
708.569523 0.003551 
707.069023 0.003202 
705.568523 0.002874 
704.068023 0.002601 
702.567523 0.002378 
701.067022 0.002255 
699.566522 0.002210 
698.066022 0.002237 
696.565522 0.002270 
695.065022 0.002225 
693.564522 0.002030 
692.064021 0.001697 
690.563521 0.001165 
689.063021 0.000781 
687.562521 0.000613 
686.062021 0.000414 
684.561521 0.000350 
683.061020 0.000303 
681.560520 0.000162 
680.060020 0.000106 
678.559520 0.000143 
677.059020 0.000145 
675.558520 0.000003 
674.058019 0.000000 
672.557519 0.000020 
671.057019 0.000040 
669.556519 0.000037 
668.056019 0.000182 
666.555519 0.000080 
665.055018 0.000039 
663.554518 0.000187 
662.054018 0.000327 
660.553518 0.000508 
659.053018 0.000745 
657.552518 0.001007 
656.052017 0.001361 
654.551517 0.001648 
653.051017 0.001991 
651.550517 0.002183 
650.050017 0.002431 
648.549517 0.002644 
647.049016 0.002977 
645.548516 0.003224 
644.048016 0.003469 
642.547516 0.003717 
641.047016 0.003776 
639.546516 0.003812 
638.046015 0.003864 
636.545515 0.004085 
635.045015 0.004109 
633.544515 0.004247 
632.044015 0.004116 
630.543515 0.003790 
629.043014 0.003450 
627.542514 0.002974 
626.042014 0.002388 
624.541514 0.001767 
623.041014 0.001129 
621.540514 0.000489 
620.040013 -0.000048 
618.539513 -0.000228 
617.039013 -0.000340 
615.538513 -0.000266 
614.038013 -0.000175 
612.537513 -0.000341 
611.037012 -0.000369 
609.536512 -0.000304 
608.036012 -0.000415 
606.535512 -0.000402 
605.035012 -0.000296 
603.534512 -0.000326 
602.034011 -0.000362 
600.533511 -0.000505 
599.033011 -0.000398 
597.532511 -0.000355 
596.032011 -0.001002 
594.531511 -0.000729 
593.031010 -0.000315 
591.530510 -0.000620 
590.030010 -0.000588 
588.529510 -0.000371 
587.029010 -0.000140 
585.528510 -0.000096 
584.028009 -0.000362 
582.527509 -0.000471 
581.027009 -0.000406 
579.526509 -0.000359 
578.026009 0.000517 
576.525509 0.001166 
575.025008 -0.000274 
573.524508 -0.000402 
572.024008 -0.000864 
570.523508 -0.000442 
569.023008 -0.000204 
567.522508 -0.000004 
566.022007 -0.000096 
564.521507 -0.001050 
563.021007 -0.000426 
561.520507 -0.000194 
560.020007 -0.000162 
558.519507 -0.000411 
557.019006 -0.000563 
555.518506 -0.000258 
554.018006 -0.000383 
552.517506 -0.000570 
551.017006 -0.000262 
549.516506 -0.000155 
548.016005 0.000473 
546.515505 0.000007 
545.015005 -0.000030 
543.514505 0.000931 
542.014005 0.000223 
540.513505 0.000201 
539.013004 0.000798 
537.512504 0.000718 
536.012004 0.000348 
534.511504 0.001249 
533.011004 0.001110 
531.510504 -0.000066 
530.010003 -0.000105 
528.509503 -0.000130 
527.009003 -0.000161 
525.508503 0.000050 
524.008003 0.000512 
522.507503 0.000089 
521.007002 -0.000104 
519.506502 0.000324 
518.006002 -0.000110 
516.505502 -0.000105 
515.005002 0.000355 
513.504502 0.000422 
512.004001 0.000005 
510.503501 -0.001635 
509.003001 -0.001004 
507.502501 0.000004 
506.002001 0.000074 
504.501501 0.000087 
503.001000 -0.000013 
501.500500 0.000256 
500.000000 0.000248 
