5000.000000 -0.000056 
4998.499500 -0.000009 
4996.999000 0.000026 
4995.498499 0.000026 
4993.997999 -0.000000 
4992.497499 -0.000017 
4990.996999 0.000000 
4989.496499 0.000039 
4987.995999 -0.000018 
4986.495498 -0.000113 
4984.994998 -0.000069 
4983.494498 -0.000017 
4981.993998 0.000096 
4980.493498 0.000178 
4978.992998 0.000095 
4977.492497 -0.000026 
4975.991997 0.000026 
4974.491497 0.000013 
4972.990997 0.000079 
4971.490497 0.000091 
4969.989997 0.000083 
4968.489496 0.000016 
4966.988996 -0.000026 
4965.488496 0.000005 
4963.987996 0.000040 
4962.487496 0.000117 
4960.986996 0.000034 
4959.486495 0.000018 
4957.985995 0.000087 
4956.485495 0.000078 
4954.984995 0.000144 
4953.484495 0.000143 
4951.983995 0.000139 
4950.483494 0.000095 
4948.982994 -0.000005 
4947.482494 0.000018 
4945.981994 0.000016 
4944.481494 -0.000106 
4942.980994 -0.000160 
4941.480493 -0.000082 
4939.979993 -0.000057 
4938.479493 -0.000131 
4936.978993 -0.000134 
4935.478493 -0.000104 
4933.977993 -0.000118 
4932.477492 -0.000118 
4930.976992 -0.000143 
4929.476492 -0.000144 
4927.975992 -0.000121 
4926.475492 -0.000120 
4924.974992 0.000027 
4923.474491 -0.000020 
4921.973991 -0.000072 
4920.473491 -0.000014 
4918.972991 -0.000061 
4917.472491 -0.000006 
4915.971991 0.000127 
4914.471490 0.000075 
4912.970990 -0.000043 
4911.470490 -0.000056 
4909.969990 0.000056 
4908.469490 0.000177 
4906.968990 0.000158 
4905.468489 0.000207 
4903.967989 0.000142 
4902.467489 0.000096 
4900.966989 0.000100 
4899.466489 0.000143 
4897.965989 0.000071 
4896.465488 -0.000013 
4894.964988 0.000076 
4893.464488 0.000088 
4891.963988 -0.000034 
4890.463488 0.000071 
4888.962988 0.000103 
4887.462487 0.000194 
4885.961987 0.000126 
4884.461487 0.000128 
4882.960987 0.000033 
4881.460487 0.000017 
4879.959987 -0.000018 
4878.459486 0.000036 
4876.958986 0.000166 
4875.458486 -0.000007 
4873.957986 -0.000014 
4872.457486 0.000056 
4870.956986 0.000095 
4869.456485 0.000182 
4867.955985 0.000165 
4866.455485 0.000119 
4864.954985 0.000065 
4863.454485 0.000011 
4861.953985 0.000081 
4860.453484 0.000242 
4858.952984 0.000190 
4857.452484 0.000149 
4855.951984 0.000073 
4854.451484 0.000117 
4852.950984 0.000169 
4851.450483 0.000184 
4849.949983 0.000216 
4848.449483 0.000111 
4846.948983 0.000185 
4845.448483 0.000186 
4843.947983 0.000173 
4842.447482 0.000013 
4840.946982 0.000160 
4839.446482 0.000262 
4837.945982 0.000209 
4836.445482 0.000140 
4834.944982 0.000127 
4833.444481 0.000072 
4831.943981 0.000028 
4830.443481 0.000162 
4828.942981 0.000117 
4827.442481 0.000055 
4825.941981 0.000079 
4824.441480 -0.000019 
4822.940980 0.000026 
4821.440480 0.000040 
4819.939980 0.000004 
4818.439480 0.000077 
4816.938980 0.000072 
4815.438479 0.000162 
4813.937979 0.000136 
4812.437479 0.000125 
4810.936979 0.000173 
4809.436479 0.000212 
4807.935979 0.000187 
4806.435478 0.000084 
4804.934978 0.000029 
4803.434478 0.000019 
4801.933978 0.000025 
4800.433478 0.000150 
4798.932978 0.000063 
4797.432477 0.000079 
4795.931977 0.000113 
4794.431477 0.000193 
4792.930977 0.000115 
4791.430477 0.000113 
4789.929977 0.000122 
4788.429476 0.000053 
4786.928976 0.000085 
4785.428476 0.000071 
4783.927976 0.000019 
4782.427476 0.000086 
4780.926976 0.000157 
4779.426475 0.000254 
4777.925975 0.000252 
4776.425475 0.000123 
4774.924975 0.000083 
4773.424475 0.000191 
4771.923975 0.000223 
4770.423474 0.000282 
4768.922974 0.000332 
4767.422474 0.000345 
4765.921974 0.000402 
4764.421474 0.000420 
4762.920974 0.000446 
4761.420473 0.000501 
4759.919973 0.000518 
4758.419473 0.000568 
4756.918973 0.000484 
4755.418473 0.000461 
4753.917973 0.000455 
4752.417472 0.000468 
4750.916972 0.000527 
4749.416472 0.000497 
4747.915972 0.000543 
4746.415472 0.000605 
4744.914972 0.000552 
4743.414471 0.000444 
4741.913971 0.000478 
4740.413471 0.000428 
4738.912971 0.000355 
4737.412471 0.000290 
4735.911971 0.000198 
4734.411470 0.000322 
4732.910970 0.000294 
4731.410470 0.000261 
4729.909970 0.000295 
4728.409470 0.000338 
4726.908970 0.000319 
4725.408469 0.000321 
4723.907969 0.000238 
4722.407469 0.000219 
4720.906969 0.000190 
4719.406469 0.000145 
4717.905969 0.000135 
4716.405468 0.000241 
4714.904968 0.000205 
4713.404468 0.000313 
4711.903968 0.000308 
4710.403468 0.000270 
4708.902968 0.000269 
4707.402467 0.000275 
4705.901967 0.000268 
4704.401467 0.000339 
4702.900967 0.000405 
4701.400467 0.000275 
4699.899967 0.000255 
4698.399466 0.000362 
4696.898966 0.000458 
4695.398466 0.000479 
4693.897966 0.000360 
4692.397466 0.000395 
4690.896966 0.000432 
4689.396465 0.000462 
4687.895965 0.000492 
4686.395465 0.000522 
4684.894965 0.000475 
4683.394465 0.000413 
4681.893965 0.000394 
4680.393464 0.000404 
4678.892964 0.000326 
4677.392464 0.000303 
4675.891964 0.000356 
4674.391464 0.000388 
4672.890964 0.000318 
4671.390463 0.000339 
4669.889963 0.000252 
4668.389463 0.000279 
4666.888963 0.000315 
4665.388463 0.000267 
4663.887963 0.000280 
4662.387462 0.000314 
4660.886962 0.000375 
4659.386462 0.000332 
4657.885962 0.000374 
4656.385462 0.000351 
4654.884962 0.000330 
4653.384461 0.000382 
4651.883961 0.000335 
4650.383461 0.000306 
4648.882961 0.000260 
4647.382461 0.000275 
4645.881961 0.000240 
4644.381460 0.000247 
4642.880960 0.000207 
4641.380460 0.000190 
4639.879960 0.000137 
4638.379460 0.000137 
4636.878960 0.000081 
4635.378459 0.000057 
4633.877959 0.000061 
4632.377459 -0.000034 
4630.876959 -0.000060 
4629.376459 0.000000 
4627.875959 -0.000077 
4626.375458 -0.000121 
4624.874958 -0.000079 
4623.374458 -0.000084 
4621.873958 -0.000059 
4620.373458 -0.000073 
4618.872958 -0.000010 
4617.372457 -0.000075 
4615.871957 -0.000125 
4614.371457 -0.000070 
4612.870957 -0.000016 
4611.370457 0.000025 
4609.869957 0.000003 
4608.369456 -0.000020 
4606.868956 -0.000026 
4605.368456 -0.000048 
4603.867956 -0.000028 
4602.367456 0.000094 
4600.866956 0.000053 
4599.366455 0.000019 
4597.865955 -0.000040 
4596.365455 0.000062 
4594.864955 0.000165 
4593.364455 0.000145 
4591.863955 0.000160 
4590.363454 0.000191 
4588.862954 0.000096 
4587.362454 0.000139 
4585.861954 0.000092 
4584.361454 0.000015 
4582.860954 0.000048 
4581.360453 -0.000017 
4579.859953 0.000044 
4578.359453 0.000110 
4576.858953 0.000062 
4575.358453 -0.000007 
4573.857953 -0.000099 
4572.357452 -0.000003 
4570.856952 -0.000076 
4569.356452 -0.000016 
4567.855952 -0.000032 
4566.355452 -0.000088 
4564.854952 -0.000174 
4563.354451 -0.000161 
4561.853951 -0.000175 
4560.353451 -0.000110 
4558.852951 -0.000080 
4557.352451 -0.000040 
4555.851951 0.000023 
4554.351450 0.000049 
4552.850950 0.000047 
4551.350450 -0.000043 
4549.849950 -0.000041 
4548.349450 -0.000007 
4546.848950 -0.000004 
4545.348449 -0.000002 
4543.847949 0.000006 
4542.347449 -0.000013 
4540.846949 0.000084 
4539.346449 0.000091 
4537.845949 0.000036 
4536.345448 0.000084 
4534.844948 0.000070 
4533.344448 0.000010 
4531.843948 0.000025 
4530.343448 0.000176 
4528.842948 0.000129 
4527.342447 0.000088 
4525.841947 0.000120 
4524.341447 0.000142 
4522.840947 0.000108 
4521.340447 0.000049 
4519.839947 0.000116 
4518.339446 0.000117 
4516.838946 0.000201 
4515.338446 0.000111 
4513.837946 0.000041 
4512.337446 0.000232 
4510.836946 0.000227 
4509.336445 0.000239 
4507.835945 0.000234 
4506.335445 0.000271 
4504.834945 0.000263 
4503.334445 0.000288 
4501.833945 0.000266 
4500.333444 0.000308 
4498.832944 0.000271 
4497.332444 0.000207 
4495.831944 0.000125 
4494.331444 0.000165 
4492.830944 0.000140 
4491.330443 0.000112 
4489.829943 0.000186 
4488.329443 0.000218 
4486.828943 0.000145 
4485.328443 0.000074 
4483.827943 0.000045 
4482.327442 -0.000063 
4480.826942 -0.000097 
4479.326442 -0.000068 
4477.825942 0.000003 
4476.325442 0.000038 
4474.824942 -0.000125 
4473.324441 -0.000053 
4471.823941 -0.000023 
4470.323441 -0.000060 
4468.822941 -0.000077 
4467.322441 -0.000118 
4465.821941 -0.000037 
4464.321440 0.000006 
4462.820940 -0.000037 
4461.320440 -0.000021 
4459.819940 0.000071 
4458.319440 0.000041 
4456.818940 0.000009 
4455.318439 0.000051 
4453.817939 0.000070 
4452.317439 0.000058 
4450.816939 0.000093 
4449.316439 0.000061 
4447.815939 -0.000009 
4446.315438 0.000019 
4444.814938 -0.000008 
4443.314438 0.000061 
4441.813938 0.000046 
4440.313438 0.000001 
4438.812938 -0.000001 
4437.312437 0.000028 
4435.811937 0.000012 
4434.311437 -0.000004 
4432.810937 -0.000010 
4431.310437 -0.000023 
4429.809937 -0.000010 
4428.309436 -0.000123 
4426.808936 -0.000123 
4425.308436 -0.000018 
4423.807936 -0.000044 
4422.307436 -0.000133 
4420.806936 -0.000122 
4419.306435 -0.000017 
4417.805935 0.000026 
4416.305435 0.000016 
4414.804935 -0.000024 
4413.304435 -0.000067 
4411.803935 -0.000023 
4410.303434 -0.000017 
4408.802934 -0.000044 
4407.302434 0.000010 
4405.801934 -0.000069 
4404.301434 -0.000087 
4402.800934 -0.000103 
4401.300433 -0.000088 
4399.799933 -0.000015 
4398.299433 -0.000114 
4396.798933 -0.000083 
4395.298433 0.000048 
4393.797933 0.000058 
4392.297432 -0.000032 
4390.796932 -0.000036 
4389.296432 -0.000056 
4387.795932 -0.000090 
4386.295432 -0.000041 
4384.794932 -0.000005 
4383.294431 -0.000089 
4381.793931 -0.000020 
4380.293431 0.000004 
4378.792931 0.000003 
4377.292431 -0.000005 
4375.791931 0.000053 
4374.291430 0.000090 
4372.790930 0.000111 
4371.290430 0.000020 
4369.789930 -0.000040 
4368.289430 -0.000023 
4366.788930 0.000043 
4365.288429 -0.000005 
4363.787929 -0.000001 
4362.287429 -0.000064 
4360.786929 -0.000093 
4359.286429 -0.000061 
4357.785929 0.000031 
4356.285428 0.000017 
4354.784928 -0.000061 
4353.284428 -0.000014 
4351.783928 -0.000031 
4350.283428 -0.000077 
4348.782928 -0.000012 
4347.282427 -0.000140 
4345.781927 -0.000117 
4344.281427 0.000011 
4342.780927 -0.000011 
4341.280427 -0.000061 
4339.779927 -0.000145 
4338.279426 -0.000116 
4336.778926 -0.000112 
4335.278426 -0.000101 
4333.777926 -0.000035 
4332.277426 -0.000105 
4330.776926 -0.000086 
4329.276425 -0.000083 
4327.775925 -0.000150 
4326.275425 -0.000158 
4324.774925 -0.000138 
4323.274425 -0.000072 
4321.773925 -0.000063 
4320.273424 -0.000075 
4318.772924 -0.000098 
4317.272424 -0.000111 
4315.771924 -0.000056 
4314.271424 -0.000097 
4312.770924 -0.000085 
4311.270423 -0.000095 
4309.769923 -0.000085 
4308.269423 -0.000082 
4306.768923 -0.000085 
4305.268423 -0.000048 
4303.767923 -0.000052 
4302.267422 -0.000076 
4300.766922 -0.000005 
4299.266422 -0.000039 
4297.765922 -0.000093 
4296.265422 -0.000070 
4294.764922 -0.000067 
4293.264421 -0.000063 
4291.763921 0.000004 
4290.263421 -0.000017 
4288.762921 -0.000022 
4287.262421 -0.000036 
4285.761921 -0.000117 
4284.261420 -0.000093 
4282.760920 -0.000081 
4281.260420 -0.000056 
4279.759920 -0.000073 
4278.259420 -0.000111 
4276.758920 -0.000092 
4275.258419 -0.000083 
4273.757919 -0.000041 
4272.257419 -0.000102 
4270.756919 -0.000066 
4269.256419 -0.000037 
4267.755919 -0.000089 
4266.255418 -0.000048 
4264.754918 -0.000147 
4263.254418 -0.000187 
4261.753918 -0.000215 
4260.253418 -0.000226 
4258.752918 -0.000228 
4257.252417 -0.000200 
4255.751917 -0.000146 
4254.251417 -0.000117 
4252.750917 -0.000211 
4251.250417 -0.000189 
4249.749917 -0.000200 
4248.249416 -0.000169 
4246.748916 -0.000195 
4245.248416 -0.000237 
4243.747916 -0.000239 
4242.247416 -0.000239 
4240.746916 -0.000187 
4239.246415 -0.000191 
4237.745915 -0.000200 
4236.245415 -0.000128 
4234.744915 -0.000085 
4233.244415 -0.000126 
4231.743915 -0.000124 
4230.243414 -0.000119 
4228.742914 -0.000172 
4227.242414 -0.000097 
4225.741914 -0.000104 
4224.241414 -0.000087 
4222.740914 -0.000069 
4221.240413 -0.000039 
4219.739913 0.000009 
4218.239413 -0.000005 
4216.738913 -0.000006 
4215.238413 0.000024 
4213.737913 -0.000026 
4212.237412 -0.000037 
4210.736912 -0.000032 
4209.236412 -0.000022 
4207.735912 0.000005 
4206.235412 0.000006 
4204.734912 -0.000036 
4203.234411 -0.000065 
4201.733911 -0.000057 
4200.233411 -0.000054 
4198.732911 -0.000024 
4197.232411 -0.000056 
4195.731911 -0.000059 
4194.231410 -0.000063 
4192.730910 -0.000067 
4191.230410 -0.000081 
4189.729910 -0.000111 
4188.229410 -0.000036 
4186.728910 -0.000073 
4185.228409 -0.000097 
4183.727909 -0.000054 
4182.227409 -0.000013 
4180.726909 -0.000042 
4179.226409 -0.000047 
4177.725909 0.000002 
4176.225408 0.000025 
4174.724908 0.000046 
4173.224408 0.000061 
4171.723908 0.000025 
4170.223408 -0.000022 
4168.722908 -0.000075 
4167.222407 -0.000028 
4165.721907 0.000022 
4164.221407 -0.000014 
4162.720907 -0.000034 
4161.220407 -0.000022 
4159.719907 -0.000013 
4158.219406 -0.000011 
4156.718906 -0.000001 
4155.218406 -0.000037 
4153.717906 -0.000022 
4152.217406 -0.000062 
4150.716906 -0.000113 
4149.216405 -0.000086 
4147.715905 -0.000084 
4146.215405 -0.000072 
4144.714905 -0.000087 
4143.214405 -0.000103 
4141.713905 -0.000151 
4140.213404 -0.000171 
4138.712904 -0.000179 
4137.212404 -0.000190 
4135.711904 -0.000160 
4134.211404 -0.000171 
4132.710904 -0.000242 
4131.210403 -0.000227 
4129.709903 -0.000221 
4128.209403 -0.000185 
4126.708903 -0.000208 
4125.208403 -0.000225 
4123.707903 -0.000246 
4122.207402 -0.000240 
4120.706902 -0.000244 
4119.206402 -0.000247 
4117.705902 -0.000196 
4116.205402 -0.000205 
4114.704902 -0.000215 
4113.204401 -0.000207 
4111.703901 -0.000262 
4110.203401 -0.000236 
4108.702901 -0.000192 
4107.202401 -0.000098 
4105.701901 -0.000046 
4104.201400 -0.000012 
4102.700900 0.000088 
4101.200400 0.000215 
4099.699900 0.000317 
4098.199400 0.000390 
4096.698900 0.000525 
4095.198399 0.000608 
4093.697899 0.000765 
4092.197399 0.000937 
4090.696899 0.001048 
4089.196399 0.001082 
4087.695899 0.001162 
4086.195398 0.001192 
4084.694898 0.001301 
4083.194398 0.001408 
4081.693898 0.001585 
4080.193398 0.001869 
4078.692898 0.002075 
4077.192397 0.002078 
4075.691897 0.002054 
4074.191397 0.001921 
4072.690897 0.001596 
4071.190397 0.001232 
4069.689897 0.000938 
4068.189396 0.000770 
4066.688896 0.000598 
4065.188396 0.000443 
4063.687896 0.000316 
4062.187396 0.000234 
4060.686896 0.000113 
4059.186395 0.000033 
4057.685895 -0.000034 
4056.185395 -0.000095 
4054.684895 -0.000122 
4053.184395 -0.000127 
4051.683895 -0.000156 
4050.183394 -0.000143 
4048.682894 -0.000134 
4047.182394 -0.000191 
4045.681894 -0.000167 
4044.181394 -0.000143 
4042.680894 -0.000156 
4041.180393 -0.000194 
4039.679893 -0.000165 
4038.179393 -0.000146 
4036.678893 -0.000165 
4035.178393 -0.000163 
4033.677893 -0.000083 
4032.177392 -0.000089 
4030.676892 -0.000087 
4029.176392 0.000007 
4027.675892 0.000008 
4026.175392 0.000006 
4024.674892 0.000025 
4023.174391 0.000035 
4021.673891 0.000017 
4020.173391 0.000005 
4018.672891 -0.000000 
4017.172391 0.000066 
4015.671891 0.000025 
4014.171390 -0.000061 
4012.670890 -0.000010 
4011.170390 -0.000009 
4009.669890 -0.000032 
4008.169390 -0.000104 
4006.668890 -0.000122 
4005.168389 -0.000104 
4003.667889 -0.000127 
4002.167389 -0.000104 
4000.666889 -0.000119 
3999.166389 -0.000087 
3997.665889 -0.000088 
3996.165388 -0.000106 
3994.664888 -0.000084 
3993.164388 -0.000104 
3991.663888 -0.000113 
3990.163388 -0.000143 
3988.662888 -0.000120 
3987.162387 -0.000178 
3985.661887 -0.000209 
3984.161387 -0.000217 
3982.660887 -0.000163 
3981.160387 -0.000140 
3979.659887 -0.000151 
3978.159386 -0.000089 
3976.658886 -0.000039 
3975.158386 -0.000091 
3973.657886 -0.000069 
3972.157386 -0.000015 
3970.656886 0.000118 
3969.156385 0.000187 
3967.655885 0.000190 
3966.155385 0.000195 
3964.654885 0.000212 
3963.154385 0.000251 
3961.653885 0.000233 
3960.153384 0.000220 
3958.652884 0.000274 
3957.152384 0.000294 
3955.651884 0.000241 
3954.151384 0.000251 
3952.650884 0.000262 
3951.150383 0.000301 
3949.649883 0.000278 
3948.149383 0.000244 
3946.648883 0.000205 
3945.148383 0.000260 
3943.647883 0.000312 
3942.147382 0.000254 
3940.646882 0.000220 
3939.146382 0.000177 
3937.645882 0.000125 
3936.145382 0.000140 
3934.644882 0.000217 
3933.144381 0.000228 
3931.643881 0.000170 
3930.143381 0.000125 
3928.642881 0.000067 
3927.142381 0.000110 
3925.641881 0.000208 
3924.141380 0.000165 
3922.640880 0.000096 
3921.140380 0.000166 
3919.639880 0.000230 
3918.139380 0.000226 
3916.638880 0.000167 
3915.138379 0.000191 
3913.637879 0.000194 
3912.137379 0.000082 
3910.636879 0.000021 
3909.136379 0.000084 
3907.635879 0.000165 
3906.135378 0.000317 
3904.634878 0.000421 
3903.134378 0.000469 
3901.633878 0.000399 
3900.133378 0.000322 
3898.632878 0.000203 
3897.132377 0.000177 
3895.631877 0.000192 
3894.131377 0.000317 
3892.630877 0.000547 
3891.130377 0.000444 
3889.629877 0.000340 
3888.129376 0.000545 
3886.628876 0.000771 
3885.128376 0.000595 
3883.627876 0.000520 
3882.127376 0.000682 
3880.626876 0.000730 
3879.126375 0.000713 
3877.625875 0.000850 
3876.125375 0.001087 
3874.624875 0.001248 
3873.124375 0.001348 
3871.623875 0.001828 
3870.123374 0.002022 
3868.622874 0.002045 
3867.122374 0.002461 
3865.621874 0.003222 
3864.121374 0.003748 
3862.620874 0.002771 
3861.120373 0.001442 
3859.619873 0.000895 
3858.119373 0.000859 
3856.618873 0.001258 
3855.118373 0.001579 
3853.617873 0.001178 
3852.117372 0.000620 
3850.616872 0.000201 
3849.116372 0.000026 
3847.615872 -0.000037 
3846.115372 -0.000022 
3844.614872 0.000034 
3843.114371 0.000058 
3841.613871 0.000089 
3840.113371 0.000305 
3838.612871 0.000424 
3837.112371 0.000205 
3835.611871 0.000114 
3834.111370 -0.000056 
3832.610870 -0.000027 
3831.110370 -0.000098 
3829.609870 -0.000140 
3828.109370 -0.000098 
3826.608870 -0.000098 
3825.108369 -0.000108 
3823.607869 0.000140 
3822.107369 0.000279 
3820.606869 0.000063 
3819.106369 0.000061 
3817.605869 0.000388 
3816.105368 0.000289 
3814.604868 0.000052 
3813.104368 -0.000081 
3811.603868 -0.000096 
3810.103368 -0.000029 
3808.602868 0.000261 
3807.102367 0.000180 
3805.601867 0.000050 
3804.101367 0.000180 
3802.600867 0.000453 
3801.100367 0.000257 
3799.599867 0.000105 
3798.099366 0.000059 
3796.598866 -0.000000 
3795.098366 -0.000017 
3793.597866 -0.000057 
3792.097366 -0.000104 
3790.596866 -0.000100 
3789.096365 -0.000100 
3787.595865 -0.000087 
3786.095365 0.000025 
3784.594865 -0.000016 
3783.094365 -0.000062 
3781.593865 0.000056 
3780.093364 0.000073 
3778.592864 0.000036 
3777.092364 0.000010 
3775.591864 -0.000004 
3774.091364 -0.000050 
3772.590864 0.000064 
3771.090363 0.000253 
3769.589863 0.000143 
3768.089363 0.000118 
3766.588863 0.000170 
3765.088363 0.000136 
3763.587863 0.000094 
3762.087362 0.000164 
3760.586862 0.000277 
3759.086362 0.000260 
3757.585862 0.000279 
3756.085362 0.000248 
3754.584862 0.000517 
3753.084361 0.000788 
3751.583861 0.000805 
3750.083361 0.000816 
3748.582861 0.000470 
3747.082361 0.000739 
3745.581861 0.001352 
3744.081360 0.000792 
3742.580860 0.000428 
3741.080360 0.000297 
3739.579860 0.000318 
3738.079360 0.000654 
3736.578860 0.000845 
3735.078359 0.000700 
3733.577859 0.000693 
3732.077359 0.000493 
3730.576859 0.000309 
3729.076359 0.000329 
3727.575859 0.000465 
3726.075358 0.000429 
3724.574858 0.000440 
3723.074358 0.000430 
3721.573858 0.000366 
3720.073358 0.000366 
3718.572858 0.000276 
3717.072357 0.000261 
3715.571857 0.000319 
3714.071357 0.000574 
3712.570857 0.000644 
3711.070357 0.000571 
3709.569857 0.000455 
3708.069356 0.000321 
3706.568856 0.000280 
3705.068356 0.000273 
3703.567856 0.000398 
3702.067356 0.000382 
3700.566856 0.000323 
3699.066355 0.000284 
3697.565855 0.000257 
3696.065355 0.000247 
3694.564855 0.000251 
3693.064355 0.000413 
3691.563855 0.000492 
3690.063354 0.000806 
3688.562854 0.000693 
3687.062354 0.000407 
3685.561854 0.000287 
3684.061354 0.000190 
3682.560854 0.000210 
3681.060353 0.000322 
3679.559853 0.000343 
3678.059353 0.000650 
3676.558853 0.000959 
3675.058353 0.000662 
3673.557853 0.000501 
3672.057352 0.000807 
3670.556852 0.000717 
3669.056352 0.000523 
3667.555852 0.000328 
3666.055352 0.000269 
3664.554852 0.000265 
3663.054351 0.000277 
3661.553851 0.000279 
3660.053351 0.000231 
3658.552851 0.000461 
3657.052351 0.000619 
3655.551851 0.000452 
3654.051350 0.000407 
3652.550850 0.000620 
3651.050350 0.000943 
3649.549850 0.000951 
3648.049350 0.000790 
3646.548850 0.000500 
3645.048349 0.000342 
3643.547849 0.000334 
3642.047349 0.000335 
3640.546849 0.000297 
3639.046349 0.000228 
3637.545849 0.000259 
3636.045348 0.000294 
3634.544848 0.000322 
3633.044348 0.000273 
3631.543848 0.000603 
3630.043348 0.000957 
3628.542848 0.000673 
3627.042347 0.000393 
3625.541847 0.000221 
3624.041347 0.000157 
3622.540847 0.000205 
3621.040347 0.000412 
3619.539847 0.000385 
3618.039346 0.000268 
3616.538846 0.000218 
3615.038346 0.000233 
3613.537846 0.000299 
3612.037346 0.000231 
3610.536846 0.000379 
3609.036345 0.000286 
3607.535845 0.000155 
3606.035345 0.000029 
3604.534845 -0.000017 
3603.034345 -0.000027 
3601.533845 0.000016 
3600.033344 0.000017 
3598.532844 -0.000033 
3597.032344 0.000015 
3595.531844 0.000069 
3594.031344 0.000036 
3592.530844 -0.000042 
3591.030343 0.000031 
3589.529843 0.000189 
3588.029343 0.000251 
3586.528843 0.000083 
3585.028343 -0.000060 
3583.527843 -0.000129 
3582.027342 -0.000148 
3580.526842 -0.000079 
3579.026342 -0.000027 
3577.525842 -0.000090 
3576.025342 -0.000100 
3574.524842 -0.000095 
3573.024341 -0.000117 
3571.523841 -0.000079 
3570.023341 0.000049 
3568.522841 0.000212 
3567.022341 0.000167 
3565.521841 0.000028 
3564.021340 -0.000047 
3562.520840 -0.000104 
3561.020340 -0.000079 
3559.519840 -0.000112 
3558.019340 -0.000156 
3556.518840 -0.000152 
3555.018339 -0.000105 
3553.517839 -0.000138 
3552.017339 -0.000165 
3550.516839 -0.000152 
3549.016339 -0.000100 
3547.515839 -0.000070 
3546.015338 -0.000044 
3544.514838 -0.000073 
3543.014338 -0.000117 
3541.513838 -0.000178 
3540.013338 -0.000165 
3538.512838 -0.000135 
3537.012337 -0.000117 
3535.511837 -0.000165 
3534.011337 -0.000113 
3532.510837 -0.000100 
3531.010337 -0.000065 
3529.509837 0.000004 
3528.009336 -0.000017 
3526.508836 -0.000004 
3525.008336 0.000004 
3523.507836 0.000043 
3522.007336 0.000009 
3520.506836 0.000013 
3519.006335 0.000022 
3517.505835 0.000030 
3516.005335 0.000052 
3514.504835 0.000078 
3513.004335 0.000078 
3511.503835 0.000113 
3510.003334 0.000152 
3508.502834 0.000113 
3507.002334 0.000152 
3505.501834 0.000122 
3504.001334 0.000130 
3502.500834 0.000213 
3501.000333 0.000217 
3499.499833 0.000191 
3497.999333 0.000187 
3496.498833 0.000182 
3494.998333 0.000187 
3493.497833 0.000217 
3491.997332 0.000239 
3490.496832 0.000195 
3488.996332 0.000209 
3487.495832 0.000243 
3485.995332 0.000230 
3484.494832 0.000261 
3482.994331 0.000274 
3481.493831 0.000248 
3479.993331 0.000291 
3478.492831 0.000274 
3476.992331 0.000282 
3475.491831 0.000291 
3473.991330 0.000330 
3472.490830 0.000343 
3470.990330 0.000321 
3469.489830 0.000330 
3467.989330 0.000356 
3466.488830 0.000365 
3464.988329 0.000361 
3463.487829 0.000365 
3461.987329 0.000356 
3460.486829 0.000343 
3458.986329 0.000343 
3457.485829 0.000374 
3455.985328 0.000378 
3454.484828 0.000422 
3452.984328 0.000452 
3451.483828 0.000505 
3449.983328 0.000588 
3448.482828 0.000723 
3446.982327 0.000813 
3445.481827 0.000867 
3443.981327 0.001021 
3442.480827 0.001112 
3440.980327 0.001262 
3439.479827 0.001412 
3437.979326 0.001511 
3436.478826 0.001570 
3434.978326 0.001509 
3433.477826 0.001388 
3431.977326 0.001331 
3430.476826 0.001463 
3428.976325 0.001662 
3427.475825 0.001771 
3425.975325 0.001810 
3424.474825 0.001748 
3422.974325 0.001689 
3421.473825 0.001659 
3419.973324 0.001558 
3418.472824 0.001457 
3416.972324 0.001286 
3415.471824 0.001077 
3413.971324 0.000950 
3412.470824 0.000842 
3410.970323 0.000759 
3409.469823 0.000717 
3407.969323 0.000708 
3406.468823 0.000668 
3404.968323 0.000612 
3403.467823 0.000596 
3401.967322 0.000601 
3400.466822 0.000643 
3398.966322 0.000644 
3397.465822 0.000678 
3395.965322 0.000682 
3394.464822 0.000665 
3392.964321 0.000688 
3391.463821 0.000708 
3389.963321 0.000690 
3388.462821 0.000601 
3386.962321 0.000535 
3385.461821 0.000543 
3383.961320 0.000512 
3382.460820 0.000474 
3380.960320 0.000468 
3379.459820 0.000398 
3377.959320 0.000324 
3376.458820 0.000286 
3374.958319 0.000260 
3373.457819 0.000224 
3371.957319 0.000182 
3370.456819 0.000182 
3368.956319 0.000141 
3367.455819 0.000118 
3365.955318 0.000122 
3364.454818 0.000131 
3362.954318 0.000138 
3361.453818 0.000122 
3359.953318 0.000147 
3358.452818 0.000126 
3356.952317 0.000144 
3355.451817 0.000194 
3353.951317 0.000277 
3352.450817 0.000362 
3350.950317 0.000365 
3349.449817 0.000388 
3347.949316 0.000376 
3346.448816 0.000367 
3344.948316 0.000450 
3343.447816 0.000539 
3341.947316 0.000677 
3340.446816 0.000913 
3338.946315 0.001170 
3337.445815 0.001417 
3335.945315 0.001554 
3334.444815 0.001706 
3332.944315 0.001811 
3331.443815 0.001828 
3329.943314 0.001734 
3328.442814 0.001573 
3326.942314 0.001315 
3325.441814 0.000958 
3323.941314 0.000710 
3322.440814 0.000534 
3320.940313 0.000452 
3319.439813 0.000494 
3317.939313 0.000535 
3316.438813 0.000533 
3314.938313 0.000497 
3313.437813 0.000434 
3311.937312 0.000431 
3310.436812 0.000455 
3308.936312 0.000662 
3307.435812 0.001108 
3305.935312 0.000950 
3304.434812 0.000554 
3302.934311 0.000360 
3301.433811 0.000331 
3299.933311 0.000353 
3298.432811 0.000355 
3296.932311 0.000339 
3295.431811 0.000362 
3293.931310 0.000359 
3292.430810 0.000338 
3290.930310 0.000331 
3289.429810 0.000333 
3287.929310 0.000328 
3286.428810 0.000375 
3284.928309 0.000400 
3283.427809 0.000408 
3281.927309 0.000455 
3280.426809 0.000804 
3278.926309 0.000959 
3277.425809 0.000811 
3275.925308 0.000723 
3274.424808 0.000812 
3272.924308 0.000989 
3271.423808 0.001212 
3269.923308 0.001474 
3268.422808 0.001757 
3266.922307 0.002100 
3265.421807 0.002513 
3263.921307 0.002990 
3262.420807 0.003583 
3260.920307 0.004293 
3259.419807 0.005163 
3257.919306 0.006226 
3256.418806 0.007571 
3254.918306 0.009225 
3253.417806 0.011405 
3251.917306 0.014295 
3250.416806 0.018013 
3248.916305 0.022953 
3247.415805 0.029342 
3245.915305 0.036894 
3244.414805 0.045067 
3242.914305 0.053872 
3241.413805 0.065129 
3239.913304 0.082164 
3238.412804 0.110296 
3236.912304 0.156715 
3235.411804 0.219682 
3233.911304 0.303312 
3232.410804 0.426201 
3230.910303 0.613466 
3229.409803 0.894825 
3227.909303 1.294319 
3226.408803 1.648341 
3224.908303 0.937998 
3223.407803 0.439704 
3221.907302 0.295474 
3220.406802 0.193247 
3218.906302 0.133016 
3217.405802 0.104443 
3215.905302 0.087303 
3214.404802 0.074882 
3212.904301 0.065190 
3211.403801 0.057555 
3209.903301 0.051302 
3208.402801 0.046123 
3206.902301 0.041842 
3205.401801 0.038274 
3203.901300 0.035208 
3202.400800 0.032613 
3200.900300 0.030316 
3199.399800 0.028252 
3197.899300 0.026423 
3196.398800 0.024775 
3194.898299 0.023264 
3193.397799 0.021914 
3191.897299 0.020678 
3190.396799 0.019480 
3188.896299 0.018347 
3187.395799 0.017323 
3185.895298 0.016387 
3184.394798 0.015533 
3182.894298 0.014711 
3181.393798 0.013937 
3179.893298 0.013255 
3178.392798 0.012625 
3176.892297 0.011987 
3175.391797 0.011421 
3173.891297 0.010891 
3172.390797 0.010383 
3170.890297 0.009911 
3169.389797 0.009509 
3167.889296 0.009101 
3166.388796 0.008733 
3164.888296 0.008375 
3163.387796 0.008048 
3161.887296 0.007747 
3160.386796 0.007452 
3158.886295 0.007212 
3157.385795 0.006947 
3155.885295 0.006694 
3154.384795 0.006484 
3152.884295 0.006261 
3151.383795 0.006024 
3149.883294 0.005804 
3148.382794 0.005571 
3146.882294 0.005354 
3145.381794 0.005178 
3143.881294 0.005036 
3142.380794 0.004860 
3140.880293 0.004738 
3139.379793 0.004566 
3137.879293 0.004430 
3136.378793 0.004263 
3134.878293 0.004083 
3133.377793 0.003990 
3131.877292 0.003848 
3130.376792 0.003735 
3128.876292 0.003643 
3127.375792 0.003540 
3125.875292 0.003410 
3124.374792 0.003322 
3122.874291 0.003220 
3121.373791 0.003100 
3119.873291 0.002977 
3118.372791 0.002880 
3116.872291 0.002832 
3115.371791 0.002745 
3113.871290 0.002660 
3112.370790 0.002562 
3110.870290 0.002462 
3109.369790 0.002385 
3107.869290 0.002310 
3106.368790 0.002212 
3104.868289 0.002145 
3103.367789 0.002085 
3101.867289 0.002015 
3100.366789 0.001965 
3098.866289 0.001902 
3097.365789 0.001802 
3095.865288 0.001715 
3094.364788 0.001677 
3092.864288 0.001635 
3091.363788 0.001585 
3089.863288 0.001525 
3088.362788 0.001465 
3086.862287 0.001424 
3085.361787 0.001367 
3083.861287 0.001337 
3082.360787 0.001274 
3080.860287 0.001260 
3079.359787 0.001234 
3077.859286 0.001152 
3076.358786 0.001107 
3074.858286 0.001077 
3073.357786 0.001067 
3071.857286 0.001024 
3070.356786 0.000983 
3068.856285 0.000936 
3067.355785 0.000864 
3065.855285 0.000840 
3064.354785 0.000785 
3062.854285 0.000746 
3061.353785 0.000726 
3059.853284 0.000705 
3058.352784 0.000644 
3056.852284 0.000630 
3055.351784 0.000623 
3053.851284 0.000572 
3052.350784 0.000545 
3050.850283 0.000524 
3049.349783 0.000460 
3047.849283 0.000426 
3046.348783 0.000381 
3044.848283 0.000341 
3043.347783 0.000321 
3041.847282 0.000319 
3040.346782 0.000295 
3038.846282 0.000290 
3037.345782 0.000299 
3035.845282 0.000319 
3034.344782 0.000278 
3032.844281 0.000258 
3031.343781 0.000254 
3029.843281 0.000233 
3028.342781 0.000204 
3026.842281 0.000168 
3025.341781 0.000149 
3023.841280 0.000142 
3022.340780 0.000166 
3020.840280 0.000161 
3019.339780 0.000087 
3017.839280 0.000069 
3016.338780 0.000117 
3014.838279 0.000129 
3013.337779 0.000140 
3011.837279 0.000187 
3010.336779 0.000220 
3008.836279 0.000258 
3007.335779 0.000278 
3005.835278 0.000308 
3004.334778 0.000311 
3002.834278 0.000293 
3001.333778 0.000253 
2999.833278 0.000223 
2998.332778 0.000209 
2996.832277 0.000207 
2995.331777 0.000180 
2993.831277 0.000180 
2992.330777 0.000182 
2990.830277 0.000171 
2989.329777 0.000146 
2987.829276 0.000164 
2986.328776 0.000158 
2984.828276 0.000168 
2983.327776 0.000174 
2981.827276 0.000174 
2980.326776 0.000185 
2978.826275 0.000216 
2977.325775 0.000232 
2975.825275 0.000255 
2974.324775 0.000267 
2972.824275 0.000279 
2971.323775 0.000253 
2969.823274 0.000227 
2968.322774 0.000209 
2966.822274 0.000198 
2965.321774 0.000166 
2963.821274 0.000164 
2962.320774 0.000162 
2960.820273 0.000136 
2959.319773 0.000101 
2957.819273 0.000129 
2956.318773 0.000168 
2954.818273 0.000182 
2953.317773 0.000186 
2951.817272 0.000209 
2950.316772 0.000230 
2948.816272 0.000292 
2947.315772 0.000313 
2945.815272 0.000311 
2944.314772 0.000311 
2942.814271 0.000301 
2941.313771 0.000347 
2939.813271 0.000357 
2938.312771 0.000348 
2936.812271 0.000331 
2935.311771 0.000298 
2933.811270 0.000285 
2932.310770 0.000262 
2930.810270 0.000243 
2929.309770 0.000185 
2927.809270 0.000151 
2926.308770 0.000106 
2924.808269 0.000040 
2923.307769 -0.000049 
2921.807269 -0.000125 
2920.306769 -0.000190 
2918.806269 -0.000243 
2917.305769 -0.000286 
2915.805268 -0.000287 
2914.304768 -0.000236 
2912.804268 -0.000165 
2911.303768 -0.000091 
2909.803268 -0.000031 
2908.302768 -0.000010 
2906.802267 -0.000007 
2905.301767 0.000007 
2903.801267 -0.000002 
2902.300767 -0.000021 
2900.800267 -0.000037 
2899.299767 -0.000018 
2897.799266 0.000006 
2896.298766 0.000003 
2894.798266 0.000010 
2893.297766 -0.000004 
2891.797266 -0.000007 
2890.296766 0.000004 
2888.796265 0.000009 
2887.295765 -0.000009 
2885.795265 0.000004 
2884.294765 -0.000009 
2882.794265 -0.000016 
2881.293765 0.000021 
2879.793264 0.000037 
2878.292764 0.000022 
2876.792264 0.000034 
2875.291764 0.000035 
2873.791264 0.000008 
2872.290764 -0.000004 
2870.790263 0.000000 
2869.289763 0.000006 
2867.789263 -0.000004 
2866.288763 -0.000012 
2864.788263 -0.000006 
2863.287763 -0.000054 
2861.787262 -0.000054 
2860.286762 -0.000073 
2858.786262 -0.000114 
2857.285762 -0.000138 
2855.785262 -0.000160 
2854.284762 -0.000205 
2852.784261 -0.000287 
2851.283761 -0.000385 
2849.783261 -0.000444 
2848.282761 -0.000441 
2846.782261 -0.000392 
2845.281761 -0.000278 
2843.781260 -0.000176 
2842.280760 -0.000086 
2840.780260 -0.000046 
2839.279760 -0.000054 
2837.779260 -0.000029 
2836.278760 0.000000 
2834.778259 -0.000024 
2833.277759 -0.000033 
2831.777259 -0.000017 
2830.276759 -0.000015 
2828.776259 -0.000013 
2827.275759 -0.000041 
2825.775258 -0.000037 
2824.274758 -0.000026 
2822.774258 -0.000020 
2821.273758 -0.000015 
2819.773258 -0.000007 
2818.272758 0.000006 
2816.772257 -0.000002 
2815.271757 -0.000000 
2813.771257 0.000002 
2812.270757 0.000000 
2810.770257 0.000000 
2809.269757 0.000010 
2807.769256 0.000032 
2806.268756 0.000024 
2804.768256 0.000051 
2803.267756 0.000085 
2801.767256 0.000093 
2800.266756 0.000111 
2798.766255 0.000128 
2797.265755 0.000147 
2795.765255 0.000180 
2794.264755 0.000213 
2792.764255 0.000232 
2791.263755 0.000256 
2789.763254 0.000282 
2788.262754 0.000351 
2786.762254 0.000404 
2785.261754 0.000445 
2783.761254 0.000476 
2782.260754 0.000478 
2780.760253 0.000454 
2779.259753 0.000428 
2777.759253 0.000391 
2776.258753 0.000337 
2774.758253 0.000307 
2773.257753 0.000287 
2771.757252 0.000259 
2770.256752 0.000256 
2768.756252 0.000250 
2767.255752 0.000235 
2765.755252 0.000228 
2764.254752 0.000230 
2762.754251 0.000237 
2761.253751 0.000232 
2759.753251 0.000243 
2758.252751 0.000248 
2756.752251 0.000222 
2755.251751 0.000213 
2753.751250 0.000228 
2752.250750 0.000230 
2750.750250 0.000250 
2749.249750 0.000252 
2747.749250 0.000230 
2746.248750 0.000265 
2744.748249 0.000324 
2743.247749 0.000369 
2741.747249 0.000443 
2740.246749 0.000557 
2738.746249 0.000693 
2737.245749 0.000713 
2735.745248 0.000671 
2734.244748 0.000630 
2732.744248 0.000567 
2731.243748 0.000508 
2729.743248 0.000456 
2728.242748 0.000413 
2726.742247 0.000400 
2725.241747 0.000393 
2723.741247 0.000402 
2722.240747 0.000422 
2720.740247 0.000426 
2719.239747 0.000397 
2717.739246 0.000380 
2716.238746 0.000356 
2714.738246 0.000328 
2713.237746 0.000304 
2711.737246 0.000282 
2710.236746 0.000245 
2708.736245 0.000228 
2707.235745 0.000175 
2705.735245 0.000163 
2704.234745 0.000156 
2702.734245 0.000141 
2701.233745 0.000121 
2699.733244 0.000115 
2698.232744 0.000102 
2696.732244 0.000067 
2695.231744 0.000043 
2693.731244 0.000035 
2692.230744 0.000039 
2690.730243 0.000013 
2689.229743 -0.000013 
2687.729243 -0.000015 
2686.228743 0.000000 
2684.728243 0.000024 
2683.227743 -0.000009 
2681.727242 -0.000019 
2680.226742 -0.000002 
2678.726242 -0.000013 
2677.225742 -0.000040 
2675.725242 -0.000043 
2674.224742 -0.000033 
2672.724241 -0.000057 
2671.223741 -0.000083 
2669.723241 -0.000083 
2668.222741 -0.000083 
2666.722241 -0.000107 
2665.221741 -0.000119 
2663.721240 -0.000126 
2662.220740 -0.000144 
2660.720240 -0.000166 
2659.219740 -0.000192 
2657.719240 -0.000199 
2656.218740 -0.000178 
2654.718239 -0.000223 
2653.217739 -0.000214 
2651.717239 -0.000207 
2650.216739 -0.000215 
2648.716239 -0.000235 
2647.215739 -0.000265 
2645.715238 -0.000265 
2644.214738 -0.000289 
2642.714238 -0.000305 
2641.213738 -0.000324 
2639.713238 -0.000328 
2638.212738 -0.000343 
2636.712237 -0.000350 
2635.211737 -0.000349 
2633.711237 -0.000350 
2632.210737 -0.000365 
2630.710237 -0.000385 
2629.209737 -0.000396 
2627.709236 -0.000417 
2626.208736 -0.000424 
2624.708236 -0.000418 
2623.207736 -0.000386 
2621.707236 -0.000377 
2620.206736 -0.000408 
2618.706235 -0.000417 
2617.205735 -0.000443 
2615.705235 -0.000434 
2614.204735 -0.000436 
2612.704235 -0.000416 
2611.203735 -0.000404 
2609.703234 -0.000392 
2608.202734 -0.000402 
2606.702234 -0.000412 
2605.201734 -0.000417 
2603.701234 -0.000405 
2602.200734 -0.000411 
2600.700233 -0.000424 
2599.199733 -0.000448 
2597.699233 -0.000453 
2596.198733 -0.000428 
2594.698233 -0.000399 
2593.197733 -0.000415 
2591.697232 -0.000417 
2590.196732 -0.000428 
2588.696232 -0.000430 
2587.195732 -0.000439 
2585.695232 -0.000453 
2584.194732 -0.000438 
2582.694231 -0.000456 
2581.193731 -0.000465 
2579.693231 -0.000490 
2578.192731 -0.000469 
2576.692231 -0.000449 
2575.191731 -0.000454 
2573.691230 -0.000453 
2572.190730 -0.000434 
2570.690230 -0.000439 
2569.189730 -0.000460 
2567.689230 -0.000450 
2566.188730 -0.000427 
2564.688229 -0.000430 
2563.187729 -0.000444 
2561.687229 -0.000433 
2560.186729 -0.000417 
2558.686229 -0.000424 
2557.185729 -0.000413 
2555.685228 -0.000385 
2554.184728 -0.000366 
2552.684228 -0.000369 
2551.183728 -0.000362 
2549.683228 -0.000337 
2548.182728 -0.000324 
2546.682227 -0.000124 
2545.181727 0.000154 
2543.681227 -0.000100 
2542.180727 -0.000277 
2540.680227 -0.000288 
2539.179727 -0.000274 
2537.679226 -0.000288 
2536.178726 -0.000281 
2534.678226 -0.000263 
2533.177726 -0.000265 
2531.677226 -0.000249 
2530.176726 -0.000236 
2528.676225 -0.000232 
2527.175725 -0.000207 
2525.675225 -0.000194 
2524.174725 -0.000192 
2522.674225 -0.000194 
2521.173725 -0.000165 
2519.673224 -0.000174 
2518.172724 -0.000178 
2516.672224 -0.000164 
2515.171724 -0.000135 
2513.671224 -0.000103 
2512.170724 -0.000075 
2510.670223 -0.000069 
2509.169723 -0.000062 
2507.669223 -0.000052 
2506.168723 -0.000058 
2504.668223 -0.000041 
2503.167723 -0.000039 
2501.667222 -0.000009 
2500.166722 -0.000007 
2498.666222 -0.000020 
2497.165722 -0.000039 
2495.665222 -0.000019 
2494.164722 -0.000017 
2492.664221 -0.000006 
2491.163721 -0.000006 
2489.663221 -0.000032 
2488.162721 -0.000039 
2486.662221 -0.000027 
2485.161721 -0.000041 
2483.661220 -0.000059 
2482.160720 -0.000072 
2480.660220 -0.000090 
2479.159720 -0.000104 
2477.659220 -0.000097 
2476.158720 -0.000104 
2474.658219 -0.000094 
2473.157719 -0.000083 
2471.657219 -0.000083 
2470.156719 -0.000090 
2468.656219 -0.000100 
2467.155719 -0.000100 
2465.655218 -0.000112 
2464.154718 -0.000098 
2462.654218 -0.000080 
2461.153718 -0.000078 
2459.653218 -0.000069 
2458.152718 -0.000077 
2456.652217 -0.000090 
2455.151717 -0.000076 
2453.651217 -0.000058 
2452.150717 -0.000039 
2450.650217 -0.000032 
2449.149717 -0.000017 
2447.649216 -0.000025 
2446.148716 -0.000030 
2444.648216 -0.000019 
2443.147716 -0.000013 
2441.647216 -0.000009 
2440.146716 0.000019 
2438.646215 0.000030 
2437.145715 0.000037 
2435.645215 0.000061 
2434.144715 0.000049 
2432.644215 0.000032 
2431.143715 0.000030 
2429.643214 0.000022 
2428.142714 0.000035 
2426.642214 0.000011 
2425.141714 -0.000007 
2423.641214 -0.000025 
2422.140714 -0.000039 
2420.640213 -0.000035 
2419.139713 -0.000047 
2417.639213 -0.000047 
2416.138713 -0.000076 
2414.638213 -0.000086 
2413.137713 -0.000092 
2411.637212 -0.000089 
2410.136712 -0.000107 
2408.636212 -0.000097 
2407.135712 -0.000102 
2405.635212 -0.000120 
2404.134712 -0.000126 
2402.634211 -0.000116 
2401.133711 -0.000126 
2399.633211 -0.000122 
2398.132711 -0.000126 
2396.632211 -0.000142 
2395.131711 -0.000158 
2393.631210 -0.000151 
2392.130710 -0.000138 
2390.630210 -0.000151 
2389.129710 -0.000148 
2387.629210 -0.000171 
2386.128710 -0.000176 
2384.628209 -0.000161 
2383.127709 -0.000169 
2381.627209 -0.000165 
2380.126709 -0.000157 
2378.626209 -0.000135 
2377.125709 -0.000147 
2375.625208 -0.000148 
2374.124708 -0.000140 
2372.624208 -0.000142 
2371.123708 -0.000149 
2369.623208 -0.000160 
2368.122708 -0.000173 
2366.622207 -0.000174 
2365.121707 -0.000193 
2363.621207 -0.000225 
2362.120707 -0.000226 
2360.620207 -0.000229 
2359.119707 -0.000242 
2357.619206 -0.000239 
2356.118706 -0.000242 
2354.618206 -0.000240 
2353.117706 -0.000226 
2351.617206 -0.000229 
2350.116706 -0.000218 
2348.616205 -0.000209 
2347.115705 -0.000194 
2345.615205 -0.000111 
2344.114705 -0.000021 
2342.614205 0.000089 
2341.113705 0.000076 
2339.613204 -0.000051 
2338.112704 -0.000159 
2336.612204 -0.000202 
2335.111704 -0.000208 
2333.611204 -0.000208 
2332.110704 -0.000204 
2330.610203 -0.000204 
2329.109703 -0.000213 
2327.609203 -0.000202 
2326.108703 -0.000179 
2324.608203 -0.000187 
2323.107703 -0.000178 
2321.607202 -0.000178 
2320.106702 -0.000177 
2318.606202 -0.000203 
2317.105702 -0.000176 
2315.605202 -0.000168 
2314.104702 -0.000181 
2312.604201 -0.000163 
2311.103701 -0.000155 
2309.603201 -0.000168 
2308.102701 -0.000150 
2306.602201 -0.000143 
2305.101701 -0.000135 
2303.601200 -0.000127 
2302.100700 -0.000122 
2300.600200 -0.000114 
2299.099700 -0.000104 
2297.599200 -0.000085 
2296.098700 -0.000062 
2294.598199 -0.000061 
2293.097699 -0.000033 
2291.597199 -0.000001 
2290.096699 0.000001 
2288.596199 0.000000 
2287.095699 0.000012 
2285.595198 0.000021 
2284.094698 0.000022 
2282.594198 0.000017 
2281.093698 0.000017 
2279.593198 0.000005 
2278.092698 -0.000007 
2276.592197 -0.000009 
2275.091697 -0.000001 
2273.591197 -0.000004 
2272.090697 -0.000004 
2270.590197 -0.000029 
2269.089697 -0.000039 
2267.589196 -0.000035 
2266.088696 -0.000031 
2264.588196 -0.000019 
2263.087696 0.000012 
2261.587196 0.000017 
2260.086696 0.000017 
2258.586195 0.000042 
2257.085695 0.000048 
2255.585195 0.000072 
2254.084695 0.000090 
2252.584195 0.000096 
2251.083695 0.000100 
2249.583194 0.000096 
2248.082694 0.000088 
2246.582194 0.000058 
2245.081694 0.000069 
2243.581194 0.000081 
2242.080694 0.000091 
2240.580193 0.000088 
2239.079693 0.000078 
2237.579193 0.000091 
2236.078693 0.000100 
2234.578193 0.000108 
2233.077693 0.000122 
2231.577192 0.000101 
2230.076692 0.000100 
2228.576192 0.000104 
2227.075692 0.000097 
2225.575192 0.000086 
2224.074692 0.000075 
2222.574191 0.000069 
2221.073691 0.000091 
2219.573191 0.000071 
2218.072691 0.000057 
2216.572191 0.000061 
2215.071691 0.000058 
2213.571190 0.000035 
2212.070690 0.000030 
2210.570190 0.000022 
2209.069690 0.000017 
2207.569190 0.000022 
2206.068690 0.000000 
2204.568189 -0.000004 
2203.067689 -0.000009 
2201.567189 0.000012 
2200.066689 -0.000003 
2198.566189 -0.000022 
2197.065689 -0.000021 
2195.565188 -0.000025 
2194.064688 -0.000031 
2192.564188 -0.000026 
2191.063688 -0.000043 
2189.563188 -0.000039 
2188.062688 -0.000052 
2186.562187 -0.000060 
2185.061687 -0.000078 
2183.561187 -0.000087 
2182.060687 -0.000099 
2180.560187 -0.000133 
2179.059687 -0.000148 
2177.559186 -0.000143 
2176.058686 -0.000185 
2174.558186 -0.000186 
2173.057686 -0.000208 
2171.557186 -0.000200 
2170.056686 -0.000221 
2168.556185 -0.000221 
2167.055685 -0.000242 
2165.555185 -0.000260 
2164.054685 -0.000269 
2162.554185 -0.000274 
2161.053685 -0.000299 
2159.553184 -0.000303 
2158.052684 -0.000329 
2156.552184 -0.000321 
2155.051684 -0.000334 
2153.551184 -0.000355 
2152.050684 -0.000372 
2150.550183 -0.000386 
2149.049683 -0.000374 
2147.549183 -0.000373 
2146.048683 -0.000399 
2144.548183 -0.000404 
2143.047683 -0.000412 
2141.547182 -0.000404 
2140.046682 -0.000408 
2138.546182 -0.000400 
2137.045682 -0.000412 
2135.545182 -0.000421 
2134.044682 -0.000400 
2132.544181 -0.000403 
2131.043681 -0.000408 
2129.543181 -0.000391 
2128.042681 -0.000407 
2126.542181 -0.000421 
2125.041681 -0.000425 
2123.541180 -0.000434 
2122.040680 -0.000425 
2120.540180 -0.000451 
2119.039680 -0.000452 
2117.539180 -0.000455 
2116.038680 -0.000473 
2114.538179 -0.000456 
2113.037679 -0.000455 
2111.537179 -0.000448 
2110.036679 -0.000468 
2108.536179 -0.000465 
2107.035679 -0.000456 
2105.535178 -0.000451 
2104.034678 -0.000460 
2102.534178 -0.000443 
2101.033678 -0.000451 
2099.533178 -0.000431 
2098.032678 -0.000421 
2096.532177 -0.000417 
2095.031677 -0.000413 
2093.531177 -0.000391 
2092.030677 -0.000369 
2090.530177 -0.000374 
2089.029677 -0.000327 
2087.529176 -0.000295 
2086.028676 -0.000266 
2084.528176 -0.000205 
2083.027676 -0.000157 
2081.527176 -0.000127 
2080.026676 -0.000109 
2078.526175 -0.000096 
2077.025675 -0.000045 
2075.525175 0.000016 
2074.024675 0.000035 
2072.524175 0.000060 
2071.023675 0.000078 
2069.523174 0.000091 
2068.022674 0.000134 
2066.522174 0.000165 
2065.021674 0.000221 
2063.521174 0.000213 
2062.020674 0.000191 
2060.520173 0.000195 
2059.019673 0.000204 
2057.519173 0.000200 
2056.018673 0.000153 
2054.518173 0.000109 
2053.017673 0.000078 
2051.517172 0.000065 
2050.016672 0.000052 
2048.516172 0.000048 
2047.015672 0.000039 
2045.515172 0.000048 
2044.014672 0.000057 
2042.514171 0.000056 
2041.013671 0.000082 
2039.513171 0.000083 
2038.012671 0.000078 
2036.512171 0.000078 
2035.011671 0.000121 
2033.511170 0.000122 
2032.010670 0.000109 
2030.510170 0.000122 
2029.009670 0.000117 
2027.509170 0.000083 
2026.008670 0.000069 
2024.508169 0.000061 
2023.007669 0.000052 
2021.507169 0.000030 
2020.006669 0.000043 
2018.506169 0.000035 
2017.005669 0.000052 
2015.505168 0.000004 
2014.004668 0.000013 
2012.504168 0.000013 
2011.003668 0.000009 
2009.503168 -0.000017 
2008.002668 -0.000000 
2006.502167 0.000030 
2005.001667 0.000022 
2003.501167 0.000022 
2002.000667 0.000035 
2000.500167 0.000013 
1998.999667 0.000000 
1997.499166 0.000013 
1995.998666 0.000030 
1994.498166 0.000043 
1992.997666 0.000113 
1991.497166 0.000074 
1989.996666 0.000030 
1988.496165 0.000056 
1986.995665 0.000017 
1985.495165 0.000017 
1983.994665 0.000022 
1982.494165 0.000017 
1980.993665 0.000013 
1979.493164 -0.000013 
1977.992664 0.000005 
1976.492164 0.000022 
1974.991664 0.000017 
1973.491164 -0.000004 
1971.990664 0.000000 
1970.490163 -0.000017 
1968.989663 0.000005 
1967.489163 0.000030 
1965.988663 0.000026 
1964.488163 0.000027 
1962.987663 0.000140 
1961.487162 0.000221 
1959.986662 0.000186 
1958.486162 0.000130 
1956.985662 0.000113 
1955.485162 0.000148 
1953.984662 0.000156 
1952.484161 0.000126 
1950.983661 0.000077 
1949.483161 0.000012 
1947.982661 -0.000039 
1946.482161 -0.000052 
1944.981661 -0.000074 
1943.481160 0.000009 
1941.980660 -0.000032 
1940.480160 -0.000091 
1938.979660 -0.000109 
1937.479160 -0.000130 
1935.978660 -0.000117 
1934.478159 -0.000122 
1932.977659 -0.000139 
1931.477159 -0.000126 
1929.976659 -0.000153 
1928.476159 -0.000169 
1926.975659 -0.000179 
1925.475158 -0.000199 
1923.974658 -0.000129 
1922.474158 -0.000127 
1920.973658 -0.000213 
1919.473158 -0.000136 
1917.972658 -0.000068 
1916.472157 -0.000201 
1914.971657 -0.000252 
1913.471157 -0.000278 
1911.970657 -0.000286 
1910.470157 -0.000247 
1908.969657 -0.000257 
1907.469156 -0.000300 
1905.968656 -0.000317 
1904.468156 -0.000335 
1902.967656 -0.000338 
1901.467156 -0.000330 
1899.966656 -0.000343 
1898.466155 -0.000361 
1896.965655 -0.000346 
1895.465155 -0.000322 
1893.964655 -0.000357 
1892.464155 -0.000364 
1890.963655 -0.000314 
1889.463154 -0.000259 
1887.962654 -0.000357 
1886.462154 -0.000381 
1884.961654 -0.000364 
1883.461154 -0.000366 
1881.960654 -0.000395 
1880.460153 -0.000394 
1878.959653 -0.000383 
1877.459153 -0.000381 
1875.958653 -0.000373 
1874.458153 -0.000378 
1872.957653 -0.000382 
1871.457152 -0.000347 
1869.956652 -0.000149 
1868.456152 -0.000182 
1866.955652 -0.000292 
1865.455152 -0.000339 
1863.954652 -0.000365 
1862.454151 -0.000369 
1860.953651 -0.000356 
1859.453151 -0.000369 
1857.952651 -0.000365 
1856.452151 -0.000368 
1854.951651 -0.000356 
1853.451150 -0.000373 
1851.950650 -0.000364 
1850.450150 -0.000337 
1848.949650 -0.000284 
1847.449150 -0.000270 
1845.948650 -0.000142 
1844.448149 0.000133 
1842.947649 -0.000155 
1841.447149 -0.000301 
1839.946649 -0.000307 
1838.446149 -0.000277 
1836.945649 -0.000274 
1835.445148 -0.000301 
1833.944648 -0.000307 
1832.444148 -0.000264 
1830.943648 -0.000072 
1829.443148 -0.000076 
1827.942648 -0.000218 
1826.442147 -0.000115 
1824.941647 -0.000089 
1823.441147 -0.000214 
1821.940647 -0.000239 
1820.440147 -0.000242 
1818.939647 -0.000202 
1817.439146 -0.000165 
1815.938646 -0.000170 
1814.438146 -0.000177 
1812.937646 -0.000136 
1811.437146 -0.000065 
1809.936646 -0.000090 
1808.436145 -0.000107 
1806.935645 -0.000100 
1805.435145 -0.000095 
1803.934645 -0.000033 
1802.434145 0.000111 
1800.933645 0.000120 
1799.433144 0.000064 
1797.932644 -0.000008 
1796.432144 0.000048 
1794.931644 0.000061 
1793.431144 0.000361 
1791.930644 0.000355 
1790.430143 0.000143 
1788.929643 0.000020 
1787.429143 0.000017 
1785.928643 0.000179 
1784.428143 0.000149 
1782.927643 0.000059 
1781.427142 0.000147 
1779.926642 0.000143 
1778.426142 0.000073 
1776.925642 0.000122 
1775.425142 0.000173 
1773.924642 0.000455 
1772.424141 0.000660 
1770.923641 0.000346 
1769.423141 0.000400 
1767.922641 0.000496 
1766.422141 0.000211 
1764.921641 0.000152 
1763.421140 0.000302 
1761.920640 0.000502 
1760.420140 0.000244 
1758.919640 0.000217 
1757.419140 0.000397 
1755.918640 0.000280 
1754.418139 0.000170 
1752.917639 0.000421 
1751.417139 0.000794 
1749.916639 0.000484 
1748.416139 0.000395 
1746.915639 0.000303 
1745.415138 0.000266 
1743.914638 0.000366 
1742.414138 0.000302 
1740.913638 0.000450 
1739.413138 0.000480 
1737.912638 0.000270 
1736.412137 0.000418 
1734.911637 0.001230 
1733.411137 0.001078 
1731.910637 0.000398 
1730.410137 0.000366 
1728.909637 0.000255 
1727.409136 0.000212 
1725.908636 0.000204 
1724.408136 0.000252 
1722.907636 0.000283 
1721.407136 0.000326 
1719.906636 0.000673 
1718.406135 0.001621 
1716.905635 0.002025 
1715.405135 0.002615 
1713.904635 0.003487 
1712.404135 0.004408 
1710.903635 0.005171 
1709.403134 0.005470 
1707.902634 0.005402 
1706.402134 0.005143 
1704.901634 0.004647 
1703.401134 0.003934 
1701.900634 0.003866 
1700.400133 0.003934 
1698.899633 0.002604 
1697.399133 0.002294 
1695.898633 0.002367 
1694.398133 0.001167 
1692.897633 0.000667 
1691.397132 0.000521 
1689.896632 0.000465 
1688.396132 0.000376 
1686.895632 0.000374 
1685.395132 0.001228 
1683.894632 0.001050 
1682.394131 0.000338 
1680.893631 0.000225 
1679.393131 0.000111 
1677.892631 0.000041 
1676.392131 0.000434 
1674.891631 0.000445 
1673.391130 0.000091 
1671.890630 0.000182 
1670.390130 0.000385 
1668.889630 0.000388 
1667.389130 0.000051 
1665.888630 -0.000018 
1664.388129 0.000082 
1662.887629 0.000263 
1661.387129 0.000049 
1659.886629 -0.000021 
1658.386129 -0.000017 
1656.885629 0.000008 
1655.385128 0.000459 
1653.884628 0.001463 
1652.384128 0.001177 
1650.883628 0.000146 
1649.383128 0.000115 
1647.882628 0.000389 
1646.382127 0.000654 
1644.881627 0.000198 
1643.381127 -0.000048 
1641.880627 -0.000063 
1640.380127 -0.000048 
1638.879627 0.000008 
1637.379126 0.000275 
1635.878626 0.000753 
1634.378126 0.000194 
1632.877626 -0.000086 
1631.377126 -0.000079 
1629.876626 -0.000059 
1628.376125 0.000090 
1626.875625 0.000011 
1625.375125 0.000035 
1623.874625 0.000292 
1622.374125 0.000130 
1620.873625 -0.000009 
1619.373124 -0.000001 
1617.872624 0.000488 
1616.372124 0.000592 
1614.871624 0.000070 
1613.371124 -0.000022 
1611.870624 -0.000022 
1610.370123 0.000000 
1608.869623 0.000029 
1607.369123 0.000038 
1605.868623 0.000056 
1604.368123 0.000064 
1602.867623 0.000075 
1601.367122 0.000037 
1599.866622 0.000008 
1598.366122 0.000002 
1596.865622 0.000035 
1595.365122 0.000075 
1593.864622 0.000082 
1592.364121 0.000106 
1590.863621 0.000078 
1589.363121 0.000121 
1587.862621 0.000156 
1586.362121 0.000199 
1584.861621 0.000219 
1583.361120 0.000153 
1581.860620 0.000094 
1580.360120 0.000066 
1578.859620 0.000104 
1577.359120 0.000631 
1575.858620 0.000800 
1574.358119 0.000217 
1572.857619 0.000150 
1571.357119 0.000328 
1569.856619 0.000637 
1568.356119 0.000382 
1566.855619 0.000321 
1565.355118 0.000466 
1563.854618 0.000416 
1562.354118 0.000531 
1560.853618 0.001454 
1559.353118 0.001947 
1557.852618 0.001424 
1556.352117 0.000684 
1554.851617 0.001032 
1553.351117 0.000701 
1551.850617 0.000529 
1550.350117 0.000763 
1548.849617 0.000628 
1547.349116 0.000639 
1545.848616 0.001086 
1544.348116 0.001186 
1542.847616 0.001543 
1541.347116 0.001863 
1539.846616 0.002297 
1538.346115 0.001662 
1536.845615 0.001078 
1535.345115 0.001180 
1533.844615 0.001428 
1532.344115 0.001172 
1530.843615 0.000971 
1529.343114 0.001029 
1527.842614 0.001193 
1526.342114 0.001356 
1524.841614 0.001255 
1523.341114 0.001330 
1521.840614 0.001949 
1520.340113 0.001567 
1518.839613 0.001056 
1517.339113 0.001190 
1515.838613 0.000929 
1514.338113 0.000707 
1512.837613 0.000829 
1511.337112 0.000738 
1509.836612 0.000841 
1508.336112 0.001295 
1506.835612 0.001787 
1505.335112 0.001167 
1503.834612 0.000510 
1502.334111 0.000477 
1500.833611 0.000504 
1499.333111 0.000690 
1497.832611 0.000762 
1496.332111 0.001038 
1494.831611 0.000549 
1493.331110 0.000414 
1491.830610 0.000644 
1490.330110 0.000900 
1488.829610 0.000721 
1487.329110 0.000623 
1485.828610 0.000444 
1484.328109 0.000366 
1482.827609 0.000381 
1481.327109 0.000432 
1479.826609 0.000373 
1478.326109 0.000395 
1476.825609 0.000645 
1475.325108 0.000615 
1473.824608 0.000975 
1472.324108 0.001027 
1470.823608 0.000545 
1469.323108 0.000380 
1467.822608 0.000437 
1466.322107 0.000667 
1464.821607 0.000940 
1463.321107 0.000797 
1461.820607 0.000891 
1460.320107 0.001201 
1458.819607 0.001852 
1457.319106 0.002804 
1455.818606 0.002443 
1454.318106 0.002094 
1452.817606 0.002283 
1451.317106 0.002516 
1449.816606 0.002842 
1448.316105 0.003388 
1446.815605 0.003684 
1445.315105 0.004205 
1443.814605 0.004984 
1442.314105 0.005875 
1440.813605 0.006741 
1439.313104 0.007548 
1437.812604 0.008801 
1436.312104 0.009695 
1434.811604 0.009980 
1433.311104 0.010885 
1431.810604 0.011935 
1430.310103 0.013309 
1428.809603 0.014707 
1427.309103 0.016463 
1425.808603 0.018793 
1424.308103 0.021338 
1422.807603 0.023078 
1421.307102 0.024194 
1419.806602 0.025298 
1418.306102 0.025132 
1416.805602 0.024781 
1415.305102 0.024556 
1413.804602 0.024743 
1412.304101 0.025468 
1410.803601 0.026414 
1409.303101 0.027135 
1407.802601 0.027683 
1406.302101 0.028626 
1404.801601 0.030330 
1403.301100 0.032842 
1401.800600 0.036640 
1400.300100 0.041572 
1398.799600 0.047512 
1397.299100 0.055584 
1395.798600 0.068900 
1394.298099 0.088948 
1392.797599 0.108879 
1391.297099 0.113361 
1389.796599 0.097561 
1388.296099 0.076077 
1386.795599 0.059120 
1385.295098 0.048080 
1383.794598 0.041146 
1382.294098 0.036547 
1380.793598 0.033222 
1379.293098 0.030676 
1377.792598 0.028605 
1376.292097 0.026902 
1374.791597 0.025373 
1373.291097 0.022195 
1371.790597 0.016271 
1370.290097 0.011074 
1368.789597 0.008438 
1367.289096 0.006896 
1365.788596 0.005615 
1364.288096 0.004591 
1362.787596 0.003727 
1361.287096 0.003048 
1359.786596 0.002646 
1358.286095 0.002546 
1356.785595 0.002511 
1355.285095 0.002353 
1353.784595 0.001955 
1352.284095 0.001495 
1350.783595 0.001064 
1349.283094 0.000734 
1347.782594 0.000511 
1346.282094 0.000358 
1344.781594 0.000279 
1343.281094 0.000210 
1341.780594 0.000219 
1340.280093 0.000329 
1338.779593 0.000287 
1337.279093 0.000203 
1335.778593 0.000151 
1334.278093 0.000113 
1332.777593 0.000081 
1331.277092 0.000095 
1329.776592 0.000109 
1328.276092 0.000081 
1326.775592 0.000067 
1325.275092 0.000080 
1323.774592 0.000081 
1322.274091 0.000067 
1320.773591 0.000110 
1319.273091 0.000152 
1317.772591 0.000143 
1316.272091 0.000131 
1314.771591 0.000149 
1313.271090 0.000178 
1311.770590 0.000182 
1310.270090 0.000204 
1308.769590 0.000253 
1307.269090 0.000297 
1305.768590 0.000336 
1304.268089 0.000382 
1302.767589 0.000393 
1301.267089 0.000415 
1299.766589 0.000435 
1298.266089 0.000435 
1296.765589 0.000454 
1295.265088 0.000510 
1293.764588 0.000567 
1292.264088 0.000584 
1290.763588 0.000634 
1289.263088 0.000776 
1287.762588 0.001010 
1286.262087 0.001278 
1284.761587 0.001548 
1283.261087 0.001626 
1281.760587 0.001214 
1280.260087 0.000678 
1278.759587 0.000455 
1277.259086 0.000417 
1275.758586 0.000411 
1274.258086 0.000436 
1272.757586 0.000473 
1271.257086 0.000513 
1269.756586 0.000532 
1268.256085 0.000517 
1266.755585 0.000489 
1265.255085 0.000452 
1263.754585 0.000415 
1262.254085 0.000337 
1260.753585 0.000267 
1259.253084 0.000232 
1257.752584 0.000209 
1256.252084 0.000241 
1254.751584 0.000293 
1253.251084 0.000350 
1251.750584 0.000393 
1250.250083 0.000435 
1248.749583 0.000458 
1247.249083 0.000465 
1245.748583 0.000491 
1244.248083 0.000559 
1242.747583 0.000639 
1241.247082 0.000776 
1239.746582 0.000989 
1238.246082 0.001246 
1236.745582 0.001486 
1235.245082 0.001655 
1233.744582 0.001715 
1232.244081 0.001685 
1230.743581 0.001519 
1229.243081 0.001239 
1227.742581 0.000929 
1226.242081 0.000666 
1224.741581 0.000495 
1223.241080 0.000386 
1221.740580 0.000336 
1220.240080 0.000313 
1218.739580 0.000313 
1217.239080 0.000297 
1215.738580 0.000300 
1214.238079 0.000306 
1212.737579 0.000306 
1211.237079 0.000295 
1209.736579 0.000287 
1208.236079 0.000287 
1206.735579 0.000280 
1205.235078 0.000262 
1203.734578 0.000239 
1202.234078 0.000234 
1200.733578 0.000219 
1199.233078 0.000211 
1197.732578 0.000217 
1196.232077 0.000200 
1194.731577 0.000165 
1193.231077 0.000180 
1191.730577 0.000165 
1190.230077 0.000147 
1188.729577 0.000113 
1187.229076 0.000117 
1185.728576 0.000088 
1184.228076 -0.000000 
1182.727576 -0.000269 
1181.227076 -0.000213 
1179.726576 0.000179 
1178.226075 0.000238 
1176.725575 0.000164 
1175.225075 0.000099 
1173.724575 0.000061 
1172.224075 0.000049 
1170.723575 0.000030 
1169.223074 -0.000010 
1167.722574 -0.000021 
1166.222074 -0.000029 
1164.721574 -0.000043 
1163.221074 -0.000038 
1161.720574 -0.000034 
1160.220073 -0.000030 
1158.719573 -0.000054 
1157.219073 -0.000067 
1155.718573 -0.000095 
1154.218073 -0.000131 
1152.717573 -0.000191 
1151.217072 -0.000244 
1149.716572 -0.000146 
1148.216072 -0.000061 
1146.715572 -0.000036 
1145.215072 -0.000049 
1143.714572 -0.000069 
1142.214071 -0.000070 
1140.713571 -0.000088 
1139.213071 -0.000088 
1137.712571 -0.000120 
1136.212071 -0.000135 
1134.711571 -0.000158 
1133.211070 -0.000159 
1131.710570 -0.000140 
1130.210070 -0.000166 
1128.709570 -0.000192 
1127.209070 -0.000196 
1125.708570 -0.000191 
1124.208069 -0.000226 
1122.707569 -0.000234 
1121.207069 -0.000227 
1119.706569 -0.000203 
1118.206069 -0.000237 
1116.705569 -0.000251 
1115.205068 -0.000256 
1113.704568 -0.000297 
1112.204068 -0.000289 
1110.703568 -0.000300 
1109.203068 -0.000292 
1107.702568 -0.000294 
1106.202067 -0.000293 
1104.701567 -0.000313 
1103.201067 -0.000320 
1101.700567 -0.000288 
1100.200067 -0.000188 
1098.699567 -0.000018 
1097.199066 0.000165 
1095.698566 0.000280 
1094.198066 0.000310 
1092.697566 0.000242 
1091.197066 0.000134 
1089.696566 0.000025 
1088.196065 -0.000057 
1086.695565 -0.000081 
1085.195065 -0.000108 
1083.694565 -0.000156 
1082.194065 -0.000176 
1080.693565 -0.000166 
1079.193064 -0.000124 
1077.692564 -0.000059 
1076.192064 -0.000042 
1074.691564 -0.000066 
1073.191064 -0.000053 
1071.690564 -0.000012 
1070.190063 -0.000037 
1068.689563 -0.000041 
1067.189063 0.000010 
1065.688563 0.000012 
1064.188063 -0.000004 
1062.687563 0.000000 
1061.187062 0.000005 
1059.686562 0.000020 
1058.186062 0.000032 
1056.685562 0.000006 
1055.185062 -0.000004 
1053.684562 -0.000007 
1052.184061 -0.000032 
1050.683561 -0.000025 
1049.183061 -0.000023 
1047.682561 -0.000029 
1046.182061 0.000003 
1044.681561 0.000011 
1043.181060 0.000022 
1041.680560 0.000032 
1040.180060 0.000032 
1038.679560 0.000030 
1037.179060 0.000007 
1035.678560 0.000009 
1034.178059 -0.000014 
1032.677559 -0.000025 
1031.177059 -0.000035 
1029.676559 -0.000030 
1028.176059 -0.000053 
1026.675559 -0.000075 
1025.175058 -0.000092 
1023.674558 -0.000107 
1022.174058 -0.000127 
1020.673558 -0.000123 
1019.173058 -0.000126 
1017.672558 -0.000116 
1016.172057 -0.000091 
1014.671557 -0.000059 
1013.171057 -0.000042 
1011.670557 -0.000002 
1010.170057 0.000048 
1008.669557 0.000095 
1007.169056 0.000124 
1005.668556 0.000152 
1004.168056 0.000190 
1002.667556 0.000191 
1001.167056 0.000194 
999.666556 0.000227 
998.166055 0.000235 
996.665555 0.000253 
995.165055 0.000284 
993.664555 0.000310 
992.164055 0.000324 
990.663555 0.000335 
989.163054 0.000342 
987.662554 0.000362 
986.162054 0.000385 
984.661554 0.000395 
983.161054 0.000392 
981.660554 0.000395 
980.160053 0.000385 
978.659553 0.000363 
977.159053 0.000336 
975.658553 0.000333 
974.158053 0.000336 
972.657553 0.000316 
971.157052 0.000291 
969.656552 0.000284 
968.156052 0.000287 
966.655552 0.000294 
965.155052 0.000292 
963.654552 0.000297 
962.154051 0.000333 
960.653551 0.000343 
959.153051 0.000361 
957.652551 0.000393 
956.152051 0.000435 
954.651551 0.000492 
953.151050 0.000547 
951.650550 0.000609 
950.150050 0.000685 
948.649550 0.000725 
947.149050 0.000786 
945.648550 0.000831 
944.148049 0.000901 
942.647549 0.000969 
941.147049 0.000999 
939.646549 0.001037 
938.146049 0.001121 
936.645549 0.001191 
935.145048 0.001237 
933.644548 0.001307 
932.144048 0.001361 
930.643548 0.001404 
929.143048 0.001437 
927.642548 0.001484 
926.142047 0.001517 
924.641547 0.001557 
923.141047 0.001604 
921.640547 0.001627 
920.140047 0.001664 
918.639547 0.001724 
917.139046 0.001802 
915.638546 0.001844 
914.138046 0.001942 
912.637546 0.002066 
911.137046 0.002206 
909.636546 0.002359 
908.136045 0.002516 
906.635545 0.002676 
905.135045 0.002826 
903.634545 0.002977 
902.134045 0.003092 
900.633545 0.003175 
899.133044 0.003197 
897.632544 0.003220 
896.132044 0.003178 
894.631544 0.003105 
893.131044 0.003060 
891.630544 0.003050 
890.130043 0.003085 
888.629543 0.003145 
887.129043 0.003177 
885.628543 0.003145 
884.128043 0.003065 
882.627543 0.002988 
881.127042 0.002920 
879.626542 0.002935 
878.126042 0.002977 
876.625542 0.003007 
875.125042 0.002968 
873.624542 0.002885 
872.124041 0.002790 
870.623541 0.002712 
869.123041 0.002700 
867.622541 0.002690 
866.122041 0.002718 
864.621541 0.002702 
863.121040 0.002655 
861.620540 0.002640 
860.120040 0.002665 
858.619540 0.002725 
857.119040 0.002788 
855.618540 0.002863 
854.118039 0.002915 
852.617539 0.002920 
851.117039 0.002912 
849.616539 0.002902 
848.116039 0.002865 
846.615539 0.002842 
845.115038 0.002820 
843.614538 0.002792 
842.114038 0.002762 
840.613538 0.002742 
839.113038 0.002740 
837.612538 0.002695 
836.112037 0.002624 
834.611537 0.002554 
833.111037 0.002550 
831.610537 0.002538 
830.110037 0.002580 
828.609537 0.002570 
827.109036 0.002586 
825.608536 0.002628 
824.108036 0.002640 
822.607536 0.002714 
821.107036 0.002794 
819.606536 0.002871 
818.106035 0.002966 
816.605535 0.003044 
815.105035 0.003159 
813.604535 0.003330 
812.104035 0.003515 
810.603535 0.003726 
809.103034 0.003924 
807.602534 0.004164 
806.102034 0.004450 
804.601534 0.004750 
803.101034 0.005050 
801.600534 0.005378 
800.100033 0.005752 
798.599533 0.006236 
797.099033 0.006844 
795.598533 0.007839 
794.098033 0.011528 
792.597533 0.017477 
791.097032 0.015277 
789.596532 0.015003 
788.096032 0.017881 
786.595532 0.021502 
785.095032 0.024081 
783.594532 0.026804 
782.094031 0.032031 
780.593531 0.039997 
779.093031 0.050621 
777.592531 0.065926 
776.092031 0.090600 
774.591531 0.132551 
773.091030 0.206318 
771.590530 0.319468 
770.090030 0.396600 
768.589530 0.380396 
767.089030 0.358111 
765.588530 0.360825 
764.088029 0.376743 
762.587529 0.402579 
761.087029 0.425283 
759.586529 0.400799 
758.086029 0.318535 
756.585529 0.234115 
755.085028 0.176099 
753.584528 0.140380 
752.084028 0.118845 
750.583528 0.106293 
749.083028 0.099957 
747.582528 0.097302 
746.082027 0.094631 
744.581527 0.084397 
743.081027 0.062947 
741.580527 0.042924 
740.080027 0.030730 
738.579527 0.023485 
737.079026 0.018867 
735.578526 0.015686 
734.078026 0.013368 
732.577526 0.011641 
731.077026 0.010256 
729.576526 0.009227 
728.076025 0.008361 
726.575525 0.007606 
725.075025 0.006999 
723.574525 0.006568 
722.074025 0.006141 
720.573525 0.005910 
719.073024 0.005449 
717.572524 0.004986 
716.072024 0.004817 
714.571524 0.004631 
713.071024 0.004287 
711.570524 0.003927 
710.070023 0.003668 
708.569523 0.003461 
707.069023 0.003284 
705.568523 0.003291 
704.068023 0.003016 
702.567523 0.002863 
701.067022 0.002803 
699.566522 0.002621 
698.066022 0.002371 
696.565522 0.002093 
695.065022 0.001828 
693.564522 0.001810 
692.064021 0.001850 
690.563521 0.002111 
689.063021 0.001601 
687.562521 0.001366 
686.062021 0.001205 
684.561521 0.001144 
683.061020 0.001032 
681.560520 0.001116 
680.060020 0.001065 
678.559520 0.000909 
677.059020 0.000781 
675.558520 0.000910 
674.058019 0.000902 
672.557519 0.000734 
671.057019 0.000754 
669.556519 0.000844 
668.056019 0.000774 
666.555519 0.000700 
665.055018 0.000671 
663.554518 0.000610 
662.054018 0.000609 
660.553518 0.000578 
659.053018 0.000567 
657.552518 0.000502 
656.052017 0.000512 
654.551517 0.000455 
653.051017 0.000381 
651.550517 0.000319 
650.050017 0.000333 
648.549517 0.000294 
647.049016 0.000272 
645.548516 0.000321 
644.048016 0.000263 
642.547516 0.000192 
641.047016 0.000220 
639.546516 0.000186 
638.046015 0.000130 
636.545515 0.000177 
635.045015 0.000154 
633.544515 0.000092 
632.044015 0.000145 
630.543515 0.000201 
629.043014 0.000081 
627.542514 0.000107 
626.042014 0.000055 
624.541514 -0.000024 
623.041014 -0.000008 
621.540514 0.000108 
620.040013 0.000058 
618.539513 0.000077 
617.039013 0.000040 
615.538513 0.000052 
614.038013 -0.000008 
612.537513 0.000089 
611.037012 0.000162 
609.536512 0.000204 
608.036012 0.000195 
606.535512 0.000213 
605.035012 0.000145 
603.534512 0.000017 
602.034011 0.000111 
600.533511 0.000222 
599.033011 0.000195 
597.532511 0.000233 
596.032011 0.000433 
594.531511 0.000478 
593.031010 0.000139 
591.530510 0.000235 
590.030010 0.000216 
588.529510 0.000105 
587.029010 0.000197 
585.528510 0.000312 
584.028009 0.000195 
582.527509 0.000151 
581.027009 0.000161 
579.526509 0.000093 
578.026009 0.000103 
576.525509 0.000224 
575.025008 0.000214 
573.524508 0.000222 
572.024008 0.000157 
570.523508 0.000177 
569.023008 0.000251 
567.522508 0.000218 
566.022007 0.000175 
564.521507 0.000147 
563.021007 0.000174 
561.520507 0.000182 
560.020007 0.000161 
558.519507 0.000139 
557.019006 0.000113 
555.518506 0.000087 
554.018006 0.000083 
552.517506 0.000056 
551.017006 0.000126 
549.516506 0.000152 
548.016005 0.000224 
546.515505 0.000326 
545.015005 0.000299 
543.514505 0.000356 
542.014005 0.000571 
540.513505 0.000824 
539.013004 0.001009 
537.512504 0.001099 
536.012004 0.001160 
534.511504 0.000958 
533.011004 0.000629 
531.510504 0.000375 
530.010003 0.000210 
528.509503 0.000122 
527.009003 0.000138 
525.508503 0.000109 
524.008003 0.000056 
522.507503 0.000281 
521.007002 0.000214 
519.506502 0.000126 
518.006002 0.000320 
516.505502 0.000265 
515.005002 0.000088 
513.504502 0.000056 
512.004001 0.000139 
510.503501 0.000217 
509.003001 0.000174 
507.502501 0.000057 
506.002001 0.000113 
504.501501 0.000187 
503.001000 0.000352 
501.500500 0.000239 
500.000000 -0.000078 
