5000.000000 0.000000 
4998.499500 -0.000022 
4996.999000 -0.000026 
4995.498499 -0.000043 
4993.997999 -0.000035 
4992.497499 -0.000030 
4990.996999 -0.000048 
4989.496499 -0.000043 
4987.995999 -0.000039 
4986.495498 -0.000100 
4984.994998 -0.000091 
4983.494498 -0.000069 
4981.993998 -0.000052 
4980.493498 -0.000065 
4978.992998 -0.000074 
4977.492497 -0.000039 
4975.991997 -0.000030 
4974.491497 0.000018 
4972.990997 0.000052 
4971.490497 0.000083 
4969.989997 0.000096 
4968.489496 0.000100 
4966.988996 0.000091 
4965.488496 0.000087 
4963.987996 0.000109 
4962.487496 0.000112 
4960.986996 0.000069 
4959.486495 0.000105 
4957.985995 0.000130 
4956.485495 0.000121 
4954.984995 0.000104 
4953.484495 0.000100 
4951.983995 0.000104 
4950.483494 0.000091 
4948.982994 0.000100 
4947.482494 0.000099 
4945.981994 0.000052 
4944.481494 0.000056 
4942.980994 0.000061 
4941.480493 0.000091 
4939.979993 0.000078 
4938.479493 0.000066 
4936.978993 0.000096 
4935.478493 0.000100 
4933.977993 0.000100 
4932.477492 0.000082 
4930.976992 0.000092 
4929.476492 0.000099 
4927.975992 0.000070 
4926.475492 0.000095 
4924.974992 0.000105 
4923.474491 0.000129 
4921.973991 0.000060 
4920.473491 0.000061 
4918.972991 0.000065 
4917.472491 0.000064 
4915.971991 0.000026 
4914.471490 0.000013 
4912.970990 0.000022 
4911.470490 0.000048 
4909.969990 0.000075 
4908.469490 0.000100 
4906.968990 0.000121 
4905.468489 0.000118 
4903.967989 0.000116 
4902.467489 0.000077 
4900.966989 0.000052 
4899.466489 0.000052 
4897.965989 0.000057 
4896.465488 0.000074 
4894.964988 0.000092 
4893.464488 0.000082 
4891.963988 0.000065 
4890.463488 0.000070 
4888.962988 0.000065 
4887.462487 0.000110 
4885.961987 0.000130 
4884.461487 0.000104 
4882.960987 0.000091 
4881.460487 0.000100 
4879.959987 0.000068 
4878.459486 0.000049 
4876.958986 0.000087 
4875.458486 0.000077 
4873.957986 0.000060 
4872.457486 0.000026 
4870.956986 0.000063 
4869.456485 0.000117 
4867.955985 0.000100 
4866.455485 0.000100 
4864.954985 0.000108 
4863.454485 0.000109 
4861.953985 0.000108 
4860.453484 0.000092 
4858.952984 0.000135 
4857.452484 0.000111 
4855.951984 0.000078 
4854.451484 0.000106 
4852.950984 0.000112 
4851.450483 0.000096 
4849.949983 0.000091 
4848.449483 0.000087 
4846.948983 0.000109 
4845.448483 0.000089 
4843.947983 0.000062 
4842.447482 0.000078 
4840.946982 0.000073 
4839.446482 0.000052 
4837.945982 0.000070 
4836.445482 0.000083 
4834.944982 0.000086 
4833.444481 0.000091 
4831.943981 0.000088 
4830.443481 0.000103 
4828.942981 0.000068 
4827.442481 0.000040 
4825.941981 0.000070 
4824.441480 0.000073 
4822.940980 0.000056 
4821.440480 0.000061 
4819.939980 0.000058 
4818.439480 0.000101 
4816.938980 0.000093 
4815.438479 0.000056 
4813.937979 0.000071 
4812.437479 0.000123 
4810.936979 0.000136 
4809.436479 0.000137 
4807.935979 0.000100 
4806.435478 0.000109 
4804.934978 0.000081 
4803.434478 0.000058 
4801.933978 0.000086 
4800.433478 0.000074 
4798.932978 0.000100 
4797.432477 0.000099 
4795.931977 0.000078 
4794.431477 0.000078 
4792.930977 0.000056 
4791.430477 0.000070 
4789.929977 0.000073 
4788.429476 0.000061 
4786.928976 0.000052 
4785.428476 0.000052 
4783.927976 0.000039 
4782.427476 0.000044 
4780.926976 0.000024 
4779.426475 -0.000004 
4777.925975 -0.000009 
4776.425475 -0.000015 
4774.924975 0.000022 
4773.424475 0.000004 
4771.923975 0.000008 
4770.423474 0.000001 
4768.922974 0.000009 
4767.422474 0.000028 
4765.921974 0.000037 
4764.421474 0.000017 
4762.920974 0.000012 
4761.420473 -0.000005 
4759.919973 0.000003 
4758.419473 0.000044 
4756.918973 0.000057 
4755.418473 0.000064 
4753.917973 0.000054 
4752.417472 0.000098 
4750.916972 0.000126 
4749.416472 0.000127 
4747.915972 0.000125 
4746.415472 0.000119 
4744.914972 0.000127 
4743.414471 0.000085 
4741.913971 0.000064 
4740.413471 0.000069 
4738.912971 0.000019 
4737.412471 -0.000006 
4735.911971 -0.000040 
4734.411470 -0.000035 
4732.910970 -0.000045 
4731.410470 -0.000069 
4729.909970 -0.000076 
4728.409470 -0.000103 
4726.908970 -0.000093 
4725.408469 -0.000132 
4723.907969 -0.000137 
4722.407469 -0.000112 
4720.906969 -0.000110 
4719.406469 -0.000120 
4717.905969 -0.000085 
4716.405468 -0.000073 
4714.904968 -0.000045 
4713.404468 -0.000023 
4711.903968 -0.000031 
4710.403468 0.000010 
4708.902968 0.000023 
4707.402467 0.000035 
4705.901967 0.000041 
4704.401467 0.000056 
4702.900967 0.000062 
4701.400467 0.000093 
4699.899967 0.000091 
4698.399466 0.000099 
4696.898966 0.000083 
4695.398466 0.000084 
4693.897966 0.000034 
4692.397466 0.000036 
4690.896966 0.000033 
4689.396465 0.000000 
4687.895965 0.000019 
4686.395465 0.000035 
4684.894965 0.000043 
4683.394465 0.000038 
4681.893965 0.000029 
4680.393464 0.000016 
4678.892964 -0.000011 
4677.392464 -0.000030 
4675.891964 -0.000010 
4674.391464 0.000017 
4672.890964 0.000010 
4671.390463 0.000036 
4669.889963 0.000051 
4668.389463 0.000079 
4666.888963 0.000092 
4665.388463 0.000101 
4663.887963 0.000110 
4662.387462 0.000118 
4660.886962 0.000125 
4659.386462 0.000100 
4657.885962 0.000123 
4656.385462 0.000100 
4654.884962 0.000084 
4653.384461 0.000086 
4651.883961 0.000085 
4650.383461 0.000108 
4648.882961 0.000100 
4647.382461 0.000089 
4645.881961 0.000063 
4644.381460 0.000051 
4642.880960 0.000041 
4641.380460 0.000048 
4639.879960 0.000039 
4638.379460 0.000048 
4636.878960 0.000038 
4635.378459 0.000036 
4633.877959 0.000019 
4632.377459 0.000011 
4630.876959 0.000026 
4629.376459 0.000021 
4627.875959 -0.000002 
4626.375458 -0.000001 
4624.874958 0.000024 
4623.374458 0.000000 
4621.873958 0.000004 
4620.373458 -0.000001 
4618.872958 -0.000009 
4617.372457 -0.000008 
4615.871957 -0.000015 
4614.371457 -0.000029 
4612.870957 -0.000021 
4611.370457 -0.000006 
4609.869957 -0.000005 
4608.369456 -0.000003 
4606.868956 -0.000004 
4605.368456 -0.000007 
4603.867956 0.000000 
4602.367456 0.000049 
4600.866956 0.000051 
4599.366455 0.000043 
4597.865955 0.000043 
4596.365455 0.000029 
4594.864955 0.000028 
4593.364455 0.000054 
4591.863955 0.000009 
4590.363454 -0.000001 
4588.862954 0.000000 
4587.362454 0.000025 
4585.861954 0.000004 
4584.361454 0.000013 
4582.860954 0.000004 
4581.360453 -0.000007 
4579.859953 -0.000022 
4578.359453 -0.000019 
4576.858953 -0.000024 
4575.358453 -0.000011 
4573.857953 -0.000022 
4572.357452 -0.000023 
4570.856952 -0.000015 
4569.356452 -0.000001 
4567.855952 0.000001 
4566.355452 0.000014 
4564.854952 0.000003 
4563.354451 0.000001 
4561.853951 0.000019 
4560.353451 0.000036 
4558.852951 0.000038 
4557.352451 0.000023 
4555.851951 0.000045 
4554.351450 0.000035 
4552.850950 0.000004 
4551.350450 0.000016 
4549.849950 0.000017 
4548.349450 0.000017 
4546.848950 0.000012 
4545.348449 0.000007 
4543.847949 0.000000 
4542.347449 0.000010 
4540.846949 -0.000004 
4539.346449 -0.000015 
4537.845949 -0.000010 
4536.345448 -0.000006 
4534.844948 0.000004 
4533.344448 0.000001 
4531.843948 0.000034 
4530.343448 0.000035 
4528.842948 0.000010 
4527.342447 0.000017 
4525.841947 0.000027 
4524.341447 0.000030 
4522.840947 0.000025 
4521.340447 0.000017 
4519.839947 0.000039 
4518.339446 0.000055 
4516.838946 0.000061 
4515.338446 0.000078 
4513.837946 0.000074 
4512.337446 0.000091 
4510.836946 0.000097 
4509.336445 0.000083 
4507.835945 0.000057 
4506.335445 0.000042 
4504.834945 0.000054 
4503.334445 0.000023 
4501.833945 0.000028 
4500.333444 0.000026 
4498.832944 0.000020 
4497.332444 -0.000015 
4495.831944 -0.000064 
4494.331444 -0.000067 
4492.830944 -0.000042 
4491.330443 -0.000035 
4489.829943 -0.000038 
4488.329443 -0.000028 
4486.828943 -0.000033 
4485.328443 -0.000049 
4483.827943 -0.000090 
4482.327442 -0.000094 
4480.826942 -0.000078 
4479.326442 -0.000086 
4477.825942 -0.000094 
4476.325442 -0.000077 
4474.824942 -0.000062 
4473.324441 -0.000049 
4471.823941 -0.000051 
4470.323441 -0.000054 
4468.822941 -0.000053 
4467.322441 -0.000039 
4465.821941 -0.000049 
4464.321440 -0.000061 
4462.820940 -0.000056 
4461.320440 -0.000056 
4459.819940 -0.000046 
4458.319440 -0.000049 
4456.818940 -0.000068 
4455.318439 -0.000078 
4453.817939 -0.000077 
4452.317439 -0.000064 
4450.816939 -0.000068 
4449.316439 -0.000077 
4447.815939 -0.000064 
4446.315438 -0.000049 
4444.814938 -0.000026 
4443.314438 -0.000029 
4441.813938 -0.000020 
4440.313438 -0.000001 
4438.812938 0.000003 
4437.312437 -0.000004 
4435.811937 0.000017 
4434.311437 0.000017 
4432.810937 0.000013 
4431.310437 -0.000008 
4429.809937 0.000001 
4428.309436 0.000020 
4426.808936 0.000017 
4425.308436 0.000004 
4423.807936 -0.000020 
4422.307436 0.000000 
4420.806936 -0.000023 
4419.306435 -0.000037 
4417.805935 -0.000020 
4416.305435 -0.000017 
4414.804935 -0.000003 
4413.304435 -0.000023 
4411.803935 -0.000001 
4410.303434 -0.000006 
4408.802934 0.000002 
4407.302434 -0.000024 
4405.801934 -0.000031 
4404.301434 -0.000022 
4402.800934 -0.000013 
4401.300433 -0.000024 
4399.799933 -0.000003 
4398.299433 -0.000001 
4396.798933 -0.000036 
4395.298433 -0.000018 
4393.797933 -0.000015 
4392.297432 -0.000022 
4390.796932 -0.000026 
4389.296432 -0.000020 
4387.795932 -0.000019 
4386.295432 -0.000024 
4384.794932 -0.000016 
4383.294431 -0.000009 
4381.793931 -0.000013 
4380.293431 -0.000009 
4378.792931 0.000010 
4377.292431 0.000017 
4375.791931 0.000007 
4374.291430 -0.000021 
4372.790930 -0.000009 
4371.290430 0.000004 
4369.789930 0.000011 
4368.289430 -0.000008 
4366.788930 -0.000020 
4365.288429 0.000004 
4363.787929 -0.000011 
4362.287429 -0.000007 
4360.786929 0.000006 
4359.286429 0.000016 
4357.785929 0.000002 
4356.285428 -0.000006 
4354.784928 -0.000022 
4353.284428 -0.000022 
4351.783928 -0.000038 
4350.283428 -0.000043 
4348.782928 -0.000033 
4347.282427 -0.000030 
4345.781927 -0.000015 
4344.281427 -0.000030 
4342.780927 -0.000033 
4341.280427 -0.000028 
4339.779927 -0.000033 
4338.279426 -0.000030 
4336.778926 -0.000061 
4335.278426 -0.000050 
4333.777926 -0.000060 
4332.277426 -0.000080 
4330.776926 -0.000079 
4329.276425 -0.000055 
4327.775925 -0.000063 
4326.275425 -0.000063 
4324.774925 -0.000058 
4323.274425 -0.000061 
4321.773925 -0.000063 
4320.273424 -0.000091 
4318.772924 -0.000083 
4317.272424 -0.000068 
4315.771924 -0.000048 
4314.271424 -0.000039 
4312.770924 -0.000041 
4311.270423 -0.000041 
4309.769923 -0.000037 
4308.269423 -0.000022 
4306.768923 -0.000022 
4305.268423 -0.000005 
4303.767923 0.000021 
4302.267422 0.000052 
4300.766922 0.000054 
4299.266422 0.000056 
4297.765922 0.000061 
4296.265422 0.000056 
4294.764922 0.000050 
4293.264421 0.000041 
4291.763921 0.000028 
4290.263421 0.000011 
4288.762921 0.000006 
4287.262421 0.000019 
4285.761921 0.000028 
4284.261420 0.000037 
4282.760920 0.000024 
4281.260420 0.000004 
4279.759920 0.000022 
4278.259420 0.000015 
4276.758920 0.000000 
4275.258419 -0.000004 
4273.757919 0.000004 
4272.257419 0.000013 
4270.756919 0.000002 
4269.256419 0.000009 
4267.755919 0.000009 
4266.255418 0.000015 
4264.754918 -0.000013 
4263.254418 -0.000004 
4261.753918 0.000006 
4260.253418 0.000022 
4258.752918 0.000009 
4257.252417 -0.000004 
4255.751917 -0.000022 
4254.251417 -0.000041 
4252.750917 -0.000056 
4251.250417 -0.000035 
4249.749917 -0.000043 
4248.249416 -0.000048 
4246.748916 -0.000024 
4245.248416 -0.000043 
4243.747916 -0.000046 
4242.247416 -0.000037 
4240.746916 -0.000035 
4239.246415 -0.000043 
4237.745915 -0.000046 
4236.245415 -0.000072 
4234.744915 -0.000063 
4233.244415 -0.000039 
4231.743915 -0.000026 
4230.243414 -0.000039 
4228.742914 -0.000019 
4227.242414 -0.000004 
4225.741914 -0.000013 
4224.241414 -0.000004 
4222.740914 0.000020 
4221.240413 0.000028 
4219.739913 0.000030 
4218.239413 0.000032 
4216.738913 0.000017 
4215.238413 0.000030 
4213.737913 0.000044 
4212.237412 0.000050 
4210.736912 0.000059 
4209.236412 0.000050 
4207.735912 0.000052 
4206.235412 0.000048 
4204.734912 0.000057 
4203.234411 0.000096 
4201.733911 0.000098 
4200.233411 0.000087 
4198.732911 0.000085 
4197.232411 0.000069 
4195.731911 0.000063 
4194.231410 0.000058 
4192.730910 0.000059 
4191.230410 0.000065 
4189.729910 0.000065 
4188.229410 0.000050 
4186.728910 0.000052 
4185.228409 0.000059 
4183.727909 0.000063 
4182.227409 0.000049 
4180.726909 0.000039 
4179.226409 0.000054 
4177.725909 0.000069 
4176.225408 0.000074 
4174.724908 0.000063 
4173.224408 0.000063 
4171.723908 0.000048 
4170.223408 0.000059 
4168.722908 0.000056 
4167.222407 0.000070 
4165.721907 0.000071 
4164.221407 0.000076 
4162.720907 0.000094 
4161.220407 0.000093 
4159.719907 0.000089 
4158.219406 0.000097 
4156.718906 0.000092 
4155.218406 0.000104 
4153.717906 0.000058 
4152.217406 0.000059 
4150.716906 0.000078 
4149.216405 0.000061 
4147.715905 0.000084 
4146.215405 0.000067 
4144.714905 0.000058 
4143.214405 0.000041 
4141.713905 0.000061 
4140.213404 0.000060 
4138.712904 0.000048 
4137.212404 0.000037 
4135.711904 0.000019 
4134.211404 0.000011 
4132.710904 0.000002 
4131.210403 0.000000 
4129.709903 0.000000 
4128.209403 -0.000013 
4126.708903 -0.000004 
4125.208403 -0.000035 
4123.707903 -0.000037 
4122.207402 -0.000075 
4120.706902 -0.000096 
4119.206402 -0.000094 
4117.705902 -0.000107 
4116.205402 -0.000095 
4114.704902 -0.000076 
4113.204401 -0.000074 
4111.703901 -0.000051 
4110.203401 0.000024 
4108.702901 0.000056 
4107.202401 0.000093 
4105.701901 0.000141 
4104.201400 0.000207 
4102.700900 0.000288 
4101.200400 0.000390 
4099.699900 0.000495 
4098.199400 0.000589 
4096.698900 0.000667 
4095.198399 0.000722 
4093.697899 0.000807 
4092.197399 0.000881 
4090.696899 0.000959 
4089.196399 0.001036 
4087.695899 0.001114 
4086.195398 0.001192 
4084.694898 0.001281 
4083.194398 0.001414 
4081.693898 0.001524 
4080.193398 0.001645 
4078.692898 0.001765 
4077.192397 0.001852 
4075.691897 0.001886 
4074.191397 0.001864 
4072.690897 0.001866 
4071.190397 0.001880 
4069.689897 0.001850 
4068.189396 0.001818 
4066.688896 0.001715 
4065.188396 0.001536 
4063.687896 0.001284 
4062.187396 0.001034 
4060.686896 0.000811 
4059.186395 0.000628 
4057.685895 0.000494 
4056.185395 0.000383 
4054.684895 0.000305 
4053.184395 0.000234 
4051.683895 0.000204 
4050.183394 0.000188 
4048.682894 0.000165 
4047.182394 0.000118 
4045.681894 0.000097 
4044.181394 0.000070 
4042.680894 0.000032 
4041.180393 0.000032 
4039.679893 0.000007 
4038.179393 0.000014 
4036.678893 0.000023 
4035.178393 0.000026 
4033.677893 0.000023 
4032.177392 0.000006 
4030.676892 -0.000011 
4029.176392 -0.000017 
4027.675892 -0.000028 
4026.175392 -0.000025 
4024.674892 -0.000023 
4023.174391 -0.000025 
4021.673891 -0.000020 
4020.173391 -0.000003 
4018.672891 -0.000025 
4017.172391 -0.000032 
4015.671891 -0.000006 
4014.171390 -0.000013 
4012.670890 -0.000004 
4011.170390 -0.000019 
4009.669890 -0.000032 
4008.169390 -0.000045 
4006.668890 -0.000038 
4005.168389 -0.000039 
4003.667889 -0.000036 
4002.167389 -0.000017 
4000.666889 -0.000036 
3999.166389 -0.000036 
3997.665889 -0.000048 
3996.165388 -0.000074 
3994.664888 -0.000091 
3993.164388 -0.000120 
3991.663888 -0.000117 
3990.163388 -0.000116 
3988.662888 -0.000152 
3987.162387 -0.000162 
3985.661887 -0.000180 
3984.161387 -0.000176 
3982.660887 -0.000162 
3981.160387 -0.000177 
3979.659887 -0.000165 
3978.159386 -0.000134 
3976.658886 -0.000113 
3975.158386 -0.000119 
3973.657886 -0.000097 
3972.157386 -0.000090 
3970.656886 -0.000065 
3969.156385 -0.000062 
3967.655885 -0.000039 
3966.155385 -0.000011 
3964.654885 0.000000 
3963.154385 0.000010 
3961.653885 0.000038 
3960.153384 0.000043 
3958.652884 0.000059 
3957.152384 0.000069 
3955.651884 0.000071 
3954.151384 0.000056 
3952.650884 0.000061 
3951.150383 0.000065 
3949.649883 0.000061 
3948.149383 0.000077 
3946.648883 0.000065 
3945.148383 0.000046 
3943.647883 0.000033 
3942.147382 0.000022 
3940.646882 0.000006 
3939.146382 -0.000006 
3937.645882 -0.000010 
3936.145382 -0.000009 
3934.644882 -0.000003 
3933.144381 -0.000009 
3931.643881 -0.000025 
3930.143381 -0.000016 
3928.642881 0.000000 
3927.142381 0.000004 
3925.641881 -0.000004 
3924.141380 0.000007 
3922.640880 -0.000002 
3921.140380 -0.000010 
3919.639880 0.000007 
3918.139380 0.000016 
3916.638880 0.000032 
3915.138379 0.000068 
3913.637879 0.000058 
3912.137379 0.000021 
3910.636879 -0.000006 
3909.136379 -0.000010 
3907.635879 -0.000015 
3906.135378 -0.000035 
3904.634878 -0.000017 
3903.134378 0.000001 
3901.633878 0.000010 
3900.133378 0.000017 
3898.632878 0.000026 
3897.132377 0.000026 
3895.631877 0.000054 
3894.131377 0.000061 
3892.630877 0.000080 
3891.130377 0.000115 
3889.629877 0.000134 
3888.129376 0.000147 
3886.628876 0.000157 
3885.128376 0.000204 
3883.627876 0.000277 
3882.127376 0.000339 
3880.626876 0.000423 
3879.126375 0.000575 
3877.625875 0.000713 
3876.125375 0.000838 
3874.624875 0.000975 
3873.124375 0.001128 
3871.623875 0.001268 
3870.123374 0.001488 
3868.622874 0.001775 
3867.122374 0.002073 
3865.621874 0.002393 
3864.121374 0.002585 
3862.620874 0.002572 
3861.120373 0.002578 
3859.619873 0.002698 
3858.119373 0.002810 
3856.618873 0.002510 
3855.118373 0.001809 
3853.617873 0.001210 
3852.117372 0.000844 
3850.616872 0.000658 
3849.116372 0.000544 
3847.615872 0.000457 
3846.115372 0.000375 
3844.614872 0.000312 
3843.114371 0.000273 
3841.613871 0.000245 
3840.113371 0.000191 
3838.612871 0.000185 
3837.112371 0.000196 
3835.611871 0.000187 
3834.111370 0.000180 
3832.610870 0.000166 
3831.110370 0.000156 
3829.609870 0.000154 
3828.109370 0.000144 
3826.608870 0.000123 
3825.108369 0.000118 
3823.607869 0.000102 
3822.107369 0.000076 
3820.606869 0.000081 
3819.106369 0.000096 
3817.605869 0.000060 
3816.105368 0.000059 
3814.604868 0.000094 
3813.104368 0.000092 
3811.603868 0.000079 
3810.103368 0.000069 
3808.602868 0.000034 
3807.102367 0.000009 
3805.601867 0.000036 
3804.101367 0.000017 
3802.600867 -0.000034 
3801.100367 0.000022 
3799.599867 0.000056 
3798.099366 0.000036 
3796.598866 0.000014 
3795.098366 0.000012 
3793.597866 0.000030 
3792.097366 0.000031 
3790.596866 0.000034 
3789.096365 0.000028 
3787.595865 0.000026 
3786.095365 0.000026 
3784.594865 0.000027 
3783.094365 0.000030 
3781.593865 0.000002 
3780.093364 -0.000009 
3778.592864 -0.000001 
3777.092364 0.000029 
3775.591864 0.000035 
3774.091364 0.000030 
3772.590864 0.000018 
3771.090363 0.000001 
3769.589863 0.000004 
3768.089363 0.000001 
3766.588863 -0.000001 
3765.088363 0.000005 
3763.587863 -0.000001 
3762.087362 -0.000004 
3760.586862 -0.000009 
3759.086362 -0.000004 
3757.585862 -0.000004 
3756.085362 0.000000 
3754.584862 -0.000032 
3753.084361 -0.000049 
3751.583861 -0.000059 
3750.083361 -0.000058 
3748.582861 -0.000019 
3747.082361 -0.000028 
3745.581861 -0.000061 
3744.081360 -0.000004 
3742.580860 0.000033 
3741.080360 0.000015 
3739.579860 -0.000021 
3738.079360 -0.000030 
3736.578860 -0.000022 
3735.078359 -0.000025 
3733.577859 -0.000043 
3732.077359 -0.000015 
3730.576859 0.000008 
3729.076359 0.000013 
3727.575859 0.000005 
3726.075358 -0.000012 
3724.574858 -0.000017 
3723.074358 -0.000026 
3721.573858 -0.000017 
3720.073358 -0.000025 
3718.572858 -0.000022 
3717.072357 -0.000014 
3715.571857 -0.000012 
3714.071357 -0.000054 
3712.570857 -0.000057 
3711.070357 -0.000035 
3709.569857 -0.000018 
3708.069356 -0.000005 
3706.568856 -0.000008 
3705.068356 -0.000005 
3703.567856 -0.000012 
3702.067356 -0.000009 
3700.566856 0.000012 
3699.066355 0.000017 
3697.565855 0.000022 
3696.065355 0.000026 
3694.564855 0.000014 
3693.064355 -0.000024 
3691.563855 -0.000031 
3690.063354 -0.000051 
3688.562854 -0.000020 
3687.062354 0.000029 
3685.561854 0.000014 
3684.061354 -0.000004 
3682.560854 0.000000 
3681.060353 -0.000009 
3679.559853 0.000016 
3678.059353 -0.000003 
3676.558853 -0.000093 
3675.058353 -0.000002 
3673.557853 0.000082 
3672.057352 -0.000026 
3670.556852 -0.000032 
3669.056352 0.000053 
3667.555852 0.000128 
3666.055352 0.000148 
3664.554852 0.000148 
3663.054351 0.000143 
3661.553851 0.000135 
3660.053351 0.000139 
3658.552851 0.000094 
3657.052351 0.000035 
3655.551851 0.000097 
3654.051350 0.000122 
3652.550850 0.000047 
3651.050350 -0.000062 
3649.549850 -0.000071 
3648.049350 -0.000003 
3646.548850 0.000097 
3645.048349 0.000151 
3643.547849 0.000160 
3642.047349 0.000165 
3640.546849 0.000165 
3639.046349 0.000161 
3637.545849 0.000165 
3636.045348 0.000153 
3634.544848 0.000135 
3633.044348 0.000143 
3631.543848 0.000052 
3630.043348 -0.000081 
3628.542848 -0.000012 
3627.042347 0.000097 
3625.541847 0.000147 
3624.041347 0.000160 
3622.540847 0.000140 
3621.040347 0.000071 
3619.539847 0.000056 
3618.039346 0.000094 
3616.538846 0.000126 
3615.038346 0.000114 
3613.537846 0.000091 
3612.037346 0.000113 
3610.536846 0.000066 
3609.036345 0.000073 
3607.535845 0.000108 
3606.035345 0.000147 
3604.534845 0.000160 
3603.034345 0.000152 
3601.533845 0.000139 
3600.033344 0.000139 
3598.532844 0.000143 
3597.032344 0.000135 
3595.531844 0.000130 
3594.031344 0.000134 
3592.530844 0.000151 
3591.030343 0.000131 
3589.529843 0.000079 
3588.029343 0.000061 
3586.528843 0.000095 
3585.028343 0.000138 
3583.527843 0.000152 
3582.027342 0.000156 
3580.526842 0.000156 
3579.026342 0.000161 
3577.525842 0.000161 
3576.025342 0.000160 
3574.524842 0.000161 
3573.024341 0.000144 
3571.523841 0.000126 
3570.023341 0.000096 
3568.522841 0.000078 
3567.022341 0.000082 
3565.521841 0.000083 
3564.021340 0.000074 
3562.520840 0.000057 
3561.020340 0.000052 
3559.519840 0.000039 
3558.019340 0.000039 
3556.518840 0.000018 
3555.018339 0.000005 
3553.517839 0.000004 
3552.017339 -0.000004 
3550.516839 -0.000017 
3549.016339 -0.000039 
3547.515839 -0.000039 
3546.015338 -0.000039 
3544.514838 -0.000039 
3543.014338 -0.000026 
3541.513838 -0.000026 
3540.013338 -0.000039 
3538.512838 -0.000039 
3537.012337 -0.000039 
3535.511837 -0.000039 
3534.011337 -0.000039 
3532.510837 -0.000026 
3531.010337 -0.000035 
3529.509837 -0.000022 
3528.009336 -0.000030 
3526.508836 -0.000018 
3525.008336 -0.000009 
3523.507836 -0.000017 
3522.007336 -0.000004 
3520.506836 0.000000 
3519.006335 -0.000013 
3517.505835 -0.000026 
3516.005335 -0.000030 
3514.504835 -0.000026 
3513.004335 -0.000043 
3511.503835 -0.000048 
3510.003334 -0.000052 
3508.502834 -0.000048 
3507.002334 -0.000039 
3505.501834 -0.000035 
3504.001334 -0.000030 
3502.500834 -0.000030 
3501.000333 -0.000017 
3499.499833 -0.000013 
3497.999333 0.000009 
3496.498833 0.000009 
3494.998333 0.000009 
3493.497833 0.000013 
3491.997332 0.000009 
3490.496832 -0.000009 
3488.996332 -0.000004 
3487.495832 0.000009 
3485.995332 0.000035 
3484.494832 0.000048 
3482.994331 0.000091 
3481.493831 0.000109 
3479.993331 0.000104 
3478.492831 0.000091 
3476.992331 0.000069 
3475.491831 0.000043 
3473.991330 0.000022 
3472.490830 -0.000000 
3470.990330 -0.000018 
3469.489830 -0.000030 
3467.989330 -0.000043 
3466.488830 -0.000039 
3464.988329 -0.000044 
3463.487829 -0.000056 
3461.987329 -0.000061 
3460.486829 -0.000074 
3458.986329 -0.000078 
3457.485829 -0.000091 
3455.985328 -0.000100 
3454.484828 -0.000104 
3452.984328 -0.000113 
3451.483828 -0.000122 
3449.983328 -0.000135 
3448.482828 -0.000152 
3446.982327 -0.000156 
3445.481827 -0.000161 
3443.981327 -0.000170 
3442.480827 -0.000178 
3440.980327 -0.000187 
3439.479827 -0.000196 
3437.979326 -0.000209 
3436.478826 -0.000226 
3434.978326 -0.000230 
3433.477826 -0.000230 
3431.977326 -0.000239 
3430.476826 -0.000239 
3428.976325 -0.000269 
3427.475825 -0.000274 
3425.975325 -0.000278 
3424.474825 -0.000287 
3422.974325 -0.000295 
3421.473825 -0.000308 
3419.973324 -0.000317 
3418.472824 -0.000321 
3416.972324 -0.000330 
3415.471824 -0.000348 
3413.971324 -0.000356 
3412.470824 -0.000365 
3410.970323 -0.000373 
3409.469823 -0.000382 
3407.969323 -0.000387 
3406.468823 -0.000400 
3404.968323 -0.000413 
3403.467823 -0.000426 
3401.967322 -0.000447 
3400.466822 -0.000456 
3398.966322 -0.000456 
3397.465822 -0.000464 
3395.965322 -0.000473 
3394.464822 -0.000486 
3392.964321 -0.000508 
3391.463821 -0.000512 
3389.963321 -0.000508 
3388.462821 -0.000521 
3386.962321 -0.000534 
3385.461821 -0.000543 
3383.961320 -0.000552 
3382.460820 -0.000565 
3380.960320 -0.000573 
3379.459820 -0.000618 
3377.959320 -0.000674 
3376.458820 -0.000726 
3374.958319 -0.000787 
3373.457819 -0.000844 
3371.957319 -0.000900 
3370.456819 -0.000956 
3368.956319 -0.001032 
3367.455819 -0.001101 
3365.955318 -0.001152 
3364.454818 -0.001212 
3362.954318 -0.001283 
3361.453818 -0.001362 
3359.953318 -0.001432 
3358.452818 -0.001493 
3356.952317 -0.001573 
3355.451817 -0.001632 
3353.951317 -0.001692 
3352.450817 -0.001751 
3350.950317 -0.001802 
3349.449817 -0.001853 
3347.949316 -0.001922 
3346.448816 -0.001960 
3344.948316 -0.001959 
3343.447816 -0.001886 
3341.947316 -0.001788 
3340.446816 -0.001761 
3338.946315 -0.001813 
3337.445815 -0.001893 
3335.945315 -0.001962 
3334.444815 -0.002001 
3332.944315 -0.002051 
3331.443815 -0.002103 
3329.943314 -0.002202 
3328.442814 -0.002295 
3326.942314 -0.002448 
3325.441814 -0.002637 
3323.941314 -0.002817 
3322.440814 -0.003009 
3320.940313 -0.003261 
3319.439813 -0.003520 
3317.939313 -0.003748 
3316.438813 -0.003970 
3314.938313 -0.004210 
3313.437813 -0.004461 
3311.937312 -0.004708 
3310.436812 -0.004885 
3308.936312 -0.004995 
3307.435812 -0.005162 
3305.935312 -0.005477 
3304.434812 -0.005833 
3302.934311 -0.006133 
3301.433811 -0.006423 
3299.933311 -0.006713 
3298.432811 -0.007013 
3296.932311 -0.007314 
3295.431811 -0.007624 
3293.931310 -0.007945 
3292.430810 -0.008275 
3290.930310 -0.008615 
3289.429810 -0.008958 
3287.929310 -0.009348 
3286.428810 -0.009740 
3284.928309 -0.010170 
3283.427809 -0.010600 
3281.927309 -0.011020 
3280.426809 -0.011463 
3278.926309 -0.011999 
3277.425809 -0.012621 
3275.925308 -0.013253 
3274.424808 -0.013893 
3272.924308 -0.014565 
3271.423808 -0.015255 
3269.923308 -0.015945 
3268.422808 -0.016636 
3266.922307 -0.017317 
3265.421807 -0.018095 
3263.921307 -0.019044 
3262.420807 -0.020087 
3260.920307 -0.021146 
3259.419807 -0.022148 
3257.919306 -0.022894 
3256.418806 -0.022911 
3254.918306 -0.020868 
3253.417806 -0.014730 
3251.917306 -0.004102 
3250.416806 0.009625 
3248.916305 0.026952 
3247.415805 0.052771 
3245.915305 0.079713 
3244.414805 0.086290 
3242.914305 0.075598 
3241.413805 0.065786 
3239.913304 0.076827 
3238.412804 0.118212 
3236.912304 0.180839 
3235.411804 0.244331 
3233.911304 0.314705 
3232.410804 0.406170 
3230.910303 0.514955 
3229.409803 0.637313 
3227.909303 0.762981 
3226.408803 0.768128 
3224.908303 0.521166 
3223.407803 0.317333 
3221.907302 0.221766 
3220.406802 0.166706 
3218.906302 0.132468 
3217.405802 0.110996 
3215.905302 0.096545 
3214.404802 0.086065 
3212.904301 0.077952 
3211.403801 0.071463 
3209.903301 0.066122 
3208.402801 0.061638 
3206.902301 0.057821 
3205.401801 0.054512 
3203.901300 0.051614 
3202.400800 0.049053 
3200.900300 0.046776 
3199.399800 0.044702 
3197.899300 0.042829 
3196.398800 0.041099 
3194.898299 0.039520 
3193.397799 0.038076 
3191.897299 0.036730 
3190.396799 0.035457 
3188.896299 0.034291 
3187.395799 0.033217 
3185.895298 0.032225 
3184.394798 0.031299 
3182.894298 0.030441 
3181.393798 0.029601 
3179.893298 0.028782 
3178.392798 0.027976 
3176.892297 0.027238 
3175.391797 0.026542 
3173.891297 0.025892 
3172.390797 0.025279 
3170.890297 0.024711 
3169.389797 0.024183 
3167.889296 0.023685 
3166.388796 0.023204 
3164.888296 0.022714 
3163.387796 0.022236 
3161.887296 0.021786 
3160.386796 0.021336 
3158.886295 0.020898 
3157.385795 0.020488 
3155.885295 0.020082 
3154.384795 0.019712 
3152.884295 0.019362 
3151.383795 0.019004 
3149.883294 0.018664 
3148.382794 0.018344 
3146.882294 0.018036 
3145.381794 0.017759 
3143.881294 0.017499 
3142.380794 0.017229 
3140.880293 0.016991 
3139.379793 0.016748 
3137.879293 0.016503 
3136.378793 0.016273 
3134.878293 0.016063 
3133.377793 0.015865 
3131.877292 0.015675 
3130.376792 0.015495 
3128.876292 0.015305 
3127.375792 0.015125 
3125.875292 0.014955 
3124.374792 0.014777 
3122.874291 0.014610 
3121.373791 0.014475 
3119.873291 0.014305 
3118.372791 0.014157 
3116.872291 0.013997 
3115.371791 0.013837 
3113.871290 0.013700 
3112.370790 0.013570 
3110.870290 0.013437 
3109.369790 0.013297 
3107.869290 0.013170 
3106.368790 0.013030 
3104.868289 0.012919 
3103.367789 0.012809 
3101.867289 0.012689 
3100.366789 0.012569 
3098.866289 0.012449 
3097.365789 0.012339 
3095.865288 0.012235 
3094.364788 0.012172 
3092.864288 0.012085 
3091.363788 0.011999 
3089.863288 0.011889 
3088.362788 0.011766 
3086.862287 0.011652 
3085.361787 0.011574 
3083.861287 0.011504 
3082.360787 0.011422 
3080.860287 0.011324 
3079.359787 0.011242 
3077.859286 0.011142 
3076.358786 0.011054 
3074.858286 0.010994 
3073.357786 0.010941 
3071.857286 0.010869 
3070.356786 0.010781 
3068.856285 0.010701 
3067.355785 0.010624 
3065.855285 0.010564 
3064.354785 0.010501 
3062.854285 0.010421 
3061.353785 0.010354 
3059.853284 0.010284 
3058.352784 0.010214 
3056.852284 0.010174 
3055.351784 0.010114 
3053.851284 0.010054 
3052.350784 0.009987 
3050.850283 0.009947 
3049.349783 0.009901 
3047.849283 0.009834 
3046.348783 0.009784 
3044.848283 0.009744 
3043.347783 0.009704 
3041.847282 0.009667 
3040.346782 0.009630 
3038.846282 0.009597 
3037.345782 0.009567 
3035.845282 0.009514 
3034.344782 0.009454 
3032.844281 0.009394 
3031.343781 0.009344 
3029.843281 0.009297 
3028.342781 0.009254 
3026.842281 0.009217 
3025.341781 0.009177 
3023.841280 0.009137 
3022.340780 0.009107 
3020.840280 0.009074 
3019.339780 0.009024 
3017.839280 0.009000 
3016.338780 0.009013 
3014.838279 0.009040 
3013.337779 0.009040 
3011.837279 0.009040 
3010.336779 0.009027 
3008.836279 0.009000 
3007.335779 0.008977 
3005.835278 0.008957 
3004.334778 0.008913 
3002.834278 0.008873 
3001.333778 0.008820 
2999.833278 0.008763 
2998.332778 0.008717 
2996.832277 0.008673 
2995.331777 0.008623 
2993.831277 0.008577 
2992.330777 0.008543 
2990.830277 0.008503 
2989.329777 0.008467 
2987.829276 0.008457 
2986.328776 0.008437 
2984.828276 0.008417 
2983.327776 0.008390 
2981.827276 0.008400 
2980.326776 0.008380 
2978.826275 0.008390 
2977.325775 0.008400 
2975.825275 0.008410 
2974.324775 0.008420 
2972.824275 0.008434 
2971.323775 0.008430 
2969.823274 0.008420 
2968.322774 0.008434 
2966.822274 0.008440 
2965.321774 0.008450 
2963.821274 0.008440 
2962.320774 0.008430 
2960.820273 0.008426 
2959.319773 0.008400 
2957.819273 0.008386 
2956.318773 0.008346 
2954.818273 0.008313 
2953.317773 0.008266 
2951.817272 0.008213 
2950.316772 0.008166 
2948.816272 0.008140 
2947.315772 0.008120 
2945.815272 0.008106 
2944.314772 0.008096 
2942.814271 0.008076 
2941.313771 0.008070 
2939.813271 0.008070 
2938.312771 0.008070 
2936.812271 0.008080 
2935.311771 0.008084 
2933.811270 0.008100 
2932.310770 0.008106 
2930.810270 0.008100 
2929.309770 0.008086 
2927.809270 0.008056 
2926.308770 0.008036 
2924.808269 0.007996 
2923.307769 0.007966 
2921.807269 0.007922 
2920.306769 0.007862 
2918.806269 0.007806 
2917.305769 0.007752 
2915.805268 0.007692 
2914.304768 0.007646 
2912.804268 0.007598 
2911.303768 0.007546 
2909.803268 0.007512 
2908.302768 0.007476 
2906.802267 0.007432 
2905.301767 0.007396 
2903.801267 0.007356 
2902.300767 0.007336 
2900.800267 0.007306 
2899.299767 0.007276 
2897.799266 0.007260 
2896.298766 0.007236 
2894.798266 0.007196 
2893.297766 0.007156 
2891.797266 0.007136 
2890.296766 0.007116 
2888.796265 0.007096 
2887.295765 0.007076 
2885.795265 0.007050 
2884.294765 0.007040 
2882.794265 0.007024 
2881.293765 0.007040 
2879.793264 0.007036 
2878.292764 0.007020 
2876.792264 0.007024 
2875.291764 0.007020 
2873.791264 0.007016 
2872.290764 0.006986 
2870.790263 0.006960 
2869.289763 0.006936 
2867.789263 0.006910 
2866.288763 0.006920 
2864.788263 0.006900 
2863.287763 0.006890 
2861.787262 0.006890 
2860.286762 0.006890 
2858.786262 0.006890 
2857.285762 0.006876 
2855.785262 0.006846 
2854.284762 0.006801 
2852.784261 0.006756 
2851.283761 0.006716 
2849.783261 0.006676 
2848.282761 0.006636 
2846.782261 0.006590 
2845.281761 0.006566 
2843.781260 0.006536 
2842.280760 0.006501 
2840.780260 0.006466 
2839.279760 0.006436 
2837.779260 0.006410 
2836.278760 0.006386 
2834.778259 0.006366 
2833.277759 0.006336 
2831.777259 0.006306 
2830.276759 0.006286 
2828.776259 0.006270 
2827.275759 0.006251 
2825.775258 0.006226 
2824.274758 0.006211 
2822.774258 0.006185 
2821.273758 0.006170 
2819.773258 0.006155 
2818.272758 0.006135 
2816.772257 0.006115 
2815.271757 0.006095 
2813.771257 0.006070 
2812.270757 0.006050 
2810.770257 0.006055 
2809.269757 0.006040 
2807.769256 0.006040 
2806.268756 0.006030 
2804.768256 0.006010 
2803.267756 0.006010 
2801.767256 0.006000 
2800.266756 0.005990 
2798.766255 0.005990 
2797.265755 0.006000 
2795.765255 0.006000 
2794.264755 0.006000 
2792.764255 0.006005 
2791.263755 0.006020 
2789.763254 0.006025 
2788.262754 0.006045 
2786.762254 0.006075 
2785.261754 0.006105 
2783.761254 0.006125 
2782.260754 0.006150 
2780.760253 0.006170 
2779.259753 0.006165 
2777.759253 0.006150 
2776.258753 0.006115 
2774.758253 0.006085 
2773.257753 0.006055 
2771.757252 0.006015 
2770.256752 0.005990 
2768.756252 0.005965 
2767.255752 0.005925 
2765.755252 0.005895 
2764.254752 0.005875 
2762.754251 0.005845 
2761.253751 0.005810 
2759.753251 0.005785 
2758.252751 0.005770 
2756.752251 0.005745 
2755.251751 0.005725 
2753.751250 0.005700 
2752.250750 0.005685 
2750.750250 0.005670 
2749.249750 0.005660 
2747.749250 0.005640 
2746.248750 0.005640 
2744.748249 0.005650 
2743.247749 0.005670 
2741.747249 0.005695 
2740.246749 0.005730 
2738.746249 0.005765 
2737.245749 0.005780 
2735.745248 0.005765 
2734.244748 0.005740 
2732.744248 0.005705 
2731.243748 0.005670 
2729.743248 0.005645 
2728.242748 0.005630 
2726.742247 0.005625 
2725.241747 0.005620 
2723.741247 0.005610 
2722.240747 0.005620 
2720.740247 0.005610 
2719.239747 0.005600 
2717.739246 0.005615 
2716.238746 0.005615 
2714.738246 0.005590 
2713.237746 0.005585 
2711.737246 0.005555 
2710.236746 0.005525 
2708.736245 0.005505 
2707.235745 0.005485 
2705.735245 0.005445 
2704.234745 0.005405 
2702.734245 0.005375 
2701.233745 0.005335 
2699.733244 0.005305 
2698.232744 0.005265 
2696.732244 0.005235 
2695.231744 0.005215 
2693.731244 0.005185 
2692.230744 0.005165 
2690.730243 0.005140 
2689.229743 0.005125 
2687.729243 0.005110 
2686.228743 0.005110 
2684.728243 0.005085 
2683.227743 0.005065 
2681.727242 0.005050 
2680.226742 0.005045 
2678.726242 0.005025 
2677.225742 0.005015 
2675.725242 0.005000 
2674.224742 0.004990 
2672.724241 0.004974 
2671.223741 0.004960 
2669.723241 0.004944 
2668.222741 0.004909 
2666.722241 0.004884 
2665.221741 0.004880 
2663.721240 0.004864 
2662.220740 0.004834 
2660.720240 0.004820 
2659.219740 0.004794 
2657.719240 0.004780 
2656.218740 0.004770 
2654.718239 0.004754 
2653.217739 0.004724 
2651.717239 0.004710 
2650.216739 0.004694 
2648.716239 0.004674 
2647.215739 0.004654 
2645.715238 0.004624 
2644.214738 0.004610 
2642.714238 0.004604 
2641.213738 0.004584 
2639.713238 0.004574 
2638.212738 0.004544 
2636.712237 0.004514 
2635.211737 0.004500 
2633.711237 0.004474 
2632.210737 0.004460 
2630.710237 0.004444 
2629.209737 0.004430 
2627.709236 0.004414 
2626.208736 0.004394 
2624.708236 0.004374 
2623.207736 0.004354 
2621.707236 0.004330 
2620.206736 0.004314 
2618.706235 0.004294 
2617.205735 0.004274 
2615.705235 0.004260 
2614.204735 0.004260 
2612.704235 0.004244 
2611.203735 0.004220 
2609.703234 0.004210 
2608.202734 0.004194 
2606.702234 0.004180 
2605.201734 0.004164 
2603.701234 0.004154 
2602.200734 0.004140 
2600.700233 0.004114 
2599.199733 0.004090 
2597.699233 0.004080 
2596.198733 0.004054 
2594.698233 0.004044 
2593.197733 0.004034 
2591.697232 0.004010 
2590.196732 0.003994 
2588.696232 0.003970 
2587.195732 0.003954 
2585.695232 0.003940 
2584.194732 0.003914 
2582.694231 0.003900 
2581.193731 0.003890 
2579.693231 0.003880 
2578.192731 0.003860 
2576.692231 0.003840 
2575.191731 0.003830 
2573.691230 0.003814 
2572.190730 0.003794 
2570.690230 0.003780 
2569.189730 0.003770 
2567.689230 0.003760 
2566.188730 0.003750 
2564.688229 0.003724 
2563.187729 0.003720 
2561.687229 0.003714 
2560.186729 0.003700 
2558.686229 0.003684 
2557.185729 0.003660 
2555.685228 0.003650 
2554.184728 0.003640 
2552.684228 0.003640 
2551.183728 0.003634 
2549.683228 0.003630 
2548.182728 0.003636 
2546.682227 0.003725 
2545.181727 0.003764 
2543.681227 0.003671 
2542.180727 0.003604 
2540.680227 0.003584 
2539.179727 0.003570 
2537.679226 0.003550 
2536.178726 0.003544 
2534.678226 0.003530 
2533.177726 0.003530 
2531.677226 0.003520 
2530.176726 0.003510 
2528.676225 0.003500 
2527.175725 0.003490 
2525.675225 0.003490 
2524.174725 0.003490 
2522.674225 0.003490 
2521.173725 0.003480 
2519.673224 0.003470 
2518.172724 0.003470 
2516.672224 0.003460 
2515.171724 0.003460 
2513.671224 0.003450 
2512.170724 0.003450 
2510.670223 0.003440 
2509.169723 0.003457 
2507.669223 0.003453 
2506.168723 0.003440 
2504.668223 0.003433 
2503.167723 0.003430 
2501.667222 0.003440 
2500.166722 0.003423 
2498.666222 0.003410 
2497.165722 0.003410 
2495.665222 0.003400 
2494.164722 0.003390 
2492.664221 0.003380 
2491.163721 0.003373 
2489.663221 0.003370 
2488.162721 0.003353 
2486.662221 0.003333 
2485.161721 0.003330 
2483.661220 0.003313 
2482.160720 0.003300 
2480.660220 0.003300 
2479.159720 0.003283 
2477.659220 0.003270 
2476.158720 0.003260 
2474.658219 0.003260 
2473.157719 0.003250 
2471.657219 0.003240 
2470.156719 0.003230 
2468.656219 0.003230 
2467.155719 0.003230 
2465.655218 0.003230 
2464.154718 0.003237 
2462.654218 0.003247 
2461.153718 0.003250 
2459.653218 0.003240 
2458.152718 0.003240 
2456.652217 0.003240 
2455.151717 0.003240 
2453.651217 0.003240 
2452.150717 0.003230 
2450.650217 0.003230 
2449.149717 0.003213 
2447.649216 0.003200 
2446.148716 0.003200 
2444.648216 0.003200 
2443.147716 0.003183 
2441.647216 0.003170 
2440.146716 0.003160 
2438.646215 0.003160 
2437.145715 0.003143 
2435.645215 0.003133 
2434.144715 0.003113 
2432.644215 0.003110 
2431.143715 0.003103 
2429.643214 0.003090 
2428.142714 0.003080 
2426.642214 0.003063 
2425.141714 0.003050 
2423.641214 0.003030 
2422.140714 0.003020 
2420.640213 0.003013 
2419.139713 0.003000 
2417.639213 0.002980 
2416.138713 0.002963 
2414.638213 0.002950 
2413.137713 0.002940 
2411.637212 0.002930 
2410.136712 0.002913 
2408.636212 0.002893 
2407.135712 0.002880 
2405.635212 0.002880 
2404.134712 0.002863 
2402.634211 0.002850 
2401.133711 0.002833 
2399.633211 0.002820 
2398.132711 0.002810 
2396.632211 0.002803 
2395.131711 0.002790 
2393.631210 0.002780 
2392.130710 0.002773 
2390.630210 0.002760 
2389.129710 0.002750 
2387.629210 0.002740 
2386.128710 0.002730 
2384.628209 0.002713 
2383.127709 0.002693 
2381.627209 0.002673 
2380.126709 0.002643 
2378.626209 0.002605 
2377.125709 0.002563 
2375.625208 0.002505 
2374.124708 0.002455 
2372.624208 0.002392 
2371.123708 0.002325 
2369.623208 0.002265 
2368.122708 0.002205 
2366.622207 0.002152 
2365.121707 0.002112 
2363.621207 0.002082 
2362.120707 0.002062 
2360.620207 0.002060 
2359.119707 0.002068 
2357.619206 0.002098 
2356.118706 0.002135 
2354.618206 0.002185 
2353.117706 0.002255 
2351.617206 0.002325 
2350.116706 0.002395 
2348.616205 0.002375 
2347.115705 0.002297 
2345.615205 0.002225 
2344.114705 0.002165 
2342.614205 0.002122 
2341.113705 0.002092 
2339.613204 0.002070 
2338.112704 0.002052 
2336.612204 0.002050 
2335.111704 0.002050 
2333.611204 0.002042 
2332.110704 0.002050 
2330.610203 0.002050 
2329.109703 0.002068 
2327.609203 0.002078 
2326.108703 0.002090 
2324.608203 0.002100 
2323.107703 0.002120 
2321.607202 0.002130 
2320.106702 0.002148 
2318.606202 0.002160 
2317.105702 0.002170 
2315.605202 0.002180 
2314.104702 0.002190 
2312.604201 0.002198 
2311.103701 0.002190 
2309.603201 0.002172 
2308.102701 0.002160 
2306.602201 0.002150 
2305.101701 0.002122 
2303.601200 0.002120 
2302.100700 0.002120 
2300.600200 0.002120 
2299.099700 0.002120 
2297.599200 0.002112 
2296.098700 0.002118 
2294.598199 0.002110 
2293.097699 0.002100 
2291.597199 0.002090 
2290.096699 0.002088 
2288.596199 0.002082 
2287.095699 0.002080 
2285.595198 0.002072 
2284.094698 0.002070 
2282.594198 0.002060 
2281.093698 0.002060 
2279.593198 0.002060 
2278.092698 0.002060 
2276.592197 0.002060 
2275.091697 0.002052 
2273.591197 0.002032 
2272.090697 0.002040 
2270.590197 0.002030 
2269.089697 0.002030 
2267.589196 0.002020 
2266.088696 0.002020 
2264.588196 0.002020 
2263.087696 0.002020 
2261.587196 0.002020 
2260.086696 0.002010 
2258.586195 0.002010 
2257.085695 0.002018 
2255.585195 0.002020 
2254.084695 0.002020 
2252.584195 0.002000 
2251.083695 0.002000 
2249.583194 0.001982 
2248.082694 0.001980 
2246.582194 0.001980 
2245.081694 0.001970 
2243.581194 0.001962 
2242.080694 0.001950 
2240.580193 0.001950 
2239.079693 0.001950 
2237.579193 0.001940 
2236.078693 0.001940 
2234.578193 0.001940 
2233.077693 0.001920 
2231.577192 0.001920 
2230.076692 0.001920 
2228.576192 0.001920 
2227.075692 0.001910 
2225.575192 0.001900 
2224.074692 0.001890 
2222.574191 0.001890 
2221.073691 0.001880 
2219.573191 0.001880 
2218.072691 0.001870 
2216.572191 0.001851 
2215.071691 0.001850 
2213.571190 0.001850 
2212.070690 0.001850 
2210.570190 0.001831 
2209.069690 0.001820 
2207.569190 0.001820 
2206.068690 0.001810 
2204.568189 0.001810 
2203.067689 0.001810 
2201.567189 0.001801 
2200.066689 0.001790 
2198.566189 0.001781 
2197.065689 0.001761 
2195.565188 0.001761 
2194.064688 0.001731 
2192.564188 0.001740 
2191.063688 0.001711 
2189.563188 0.001700 
2188.062688 0.001691 
2186.562187 0.001689 
2185.061687 0.001681 
2183.561187 0.001641 
2182.060687 0.001660 
2180.560187 0.001631 
2179.059687 0.001630 
2177.559186 0.001611 
2176.058686 0.001599 
2174.558186 0.001601 
2173.057686 0.001561 
2171.557186 0.001579 
2170.056686 0.001560 
2168.556185 0.001579 
2167.055685 0.001552 
2165.555185 0.001540 
2164.054685 0.001560 
2162.554185 0.001521 
2161.053685 0.001540 
2159.553184 0.001531 
2158.052684 0.001520 
2156.552184 0.001511 
2155.051684 0.001491 
2153.551184 0.001499 
2152.050684 0.001481 
2150.550183 0.001470 
2149.049683 0.001470 
2147.549183 0.001441 
2146.048683 0.001430 
2144.548183 0.001440 
2143.047683 0.001421 
2141.547182 0.001401 
2140.046682 0.001371 
2138.546182 0.001360 
2137.045682 0.001341 
2135.545182 0.001321 
2134.044682 0.001310 
2132.544181 0.001281 
2131.043681 0.001279 
2129.543181 0.001280 
2128.042681 0.001251 
2126.542181 0.001259 
2125.041681 0.001231 
2123.541180 0.001200 
2122.040680 0.001220 
2120.540180 0.001172 
2119.039680 0.001179 
2117.539180 0.001170 
2116.038680 0.001131 
2114.538179 0.001140 
2113.037679 0.001132 
2111.537179 0.001110 
2110.036679 0.001120 
2108.536179 0.001091 
2107.035679 0.001079 
2105.535178 0.001081 
2104.034678 0.001051 
2102.534178 0.001059 
2101.033678 0.001061 
2099.533178 0.001030 
2098.032678 0.001030 
2096.532177 0.001030 
2095.031677 0.001010 
2093.531177 0.001020 
2092.030677 0.001010 
2090.530177 0.001009 
2089.029677 0.001021 
2087.529176 0.000992 
2086.028676 0.001000 
2084.528176 0.001029 
2083.027676 0.001021 
2081.527176 0.001029 
2080.026676 0.001050 
2078.526175 0.001051 
2077.025675 0.001069 
2075.525175 0.001080 
2074.024675 0.001070 
2072.524175 0.001070 
2071.023675 0.001080 
2069.523174 0.001070 
2068.022674 0.001070 
2066.522174 0.001070 
2065.021674 0.001070 
2063.521174 0.001070 
2062.020674 0.001060 
2060.520173 0.001060 
2059.019673 0.001050 
2057.519173 0.001030 
2056.018673 0.001010 
2054.518173 0.001000 
2053.017673 0.000992 
2051.517172 0.000961 
2050.016672 0.000939 
2048.516172 0.000918 
2047.015672 0.000891 
2045.515172 0.000883 
2044.014672 0.000874 
2042.514171 0.000857 
2041.013671 0.000839 
2039.513171 0.000830 
2038.012671 0.000822 
2036.512171 0.000817 
2035.011671 0.000817 
2033.511170 0.000804 
2032.010670 0.000795 
2030.510170 0.000804 
2029.009670 0.000787 
2027.509170 0.000769 
2026.008670 0.000761 
2024.508169 0.000748 
2023.007669 0.000739 
2021.507169 0.000717 
2020.006669 0.000708 
2018.506169 0.000704 
2017.005669 0.000682 
2015.505168 0.000661 
2014.004668 0.000643 
2012.504168 0.000630 
2011.003668 0.000621 
2009.503168 0.000608 
2008.002668 0.000595 
2006.502167 0.000591 
2005.001667 0.000587 
2003.501167 0.000574 
2002.000667 0.000565 
2000.500167 0.000556 
1998.999667 0.000548 
1997.499166 0.000552 
1995.998666 0.000543 
1994.498166 0.000534 
1992.997666 0.000521 
1991.497166 0.000526 
1989.996666 0.000508 
1988.496165 0.000500 
1986.995665 0.000495 
1985.495165 0.000482 
1983.994665 0.000465 
1982.494165 0.000443 
1980.993665 0.000434 
1979.493164 0.000421 
1977.992664 0.000400 
1976.492164 0.000391 
1974.991664 0.000387 
1973.491164 0.000369 
1971.990664 0.000361 
1970.490163 0.000334 
1968.989663 0.000308 
1967.489163 0.000295 
1965.988663 0.000318 
1964.488163 0.000648 
1962.987663 0.001262 
1961.487162 0.001338 
1959.986662 0.001118 
1958.486162 0.000964 
1956.985662 0.000838 
1955.485162 0.000760 
1953.984662 0.000717 
1952.484161 0.000638 
1950.983661 0.000538 
1949.483161 0.000447 
1947.982661 0.000373 
1946.482161 0.000330 
1944.981661 0.000308 
1943.481160 0.000295 
1941.980660 0.000287 
1940.480160 0.000265 
1938.979660 0.000234 
1937.479160 0.000234 
1935.978660 0.000213 
1934.478159 0.000204 
1932.977659 0.000187 
1931.477159 0.000191 
1929.976659 0.000182 
1928.476159 0.000156 
1926.975659 0.000139 
1925.475158 0.000117 
1923.974658 0.000091 
1922.474158 0.000087 
1920.973658 0.000078 
1919.473158 0.000069 
1917.972658 0.000060 
1916.472157 0.000030 
1914.971657 0.000022 
1913.471157 0.000013 
1911.970657 -0.000000 
1910.470157 -0.000013 
1908.969657 -0.000018 
1907.469156 -0.000018 
1905.968656 -0.000021 
1904.468156 -0.000026 
1902.967656 -0.000026 
1901.467156 -0.000026 
1899.966656 -0.000031 
1898.466155 -0.000044 
1896.965655 -0.000052 
1895.465155 -0.000043 
1893.964655 -0.000043 
1892.464155 -0.000044 
1890.963655 -0.000052 
1889.463154 -0.000060 
1887.962654 -0.000061 
1886.462154 -0.000074 
1884.961654 -0.000083 
1883.461154 -0.000087 
1881.960654 -0.000087 
1880.460153 -0.000096 
1878.959653 -0.000096 
1877.459153 -0.000095 
1875.958653 -0.000096 
1874.458153 -0.000100 
1872.957653 -0.000113 
1871.457152 -0.000109 
1869.956652 -0.000109 
1868.456152 -0.000109 
1866.955652 -0.000118 
1865.455152 -0.000122 
1863.954652 -0.000118 
1862.454151 -0.000117 
1860.953651 -0.000126 
1859.453151 -0.000117 
1857.952651 -0.000113 
1856.452151 -0.000122 
1854.951651 -0.000131 
1853.451150 -0.000143 
1851.950650 -0.000130 
1850.450150 -0.000139 
1848.949650 -0.000148 
1847.449150 -0.000143 
1845.948650 -0.000143 
1844.448149 -0.000139 
1842.947649 -0.000131 
1841.447149 -0.000144 
1839.946649 -0.000152 
1838.446149 -0.000148 
1836.945649 -0.000152 
1835.445148 -0.000152 
1833.944648 -0.000148 
1832.444148 -0.000157 
1830.943648 -0.000169 
1829.443148 -0.000165 
1827.942648 -0.000169 
1826.442147 -0.000174 
1824.941647 -0.000178 
1823.441147 -0.000178 
1821.940647 -0.000174 
1820.440147 -0.000174 
1818.939647 -0.000169 
1817.439146 -0.000169 
1815.938646 -0.000169 
1814.438146 -0.000165 
1812.937646 -0.000160 
1811.437146 -0.000147 
1809.936646 -0.000138 
1808.436145 -0.000130 
1806.935645 -0.000126 
1805.435145 -0.000122 
1803.934645 -0.000112 
1802.434145 -0.000104 
1800.933645 -0.000095 
1799.433144 -0.000091 
1797.932644 -0.000091 
1796.432144 -0.000091 
1794.931644 -0.000092 
1793.431144 -0.000099 
1791.930644 -0.000074 
1790.430143 -0.000078 
1788.929643 -0.000083 
1787.429143 -0.000087 
1785.928643 -0.000095 
1784.428143 -0.000084 
1782.927643 -0.000099 
1781.427142 -0.000095 
1779.926642 -0.000078 
1778.426142 -0.000078 
1776.925642 -0.000092 
1775.425142 -0.000078 
1773.924642 -0.000082 
1772.424141 -0.000050 
1770.923641 -0.000022 
1769.423141 -0.000017 
1767.922641 -0.000003 
1766.422141 0.000000 
1764.921641 0.000000 
1763.421140 -0.000022 
1761.920640 -0.000007 
1760.420140 0.000008 
1758.919640 -0.000004 
1757.419140 0.000004 
1755.918640 0.000017 
1754.418139 -0.000001 
1752.917639 -0.000012 
1751.417139 0.000014 
1749.916639 0.000003 
1748.416139 -0.000009 
1746.915639 -0.000008 
1745.415138 0.000000 
1743.914638 0.000005 
1742.414138 0.000020 
1740.913638 0.000001 
1739.413138 0.000028 
1737.912638 0.000035 
1736.412137 0.000030 
1734.911637 0.000048 
1733.411137 0.000122 
1731.910637 0.000113 
1730.410137 0.000119 
1728.909637 0.000150 
1727.409136 0.000174 
1725.908636 0.000174 
1724.408136 0.000165 
1722.907636 0.000170 
1721.407136 0.000182 
1719.906636 0.000105 
1718.406135 -0.000101 
1716.905635 -0.000028 
1715.405135 0.000060 
1713.904635 0.000144 
1712.404135 0.000196 
1710.903635 0.000191 
1709.403134 0.000204 
1707.902634 0.000177 
1706.402134 0.000126 
1704.901634 0.000133 
1703.401134 0.000186 
1701.900634 0.000012 
1700.400133 -0.000223 
1698.899633 0.000095 
1697.399133 0.000048 
1695.898633 -0.000118 
1694.398133 0.000168 
1692.897633 0.000248 
1691.397132 0.000237 
1689.896632 0.000222 
1688.396132 0.000227 
1686.895632 0.000189 
1685.395132 -0.000130 
1683.894632 -0.000048 
1682.394131 0.000190 
1680.893631 0.000194 
1679.393131 0.000167 
1677.892631 0.000133 
1676.392131 0.000094 
1674.891631 0.000100 
1673.391130 0.000080 
1671.890630 0.000065 
1670.390130 0.000047 
1668.889630 0.000057 
1667.389130 0.000055 
1665.888630 0.000034 
1664.388129 0.000021 
1662.887629 0.000018 
1661.387129 0.000024 
1659.886629 0.000003 
1658.386129 -0.000010 
1656.885629 -0.000016 
1655.385128 -0.000025 
1653.884628 -0.000060 
1652.384128 0.000015 
1650.883628 0.000013 
1649.383128 -0.000017 
1647.882628 -0.000016 
1646.382127 -0.000001 
1644.881627 0.000012 
1643.381127 0.000001 
1641.880627 0.000018 
1640.380127 0.000028 
1638.879627 0.000034 
1637.379126 0.000016 
1635.878626 0.000008 
1634.378126 -0.000023 
1632.877626 0.000038 
1631.377126 0.000083 
1629.876626 0.000091 
1628.376125 0.000097 
1626.875625 0.000121 
1625.375125 0.000143 
1623.874625 0.000159 
1622.374125 0.000198 
1620.873625 0.000209 
1619.373124 0.000218 
1617.872624 0.000203 
1616.372124 0.000239 
1614.871624 0.000252 
1613.371124 0.000251 
1611.870624 0.000227 
1610.370123 0.000188 
1608.869623 0.000158 
1607.369123 0.000126 
1605.868623 0.000085 
1604.368123 0.000067 
1602.867623 0.000040 
1601.367122 -0.000003 
1599.866622 -0.000043 
1598.366122 -0.000058 
1596.865622 -0.000080 
1595.365122 -0.000103 
1593.864622 -0.000141 
1592.364121 -0.000149 
1590.863621 -0.000156 
1589.363121 -0.000158 
1587.862621 -0.000152 
1586.362121 -0.000142 
1584.861621 -0.000133 
1583.361120 -0.000106 
1581.860620 -0.000091 
1580.360120 -0.000079 
1578.859620 -0.000100 
1577.359120 -0.000089 
1575.858620 -0.000019 
1574.358119 -0.000007 
1572.857619 -0.000027 
1571.357119 -0.000036 
1569.856619 -0.000032 
1568.356119 -0.000036 
1566.855619 -0.000049 
1565.355118 -0.000051 
1563.854618 -0.000043 
1562.354118 -0.000032 
1560.853618 -0.000019 
1559.353118 0.000006 
1557.852618 0.000020 
1556.352117 0.000026 
1554.851617 0.000066 
1553.351117 0.000093 
1551.850617 0.000109 
1550.350117 0.000162 
1548.849617 0.000198 
1547.349116 0.000235 
1545.848616 0.000282 
1544.348116 0.000305 
1542.847616 0.000325 
1541.347116 0.000352 
1539.846616 0.000291 
1538.346115 0.000305 
1536.845615 0.000302 
1535.345115 0.000245 
1533.844615 0.000233 
1532.344115 0.000203 
1530.843615 0.000158 
1529.343114 0.000141 
1527.842614 0.000122 
1526.342114 0.000093 
1524.841614 0.000061 
1523.341114 0.000043 
1521.840614 0.000069 
1520.340113 0.000068 
1518.839613 0.000006 
1517.339113 -0.000003 
1515.838613 -0.000001 
1514.338113 -0.000004 
1512.837613 0.000001 
1511.337112 -0.000010 
1509.836612 -0.000017 
1508.336112 -0.000000 
1506.835612 0.000029 
1505.335112 0.000041 
1503.834612 0.000017 
1502.334111 0.000038 
1500.833611 0.000062 
1499.333111 0.000081 
1497.832611 0.000104 
1496.332111 0.000165 
1494.831611 0.000174 
1493.331110 0.000233 
1491.830610 0.000221 
1490.330110 0.000195 
1488.829610 0.000158 
1487.329110 0.000110 
1485.828610 0.000082 
1484.328109 0.000049 
1482.827609 0.000070 
1481.327109 0.000195 
1479.826609 0.000274 
1478.326109 0.000122 
1476.825609 -0.000101 
1475.325108 -0.000218 
1473.824608 -0.000247 
1472.324108 -0.000243 
1470.823608 -0.000259 
1469.323108 -0.000278 
1467.822608 -0.000268 
1466.322107 -0.000263 
1464.821607 -0.000228 
1463.321107 -0.000184 
1461.820607 -0.000156 
1460.320107 -0.000109 
1458.819607 -0.000022 
1457.319106 0.000098 
1455.818606 0.000193 
1454.318106 0.000294 
1452.817606 0.000442 
1451.317106 0.000624 
1449.816606 0.000829 
1448.316105 0.001073 
1446.815605 0.001347 
1445.315105 0.001674 
1443.814605 0.002072 
1442.314105 0.002529 
1440.813605 0.003010 
1439.313104 0.003490 
1437.812604 0.003970 
1436.312104 0.004466 
1434.811604 0.004920 
1433.311104 0.005442 
1431.810604 0.006022 
1430.310103 0.006637 
1428.809603 0.007331 
1427.309103 0.008097 
1425.808603 0.009002 
1424.308103 0.010024 
1422.807603 0.011057 
1421.307102 0.011960 
1419.806602 0.012657 
1418.306102 0.013099 
1416.805602 0.013371 
1415.305102 0.013649 
1413.804602 0.014001 
1412.304101 0.014423 
1410.803601 0.014941 
1409.303101 0.015481 
1407.802601 0.016083 
1406.302101 0.016829 
1404.801601 0.017855 
1403.301100 0.019183 
1401.800600 0.020857 
1400.300100 0.022894 
1398.799600 0.025399 
1397.299100 0.028452 
1395.798600 0.032382 
1394.298099 0.037577 
1392.797599 0.043760 
1391.297099 0.049358 
1389.796599 0.051847 
1388.296099 0.050348 
1386.795599 0.046425 
1385.295098 0.042022 
1383.794598 0.038067 
1382.294098 0.034762 
1380.793598 0.032007 
1379.293098 0.029682 
1377.792598 0.027630 
1376.292097 0.025751 
1374.791597 0.023897 
1373.291097 0.021888 
1371.790597 0.019714 
1370.290097 0.017538 
1368.789597 0.015434 
1367.289096 0.013430 
1365.788596 0.011595 
1364.288096 0.009978 
1362.787596 0.008610 
1361.287096 0.007524 
1359.786596 0.006669 
1358.286095 0.005923 
1356.785595 0.005101 
1355.285095 0.004201 
1353.784595 0.003358 
1352.284095 0.002678 
1350.783595 0.002199 
1349.283094 0.001832 
1347.782594 0.001531 
1346.282094 0.001285 
1344.781594 0.001084 
1343.281094 0.000908 
1341.780594 0.000761 
1340.280093 0.000648 
1338.779593 0.000524 
1337.279093 0.000417 
1335.778593 0.000319 
1334.278093 0.000225 
1332.777593 0.000140 
1331.277092 0.000079 
1329.776592 0.000023 
1328.276092 -0.000040 
1326.775592 -0.000086 
1325.275092 -0.000114 
1323.774592 -0.000139 
1322.274091 -0.000158 
1320.773591 -0.000165 
1319.273091 -0.000178 
1317.772591 -0.000191 
1316.272091 -0.000191 
1314.771591 -0.000189 
1313.271090 -0.000168 
1311.770590 -0.000137 
1310.270090 -0.000101 
1308.769590 -0.000051 
1307.269090 0.000010 
1305.768590 0.000088 
1304.268089 0.000169 
1302.767589 0.000208 
1301.267089 0.000211 
1299.766589 0.000185 
1298.266089 0.000148 
1296.765589 0.000128 
1295.265088 0.000117 
1293.764588 0.000122 
1292.264088 0.000126 
1290.763588 0.000143 
1289.263088 0.000169 
1287.762588 0.000202 
1286.262087 0.000247 
1284.761587 0.000287 
1283.261087 0.000306 
1281.760587 0.000281 
1280.260087 0.000194 
1278.759587 0.000096 
1277.259086 0.000005 
1275.758586 -0.000054 
1274.258086 -0.000087 
1272.757586 -0.000117 
1271.257086 -0.000148 
1269.756586 -0.000163 
1268.256085 -0.000176 
1266.755585 -0.000198 
1265.255085 -0.000215 
1263.754585 -0.000232 
1262.254085 -0.000252 
1260.753585 -0.000276 
1259.253084 -0.000289 
1257.752584 -0.000300 
1256.252084 -0.000284 
1254.751584 -0.000280 
1253.251084 -0.000263 
1251.750584 -0.000245 
1250.250083 -0.000232 
1248.749583 -0.000228 
1247.249083 -0.000187 
1245.748583 -0.000128 
1244.248083 -0.000030 
1242.747583 0.000124 
1241.247082 0.000315 
1239.746582 0.000500 
1238.246082 0.000665 
1236.745582 0.000717 
1235.245082 0.000612 
1233.744582 0.000510 
1232.244081 0.000395 
1230.743581 0.000289 
1229.243081 0.000193 
1227.742581 0.000073 
1226.242081 -0.000013 
1224.741581 -0.000072 
1223.241080 -0.000087 
1221.740580 -0.000089 
1220.240080 -0.000091 
1218.739580 -0.000087 
1217.239080 -0.000080 
1215.738580 -0.000065 
1214.238079 -0.000059 
1212.737579 -0.000043 
1211.237079 -0.000037 
1209.736579 -0.000019 
1208.236079 -0.000013 
1206.735579 -0.000017 
1205.235078 -0.000006 
1203.734578 -0.000004 
1202.234078 -0.000009 
1200.733578 -0.000011 
1199.233078 0.000011 
1197.732578 0.000013 
1196.232077 0.000026 
1194.731577 0.000037 
1193.231077 0.000063 
1191.730577 0.000079 
1190.230077 0.000096 
1188.729577 0.000115 
1187.229076 0.000126 
1185.728576 0.000141 
1184.228076 0.000130 
1182.727576 0.000088 
1181.227076 0.000126 
1179.726576 0.000227 
1178.226075 0.000243 
1176.725575 0.000237 
1175.225075 0.000224 
1173.724575 0.000215 
1172.224075 0.000209 
1170.723575 0.000224 
1169.223074 0.000225 
1167.722574 0.000235 
1166.222074 0.000212 
1164.721574 0.000224 
1163.221074 0.000217 
1161.720574 0.000237 
1160.220073 0.000215 
1158.719573 0.000238 
1157.219073 0.000247 
1155.718573 0.000253 
1154.218073 0.000247 
1152.717573 0.000239 
1151.217072 0.000228 
1149.716572 0.000275 
1148.216072 0.000282 
1146.715572 0.000309 
1145.215072 0.000300 
1143.714572 0.000313 
1142.214071 0.000304 
1140.713571 0.000293 
1139.213071 0.000299 
1137.712571 0.000267 
1136.212071 0.000275 
1134.711571 0.000243 
1133.211070 0.000242 
1131.710570 0.000211 
1130.210070 0.000226 
1128.709570 0.000232 
1127.209070 0.000206 
1125.708570 0.000171 
1124.208069 0.000166 
1122.707569 0.000130 
1121.207069 0.000140 
1119.706569 0.000104 
1118.206069 0.000094 
1116.705569 0.000075 
1115.205068 0.000081 
1113.704568 0.000043 
1112.204068 0.000031 
1110.703568 0.000026 
1109.203068 0.000020 
1107.702568 0.000028 
1106.202067 0.000034 
1104.701567 0.000029 
1103.201067 0.000021 
1101.700567 0.000036 
1100.200067 0.000063 
1098.699567 0.000118 
1097.199066 0.000245 
1095.698566 0.000354 
1094.198066 0.000419 
1092.697566 0.000341 
1091.197066 0.000215 
1089.696566 0.000167 
1088.196065 0.000140 
1086.695565 0.000144 
1085.195065 0.000163 
1083.694565 0.000178 
1082.194065 0.000174 
1080.693565 0.000187 
1079.193064 0.000198 
1077.692564 0.000201 
1076.192064 0.000179 
1074.691564 0.000135 
1073.191064 0.000103 
1071.690564 0.000075 
1070.190063 0.000048 
1068.689563 0.000037 
1067.189063 0.000048 
1065.688563 0.000029 
1064.188063 0.000026 
1062.687563 0.000026 
1061.187062 0.000033 
1059.686562 0.000036 
1058.186062 0.000026 
1056.685562 0.000026 
1055.185062 0.000024 
1053.684562 0.000046 
1052.184061 0.000009 
1050.683561 0.000010 
1049.183061 0.000003 
1047.682561 0.000013 
1046.182061 0.000053 
1044.681561 0.000064 
1043.181060 0.000081 
1041.680560 0.000054 
1040.180060 0.000059 
1038.679560 0.000164 
1037.179060 0.000194 
1035.678560 0.000178 
1034.178059 0.000128 
1032.677559 0.000088 
1031.177059 0.000071 
1029.676559 0.000038 
1028.176059 -0.000005 
1026.675559 0.000066 
1025.175058 0.000069 
1023.674558 0.000078 
1022.174058 0.000075 
1020.673558 0.000088 
1019.173058 0.000080 
1017.672558 0.000077 
1016.172057 0.000083 
1014.671557 0.000072 
1013.171057 0.000090 
1011.670557 0.000096 
1010.170057 0.000100 
1008.669557 0.000107 
1007.169056 0.000109 
1005.668556 0.000101 
1004.168056 0.000098 
1002.667556 0.000093 
1001.167056 0.000094 
999.666556 0.000096 
998.166055 0.000100 
996.665555 0.000103 
995.165055 0.000106 
993.664555 0.000104 
992.164055 0.000113 
990.663555 0.000117 
989.163054 0.000120 
987.662554 0.000122 
986.162054 0.000116 
984.661554 0.000130 
983.161054 0.000123 
981.660554 0.000110 
980.160053 0.000106 
978.659553 0.000088 
977.159053 0.000094 
975.658553 0.000090 
974.158053 0.000078 
972.657553 0.000074 
971.157052 0.000083 
969.656552 0.000088 
968.156052 0.000078 
966.655552 0.000090 
965.155052 0.000100 
963.654552 0.000116 
962.154051 0.000117 
960.653551 0.000129 
959.153051 0.000136 
957.652551 0.000129 
956.152051 0.000149 
954.651551 0.000168 
953.151050 0.000179 
951.650550 0.000219 
950.150050 0.000225 
948.649550 0.000257 
947.149050 0.000293 
945.648550 0.000331 
944.148049 0.000352 
942.647549 0.000385 
941.147049 0.000406 
939.646549 0.000447 
938.146049 0.000485 
936.645549 0.000513 
935.145048 0.000557 
933.644548 0.000587 
932.144048 0.000620 
930.643548 0.000645 
929.143048 0.000671 
927.642548 0.000717 
926.142047 0.000758 
924.641547 0.000787 
923.141047 0.000827 
921.640547 0.000866 
920.140047 0.000902 
918.639547 0.000935 
917.139046 0.000966 
915.638546 0.000990 
914.138046 0.001034 
912.637546 0.001084 
911.137046 0.001155 
909.636546 0.001197 
908.136045 0.001265 
906.635545 0.001335 
905.135045 0.001402 
903.634545 0.001455 
902.134045 0.001525 
900.633545 0.001570 
899.133044 0.001597 
897.632544 0.001637 
896.132044 0.001675 
894.631544 0.001700 
893.131044 0.001690 
891.630544 0.001717 
890.130043 0.001730 
888.629543 0.001747 
887.129043 0.001767 
885.628543 0.001787 
884.128043 0.001817 
882.627543 0.001837 
881.127042 0.001875 
879.626542 0.001890 
878.126042 0.001920 
876.625542 0.001947 
875.125042 0.001987 
873.624542 0.002008 
872.124041 0.002028 
870.623541 0.002032 
869.123041 0.002020 
867.622541 0.002028 
866.122041 0.002020 
864.621541 0.002020 
863.121040 0.002028 
861.620540 0.002040 
860.120040 0.002060 
858.619540 0.002070 
857.119040 0.002098 
855.618540 0.002128 
854.118039 0.002160 
852.617539 0.002225 
851.117039 0.002285 
849.616539 0.002325 
848.116039 0.002375 
846.615539 0.002410 
845.115038 0.002455 
843.614538 0.002523 
842.114038 0.002568 
840.613538 0.002615 
839.113038 0.002703 
837.612538 0.002765 
836.112037 0.002826 
834.611537 0.002903 
833.111037 0.002993 
831.610537 0.003091 
830.110037 0.003206 
828.609537 0.003321 
827.109036 0.003457 
825.608536 0.003591 
824.108036 0.003721 
822.607536 0.003925 
821.107036 0.004143 
819.606536 0.004371 
818.106035 0.004577 
816.605535 0.004815 
815.105035 0.005081 
813.604535 0.005351 
812.104035 0.005637 
810.603535 0.005987 
809.103034 0.006329 
807.602534 0.006691 
806.102034 0.007109 
804.601534 0.007588 
803.101034 0.008180 
801.600534 0.008798 
800.100033 0.009526 
798.599533 0.010446 
797.099033 0.011531 
795.598533 0.012954 
794.098033 0.014949 
792.597533 0.018309 
791.097032 0.024395 
789.596532 0.033466 
788.096032 0.042471 
786.595532 0.048948 
785.095032 0.053749 
783.594532 0.058488 
782.094031 0.064328 
780.593531 0.072345 
779.093031 0.083206 
777.592531 0.098027 
776.092031 0.118307 
774.591531 0.144845 
773.091030 0.176320 
771.590530 0.206377 
770.090030 0.225596 
768.589530 0.233016 
767.089030 0.235469 
765.588530 0.241036 
764.088029 0.252431 
762.587529 0.268704 
761.087029 0.285723 
759.586529 0.297063 
758.086029 0.300764 
756.585529 0.300197 
755.085028 0.298389 
753.584528 0.296520 
752.084028 0.295087 
750.583528 0.294107 
749.083028 0.293378 
747.582528 0.292368 
746.082027 0.289830 
744.581527 0.283383 
743.081027 0.267545 
741.580527 0.234702 
740.080027 0.187132 
738.579527 0.138477 
737.079026 0.100071 
735.578526 0.074455 
734.078026 0.058095 
732.577526 0.047140 
731.077026 0.039344 
729.576526 0.033526 
728.076025 0.029027 
726.575525 0.025455 
725.075025 0.022621 
723.574525 0.020269 
722.074025 0.018309 
720.573525 0.016715 
719.073024 0.015247 
717.572524 0.014047 
716.072024 0.012905 
714.571524 0.011909 
713.071024 0.011364 
711.570524 0.010742 
710.070023 0.010014 
708.569523 0.009359 
707.069023 0.008823 
705.568523 0.008207 
704.068023 0.007796 
702.567523 0.007370 
701.067022 0.006987 
699.566522 0.006671 
698.066022 0.006439 
696.565522 0.006247 
695.065022 0.006124 
693.564522 0.006016 
692.064021 0.005820 
690.563521 0.005375 
689.063021 0.004818 
687.562521 0.004476 
686.062021 0.003989 
684.561521 0.003680 
683.061020 0.003383 
681.560520 0.003100 
680.060020 0.002975 
678.559520 0.002805 
677.059020 0.002791 
675.558520 0.002542 
674.058019 0.002403 
672.557519 0.002312 
671.057019 0.002223 
669.556519 0.002151 
668.056019 0.002141 
666.555519 0.001997 
665.055018 0.001844 
663.554518 0.001791 
662.054018 0.001752 
660.553518 0.001778 
659.053018 0.001770 
657.552518 0.001847 
656.052017 0.001774 
654.551517 0.001730 
653.051017 0.001845 
651.550517 0.001814 
650.050017 0.001723 
648.549517 0.001393 
647.049016 0.001470 
645.548516 0.001610 
644.048016 0.001562 
642.547516 0.001607 
641.047016 0.001667 
639.546516 0.001749 
638.046015 0.001682 
636.545515 0.001786 
635.045015 0.001756 
633.544515 0.001511 
632.044015 0.001823 
630.543515 0.001745 
629.043014 0.001613 
627.542514 0.001522 
626.042014 0.001423 
624.541514 0.001294 
623.041014 0.001010 
621.540514 0.000711 
620.040013 0.000430 
618.539513 0.000233 
617.039013 0.000197 
615.538513 0.000090 
614.038013 0.000056 
612.537513 0.000074 
611.037012 0.000053 
609.536512 0.000102 
608.036012 0.000110 
606.535512 0.000040 
605.035012 0.000073 
603.534512 0.000049 
602.034011 0.000037 
600.533511 0.000235 
599.033011 0.000084 
597.532511 0.000008 
596.032011 0.000035 
594.531511 -0.000004 
593.031010 0.000021 
591.530510 -0.000296 
590.030010 -0.000066 
588.529510 0.000108 
587.029010 0.000155 
585.528510 0.000127 
584.028009 0.000079 
582.527509 0.000098 
581.027009 0.000166 
579.526509 0.000194 
578.026009 0.000087 
576.525509 -0.000164 
575.025008 0.000031 
573.524508 0.000173 
572.024008 -0.000019 
570.523508 0.000204 
569.023008 0.000228 
567.522508 0.000045 
566.022007 0.000106 
564.521507 0.000201 
563.021007 0.000169 
561.520507 -0.000024 
560.020007 0.000167 
558.519507 0.000585 
557.019006 0.000884 
555.518506 0.000328 
554.018006 0.000485 
552.517506 0.000432 
551.017006 0.000437 
549.516506 0.000546 
548.016005 0.000755 
546.515505 0.000494 
545.015005 0.000408 
543.514505 0.000517 
542.014005 0.000375 
540.513505 0.000391 
539.013004 0.000375 
537.512504 0.000286 
536.012004 0.000529 
534.511504 0.000492 
533.011004 0.000336 
531.510504 0.000252 
530.010003 0.000277 
528.509503 0.000456 
527.009003 0.000144 
525.508503 0.000156 
524.008003 0.000308 
522.507503 -0.000054 
521.007002 -0.000075 
519.506502 0.000367 
518.006002 0.000098 
516.505502 0.000047 
515.005002 0.000260 
513.504502 0.000430 
512.004001 0.000309 
510.503501 -0.000064 
509.003001 0.000091 
507.502501 0.000078 
506.002001 -0.000035 
504.501501 0.000213 
503.001000 -0.000113 
501.500500 0.000282 
500.000000 0.000482 
