4000.123242 0.004175 
3998.956130 0.003651 
3997.789019 0.003159 
3996.621907 0.002555 
3995.454795 0.002080 
3994.287683 0.001503 
3993.120572 0.001187 
3991.953460 0.001048 
3990.786348 0.000997 
3989.619236 0.000769 
3988.452125 0.000561 
3987.285013 0.000653 
3986.117901 0.000544 
3984.950789 0.000478 
3983.783678 0.000586 
3982.616566 0.000593 
3981.449454 0.000546 
3980.282342 0.000723 
3979.115231 0.001035 
3977.948119 0.001383 
3976.781007 0.001629 
3975.613896 0.002196 
3974.446784 0.002811 
3973.279672 0.003157 
3972.112560 0.003451 
3970.945449 0.003851 
3969.778337 0.003361 
3968.611225 0.002614 
3967.444113 0.001980 
3966.277002 0.001607 
3965.109890 0.001095 
3963.942778 0.000514 
3962.775666 0.000387 
3961.608555 0.000336 
3960.441443 0.000333 
3959.274331 0.000090 
3958.107219 -0.000185 
3956.940108 -0.000021 
3955.772996 -0.000006 
3954.605884 -0.000128 
3953.438772 -0.000079 
3952.271661 -0.000335 
3951.104549 -0.000783 
3949.937437 -0.000461 
3948.770326 -0.000619 
3947.603214 -0.000709 
3946.436102 -0.001004 
3945.268990 -0.000800 
3944.101879 -0.000524 
3942.934767 -0.000374 
3941.767655 -0.000379 
3940.600543 -0.000209 
3939.433432 -0.000100 
3938.266320 0.000307 
3937.099208 0.000692 
3935.932096 0.000724 
3934.764985 0.000607 
3933.597873 0.000457 
3932.430761 -0.000136 
3931.263649 -0.000126 
3930.096538 -0.000485 
3928.929426 -0.000816 
3927.762314 -0.000786 
3926.595203 -0.001005 
3925.428091 -0.000854 
3924.260979 -0.001119 
3923.093867 -0.001031 
3921.926756 -0.000868 
3920.759644 -0.000901 
3919.592532 -0.000978 
3918.425420 -0.001248 
3917.258309 -0.001183 
3916.091197 -0.001293 
3914.924085 -0.001302 
3913.756973 -0.000922 
3912.589862 -0.000918 
3911.422750 -0.001079 
3910.255638 -0.001208 
3909.088526 -0.001209 
3907.921415 -0.001471 
3906.754303 -0.001728 
3905.587191 -0.001715 
3904.420080 -0.001581 
3903.252968 -0.001755 
3902.085856 -0.001716 
3900.918744 -0.001592 
3899.751633 -0.001776 
3898.584521 -0.001480 
3897.417409 -0.001435 
3896.250297 -0.001684 
3895.083186 -0.001556 
3893.916074 -0.001375 
3892.748962 -0.001188 
3891.581850 -0.000916 
3890.414739 -0.000857 
3889.247627 -0.001303 
3888.080515 -0.000924 
3886.913403 -0.000671 
3885.746292 -0.000188 
3884.579180 -0.000308 
3883.412068 -0.000440 
3882.244957 -0.000577 
3881.077845 -0.000439 
3879.910733 -0.000202 
3878.743621 -0.000067 
3877.576510 0.000356 
3876.409398 0.000960 
3875.242286 0.001667 
3874.075174 0.001948 
3872.908063 0.001498 
3871.740951 0.001000 
3870.573839 0.001027 
3869.406727 0.000967 
3868.239616 0.000452 
3867.072504 0.000250 
3865.905392 0.000762 
3864.738280 0.001630 
3863.571169 0.001956 
3862.404057 0.002481 
3861.236945 0.002999 
3860.069833 0.002303 
3858.902722 0.001928 
3857.735610 0.001429 
3856.568498 0.000939 
3855.401387 0.000817 
3854.234275 0.001504 
3853.067163 0.001115 
3851.900051 0.000713 
3850.732940 0.000276 
3849.565828 0.000203 
3848.398716 0.000089 
3847.231604 -0.000198 
3846.064493 -0.000002 
3844.897381 -0.000017 
3843.730269 0.000295 
3842.563157 -0.000126 
3841.396046 -0.000019 
3840.228934 0.000124 
3839.061822 -0.000045 
3837.894710 0.000666 
3836.727599 0.000083 
3835.560487 -0.000004 
3834.393375 -0.000146 
3833.226264 -0.000390 
3832.059152 -0.000233 
3830.892040 -0.000209 
3829.724928 -0.000224 
3828.557817 -0.000286 
3827.390705 -0.000095 
3826.223593 0.000139 
3825.056481 0.000066 
3823.889370 -0.000027 
3822.722258 -0.000045 
3821.555146 0.000343 
3820.388034 0.000359 
3819.220923 0.000241 
3818.053811 0.000194 
3816.886699 0.000223 
3815.719587 0.000792 
3814.552476 0.000221 
3813.385364 -0.000100 
3812.218252 -0.000189 
3811.051141 -0.000082 
3809.884029 0.000093 
3808.716917 0.000035 
3807.549805 0.000357 
3806.382694 0.000446 
3805.215582 0.000099 
3804.048470 0.000353 
3802.881358 0.000507 
3801.714247 0.001194 
3800.547135 0.001337 
3799.380023 0.000760 
3798.212911 0.000590 
3797.045800 0.000511 
3795.878688 0.000577 
3794.711576 0.000671 
3793.544464 0.000620 
3792.377353 0.000150 
3791.210241 -0.000101 
3790.043129 -0.000423 
3788.876017 -0.000369 
3787.708906 -0.000225 
3786.541794 -0.000068 
3785.374682 -0.000081 
3784.207571 -0.000318 
3783.040459 -0.000200 
3781.873347 -0.000144 
3780.706235 0.000177 
3779.539124 0.000323 
3778.372012 0.000205 
3777.204900 0.000019 
3776.037788 0.000155 
3774.870677 0.000084 
3773.703565 -0.000128 
3772.536453 -0.000109 
3771.369341 -0.000141 
3770.202230 -0.000105 
3769.035118 -0.000195 
3767.868006 -0.000245 
3766.700894 -0.000288 
3765.533783 -0.000307 
3764.366671 -0.000632 
3763.199559 -0.000573 
3762.032448 -0.000695 
3760.865336 -0.000696 
3759.698224 -0.000452 
3758.531112 -0.000594 
3757.364001 -0.000535 
3756.196889 -0.000515 
3755.029777 -0.000466 
3753.862665 -0.000398 
3752.695554 -0.000286 
3751.528442 -0.000060 
3750.361330 -0.000263 
3749.194218 0.000169 
3748.027107 -0.000270 
3746.859995 -0.000513 
3745.692883 -0.000129 
3744.525771 0.000717 
3743.358660 0.000201 
3742.191548 -0.000061 
3741.024436 0.000007 
3739.857325 -0.000046 
3738.690213 0.000180 
3737.523101 0.000138 
3736.355989 0.000663 
3735.188878 0.000595 
3734.021766 0.000311 
3732.854654 0.000456 
3731.687542 0.000725 
3730.520431 0.000155 
3729.353319 0.000058 
3728.186207 0.000147 
3727.019095 -0.000067 
3725.851984 -0.000175 
3724.684872 -0.000317 
3723.517760 -0.000450 
3722.350648 -0.000424 
3721.183537 -0.000468 
3720.016425 -0.000791 
3718.849313 -0.000547 
3717.682202 -0.000480 
3716.515090 -0.000621 
3715.347978 -0.000799 
3714.180866 -0.000542 
3713.013755 -0.000427 
3711.846643 -0.000254 
3710.679531 -0.000571 
3709.512419 -0.000500 
3708.345308 -0.000391 
3707.178196 -0.000501 
3706.011084 -0.000703 
3704.843972 -0.000712 
3703.676861 -0.000643 
3702.509749 -0.000647 
3701.342637 -0.000522 
3700.175525 -0.000737 
3699.008414 -0.000816 
3697.841302 -0.000911 
3696.674190 -0.000961 
3695.507078 -0.000885 
3694.339967 -0.000793 
3693.172855 -0.000879 
3692.005743 -0.000631 
3690.838632 -0.000275 
3689.671520 -0.000375 
3688.504408 0.000327 
3687.337296 0.000377 
3686.170185 0.000656 
3685.003073 0.000905 
3683.835961 0.000935 
3682.668849 0.000728 
3681.501738 0.000354 
3680.334626 -0.000092 
3679.167514 -0.000197 
3678.000402 -0.000427 
3676.833291 -0.000078 
3675.666179 0.000263 
3674.499067 -0.000278 
3673.331955 -0.000812 
3672.164844 -0.000583 
3670.997732 -0.000151 
3669.830620 -0.000474 
3668.663509 -0.000525 
3667.496397 -0.000593 
3666.329285 -0.000743 
3665.162173 -0.000944 
3663.995062 -0.000859 
3662.827950 -0.000888 
3661.660838 -0.000655 
3660.493726 -0.000494 
3659.326615 -0.000529 
3658.159503 -0.000717 
3656.992391 -0.000366 
3655.825279 -0.000039 
3654.658168 -0.000321 
3653.491056 -0.000346 
3652.323944 -0.000299 
3651.156832 0.000029 
3649.989721 0.000092 
3648.822609 0.000373 
3647.655497 0.000191 
3646.488386 0.000167 
3645.321274 -0.000032 
3644.154162 0.000038 
3642.987050 0.000061 
3641.819939 0.000318 
3640.652827 0.000123 
3639.485715 0.000064 
3638.318603 0.000303 
3637.151492 0.000310 
3635.984380 0.000415 
3634.817268 0.000492 
3633.650156 0.000682 
3632.483045 0.000781 
3631.315933 0.000629 
3630.148821 0.000870 
3628.981709 0.000966 
3627.814598 0.000699 
3626.647486 0.000346 
3625.480374 0.000401 
3624.313262 0.000415 
3623.146151 0.000405 
3621.979039 0.000411 
3620.811927 0.000473 
3619.644816 0.000519 
3618.477704 0.000178 
3617.310592 0.000319 
3616.143480 0.000277 
3614.976369 0.000215 
3613.809257 0.000163 
3612.642145 0.000416 
3611.475033 0.000465 
3610.307922 0.000555 
3609.140810 0.000989 
3607.973698 0.000909 
3606.806586 0.000811 
3605.639475 0.000721 
3604.472363 0.000868 
3603.305251 0.000790 
3602.138139 0.000613 
3600.971028 0.000627 
3599.803916 0.000695 
3598.636804 0.000547 
3597.469693 0.000474 
3596.302581 0.000574 
3595.135469 0.000670 
3593.968357 0.000775 
3592.801246 0.000671 
3591.634134 0.000845 
3590.467022 0.000620 
3589.299910 0.000947 
3588.132799 0.001378 
3586.965687 0.001609 
3585.798575 0.001430 
3584.631463 0.001299 
3583.464352 0.001444 
3582.297240 0.001763 
3581.130128 0.001780 
3579.963016 0.001687 
3578.795905 0.001313 
3577.628793 0.001228 
3576.461681 0.001432 
3575.294570 0.001023 
3574.127458 0.000922 
3572.960346 0.000923 
3571.793234 0.000970 
3570.626123 0.000866 
3569.459011 0.001016 
3568.291899 0.001430 
3567.124787 0.001459 
3565.957676 0.001425 
3564.790564 0.001261 
3563.623452 0.001515 
3562.456340 0.001661 
3561.289229 0.001733 
3560.122117 0.001835 
3558.955005 0.001620 
3557.787893 0.001550 
3556.620782 0.001864 
3555.453670 0.001802 
3554.286558 0.001777 
3553.119447 0.001747 
3551.952335 0.001919 
3550.785223 0.001946 
3549.618111 0.002211 
3548.451000 0.002227 
3547.283888 0.002274 
3546.116776 0.002213 
3544.949664 0.002296 
3543.782553 0.002301 
3542.615441 0.002353 
3541.448329 0.002495 
3540.281217 0.002421 
3539.114106 0.002261 
3537.946994 0.002156 
3536.779882 0.002318 
3535.612770 0.002290 
3534.445659 0.002515 
3533.278547 0.002395 
3532.111435 0.002315 
3530.944323 0.002269 
3529.777212 0.002253 
3528.610100 0.001943 
3527.442988 0.002043 
3526.275877 0.001869 
3525.108765 0.001801 
3523.941653 0.001837 
3522.774541 0.001610 
3521.607430 0.001735 
3520.440318 0.001505 
3519.273206 0.001418 
3518.106094 0.001199 
3516.938983 0.001082 
3515.771871 0.001111 
3514.604759 0.001374 
3513.437647 0.000979 
3512.270536 0.001063 
3511.103424 0.001105 
3509.936312 0.001078 
3508.769200 0.000953 
3507.602089 0.000665 
3506.434977 0.000459 
3505.267865 0.000520 
3504.100754 0.000405 
3502.933642 0.000109 
3501.766530 0.000142 
3500.599418 0.000055 
3499.432307 -0.000118 
3498.265195 -0.000219 
3497.098083 0.000012 
3495.930971 0.000074 
3494.763860 0.000194 
3493.596748 0.000072 
3492.429636 -0.000093 
3491.262524 -0.000330 
3490.095413 -0.000368 
3488.928301 -0.000112 
3487.761189 0.000172 
3486.594077 0.000355 
3485.426966 0.000586 
3484.259854 0.000769 
3483.092742 0.001108 
3481.925631 0.001503 
3480.758519 0.001664 
3479.591407 0.002204 
3478.424295 0.002548 
3477.257184 0.002842 
3476.090072 0.003323 
3474.922960 0.003827 
3473.755848 0.004509 
3472.588737 0.004898 
3471.421625 0.005025 
3470.254513 0.005124 
3469.087401 0.004978 
3467.920290 0.004689 
3466.753178 0.004189 
3465.586066 0.003741 
3464.418954 0.003473 
3463.251843 0.003127 
3462.084731 0.002990 
3460.917619 0.002823 
3459.750508 0.002609 
3458.583396 0.002425 
3457.416284 0.002633 
3456.249172 0.002612 
3455.082061 0.002996 
3453.914949 0.003241 
3452.747837 0.003455 
3451.580725 0.003678 
3450.413614 0.003983 
3449.246502 0.004487 
3448.079390 0.005056 
3446.912278 0.005782 
3445.745167 0.006374 
3444.578055 0.007353 
3443.410943 0.007951 
3442.243831 0.008453 
3441.076720 0.008762 
3439.909608 0.009184 
3438.742496 0.009303 
3437.575384 0.009937 
3436.408273 0.011335 
3435.241161 0.013111 
3434.074049 0.014116 
3432.906938 0.014960 
3431.739826 0.015629 
3430.572714 0.015223 
3429.405602 0.015445 
3428.238491 0.018761 
3427.071379 0.029239 
3425.904267 0.056722 
3424.737155 0.116994 
3423.570044 0.184690 
3422.402932 0.183887 
3421.235820 0.121075 
3420.068708 0.068368 
3418.901597 0.039895 
3417.734485 0.026387 
3416.567373 0.022394 
3415.400261 0.025701 
3414.233150 0.027307 
3413.066038 0.019960 
3411.898926 0.013081 
3410.731815 0.009397 
3409.564703 0.006910 
3408.397591 0.005373 
3407.230479 0.004428 
3406.063368 0.003414 
3404.896256 0.002940 
3403.729144 0.002300 
3402.562032 0.001843 
3401.394921 0.001462 
3400.227809 0.001108 
3399.060697 0.000845 
3397.893585 0.000634 
3396.726474 0.000769 
3395.559362 0.000555 
3394.392250 0.000175 
3393.225138 -0.000008 
3392.058027 -0.000193 
3390.890915 -0.000353 
3389.723803 -0.000261 
3388.556692 -0.000231 
3387.389580 -0.000180 
3386.222468 -0.000287 
3385.055356 -0.000342 
3383.888245 -0.000084 
3382.721133 0.000109 
3381.554021 -0.000271 
3380.386909 -0.000502 
3379.219798 -0.000500 
3378.052686 -0.000659 
3376.885574 -0.000525 
3375.718462 -0.000566 
3374.551351 -0.000393 
3373.384239 -0.000346 
3372.217127 -0.000231 
3371.050015 -0.000353 
3369.882904 0.000209 
3368.715792 0.000671 
3367.548680 0.001412 
3366.381568 0.001791 
3365.214457 0.001363 
3364.047345 0.000488 
3362.880233 -0.000075 
3361.713122 -0.000390 
3360.546010 -0.000302 
3359.378898 -0.000324 
3358.211786 -0.000234 
3357.044675 -0.000002 
3355.877563 0.000280 
3354.710451 0.000274 
3353.543339 0.000376 
3352.376228 0.000713 
3351.209116 0.001012 
3350.042004 0.002105 
3348.874892 0.003148 
3347.707781 0.002856 
3346.540669 0.001804 
3345.373557 0.001258 
3344.206445 0.000940 
3343.039334 0.000890 
3341.872222 0.000836 
3340.705110 0.000770 
3339.537999 0.000690 
3338.370887 0.000471 
3337.203775 0.000501 
3336.036663 0.000275 
3334.869552 -0.000046 
3333.702440 0.000041 
3332.535328 0.000193 
3331.368216 0.000100 
3330.201105 0.000112 
3329.033993 -0.000274 
3327.866881 -0.000151 
3326.699769 -0.000256 
3325.532658 -0.000062 
3324.365546 0.000005 
3323.198434 0.000054 
3322.031322 0.000005 
3320.864211 -0.000125 
3319.697099 -0.000336 
3318.529987 -0.000398 
3317.362876 -0.000260 
3316.195764 -0.000268 
3315.028652 -0.000525 
3313.861540 -0.000216 
3312.694429 -0.000120 
3311.527317 -0.000374 
3310.360205 -0.000275 
3309.193093 -0.000277 
3308.025982 -0.000432 
3306.858870 -0.000622 
3305.691758 -0.000454 
3304.524646 -0.000671 
3303.357535 -0.000455 
3302.190423 -0.000472 
3301.023311 -0.000697 
3299.856199 -0.000691 
3298.689088 -0.000692 
3297.521976 -0.000584 
3296.354864 -0.000727 
3295.187753 -0.000558 
3294.020641 -0.000656 
3292.853529 -0.000713 
3291.686417 -0.000510 
3290.519306 -0.000515 
3289.352194 -0.000552 
3288.185082 -0.000665 
3287.017970 -0.000558 
3285.850859 -0.000261 
3284.683747 -0.000335 
3283.516635 -0.000143 
3282.349523 -0.000126 
3281.182412 -0.000280 
3280.015300 0.000088 
3278.848188 0.000185 
3277.681076 0.000251 
3276.513965 0.000315 
3275.346853 0.000371 
3274.179741 0.000322 
3273.012629 0.000280 
3271.845518 0.000169 
3270.678406 0.000424 
3269.511294 0.000198 
3268.344183 0.000249 
3267.177071 0.000325 
3266.009959 0.000420 
3264.842847 0.000344 
3263.675736 0.000377 
3262.508624 0.000205 
3261.341512 0.000078 
3260.174400 0.000037 
3259.007289 -0.000051 
3257.840177 -0.000116 
3256.673065 -0.000158 
3255.505953 -0.000150 
3254.338842 -0.000205 
3253.171730 -0.000267 
3252.004618 -0.000186 
3250.837506 -0.000301 
3249.670395 -0.000325 
3248.503283 -0.000209 
3247.336171 -0.000338 
3246.169060 -0.000466 
3245.001948 -0.000290 
3243.834836 -0.000215 
3242.667724 -0.000278 
3241.500613 -0.000300 
3240.333501 -0.000177 
3239.166389 -0.000246 
3237.999277 -0.000194 
3236.832166 -0.000147 
3235.665054 -0.000019 
3234.497942 -0.000159 
3233.330830 -0.000099 
3232.163719 -0.000103 
3230.996607 -0.000038 
3229.829495 -0.000121 
3228.662383 -0.000370 
3227.495272 -0.000354 
3226.328160 -0.000038 
3225.161048 -0.000121 
3223.993937 -0.000285 
3222.826825 -0.000020 
3221.659713 -0.000018 
3220.492601 0.000125 
3219.325490 -0.000038 
3218.158378 0.000017 
3216.991266 0.000010 
3215.824154 -0.000082 
3214.657043 0.000071 
3213.489931 0.000076 
3212.322819 0.000029 
3211.155707 0.000148 
3209.988596 0.000173 
3208.821484 -0.000086 
3207.654372 0.000140 
3206.487260 0.000105 
3205.320149 0.000162 
3204.153037 0.000183 
3202.985925 0.000208 
3201.818813 0.000171 
3200.651702 0.000194 
3199.484590 0.000111 
3198.317478 0.000043 
3197.150367 0.000025 
3195.983255 0.000133 
3194.816143 0.000034 
3193.649031 0.000143 
3192.481920 0.000016 
3191.314808 -0.000068 
3190.147696 0.000169 
3188.980584 0.000261 
3187.813473 0.000360 
3186.646361 0.000414 
3185.479249 0.000698 
3184.312137 0.000887 
3183.145026 0.001203 
3181.977914 0.001328 
3180.810802 0.001523 
3179.643690 0.001959 
3178.476579 0.002513 
3177.309467 0.002798 
3176.142355 0.003013 
3174.975244 0.003400 
3173.808132 0.003844 
3172.641020 0.004133 
3171.473908 0.004430 
3170.306797 0.004738 
3169.139685 0.004763 
3167.972573 0.004795 
3166.805461 0.004802 
3165.638350 0.004737 
3164.471238 0.004356 
3163.304126 0.004323 
3162.137014 0.004010 
3160.969903 0.003828 
3159.802791 0.003352 
3158.635679 0.003072 
3157.468567 0.002639 
3156.301456 0.002254 
3155.134344 0.001953 
3153.967232 0.001519 
3152.800121 0.001017 
3151.633009 0.000798 
3150.465897 0.000694 
3149.298785 0.000536 
3148.131674 0.000456 
3146.964562 0.000129 
3145.797450 0.000002 
3144.630338 -0.000205 
3143.463227 -0.000381 
3142.296115 -0.000390 
3141.129003 -0.000438 
3139.961891 -0.000340 
3138.794780 -0.000431 
3137.627668 -0.000571 
3136.460556 -0.000186 
3135.293444 0.000570 
3134.126333 0.001267 
3132.959221 0.002161 
3131.792109 0.003355 
3130.624998 0.004689 
3129.457886 0.006352 
3128.290774 0.008074 
3127.123662 0.010125 
3125.956551 0.012578 
3124.789439 0.015229 
3123.622327 0.017617 
3122.455215 0.019121 
3121.288104 0.018865 
3120.120992 0.016705 
3118.953880 0.013230 
3117.786768 0.009843 
3116.619657 0.007101 
3115.452545 0.005025 
3114.285433 0.003648 
3113.118321 0.002479 
3111.951210 0.001713 
3110.784098 0.001238 
3109.616986 0.000644 
3108.449874 0.000345 
3107.282763 0.000106 
3106.115651 0.000102 
3104.948539 0.000226 
3103.781428 0.000542 
3102.614316 0.001064 
3101.447204 0.001624 
3100.280092 0.001968 
3099.112981 0.001657 
3097.945869 0.000862 
3096.778757 0.000311 
3095.611645 -0.000169 
3094.444534 -0.000434 
3093.277422 -0.000465 
3092.110310 -0.000537 
3090.943198 -0.000535 
3089.776087 -0.000465 
3088.608975 -0.000256 
3087.441863 -0.000113 
3086.274751 -0.000138 
3085.107640 -0.000083 
3083.940528 0.000109 
3082.773416 0.000273 
3081.606305 0.000352 
3080.439193 0.000216 
3079.272081 0.000178 
3078.104969 0.000194 
3076.937858 0.000092 
3075.770746 0.000237 
3074.603634 0.000252 
3073.436522 0.000388 
3072.269411 0.000430 
3071.102299 0.000504 
3069.935187 0.000517 
3068.768075 0.000563 
3067.600964 0.000296 
3066.433852 0.000041 
3065.266740 -0.000189 
3064.099628 -0.000235 
3062.932517 -0.000237 
3061.765405 -0.000168 
3060.598293 -0.000083 
3059.431182 0.000014 
3058.264070 0.000113 
3057.096958 0.000379 
3055.929846 0.000489 
3054.762735 0.000505 
3053.595623 0.000631 
3052.428511 0.000728 
3051.261399 0.001008 
3050.094288 0.001153 
3048.927176 0.001243 
3047.760064 0.001261 
3046.592952 0.001513 
3045.425841 0.001713 
3044.258729 0.001832 
3043.091617 0.002008 
3041.924505 0.002189 
3040.757394 0.002447 
3039.590282 0.002653 
3038.423170 0.002668 
3037.256058 0.002594 
3036.088947 0.002468 
3034.921835 0.002199 
3033.754723 0.001886 
3032.587612 0.001639 
3031.420500 0.001304 
3030.253388 0.001110 
3029.086276 0.000791 
3027.919165 0.000471 
3026.752053 0.000331 
3025.584941 0.000175 
3024.417829 0.000050 
3023.250718 -0.000003 
3022.083606 0.000028 
3020.916494 0.000117 
3019.749382 0.000165 
3018.582271 0.000479 
3017.415159 0.001053 
3016.248047 0.001919 
3015.080935 0.003489 
3013.913824 0.005911 
3012.746712 0.009225 
3011.579600 0.013483 
3010.412489 0.018650 
3009.245377 0.026717 
3008.078265 0.041591 
3006.911153 0.072274 
3005.744042 0.139785 
3004.576930 0.264324 
3003.409818 0.401165 
3002.242706 0.390992 
3001.075595 0.263414 
2999.908483 0.160054 
2998.741371 0.101923 
2997.574259 0.071599 
2996.407148 0.053893 
2995.240036 0.044005 
2994.072924 0.038951 
2992.905812 0.035281 
2991.738701 0.030323 
2990.571589 0.025639 
2989.404477 0.022224 
2988.237366 0.020114 
2987.070254 0.018495 
2985.903142 0.016861 
2984.736030 0.015477 
2983.568919 0.014237 
2982.401807 0.013180 
2981.234695 0.012308 
2980.067583 0.011537 
2978.900472 0.011053 
2977.733360 0.010438 
2976.566248 0.010033 
2975.399136 0.009737 
2974.232025 0.009738 
2973.064913 0.009986 
2971.897801 0.010361 
2970.730689 0.011287 
2969.563578 0.013069 
2968.396466 0.016319 
2967.229354 0.022646 
2966.062243 0.033107 
2964.895131 0.045636 
2963.728019 0.050885 
2962.560907 0.045700 
2961.393796 0.037615 
2960.226684 0.030285 
2959.059572 0.023505 
2957.892460 0.018133 
2956.725349 0.014625 
2955.558237 0.012483 
2954.391125 0.011078 
2953.224013 0.010216 
2952.056902 0.009432 
2950.889790 0.008745 
2949.722678 0.008163 
2948.555566 0.007775 
2947.388455 0.007263 
2946.221343 0.006890 
2945.054231 0.006527 
2943.887119 0.006295 
2942.720008 0.006096 
2941.552896 0.005944 
2940.385784 0.005642 
2939.218673 0.005553 
2938.051561 0.005340 
2936.884449 0.005240 
2935.717337 0.005247 
2934.550226 0.005077 
2933.383114 0.005132 
2932.216002 0.005130 
2931.048890 0.005370 
2929.881779 0.005695 
2928.714667 0.006079 
2927.547555 0.006807 
2926.380443 0.007926 
2925.213332 0.009766 
2924.046220 0.013125 
2922.879108 0.019532 
2921.711996 0.032933 
2920.544885 0.064427 
2919.377773 0.126938 
2918.210661 0.189674 
2917.043550 0.176685 
2915.876438 0.117751 
2914.709326 0.072564 
2913.542214 0.048163 
2912.375103 0.034931 
2911.207991 0.027096 
2910.040879 0.022267 
2908.873767 0.019234 
2907.706656 0.017234 
2906.539544 0.015936 
2905.372432 0.014892 
2904.205320 0.014365 
2903.038209 0.013857 
2901.871097 0.013465 
2900.703985 0.013315 
2899.536873 0.013072 
2898.369762 0.013046 
2897.202650 0.013051 
2896.035538 0.012993 
2894.868427 0.012989 
2893.701315 0.013155 
2892.534203 0.013394 
2891.367091 0.013715 
2890.199980 0.014131 
2889.032868 0.014823 
2887.865756 0.015656 
2886.698644 0.016817 
2885.531533 0.018372 
2884.364421 0.020294 
2883.197309 0.022690 
2882.030197 0.025486 
2880.863086 0.028991 
2879.695974 0.033330 
2878.528862 0.038744 
2877.361750 0.045094 
2876.194639 0.053007 
2875.027527 0.062453 
2873.860415 0.073714 
2872.693303 0.086507 
2871.526192 0.100199 
2870.359080 0.113596 
2869.191968 0.125744 
2868.024857 0.136505 
2866.857745 0.147557 
2865.690633 0.160595 
2864.523521 0.178092 
2863.356410 0.201740 
2862.189298 0.236175 
2861.022186 0.286356 
2859.855074 0.358851 
2858.687963 0.457856 
2857.520851 0.575659 
2856.353739 0.689729 
2855.186627 0.764918 
2854.019516 0.772083 
2852.852404 0.713721 
2851.685292 0.621724 
2850.518180 0.528478 
2849.351069 0.450640 
2848.183957 0.392312 
2847.016845 0.349143 
2845.849734 0.317142 
2844.682622 0.294734 
2843.515510 0.278956 
2842.348398 0.265202 
2841.181287 0.249894 
2840.014175 0.233280 
2838.847063 0.216924 
2837.679951 0.204969 
2836.512840 0.203408 
2835.345728 0.210990 
2834.178616 0.216054 
2833.011504 0.213995 
2831.844393 0.207121 
2830.677281 0.195695 
2829.510169 0.187411 
2828.343057 0.186721 
2827.175946 0.194199 
2826.008834 0.210955 
2824.841722 0.234838 
2823.674611 0.255743 
2822.507499 0.254280 
2821.340387 0.224557 
2820.173275 0.182899 
2819.006164 0.148791 
2817.839052 0.125456 
2816.671940 0.109279 
2815.504828 0.097561 
2814.337717 0.088834 
2813.170605 0.082034 
2812.003493 0.076721 
2810.836381 0.072062 
2809.669270 0.068237 
2808.502158 0.065287 
2807.335046 0.063673 
2806.167934 0.063668 
2805.000823 0.065580 
2803.833711 0.069120 
2802.666599 0.073658 
2801.499488 0.077848 
2800.332376 0.079950 
2799.165264 0.079872 
2797.998152 0.077502 
2796.831041 0.073766 
2795.663929 0.069299 
2794.496817 0.064789 
2793.329705 0.060511 
2792.162594 0.056720 
2790.995482 0.053480 
2789.828370 0.051133 
2788.661258 0.049753 
2787.494147 0.048894 
2786.327035 0.048656 
2785.159923 0.049067 
2783.992811 0.050179 
2782.825700 0.051907 
2781.658588 0.054430 
2780.491476 0.057337 
2779.324364 0.060040 
2778.157253 0.062026 
2776.990141 0.063088 
2775.823029 0.063712 
2774.655918 0.065004 
2773.488806 0.068068 
2772.321694 0.073124 
2771.154582 0.079330 
2769.987471 0.086111 
2768.820359 0.095092 
2767.653247 0.110715 
2766.486135 0.141695 
2765.319024 0.203629 
2764.151912 0.309585 
2762.984800 0.437102 
2761.817688 0.514761 
2760.650577 0.521704 
2759.483465 0.497971 
2758.316353 0.470851 
2757.149241 0.442004 
2755.982130 0.409374 
2754.815018 0.376696 
2753.647906 0.348381 
2752.480795 0.328691 
2751.313683 0.324036 
2750.146571 0.343355 
2748.979459 0.390929 
2747.812348 0.452320 
2746.645236 0.492655 
2745.478124 0.487016 
2744.311012 0.451298 
2743.143901 0.407599 
2741.976789 0.367820 
2740.809677 0.335436 
2739.642565 0.311444 
2738.475454 0.292043 
2737.308342 0.268901 
2736.141230 0.234734 
2734.974118 0.191802 
2733.807007 0.151584 
2732.639895 0.120706 
2731.472783 0.099542 
2730.305672 0.084696 
2729.138560 0.074148 
2727.971448 0.066111 
2726.804336 0.060026 
2725.637225 0.055241 
2724.470113 0.051428 
2723.303001 0.048321 
2722.135889 0.045732 
2720.968778 0.043686 
2719.801666 0.042122 
2718.634554 0.040711 
2717.467442 0.039360 
2716.300331 0.037789 
2715.133219 0.036069 
2713.966107 0.034533 
2712.798995 0.033336 
2711.631884 0.032546 
2710.464772 0.031982 
2709.297660 0.031302 
2708.130548 0.030579 
2706.963437 0.029834 
2705.796325 0.029273 
2704.629213 0.028713 
2703.462102 0.028016 
2702.294990 0.027453 
2701.127878 0.026908 
2699.960766 0.026365 
2698.793655 0.025806 
2697.626543 0.025173 
2696.459431 0.024663 
2695.292319 0.024169 
2694.125208 0.023647 
2692.958096 0.023246 
2691.790984 0.022671 
2690.623872 0.022057 
2689.456761 0.021504 
2688.289649 0.021005 
2687.122537 0.020641 
2685.955425 0.020067 
2684.788314 0.019634 
2683.621202 0.019551 
2682.454090 0.019355 
2681.286979 0.018791 
2680.119867 0.018055 
2678.952755 0.017382 
2677.785643 0.016579 
2676.618532 0.015862 
2675.451420 0.015407 
2674.284308 0.015076 
2673.117196 0.014730 
2671.950085 0.014417 
2670.782973 0.014213 
2669.615861 0.013979 
2668.448749 0.013688 
2667.281638 0.013652 
2666.114526 0.013605 
2664.947414 0.013566 
2663.780302 0.013506 
2662.613191 0.013354 
2661.446079 0.013304 
2660.278967 0.013164 
2659.111856 0.013093 
2657.944744 0.012945 
2656.777632 0.012720 
2655.610520 0.012392 
2654.443409 0.012087 
2653.276297 0.011688 
2652.109185 0.011328 
2650.942073 0.010997 
2649.774962 0.010589 
2648.607850 0.010134 
2647.440738 0.009705 
2646.273626 0.009345 
2645.106515 0.008910 
2643.939403 0.008466 
2642.772291 0.008248 
2641.605179 0.007954 
2640.438068 0.007691 
2639.270956 0.007468 
2638.103844 0.007066 
2636.936733 0.006836 
2635.769621 0.006549 
2634.602509 0.006393 
2633.435397 0.006121 
2632.268286 0.005941 
2631.101174 0.005752 
2629.934062 0.005604 
2628.766950 0.005626 
2627.599839 0.005467 
2626.432727 0.005335 
2625.265615 0.005172 
2624.098503 0.004922 
2622.931392 0.004819 
2621.764280 0.004803 
2620.597168 0.004703 
2619.430056 0.004651 
2618.262945 0.004590 
2617.095833 0.004566 
2615.928721 0.004576 
2614.761609 0.004694 
2613.594498 0.004773 
2612.427386 0.004954 
2611.260274 0.005160 
2610.093163 0.005358 
2608.926051 0.005677 
2607.758939 0.005910 
2606.591827 0.006294 
2605.424716 0.006932 
2604.257604 0.007645 
2603.090492 0.008528 
2601.923380 0.009850 
2600.756269 0.011471 
2599.589157 0.013687 
2598.422045 0.016404 
2597.254933 0.019229 
2596.087822 0.020847 
2594.920710 0.020227 
2593.753598 0.017591 
2592.586486 0.014317 
2591.419375 0.011348 
2590.252263 0.008971 
2589.085151 0.007124 
2587.918040 0.005729 
2586.750928 0.004690 
2585.583816 0.003746 
2584.416704 0.003135 
2583.249593 0.002678 
2582.082481 0.002400 
2580.915369 0.002015 
2579.748257 0.001700 
2578.581146 0.001400 
2577.414034 0.001190 
2576.246922 0.000932 
2575.079810 0.000700 
2573.912699 0.000594 
2572.745587 0.000566 
2571.578475 0.000369 
2570.411363 0.000184 
2569.244252 0.000101 
2568.077140 -0.000071 
2566.910028 -0.000013 
2565.742917 -0.000088 
2564.575805 -0.000115 
2563.408693 -0.000095 
2562.241581 0.000099 
2561.074470 0.000320 
2559.907358 0.000667 
2558.740246 0.000881 
2557.573134 0.001226 
2556.406023 0.001420 
2555.238911 0.001421 
2554.071799 0.001234 
2552.904687 0.001180 
2551.737576 0.001222 
2550.570464 0.001207 
2549.403352 0.001408 
2548.236240 0.001749 
2547.069129 0.002354 
2545.902017 0.003152 
2544.734905 0.004165 
2543.567794 0.005062 
2542.400682 0.005451 
2541.233570 0.004928 
2540.066458 0.003717 
2538.899347 0.002501 
2537.732235 0.001684 
2536.565123 0.001212 
2535.398011 0.000977 
2534.230900 0.000918 
2533.063788 0.001007 
2531.896676 0.001365 
2530.729564 0.001720 
2529.562453 0.002370 
2528.395341 0.003051 
2527.228229 0.004057 
2526.061117 0.005158 
2524.894006 0.006356 
2523.726894 0.007156 
2522.559782 0.006811 
2521.392670 0.005143 
2520.225559 0.002682 
2519.058447 0.000810 
2517.891335 -0.000287 
2516.724224 -0.001033 
2515.557112 -0.001376 
2514.390000 -0.001372 
2513.222888 -0.001321 
2512.055777 -0.001070 
2510.888665 -0.000921 
2509.721553 -0.000527 
2508.554441 -0.000161 
2507.387330 0.000025 
2506.220218 -0.000112 
2505.053106 -0.000601 
2503.885994 -0.001047 
2502.718883 -0.001509 
2501.551771 -0.001657 
2500.384659 -0.001659 
2499.217547 -0.001475 
2498.050436 -0.001382 
2496.883324 -0.001199 
2495.716212 -0.000977 
2494.549101 -0.000646 
2493.381989 -0.000456 
2492.214877 -0.000222 
2491.047765 0.000169 
2489.880654 0.000571 
2488.713542 0.000905 
2487.546430 0.001002 
2486.379318 0.000729 
2485.212207 0.000214 
2484.045095 -0.000428 
2482.877983 -0.000892 
2481.710871 -0.001154 
2480.543760 -0.001321 
2479.376648 -0.001226 
2478.209536 -0.000941 
2477.042424 -0.000564 
2475.875313 -0.000091 
2474.708201 0.000447 
2473.541089 0.001063 
2472.373978 0.001897 
2471.206866 0.002760 
2470.039754 0.004149 
2468.872642 0.006606 
2467.705531 0.012222 
2466.538419 0.017234 
2465.371307 0.013978 
2464.204195 0.009704 
2463.037084 0.006011 
2461.869972 0.002811 
2460.702860 0.001462 
2459.535748 0.001233 
2458.368637 0.001501 
2457.201525 0.002033 
2456.034413 0.002658 
2454.867301 0.003198 
2453.700190 0.003218 
2452.533078 0.003323 
2451.365966 0.003826 
2450.198854 0.005188 
2449.031743 0.007212 
2447.864631 0.008381 
2446.697519 0.006382 
2445.530408 0.003011 
2444.363296 0.001190 
2443.196184 0.000479 
2442.029072 0.000220 
2440.861961 0.000011 
2439.694849 -0.000122 
2438.527737 -0.000162 
2437.360625 -0.000189 
2436.193514 -0.000113 
2435.026402 -0.000164 
2433.859290 -0.000062 
2432.692178 -0.000120 
2431.525067 -0.000240 
2430.357955 -0.000193 
2429.190843 -0.000174 
2428.023731 -0.000134 
2426.856620 -0.000178 
2425.689508 -0.000173 
2424.522396 -0.000166 
2423.355285 -0.000188 
2422.188173 -0.000138 
2421.021061 -0.000028 
2419.853949 -0.000017 
2418.686838 -0.000036 
2417.519726 0.000095 
2416.352614 0.000129 
2415.185502 0.000141 
2414.018391 0.000135 
2412.851279 0.000164 
2411.684167 0.000216 
2410.517055 0.000253 
2409.349944 0.000296 
2408.182832 0.000257 
2407.015720 0.000186 
2405.848608 0.000168 
2404.681497 0.000197 
2403.514385 0.000242 
2402.347273 0.000257 
2401.180162 0.000217 
2400.013050 0.000260 
2398.845938 0.000303 
2397.678826 0.000245 
2396.511715 0.000235 
2395.344603 0.000372 
2394.177491 0.000372 
2393.010379 0.000344 
2391.843268 0.000359 
2390.676156 0.000400 
2389.509044 0.000444 
2388.341932 0.000455 
2387.174821 0.000417 
2386.007709 0.000267 
2384.840597 0.000238 
2383.673485 0.000214 
2382.506374 0.000311 
2381.339262 0.000248 
2380.172150 0.000165 
2379.005039 0.000119 
2377.837927 0.000124 
2376.670815 0.000090 
2375.503703 -0.000049 
2374.336592 -0.000098 
2373.169480 -0.000062 
2372.002368 -0.000163 
2370.835256 -0.000307 
2369.668145 -0.000283 
2368.501033 -0.000433 
2367.333921 -0.000434 
2366.166809 -0.000444 
2364.999698 -0.000597 
2363.832586 -0.000622 
2362.665474 -0.000567 
2361.498362 -0.000749 
2360.331251 -0.000718 
2359.164139 -0.000695 
2357.997027 -0.000638 
2356.829915 -0.000619 
2355.662804 -0.000591 
2354.495692 -0.000475 
2353.328580 -0.000487 
2352.161469 -0.000395 
2350.994357 -0.000375 
2349.827245 -0.000327 
2348.660133 -0.000278 
2347.493022 -0.000210 
2346.325910 -0.000288 
2345.158798 -0.000017 
2343.991686 0.000716 
2342.824575 0.002689 
2341.657463 0.005528 
2340.490351 0.005232 
2339.323239 0.003155 
2338.156128 0.003551 
2336.989016 0.007674 
2335.821904 0.007405 
2334.654792 0.001142 
2333.487681 0.000409 
2332.320569 0.000479 
2331.153457 0.000524 
2329.986346 0.000593 
2328.819234 0.000725 
2327.652122 0.000960 
2326.485010 0.001041 
2325.317899 0.001228 
2324.150787 0.001403 
2322.983675 0.001356 
2321.816563 0.001422 
2320.649452 0.001343 
2319.482340 0.001352 
2318.315228 0.001209 
2317.148116 0.001102 
2315.981005 0.001116 
2314.813893 0.001106 
2313.646781 0.001139 
2312.479669 0.001047 
2311.312558 0.000896 
2310.145446 0.000976 
2308.978334 0.000887 
2307.811223 0.000842 
2306.644111 0.000693 
2305.476999 0.000583 
2304.309887 0.000448 
2303.142776 0.000188 
2301.975664 0.000138 
2300.808552 0.000073 
2299.641440 0.000051 
2298.474329 -0.000073 
2297.307217 -0.000055 
2296.140105 -0.000142 
2294.972993 0.000016 
2293.805882 -0.000074 
2292.638770 -0.000068 
2291.471658 -0.000063 
2290.304546 -0.000042 
2289.137435 0.000048 
2287.970323 -0.000021 
2286.803211 -0.000060 
2285.636099 -0.000005 
2284.468988 -0.000005 
2283.301876 -0.000112 
2282.134764 -0.000140 
2280.967653 -0.000207 
2279.800541 -0.000200 
2278.633429 -0.000156 
2277.466317 -0.000017 
2276.299206 -0.000012 
2275.132094 0.000076 
2273.964982 0.000033 
2272.797870 0.000203 
2271.630759 0.000382 
2270.463647 0.000439 
2269.296535 0.000289 
2268.129423 0.000337 
2266.962312 0.000328 
2265.795200 0.000154 
2264.628088 0.000076 
2263.460976 -0.000058 
2262.293865 -0.000119 
2261.126753 -0.000179 
2259.959641 -0.000164 
2258.792530 -0.000198 
2257.625418 -0.000131 
2256.458306 -0.000080 
2255.291194 -0.000045 
2254.124083 0.000038 
2252.956971 0.000295 
2251.789859 0.000562 
2250.622747 0.001054 
2249.455636 0.001686 
2248.288524 0.002519 
2247.121412 0.003607 
2245.954300 0.004660 
2244.787189 0.006073 
2243.620077 0.007584 
2242.452965 0.009355 
2241.285853 0.011188 
2240.118742 0.013711 
2238.951630 0.016489 
2237.784518 0.019567 
2236.617407 0.022270 
2235.450295 0.024167 
2234.283183 0.024965 
2233.116071 0.024559 
2231.948960 0.023308 
2230.781848 0.021785 
2229.614736 0.019368 
2228.447624 0.015845 
2227.280513 0.012122 
2226.113401 0.008892 
2224.946289 0.006592 
2223.779177 0.004963 
2222.612066 0.003914 
2221.444954 0.003143 
2220.277842 0.002616 
2219.110730 0.002039 
2217.943619 0.001602 
2216.776507 0.001265 
2215.609395 0.001091 
2214.442284 0.000917 
2213.275172 0.000986 
2212.108060 0.001265 
2210.940948 0.001341 
2209.773837 0.001286 
2208.606725 0.001333 
2207.439613 0.001582 
2206.272501 0.001754 
2205.105390 0.002094 
2203.938278 0.002457 
2202.771166 0.003247 
2201.604054 0.005419 
2200.436943 0.008744 
2199.269831 0.008209 
2198.102719 0.005895 
2196.935607 0.004498 
2195.768496 0.003913 
2194.601384 0.003668 
2193.434272 0.003409 
2192.267160 0.003064 
2191.100049 0.002486 
2189.932937 0.001993 
2188.765825 0.001542 
2187.598714 0.001319 
2186.431602 0.001075 
2185.264490 0.000804 
2184.097378 0.000631 
2182.930267 0.000575 
2181.763155 0.000469 
2180.596043 0.000522 
2179.428931 0.000474 
2178.261820 0.000537 
2177.094708 0.000623 
2175.927596 0.000669 
2174.760484 0.000660 
2173.593373 0.000523 
2172.426261 0.000269 
2171.259149 0.000129 
2170.092037 0.000119 
2168.924926 -0.000000 
2167.757814 0.000107 
2166.590702 0.000172 
2165.423591 0.000190 
2164.256479 0.000123 
2163.089367 0.000255 
2161.922255 0.000236 
2160.755144 0.000262 
2159.588032 0.000267 
2158.420920 0.000257 
2157.253808 0.000269 
2156.086697 0.000230 
2154.919585 0.000151 
2153.752473 0.000190 
2152.585361 0.000115 
2151.418250 -0.000088 
2150.251138 -0.000033 
2149.084026 -0.000131 
2147.916914 -0.000156 
2146.749803 -0.000278 
2145.582691 -0.000114 
2144.415579 -0.000198 
2143.248468 -0.000111 
2142.081356 -0.000129 
2140.914244 -0.000049 
2139.747132 0.000060 
2138.580021 0.000080 
2137.412909 -0.000007 
2136.245797 -0.000044 
2135.078685 -0.000015 
2133.911574 0.000034 
2132.744462 0.000044 
2131.577350 0.000111 
2130.410238 0.000338 
2129.243127 0.000556 
2128.076015 0.000949 
2126.908903 0.001423 
2125.741791 0.001994 
2124.574680 0.002572 
2123.407568 0.003008 
2122.240456 0.003311 
2121.073344 0.003769 
2119.906233 0.004310 
2118.739121 0.004889 
2117.572009 0.005241 
2116.404898 0.005122 
2115.237786 0.004474 
2114.070674 0.003355 
2112.903562 0.002464 
2111.736451 0.001763 
2110.569339 0.001426 
2109.402227 0.001064 
2108.235115 0.000984 
2107.068004 0.000957 
2105.900892 0.000981 
2104.733780 0.000932 
2103.566668 0.000979 
2102.399557 0.001184 
2101.232445 0.001302 
2100.065333 0.001323 
2098.898221 0.001111 
2097.731110 0.001072 
2096.563998 0.001044 
2095.396886 0.001131 
2094.229775 0.001093 
2093.062663 0.001131 
2091.895551 0.001026 
2090.728439 0.001005 
2089.561328 0.000905 
2088.394216 0.000883 
2087.227104 0.000867 
2086.059992 0.000836 
2084.892881 0.000717 
2083.725769 0.000559 
2082.558657 0.000510 
2081.391545 0.000503 
2080.224434 0.000476 
2079.057322 0.000411 
2077.890210 0.000336 
2076.723098 0.000205 
2075.555987 0.000326 
2074.388875 0.000143 
2073.221763 0.000054 
2072.054652 0.000037 
2070.887540 0.000124 
2069.720428 0.000107 
2068.553316 0.000002 
2067.386205 -0.000153 
2066.219093 -0.000181 
2065.051981 -0.000192 
2063.884869 -0.000312 
2062.717758 -0.000324 
2061.550646 -0.000396 
2060.383534 -0.000389 
2059.216422 -0.000581 
2058.049311 -0.000613 
2056.882199 -0.000630 
2055.715087 -0.000581 
2054.547975 -0.000667 
2053.380864 -0.000695 
2052.213752 -0.000714 
2051.046640 -0.000650 
2049.879529 -0.000762 
2048.712417 -0.000733 
2047.545305 -0.000780 
2046.378193 -0.000703 
2045.211082 -0.000672 
2044.043970 -0.000718 
2042.876858 -0.000673 
2041.709746 -0.000733 
2040.542635 -0.000646 
2039.375523 -0.000661 
2038.208411 -0.000563 
2037.041299 -0.000643 
2035.874188 -0.000619 
2034.707076 -0.000646 
2033.539964 -0.000596 
2032.372852 -0.000576 
2031.205741 -0.000491 
2030.038629 -0.000493 
2028.871517 -0.000515 
2027.704405 -0.000476 
2026.537294 -0.000352 
2025.370182 -0.000197 
2024.203070 -0.000147 
2023.035959 -0.000018 
2021.868847 0.000051 
2020.701735 0.000263 
2019.534623 0.000441 
2018.367512 0.000804 
2017.200400 0.001088 
2016.033288 0.001519 
2014.866176 0.001941 
2013.699065 0.002605 
2012.531953 0.003418 
2011.364841 0.004511 
2010.197729 0.005804 
2009.030618 0.007413 
2007.863506 0.009415 
2006.696394 0.011740 
2005.529282 0.014695 
2004.362171 0.018163 
2003.195059 0.022103 
2002.027947 0.026204 
2000.860836 0.029769 
1999.693724 0.031159 
1998.526612 0.029226 
1997.359500 0.024325 
1996.192389 0.018709 
1995.025277 0.013871 
1993.858165 0.010241 
1992.691053 0.007710 
1991.523942 0.005927 
1990.356830 0.004607 
1989.189718 0.003577 
1988.022606 0.002918 
1986.855495 0.002338 
1985.688383 0.001988 
1984.521271 0.001649 
1983.354159 0.001529 
1982.187048 0.001405 
1981.019936 0.001125 
1979.852824 0.000770 
1978.685713 0.000455 
1977.518601 0.000225 
1976.351489 0.000012 
1975.184377 -0.000154 
1974.017266 -0.000293 
1972.850154 -0.000462 
1971.683042 -0.000573 
1970.515930 -0.000594 
1969.348819 -0.000711 
1968.181707 -0.000593 
1967.014595 -0.000518 
1965.847483 -0.000386 
1964.680372 -0.000278 
1963.513260 0.000027 
1962.346148 0.000254 
1961.179036 0.000438 
1960.011925 0.000535 
1958.844813 0.000745 
1957.677701 0.000658 
1956.510589 0.000672 
1955.343478 0.000684 
1954.176366 0.000595 
1953.009254 0.000437 
1951.842143 0.000309 
1950.675031 0.000268 
1949.507919 0.000057 
1948.340807 0.000155 
1947.173696 0.000014 
1946.006584 -0.000001 
1944.839472 -0.000110 
1943.672360 -0.000087 
1942.505249 -0.000105 
1941.338137 -0.000135 
1940.171025 -0.000254 
1939.003913 -0.000229 
1937.836802 -0.000231 
1936.669690 -0.000316 
1935.502578 -0.000319 
1934.335466 -0.000206 
1933.168355 -0.000111 
1932.001243 -0.000003 
1930.834131 0.000207 
1929.667020 0.000305 
1928.499908 0.000561 
1927.332796 0.000734 
1926.165684 0.000940 
1924.998573 0.001107 
1923.831461 0.001322 
1922.664349 0.001369 
1921.497237 0.001352 
1920.330126 0.001252 
1919.163014 0.001059 
1917.995902 0.001031 
1916.828790 0.000743 
1915.661679 0.000509 
1914.494567 0.000360 
1913.327455 0.000383 
1912.160343 0.000185 
1910.993232 0.000169 
1909.826120 0.000028 
1908.659008 0.000013 
1907.491897 -0.000046 
1906.324785 0.000079 
1905.157673 0.000175 
1903.990561 0.000119 
1902.823450 0.000006 
1901.656338 -0.000053 
1900.489226 -0.000133 
1899.322114 -0.000157 
1898.155003 -0.000134 
1896.987891 -0.000067 
1895.820779 0.000133 
1894.653667 0.000279 
1893.486556 0.000623 
1892.319444 0.000860 
1891.152332 0.001125 
1889.985220 0.001274 
1888.818109 0.001208 
1887.650997 0.000879 
1886.483885 0.000684 
1885.316774 0.000439 
1884.149662 0.000344 
1882.982550 0.000224 
1881.815438 0.000102 
1880.648327 0.000002 
1879.481215 -0.000032 
1878.314103 -0.000005 
1877.146991 0.000065 
1875.979880 0.000377 
1874.812768 0.000633 
1873.645656 0.001016 
1872.478544 0.001161 
1871.311433 0.001282 
1870.144321 0.001565 
1868.977209 0.002406 
1867.810097 0.003127 
1866.642986 0.003718 
1865.475874 0.003738 
1864.308762 0.003488 
1863.141650 0.003118 
1861.974539 0.002946 
1860.807427 0.002813 
1859.640315 0.002711 
1858.473204 0.002837 
1857.306092 0.002918 
1856.138980 0.003004 
1854.971868 0.003111 
1853.804757 0.003240 
1852.637645 0.003361 
1851.470533 0.003426 
1850.303421 0.003485 
1849.136310 0.003679 
1847.969198 0.003726 
1846.802086 0.003745 
1845.634974 0.003774 
1844.467863 0.004001 
1843.300751 0.003810 
1842.133639 0.003520 
1840.966527 0.003336 
1839.799416 0.003020 
1838.632304 0.002770 
1837.465192 0.002428 
1836.298081 0.002126 
1835.130969 0.001694 
1833.963857 0.001500 
1832.796745 0.001164 
1831.629634 0.000955 
1830.462522 0.000754 
1829.295410 0.000586 
1828.128298 0.000304 
1826.961187 0.000118 
1825.794075 0.000072 
1824.626963 0.000092 
1823.459851 0.000004 
1822.292740 0.000082 
1821.125628 0.000322 
1819.958516 0.000440 
1818.791404 0.000614 
1817.624293 0.000622 
1816.457181 0.000802 
1815.290069 0.000935 
1814.122958 0.001156 
1812.955846 0.001267 
1811.788734 0.001503 
1810.621622 0.001648 
1809.454511 0.001704 
1808.287399 0.001797 
1807.120287 0.001842 
1805.953175 0.001831 
1804.786064 0.001846 
1803.618952 0.002168 
1802.451840 0.002526 
1801.284728 0.003023 
1800.117617 0.003626 
1798.950505 0.004535 
1797.783393 0.005457 
1796.616281 0.006819 
1795.449170 0.008486 
1794.282058 0.010598 
1793.114946 0.013142 
1791.947835 0.016026 
1790.780723 0.019020 
1789.613611 0.022440 
1788.446499 0.026627 
1787.279388 0.031632 
1786.112276 0.037663 
1784.945164 0.044793 
1783.778052 0.053083 
1782.610941 0.062851 
1781.443829 0.074375 
1780.276717 0.087526 
1779.109605 0.102224 
1777.942494 0.117759 
1776.775382 0.133887 
1775.608270 0.149768 
1774.441158 0.164552 
1773.274047 0.177922 
1772.106935 0.189082 
1770.939823 0.197276 
1769.772711 0.202293 
1768.605600 0.203736 
1767.438488 0.200540 
1766.271376 0.192236 
1765.104265 0.179688 
1763.937153 0.163863 
1762.770041 0.146195 
1761.602929 0.128848 
1760.435818 0.112257 
1759.268706 0.097980 
1758.101594 0.086032 
1756.934482 0.076538 
1755.767371 0.069014 
1754.600259 0.063646 
1753.433147 0.060187 
1752.266035 0.058532 
1751.098924 0.058195 
1749.931812 0.057894 
1748.764700 0.058575 
1747.597588 0.060063 
1746.430477 0.063112 
1745.263365 0.067955 
1744.096253 0.075800 
1742.929142 0.086876 
1741.762030 0.102574 
1740.594918 0.124452 
1739.427806 0.155498 
1738.260695 0.199805 
1737.093583 0.265107 
1735.926471 0.364579 
1734.759359 0.511065 
1733.592248 0.694504 
1732.425136 0.862828 
1731.258024 1.012043 
1730.090912 1.163800 
1728.923801 1.328121 
1727.756689 1.492546 
1726.589577 1.652903 
1725.422465 1.845073 
1724.255354 2.035506 
1723.088242 2.121108 
1721.921130 2.125931 
1720.754019 2.153860 
1719.586907 2.293048 
1718.419795 2.545962 
1717.252683 2.445404 
1716.085572 2.176442 
1714.918460 2.011253 
1713.751348 1.851586 
1712.584236 1.583600 
1711.417125 1.236188 
1710.250013 0.941448 
1709.082901 0.704506 
1707.915789 0.546393 
1706.748678 0.441034 
1705.581566 0.373415 
1704.414454 0.322931 
1703.247342 0.277238 
1702.080231 0.243640 
1700.913119 0.218050 
1699.746007 0.197159 
1698.578895 0.178338 
1697.411784 0.162945 
1696.244672 0.150656 
1695.077560 0.139171 
1693.910449 0.129721 
1692.743337 0.129670 
1691.576225 0.148771 
1690.409113 0.135121 
1689.242002 0.110607 
1688.074890 0.099424 
1686.907778 0.095379 
1685.740666 0.099614 
1684.573555 0.141689 
1683.406443 0.252913 
1682.239331 0.231150 
1681.072219 0.140529 
1679.905108 0.101419 
1678.737996 0.091666 
1677.570884 0.089002 
1676.403772 0.076905 
1675.236661 0.068484 
1674.069549 0.062945 
1672.902437 0.058810 
1671.735326 0.055590 
1670.568214 0.052565 
1669.401102 0.050170 
1668.233990 0.047526 
1667.066879 0.045257 
1665.899767 0.043158 
1664.732655 0.041395 
1663.565543 0.039837 
1662.398432 0.038481 
1661.231320 0.036832 
1660.064208 0.035615 
1658.897096 0.034716 
1657.729985 0.033972 
1656.562873 0.033379 
1655.395761 0.032999 
1654.228649 0.033144 
1653.061538 0.033703 
1651.894426 0.033088 
1650.727314 0.031736 
1649.560203 0.031194 
1648.393091 0.030897 
1647.225979 0.031148 
1646.058867 0.032222 
1644.891756 0.034249 
1643.724644 0.038598 
1642.557532 0.045905 
1641.390420 0.055297 
1640.223309 0.064481 
1639.056197 0.071763 
1637.889085 0.077168 
1636.721973 0.078649 
1635.554862 0.076722 
1634.387750 0.072095 
1633.220638 0.063710 
1632.053526 0.052944 
1630.886415 0.044540 
1629.719303 0.039589 
1628.552191 0.036483 
1627.385080 0.034326 
1626.217968 0.032363 
1625.050856 0.030914 
1623.883744 0.029621 
1622.716633 0.028085 
1621.549521 0.026881 
1620.382409 0.026154 
1619.215297 0.025504 
1618.048186 0.024246 
1616.881074 0.023106 
1615.713962 0.021005 
1614.546850 0.019397 
1613.379739 0.018333 
1612.212627 0.017508 
1611.045515 0.016722 
1609.878403 0.016192 
1608.711292 0.015746 
1607.544180 0.015351 
1606.377068 0.014987 
1605.209956 0.014650 
1604.042845 0.014302 
1602.875733 0.013951 
1601.708621 0.013663 
1600.541510 0.013215 
1599.374398 0.012889 
1598.207286 0.012328 
1597.040174 0.011997 
1595.873063 0.011469 
1594.705951 0.010968 
1593.538839 0.010327 
1592.371727 0.009805 
1591.204616 0.009175 
1590.037504 0.008599 
1588.870392 0.007982 
1587.703280 0.007347 
1586.536169 0.006708 
1585.369057 0.006087 
1584.201945 0.005454 
1583.034833 0.004781 
1581.867722 0.004237 
1580.700610 0.003658 
1579.533498 0.003231 
1578.366387 0.002741 
1577.199275 0.002631 
1576.032163 0.002781 
1574.865051 0.001811 
1573.697940 0.001162 
1572.530828 0.000856 
1571.363716 0.000571 
1570.196604 0.000729 
1569.029493 0.000585 
1567.862381 0.000148 
1566.695269 -0.000009 
1565.528157 0.000005 
1564.361046 0.000050 
1563.193934 -0.000054 
1562.026822 0.000021 
1560.859710 0.000483 
1559.692599 0.001156 
1558.525487 0.001265 
1557.358375 0.000984 
1556.191264 0.000519 
1555.024152 0.000901 
1553.857040 0.001342 
1552.689928 0.001829 
1551.522817 0.003128 
1550.355705 0.005214 
1549.188593 0.008234 
1548.021481 0.012728 
1546.854370 0.019128 
1545.687258 0.026115 
1544.520146 0.030992 
1543.353034 0.032164 
1542.185923 0.030984 
1541.018811 0.027870 
1539.851699 0.024606 
1538.684587 0.020666 
1537.517476 0.016398 
1536.350364 0.013013 
1535.183252 0.010373 
1534.016140 0.008468 
1532.849029 0.006837 
1531.681917 0.005458 
1530.514805 0.004510 
1529.347694 0.003906 
1528.180582 0.003440 
1527.013470 0.003026 
1525.846358 0.002722 
1524.679247 0.002489 
1523.512135 0.002102 
1522.345023 0.002472 
1521.177911 0.002966 
1520.010800 0.002863 
1518.843688 0.002693 
1517.676576 0.003004 
1516.509464 0.003033 
1515.342353 0.003024 
1514.175241 0.003116 
1513.008129 0.003229 
1511.841017 0.003440 
1510.673906 0.003494 
1509.506794 0.003750 
1508.339682 0.003997 
1507.172571 0.004644 
1506.005459 0.004759 
1504.838347 0.004535 
1503.671235 0.004150 
1502.504124 0.004347 
1501.337012 0.004433 
1500.169900 0.004584 
1499.002788 0.004768 
1497.835677 0.004773 
1496.668565 0.004933 
1495.501453 0.004764 
1494.334341 0.004366 
1493.167230 0.004175 
1492.000118 0.004066 
1490.833006 0.004018 
1489.665894 0.003864 
1488.498783 0.003480 
1487.331671 0.003297 
1486.164559 0.002937 
1484.997448 0.002821 
1483.830336 0.002557 
1482.663224 0.002470 
1481.496112 0.002363 
1480.329001 0.002272 
1479.161889 0.002042 
1477.994777 0.001986 
1476.827665 0.002104 
1475.660554 0.002059 
1474.493442 0.001787 
1473.326330 0.001997 
1472.159218 0.002007 
1470.992107 0.001594 
1469.824995 0.001318 
1468.657883 0.001114 
1467.490771 0.001061 
1466.323660 0.000910 
1465.156548 0.001138 
1463.989436 0.000867 
1462.822325 0.000589 
1461.655213 0.000439 
1460.488101 0.000407 
1459.320989 0.000397 
1458.153878 0.000544 
1456.986766 0.000984 
1455.819654 0.000414 
1454.652542 0.000023 
1453.485431 -0.000094 
1452.318319 0.000004 
1451.151207 0.000114 
1449.984095 0.000423 
1448.816984 0.000813 
1447.649872 0.001621 
1446.482760 0.002308 
1445.315648 0.003707 
1444.148537 0.005619 
1442.981425 0.008471 
1441.814313 0.012438 
1440.647201 0.017885 
1439.480090 0.026267 
1438.312978 0.039585 
1437.145866 0.061284 
1435.978755 0.098469 
1434.811643 0.164049 
1433.644531 0.284424 
1432.477419 0.473324 
1431.310308 0.674563 
1430.143196 0.755107 
1428.976084 0.691521 
1427.808972 0.587134 
1426.641861 0.498855 
1425.474749 0.485916 
1424.307637 0.544305 
1423.140525 0.600212 
1421.973414 0.589412 
1420.806302 0.497161 
1419.639190 0.372114 
1418.472078 0.273377 
1417.304967 0.213141 
1416.137855 0.182192 
1414.970743 0.170952 
1413.803632 0.162164 
1412.636520 0.148393 
1411.469408 0.143720 
1410.302296 0.158487 
1409.135185 0.200037 
1407.968073 0.267302 
1406.800961 0.324806 
1405.633849 0.322237 
1404.466738 0.284950 
1403.299626 0.232585 
1402.132514 0.177366 
1400.965402 0.140181 
1399.798291 0.122778 
1398.631179 0.117684 
1397.464067 0.122210 
1396.296955 0.135851 
1395.129844 0.159795 
1393.962732 0.190267 
1392.795620 0.220470 
1391.628509 0.251333 
1390.461397 0.283815 
1389.294285 0.289479 
1388.127173 0.245080 
1386.960062 0.179128 
1385.792950 0.126768 
1384.625838 0.092070 
1383.458726 0.070122 
1382.291615 0.055557 
1381.124503 0.045781 
1379.957391 0.038524 
1378.790279 0.032626 
1377.623168 0.028125 
1376.456056 0.024514 
1375.288944 0.022043 
1374.121832 0.020001 
1372.954721 0.018469 
1371.787609 0.017104 
1370.620497 0.016226 
1369.453385 0.015544 
1368.286274 0.015131 
1367.119162 0.014785 
1365.952050 0.014801 
1364.784939 0.015224 
1363.617827 0.016309 
1362.450715 0.018268 
1361.283603 0.021875 
1360.116492 0.028447 
1358.949380 0.040894 
1357.782268 0.064289 
1356.615156 0.113911 
1355.448045 0.229754 
1354.280933 0.430936 
1353.113821 0.620252 
1351.946709 0.673528 
1350.779598 0.680834 
1349.612486 0.895525 
1348.445374 1.310412 
1347.278262 1.239598 
1346.111151 0.928591 
1344.944039 0.558611 
1343.776927 0.299055 
1342.609816 0.177999 
1341.442704 0.130716 
1340.275592 0.122430 
1339.108480 0.103238 
1337.941369 0.071484 
1336.774257 0.052631 
1335.607145 0.042274 
1334.440033 0.035846 
1333.272922 0.031529 
1332.105810 0.028085 
1330.938698 0.025493 
1329.771586 0.023382 
1328.604475 0.021759 
1327.437363 0.020366 
1326.270251 0.019270 
1325.103139 0.018417 
1323.936028 0.017624 
1322.768916 0.017091 
1321.601804 0.016474 
1320.434693 0.016106 
1319.267581 0.015731 
1318.100469 0.015634 
1316.933357 0.015394 
1315.766246 0.015429 
1314.599134 0.015422 
1313.432022 0.015470 
1312.264910 0.015594 
1311.097799 0.015901 
1309.930687 0.016078 
1308.763575 0.016384 
1307.596463 0.016723 
1306.429352 0.016943 
1305.262240 0.017176 
1304.095128 0.017263 
1302.928016 0.017305 
1301.760905 0.017129 
1300.593793 0.016813 
1299.426681 0.016226 
1298.259570 0.015560 
1297.092458 0.014658 
1295.925346 0.013860 
1294.758234 0.012989 
1293.591123 0.012119 
1292.424011 0.011060 
1291.256899 0.010002 
1290.089787 0.008975 
1288.922676 0.008174 
1287.755564 0.007358 
1286.588452 0.006656 
1285.421340 0.006060 
1284.254229 0.005421 
1283.087117 0.004951 
1281.920005 0.004421 
1280.752893 0.004022 
1279.585782 0.003628 
1278.418670 0.003431 
1277.251558 0.003111 
1276.084446 0.002847 
1274.917335 0.002504 
1273.750223 0.002330 
1272.583111 0.002229 
1271.416000 0.002021 
1270.248888 0.001827 
1269.081776 0.001687 
1267.914664 0.001510 
1266.747553 0.001262 
1265.580441 0.001183 
1264.413329 0.000952 
1263.246217 0.000880 
1262.079106 0.000634 
1260.911994 0.000498 
1259.744882 0.000345 
1258.577770 0.000238 
1257.410659 0.000125 
1256.243547 0.000025 
1255.076435 -0.000029 
1253.909323 0.000007 
1252.742212 -0.000044 
1251.575100 -0.000152 
1250.407988 -0.000232 
1249.240877 -0.000163 
1248.073765 -0.000063 
1246.906653 -0.000082 
1245.739541 0.000006 
1244.572430 0.000006 
1243.405318 0.000099 
1242.238206 0.000052 
1241.071094 0.000003 
1239.903983 -0.000120 
1238.736871 -0.000023 
1237.569759 -0.000011 
1236.402647 0.000088 
1235.235536 0.000027 
1234.068424 -0.000005 
1232.901312 0.000033 
1231.734200 0.000036 
1230.567089 0.000100 
1229.399977 0.000118 
1228.232865 0.000160 
1227.065754 0.000109 
1225.898642 0.000168 
1224.731530 0.000052 
1223.564418 0.000112 
1222.397307 0.000053 
1221.230195 0.000138 
1220.063083 0.000067 
1218.895971 0.000110 
1217.728860 0.000070 
1216.561748 0.000119 
1215.394636 0.000137 
1214.227524 0.000161 
1213.060413 0.000189 
1211.893301 0.000129 
1210.726189 0.000231 
1209.559077 0.000122 
1208.391966 0.000073 
1207.224854 -0.000021 
1206.057742 0.000053 
1204.890630 -0.000159 
1203.723519 -0.000093 
1202.556407 -0.000250 
1201.389295 -0.000205 
1200.222184 -0.000274 
1199.055072 -0.000235 
1197.887960 -0.000222 
1196.720848 -0.000284 
1195.553737 -0.000371 
1194.386625 -0.000369 
1193.219513 -0.000368 
1192.052401 -0.000465 
1190.885290 -0.000365 
1189.718178 -0.000447 
1188.551066 -0.000451 
1187.383954 -0.000447 
1186.216843 -0.000389 
1185.049731 -0.000549 
1183.882619 -0.000487 
1182.715507 -0.000490 
1181.548396 -0.000419 
1180.381284 -0.000442 
1179.214172 -0.000450 
1178.047061 -0.000451 
1176.879949 -0.000548 
1175.712837 -0.000613 
1174.545725 -0.000818 
1173.378614 -0.000825 
1172.211502 -0.000979 
1171.044390 -0.000905 
1169.877278 -0.001095 
1168.710167 -0.001157 
1167.543055 -0.001416 
1166.375943 -0.001550 
1165.208831 -0.001721 
1164.041720 -0.001796 
1162.874608 -0.001958 
1161.707496 -0.002086 
1160.540384 -0.002237 
1159.373273 -0.002439 
1158.206161 -0.002603 
1157.039049 -0.002888 
1155.871938 -0.003179 
1154.704826 -0.003637 
1153.537714 -0.003892 
1152.370602 -0.004184 
1151.203491 -0.004388 
1150.036379 -0.004614 
1148.869267 -0.004720 
1147.702155 -0.005201 
1146.535044 -0.005392 
1145.367932 -0.005758 
1144.200820 -0.006017 
1143.033708 -0.006413 
1141.866597 -0.006721 
1140.699485 -0.007063 
1139.532373 -0.007443 
1138.365261 -0.007610 
1137.198150 -0.007807 
1136.031038 -0.007865 
1134.863926 -0.007870 
1133.696815 -0.007427 
1132.529703 -0.006612 
1131.362591 -0.004835 
1130.195479 -0.001690 
1129.028368 0.004187 
1127.861256 0.015016 
1126.694144 0.037308 
1125.527032 0.092388 
1124.359921 0.228735 
1123.192809 0.471788 
1122.025697 0.708537 
1120.858585 0.824877 
1119.691474 0.888605 
1118.524362 1.028482 
1117.357250 0.660039 
1116.190138 0.266807 
1115.023027 0.134284 
1113.855915 0.090059 
1112.688803 0.070976 
1111.521691 0.071122 
1110.354580 0.071296 
1109.187468 0.050984 
1108.020356 0.043085 
1106.853245 0.049247 
1105.686133 0.055938 
1104.519021 0.054570 
1103.351909 0.099153 
1102.184798 0.120371 
1101.017686 0.065548 
1099.850574 0.034148 
1098.683462 0.024948 
1097.516351 0.021858 
1096.349239 0.020601 
1095.182127 0.017979 
1094.015015 0.016262 
1092.847904 0.014999 
1091.680792 0.014123 
1090.513680 0.013653 
1089.346568 0.013795 
1088.179457 0.012770 
1087.012345 0.011605 
1085.845233 0.010981 
1084.678122 0.010514 
1083.511010 0.010084 
1082.343898 0.009671 
1081.176786 0.009275 
1080.009675 0.008855 
1078.842563 0.008444 
1077.675451 0.007962 
1076.508339 0.007759 
1075.341228 0.007348 
1074.174116 0.006891 
1073.007004 0.006558 
1071.839892 0.006273 
1070.672781 0.006016 
1069.505669 0.005711 
1068.338557 0.005441 
1067.171445 0.005197 
1066.004334 0.004934 
1064.837222 0.004785 
1063.670110 0.004507 
1062.502999 0.004274 
1061.335887 0.004138 
1060.168775 0.003903 
1059.001663 0.003798 
1057.834552 0.003478 
1056.667440 0.003401 
1055.500328 0.003247 
1054.333216 0.003149 
1053.166105 0.002958 
1051.998993 0.002895 
1050.831881 0.002794 
1049.664769 0.002728 
1048.497658 0.002649 
1047.330546 0.002717 
1046.163434 0.002918 
1044.996322 0.003360 
1043.829211 0.004421 
1042.662099 0.005907 
1041.494987 0.007954 
1040.327875 0.009634 
1039.160764 0.010641 
1037.993652 0.010078 
1036.826540 0.008715 
1035.659429 0.007026 
1034.492317 0.005632 
1033.325205 0.004497 
1032.158093 0.003603 
1030.990982 0.002660 
1029.823870 0.002081 
1028.656758 0.001718 
1027.489646 0.001351 
1026.322535 0.001113 
1025.155423 0.000834 
1023.988311 0.000659 
1022.821199 0.000492 
1021.654088 0.000394 
1020.486976 0.000277 
1019.319864 0.000300 
1018.152752 0.000112 
1016.985641 0.000183 
1015.818529 0.000092 
1014.651417 0.000015 
1013.484306 -0.000032 
1012.317194 -0.000054 
1011.150082 -0.000098 
1009.982970 -0.000075 
1008.815859 -0.000020 
1007.648747 -0.000133 
1006.481635 -0.000037 
1005.314523 -0.000011 
1004.147412 0.000113 
1002.980300 0.000147 
1001.813188 0.000285 
1000.646076 0.000288 
999.478965 0.000392 
998.311853 0.000488 
997.144741 0.000719 
995.977629 0.000779 
994.810518 0.000941 
993.643406 0.001192 
992.476294 0.001578 
991.309183 0.001816 
990.142071 0.001951 
988.974959 0.002316 
987.807847 0.002668 
986.640736 0.003166 
985.473624 0.003648 
984.306512 0.004254 
983.139400 0.004766 
981.972289 0.005352 
980.805177 0.005782 
979.638065 0.006386 
978.470953 0.006758 
977.303842 0.007163 
976.136730 0.007361 
974.969618 0.007548 
973.802506 0.007538 
972.635395 0.007331 
971.468283 0.007167 
970.301171 0.006860 
969.134060 0.006491 
967.966948 0.006064 
966.799836 0.005701 
965.632724 0.005229 
964.465613 0.004868 
963.298501 0.004330 
962.131389 0.004026 
960.964277 0.003557 
959.797166 0.003345 
958.630054 0.002935 
957.462942 0.002690 
956.295830 0.002372 
955.128719 0.002045 
953.961607 0.001805 
952.794495 0.001627 
951.627383 0.001538 
950.460272 0.001291 
949.293160 0.001084 
948.126048 0.000943 
946.958936 0.001008 
945.791825 0.000875 
944.624713 0.000795 
943.457601 0.000521 
942.290490 0.000492 
941.123378 0.000397 
939.956266 0.000352 
938.789154 0.000287 
937.622043 0.000194 
936.454931 0.000064 
935.287819 -0.000131 
934.120707 -0.000057 
932.953596 -0.000176 
931.786484 -0.000159 
930.619372 -0.000170 
929.452260 -0.000103 
928.285149 -0.000190 
927.118037 -0.000099 
925.950925 -0.000220 
924.783813 -0.000156 
923.616702 -0.000128 
922.449590 -0.000061 
921.282478 -0.000103 
920.115367 -0.000023 
918.948255 -0.000004 
917.781143 0.000134 
916.614031 0.000296 
915.446920 0.000346 
914.279808 0.000595 
913.112696 0.000710 
911.945584 0.000993 
910.778473 0.001190 
909.611361 0.001495 
908.444249 0.001679 
907.277137 0.001994 
906.110026 0.002292 
904.942914 0.002680 
903.775802 0.003271 
902.608690 0.004073 
901.441579 0.004805 
900.274467 0.005906 
899.107355 0.007300 
897.940244 0.009009 
896.773132 0.011288 
895.606020 0.014261 
894.438908 0.018671 
893.271797 0.024589 
892.104685 0.032772 
890.937573 0.042999 
889.770461 0.053926 
888.603350 0.062273 
887.436238 0.066514 
886.269126 0.068865 
885.102014 0.073571 
883.934903 0.081550 
882.767791 0.088283 
881.600679 0.084582 
880.433567 0.070770 
879.266456 0.054119 
878.099344 0.040211 
876.932232 0.030505 
875.765121 0.023916 
874.598009 0.019586 
873.430897 0.016302 
872.263785 0.013635 
871.096674 0.011124 
869.929562 0.009364 
868.762450 0.008007 
867.595338 0.006909 
866.428227 0.006102 
865.261115 0.005538 
864.094003 0.004961 
862.926891 0.004469 
861.759780 0.004183 
860.592668 0.003848 
859.425556 0.003563 
858.258444 0.003369 
857.091333 0.003185 
855.924221 0.003004 
854.757109 0.003014 
853.589997 0.002830 
852.422886 0.002678 
851.255774 0.002592 
850.088662 0.002464 
848.921551 0.002395 
847.754439 0.002367 
846.587327 0.002162 
845.420215 0.002145 
844.253104 0.002119 
843.085992 0.002147 
841.918880 0.002074 
840.751768 0.002174 
839.584657 0.002230 
838.417545 0.002196 
837.250433 0.002151 
836.083321 0.002004 
834.916210 0.001874 
833.749098 0.001751 
832.581986 0.001636 
831.414874 0.001509 
830.247763 0.001515 
829.080651 0.001292 
827.913539 0.001379 
826.746428 0.001512 
825.579316 0.001393 
824.412204 0.001221 
823.245092 0.001224 
822.077981 0.001316 
820.910869 0.001162 
819.743757 0.001307 
818.576645 0.001259 
817.409534 0.001294 
816.242422 0.001336 
815.075310 0.001464 
813.908198 0.001238 
812.741087 0.001095 
811.573975 0.001184 
810.406863 0.001083 
809.239751 0.000929 
808.072640 0.000928 
806.905528 0.000977 
805.738416 0.000951 
804.571305 0.000924 
803.404193 0.000768 
802.237081 0.000716 
801.069969 0.000571 
799.902858 0.000412 
798.735746 0.000300 
797.568634 0.000264 
796.401522 0.000132 
795.234411 0.000143 
794.067299 0.000007 
792.900187 0.000103 
791.733075 0.000086 
790.565964 0.000011 
789.398852 -0.000049 
788.231740 -0.000013 
787.064628 0.000111 
785.897517 0.000257 
784.730405 0.000600 
783.563293 0.000829 
782.396181 0.001289 
781.229070 0.001946 
780.061958 0.003263 
778.894846 0.005253 
777.727735 0.008387 
776.560623 0.013974 
775.393511 0.025096 
774.226399 0.048105 
773.059288 0.096201 
771.892176 0.158229 
770.725064 0.173802 
769.557952 0.151521 
768.390841 0.116031 
767.223729 0.080604 
766.056617 0.058944 
764.889505 0.043255 
763.722394 0.029945 
762.555282 0.021385 
761.388170 0.015983 
760.221058 0.012654 
759.053947 0.010078 
757.886835 0.008394 
756.719723 0.007085 
755.552612 0.006051 
754.385500 0.005201 
753.218388 0.004620 
752.051276 0.004035 
750.884165 0.003597 
749.717053 0.003082 
748.549941 0.002558 
747.382829 0.002259 
746.215718 0.002035 
745.048606 0.001722 
743.881494 0.001496 
742.714382 0.001530 
741.547271 0.001144 
740.380159 0.000995 
739.213047 0.000810 
738.045935 0.000576 
736.878824 0.000515 
735.711712 0.000437 
734.544600 0.000318 
733.377489 0.000299 
732.210377 0.000210 
731.043265 0.000078 
729.876153 0.000007 
728.709042 -0.000056 
727.541930 -0.000059 
726.374818 -0.000156 
725.207706 -0.000050 
724.040595 -0.000236 
722.873483 -0.000194 
721.706371 -0.000287 
720.539259 -0.000282 
719.372148 -0.000266 
718.205036 -0.000149 
717.037924 -0.000244 
715.870812 -0.000415 
714.703701 -0.000376 
713.536589 -0.000452 
712.369477 -0.000529 
711.202366 -0.000604 
710.035254 -0.000578 
708.868142 -0.000581 
707.701030 -0.000581 
706.533919 -0.000627 
705.366807 -0.000356 
704.199695 -0.000371 
703.032583 -0.000438 
701.865472 -0.000430 
700.698360 -0.000358 
699.531248 -0.000411 
698.364136 -0.000536 
697.197025 -0.000424 
696.029913 -0.000123 
694.862801 -0.000257 
693.695689 -0.000331 
692.528578 -0.000123 
691.361466 -0.000091 
690.194354 0.000021 
689.027242 0.000002 
687.860131 0.000228 
686.693019 0.000365 
685.525907 0.000447 
684.358796 0.000137 
683.191684 0.000041 
682.024572 -0.000149 
680.857460 -0.000378 
679.690349 -0.000327 
678.523237 -0.000334 
677.356125 -0.000593 
676.189013 -0.000921 
675.021902 -0.001064 
673.854790 -0.001115 
672.687678 -0.000986 
671.520566 -0.000867 
670.353455 -0.001176 
669.186343 -0.002492 
668.019231 -0.002850 
666.852119 -0.002137 
665.685008 -0.001460 
664.517896 -0.000974 
663.350784 -0.000155 
662.183673 -0.000019 
661.016561 0.000278 
659.849449 0.000189 
658.682337 -0.000075 
657.515226 -0.000708 
656.348114 -0.001834 
655.181002 -0.002934 
654.013890 -0.003657 
652.846779 -0.003693 
651.679667 -0.003200 
650.512555 -0.001814 
649.345443 -0.000137 
648.178332 0.001332 
647.011220 0.002544 
645.844108 0.003286 
644.676996 0.003172 
643.509885 0.002279 
642.342773 0.000555 
641.175661 -0.001499 
640.008550 -0.003372 
638.841438 -0.004551 
637.674326 -0.005146 
636.507214 -0.005270 
635.340103 -0.004643 
634.172991 -0.003488 
633.005879 -0.001448 
631.838767 0.000336 
630.671656 0.002559 
629.504544 0.004497 
628.337432 0.006310 
627.170320 0.007595 
626.003209 0.008513 
624.836097 0.008474 
623.668985 0.007864 
622.501873 0.006611 
621.334762 0.005203 
620.167650 0.004129 
619.000538 0.003364 
617.833426 0.003180 
616.666315 0.002856 
615.499203 0.002171 
614.332091 0.001669 
613.164980 0.001367 
611.997868 0.000949 
610.830756 0.000578 
609.663644 0.000042 
608.496533 -0.000154 
607.329421 -0.000719 
606.162309 -0.000764 
604.995197 -0.000850 
603.828086 -0.000851 
602.660974 -0.000684 
601.493862 -0.000920 
600.326750 -0.000723 
599.159639 -0.000537 
597.992527 -0.000471 
596.825415 -0.000118 
595.658303 -0.000255 
594.491192 -0.000561 
593.324080 -0.000818 
592.156968 -0.001203 
590.989857 -0.001213 
589.822745 -0.001426 
588.655633 -0.000787 
587.488521 -0.000217 
586.321410 0.000326 
585.154298 0.000866 
583.987186 0.001240 
582.820074 0.002138 
581.652963 0.002616 
580.485851 0.002603 
579.318739 0.002424 
578.151627 0.003117 
576.984516 0.001396 
575.817404 0.000501 
574.650292 0.002660 
573.483180 0.001763 
572.316069 0.001739 
571.148957 0.001890 
569.981845 0.001541 
568.814734 0.000917 
567.647622 0.001015 
566.480510 0.000560 
565.313398 0.001249 
564.146287 0.001069 
562.979175 0.000273 
561.812063 0.000860 
560.644951 0.001347 
559.477840 0.000097 
558.310728 0.000951 
557.143616 0.000084 
555.976504 0.000540 
554.809393 0.001015 
553.642281 0.002247 
552.475169 0.000669 
551.308057 0.000075 
550.140946 -0.000322 
548.973834 0.000460 
547.806722 0.002129 
546.639611 0.004153 
545.472499 0.002393 
544.305387 0.003085 
543.138275 0.003709 
541.971164 0.003494 
540.804052 0.005475 
539.636940 0.007801 
538.469828 0.010168 
537.302717 0.012360 
536.135605 0.015016 
534.968493 0.019163 
533.801381 0.025872 
532.634270 0.032647 
531.467158 0.042031 
530.300046 0.056107 
529.132934 0.076245 
527.965823 0.115994 
526.798711 0.194343 
525.631599 0.301160 
524.464487 0.404497 
523.297376 0.466974 
522.130264 0.454247 
520.963152 0.351896 
519.796041 0.300216 
518.628929 0.390509 
517.461817 0.553031 
516.294705 0.562544 
515.127594 0.402487 
513.960482 0.210766 
512.793370 0.099480 
511.626258 0.049019 
510.459147 0.032627 
509.292035 0.030228 
508.124923 0.028995 
506.957811 0.026905 
505.790700 0.026866 
504.623588 0.028372 
503.456476 0.030130 
502.289364 0.029772 
501.122253 0.029989 
499.955141 0.034408 
