4000.123242 0.000911 
3998.956130 0.001085 
3997.789019 0.001578 
3996.621907 0.001807 
3995.454795 0.001837 
3994.287683 0.001809 
3993.120572 0.001717 
3991.953460 0.002097 
3990.786348 0.002193 
3989.619236 0.001982 
3988.452125 0.002074 
3987.285013 0.002155 
3986.117901 0.002364 
3984.950789 0.002350 
3983.783678 0.002334 
3982.616566 0.002306 
3981.449454 0.002222 
3980.282342 0.002348 
3979.115231 0.002507 
3977.948119 0.002525 
3976.781007 0.002190 
3975.613896 0.002003 
3974.446784 0.001953 
3973.279672 0.001737 
3972.112560 0.001601 
3970.945449 0.001506 
3969.778337 0.001333 
3968.611225 0.001364 
3967.444113 0.001170 
3966.277002 0.001054 
3965.109890 0.001101 
3963.942778 0.000853 
3962.775666 0.000665 
3961.608555 0.000656 
3960.441443 0.000718 
3959.274331 0.000675 
3958.107219 0.000411 
3956.940108 0.000019 
3955.772996 0.000103 
3954.605884 0.000416 
3953.438772 0.000312 
3952.271661 0.000265 
3951.104549 0.000324 
3949.937437 0.000237 
3948.770326 0.000255 
3947.603214 0.000238 
3946.436102 0.000038 
3945.268990 0.000198 
3944.101879 0.000198 
3942.934767 0.000231 
3941.767655 0.000206 
3940.600543 0.000193 
3939.433432 0.000358 
3938.266320 0.000297 
3937.099208 0.000013 
3935.932096 -0.000095 
3934.764985 -0.000035 
3933.597873 0.000036 
3932.430761 0.000076 
3931.263649 -0.000102 
3930.096538 -0.000346 
3928.929426 -0.000127 
3927.762314 -0.000213 
3926.595203 -0.000467 
3925.428091 -0.000590 
3924.260979 -0.000820 
3923.093867 -0.001038 
3921.926756 -0.001072 
3920.759644 -0.001013 
3919.592532 -0.001232 
3918.425420 -0.001169 
3917.258309 -0.001064 
3916.091197 -0.000985 
3914.924085 -0.001068 
3913.756973 -0.001240 
3912.589862 -0.001319 
3911.422750 -0.001400 
3910.255638 -0.001570 
3909.088526 -0.001633 
3907.921415 -0.001505 
3906.754303 -0.001567 
3905.587191 -0.001428 
3904.420080 -0.001064 
3903.252968 -0.001114 
3902.085856 -0.001113 
3900.918744 -0.001018 
3899.751633 -0.001138 
3898.584521 -0.001078 
3897.417409 -0.000957 
3896.250297 -0.000965 
3895.083186 -0.000892 
3893.916074 -0.000672 
3892.748962 -0.000566 
3891.581850 -0.000455 
3890.414739 -0.000367 
3889.247627 -0.000436 
3888.080515 -0.000217 
3886.913403 -0.000305 
3885.746292 0.000037 
3884.579180 0.000019 
3883.412068 -0.000162 
3882.244957 -0.000133 
3881.077845 -0.000161 
3879.910733 -0.000187 
3878.743621 0.000015 
3877.576510 -0.000082 
3876.409398 0.000001 
3875.242286 0.000232 
3874.075174 0.000313 
3872.908063 0.000215 
3871.740951 -0.000067 
3870.573839 0.000128 
3869.406727 0.000031 
3868.239616 -0.000195 
3867.072504 -0.000278 
3865.905392 -0.000101 
3864.738280 0.000361 
3863.571169 0.000286 
3862.404057 0.000363 
3861.236945 0.000331 
3860.069833 0.000017 
3858.902722 0.000058 
3857.735610 0.000234 
3856.568498 0.000318 
3855.401387 0.000241 
3854.234275 0.000667 
3853.067163 0.000524 
3851.900051 0.000518 
3850.732940 0.000339 
3849.565828 0.000309 
3848.398716 0.000151 
3847.231604 0.000257 
3846.064493 0.000367 
3844.897381 0.000607 
3843.730269 0.000634 
3842.563157 0.000332 
3841.396046 0.000307 
3840.228934 0.000481 
3839.061822 0.000163 
3837.894710 0.000384 
3836.727599 0.000147 
3835.560487 -0.000000 
3834.393375 -0.000195 
3833.226264 -0.000312 
3832.059152 -0.000002 
3830.892040 -0.000051 
3829.724928 -0.000111 
3828.557817 -0.000233 
3827.390705 -0.000064 
3826.223593 0.000213 
3825.056481 0.000111 
3823.889370 0.000173 
3822.722258 0.000347 
3821.555146 0.000293 
3820.388034 0.000293 
3819.220923 0.000132 
3818.053811 0.000034 
3816.886699 0.000189 
3815.719587 0.000268 
3814.552476 0.000142 
3813.385364 0.000119 
3812.218252 0.000001 
3811.051141 0.000016 
3809.884029 0.000208 
3808.716917 0.000322 
3807.549805 0.000520 
3806.382694 0.000542 
3805.215582 0.000398 
3804.048470 0.000334 
3802.881358 0.000228 
3801.714247 0.000362 
3800.547135 0.000352 
3799.380023 0.000300 
3798.212911 0.000298 
3797.045800 0.000290 
3795.878688 0.000146 
3794.711576 0.000040 
3793.544464 0.000299 
3792.377353 0.000103 
3791.210241 -0.000112 
3790.043129 -0.000097 
3788.876017 -0.000195 
3787.708906 -0.000225 
3786.541794 -0.000037 
3785.374682 -0.000132 
3784.207571 0.000044 
3783.040459 -0.000146 
3781.873347 -0.000058 
3780.706235 -0.000018 
3779.539124 -0.000117 
3778.372012 -0.000140 
3777.204900 -0.000016 
3776.037788 0.000103 
3774.870677 -0.000173 
3773.703565 -0.000198 
3772.536453 -0.000224 
3771.369341 -0.000105 
3770.202230 -0.000054 
3769.035118 -0.000185 
3767.868006 -0.000120 
3766.700894 -0.000229 
3765.533783 -0.000169 
3764.366671 -0.000137 
3763.199559 -0.000314 
3762.032448 -0.000255 
3760.865336 -0.000186 
3759.698224 -0.000222 
3758.531112 -0.000098 
3757.364001 -0.000205 
3756.196889 -0.000307 
3755.029777 -0.000286 
3753.862665 -0.000188 
3752.695554 -0.000184 
3751.528442 -0.000084 
3750.361330 -0.000097 
3749.194218 0.000302 
3748.027107 -0.000078 
3746.859995 -0.000212 
3745.692883 -0.000210 
3744.525771 0.000234 
3743.358660 0.000170 
3742.191548 0.000029 
3741.024436 -0.000023 
3739.857325 -0.000228 
3738.690213 -0.000022 
3737.523101 -0.000104 
3736.355989 0.000176 
3735.188878 0.000496 
3734.021766 0.000314 
3732.854654 0.000297 
3731.687542 0.000349 
3730.520431 0.000012 
3729.353319 0.000160 
3728.186207 0.000043 
3727.019095 -0.000141 
3725.851984 0.000069 
3724.684872 0.000063 
3723.517760 -0.000188 
3722.350648 -0.000345 
3721.183537 -0.000347 
3720.016425 -0.000465 
3718.849313 -0.000443 
3717.682202 -0.000309 
3716.515090 -0.000219 
3715.347978 -0.000307 
3714.180866 -0.000352 
3713.013755 -0.000511 
3711.846643 -0.000326 
3710.679531 -0.000459 
3709.512419 -0.000322 
3708.345308 -0.000386 
3707.178196 -0.000635 
3706.011084 -0.000464 
3704.843972 -0.000347 
3703.676861 -0.000446 
3702.509749 -0.000510 
3701.342637 -0.000344 
3700.175525 -0.000509 
3699.008414 -0.000484 
3697.841302 -0.000333 
3696.674190 -0.000384 
3695.507078 -0.000332 
3694.339967 -0.000255 
3693.172855 -0.000334 
3692.005743 -0.000235 
3690.838632 -0.000229 
3689.671520 -0.000387 
3688.504408 -0.000036 
3687.337296 -0.000240 
3686.170185 -0.000330 
3685.003073 -0.000215 
3683.835961 -0.000216 
3682.668849 -0.000148 
3681.501738 -0.000226 
3680.334626 -0.000448 
3679.167514 -0.000098 
3678.000402 -0.000114 
3676.833291 -0.000072 
3675.666179 0.000009 
3674.499067 -0.000106 
3673.331955 -0.000431 
3672.164844 -0.000298 
3670.997732 -0.000108 
3669.830620 -0.000177 
3668.663509 -0.000285 
3667.496397 -0.000496 
3666.329285 -0.000400 
3665.162173 -0.000515 
3663.995062 -0.000444 
3662.827950 -0.000404 
3661.660838 -0.000216 
3660.493726 -0.000003 
3659.326615 -0.000014 
3658.159503 -0.000164 
3656.992391 -0.000129 
3655.825279 0.000058 
3654.658168 -0.000114 
3653.491056 -0.000024 
3652.323944 0.000081 
3651.156832 0.000160 
3649.989721 0.000397 
3648.822609 0.000443 
3647.655497 0.000130 
3646.488386 0.000090 
3645.321274 -0.000023 
3644.154162 -0.000059 
3642.987050 0.000034 
3641.819939 0.000133 
3640.652827 -0.000086 
3639.485715 -0.000073 
3638.318603 -0.000095 
3637.151492 -0.000263 
3635.984380 -0.000206 
3634.817268 -0.000065 
3633.650156 0.000061 
3632.483045 0.000104 
3631.315933 0.000017 
3630.148821 -0.000039 
3628.981709 -0.000047 
3627.814598 -0.000086 
3626.647486 -0.000154 
3625.480374 -0.000197 
3624.313262 -0.000080 
3623.146151 -0.000264 
3621.979039 -0.000255 
3620.811927 -0.000269 
3619.644816 -0.000247 
3618.477704 -0.000227 
3617.310592 -0.000263 
3616.143480 -0.000257 
3614.976369 -0.000410 
3613.809257 -0.000380 
3612.642145 0.000084 
3611.475033 -0.000088 
3610.307922 -0.000158 
3609.140810 -0.000019 
3607.973698 -0.000129 
3606.806586 -0.000083 
3605.639475 0.000124 
3604.472363 0.000295 
3603.305251 0.000236 
3602.138139 0.000128 
3600.971028 0.000357 
3599.803916 0.000426 
3598.636804 0.000529 
3597.469693 0.000513 
3596.302581 0.000521 
3595.135469 0.000700 
3593.968357 0.000693 
3592.801246 0.000738 
3591.634134 0.000923 
3590.467022 0.000883 
3589.299910 0.001142 
3588.132799 0.001303 
3586.965687 0.001375 
3585.798575 0.001464 
3584.631463 0.001444 
3583.464352 0.001393 
3582.297240 0.001519 
3581.130128 0.001796 
3579.963016 0.001896 
3578.795905 0.001943 
3577.628793 0.002231 
3576.461681 0.002483 
3575.294570 0.002564 
3574.127458 0.002832 
3572.960346 0.002843 
3571.793234 0.003059 
3570.626123 0.003316 
3569.459011 0.003568 
3568.291899 0.003934 
3567.124787 0.004353 
3565.957676 0.004562 
3564.790564 0.004782 
3563.623452 0.005413 
3562.456340 0.005797 
3561.289229 0.006126 
3560.122117 0.006553 
3558.955005 0.006893 
3557.787893 0.007023 
3556.620782 0.007461 
3555.453670 0.007804 
3554.286558 0.008412 
3553.119447 0.008597 
3551.952335 0.009107 
3550.785223 0.009421 
3549.618111 0.009686 
3548.451000 0.010172 
3547.283888 0.010492 
3546.116776 0.010671 
3544.949664 0.011185 
3543.782553 0.011297 
3542.615441 0.011603 
3541.448329 0.011832 
3540.281217 0.012025 
3539.114106 0.011998 
3537.946994 0.012124 
3536.779882 0.012370 
3535.612770 0.012426 
3534.445659 0.012528 
3533.278547 0.012502 
3532.111435 0.012222 
3530.944323 0.012168 
3529.777212 0.012047 
3528.610100 0.011865 
3527.442988 0.011523 
3526.275877 0.011460 
3525.108765 0.011088 
3523.941653 0.010630 
3522.774541 0.010179 
3521.607430 0.010161 
3520.440318 0.009656 
3519.273206 0.009124 
3518.106094 0.008583 
3516.938983 0.008046 
3515.771871 0.007751 
3514.604759 0.007138 
3513.437647 0.006410 
3512.270536 0.005963 
3511.103424 0.005497 
3509.936312 0.005027 
3508.769200 0.004773 
3507.602089 0.004259 
3506.434977 0.003710 
3505.267865 0.003472 
3504.100754 0.003391 
3502.933642 0.003123 
3501.766530 0.003104 
3500.599418 0.003169 
3499.432307 0.003036 
3498.265195 0.002992 
3497.098083 0.003083 
3495.930971 0.003108 
3494.763860 0.003264 
3493.596748 0.003583 
3492.429636 0.003850 
3491.262524 0.003878 
3490.095413 0.004081 
3488.928301 0.004501 
3487.761189 0.004838 
3486.594077 0.005235 
3485.426966 0.005538 
3484.259854 0.005788 
3483.092742 0.006204 
3481.925631 0.006527 
3480.758519 0.006891 
3479.591407 0.006949 
3478.424295 0.007100 
3477.257184 0.007324 
3476.090072 0.007476 
3474.922960 0.007556 
3473.755848 0.007825 
3472.588737 0.007872 
3471.421625 0.007719 
3470.254513 0.007841 
3469.087401 0.008318 
3467.920290 0.008612 
3466.753178 0.008880 
3465.586066 0.009263 
3464.418954 0.009215 
3463.251843 0.009071 
3462.084731 0.008855 
3460.917619 0.008560 
3459.750508 0.008166 
3458.583396 0.007914 
3457.416284 0.007700 
3456.249172 0.007362 
3455.082061 0.007312 
3453.914949 0.007044 
3452.747837 0.006820 
3451.580725 0.006715 
3450.413614 0.006867 
3449.246502 0.007035 
3448.079390 0.006933 
3446.912278 0.007171 
3445.745167 0.007492 
3444.578055 0.007782 
3443.410943 0.008011 
3442.243831 0.008658 
3441.076720 0.009450 
3439.909608 0.010122 
3438.742496 0.010844 
3437.575384 0.011694 
3436.408273 0.012430 
3435.241161 0.013505 
3434.074049 0.014822 
3432.906938 0.016302 
3431.739826 0.017872 
3430.572714 0.019703 
3429.405602 0.021995 
3428.238491 0.024439 
3427.071379 0.027624 
3425.904267 0.031084 
3424.737155 0.035004 
3423.570044 0.039079 
3422.402932 0.043546 
3421.235820 0.048052 
3420.068708 0.052171 
3418.901597 0.056133 
3417.734485 0.059163 
3416.567373 0.061082 
3415.400261 0.061840 
3414.233150 0.061260 
3413.066038 0.058790 
3411.898926 0.055158 
3410.731815 0.050232 
3409.564703 0.044940 
3408.397591 0.039082 
3407.230479 0.033319 
3406.063368 0.027956 
3404.896256 0.023208 
3403.729144 0.018850 
3402.562032 0.015233 
3401.394921 0.012203 
3400.227809 0.009543 
3399.060697 0.007444 
3397.893585 0.005842 
3396.726474 0.004485 
3395.559362 0.003460 
3394.392250 0.002813 
3393.225138 0.002224 
3392.058027 0.001515 
3390.890915 0.001120 
3389.723803 0.001061 
3388.556692 0.000726 
3387.389580 0.000639 
3386.222468 0.000384 
3385.055356 0.000040 
3383.888245 0.000059 
3382.721133 0.000035 
3381.554021 -0.000005 
3380.386909 -0.000181 
3379.219798 -0.000223 
3378.052686 -0.000070 
3376.885574 -0.000186 
3375.718462 -0.000215 
3374.551351 -0.000101 
3373.384239 -0.000127 
3372.217127 -0.000017 
3371.050015 -0.000159 
3369.882904 0.000042 
3368.715792 0.000168 
3367.548680 0.000202 
3366.381568 0.000372 
3365.214457 0.000395 
3364.047345 0.000381 
3362.880233 0.000502 
3361.713122 0.000697 
3360.546010 0.000695 
3359.378898 0.000702 
3358.211786 0.000768 
3357.044675 0.000894 
3355.877563 0.000875 
3354.710451 0.000715 
3353.543339 0.000936 
3352.376228 0.000997 
3351.209116 0.001006 
3350.042004 0.001147 
3348.874892 0.000992 
3347.707781 0.001082 
3346.540669 0.000998 
3345.373557 0.000971 
3344.206445 0.000870 
3343.039334 0.000952 
3341.872222 0.001099 
3340.705110 0.000982 
3339.537999 0.000958 
3338.370887 0.000890 
3337.203775 0.000996 
3336.036663 0.000782 
3334.869552 0.000491 
3333.702440 0.000450 
3332.535328 0.000466 
3331.368216 0.000272 
3330.201105 0.000227 
3329.033993 0.000069 
3327.866881 0.000027 
3326.699769 0.000129 
3325.532658 0.000105 
3324.365546 0.000006 
3323.198434 0.000185 
3322.031322 0.000070 
3320.864211 -0.000021 
3319.697099 -0.000071 
3318.529987 -0.000156 
3317.362876 -0.000015 
3316.195764 -0.000021 
3315.028652 -0.000108 
3313.861540 0.000103 
3312.694429 0.000097 
3311.527317 -0.000022 
3310.360205 -0.000132 
3309.193093 0.000100 
3308.025982 0.000152 
3306.858870 0.000067 
3305.691758 0.000169 
3304.524646 0.000098 
3303.357535 0.000267 
3302.190423 0.000205 
3301.023311 0.000353 
3299.856199 0.000370 
3298.689088 0.000396 
3297.521976 0.000529 
3296.354864 0.000271 
3295.187753 0.000258 
3294.020641 0.000385 
3292.853529 0.000555 
3291.686417 0.000524 
3290.519306 0.000615 
3289.352194 0.000575 
3288.185082 0.000448 
3287.017970 0.000462 
3285.850859 0.000596 
3284.683747 0.000554 
3283.516635 0.000527 
3282.349523 0.000380 
3281.182412 0.000587 
3280.015300 0.000659 
3278.848188 0.000571 
3277.681076 0.000428 
3276.513965 0.000535 
3275.346853 0.000551 
3274.179741 0.000494 
3273.012629 0.000556 
3271.845518 0.000359 
3270.678406 0.000295 
3269.511294 0.000262 
3268.344183 0.000272 
3267.177071 0.000233 
3266.009959 0.000223 
3264.842847 0.000197 
3263.675736 0.000261 
3262.508624 0.000094 
3261.341512 0.000027 
3260.174400 0.000002 
3259.007289 -0.000052 
3257.840177 -0.000156 
3256.673065 -0.000316 
3255.505953 -0.000185 
3254.338842 -0.000244 
3253.171730 -0.000325 
3252.004618 -0.000309 
3250.837506 -0.000185 
3249.670395 -0.000355 
3248.503283 -0.000406 
3247.336171 -0.000507 
3246.169060 -0.000597 
3245.001948 -0.000431 
3243.834836 -0.000400 
3242.667724 -0.000390 
3241.500613 -0.000443 
3240.333501 -0.000492 
3239.166389 -0.000610 
3237.999277 -0.000429 
3236.832166 -0.000488 
3235.665054 -0.000503 
3234.497942 -0.000453 
3233.330830 -0.000274 
3232.163719 -0.000410 
3230.996607 -0.000397 
3229.829495 -0.000396 
3228.662383 -0.000406 
3227.495272 -0.000338 
3226.328160 -0.000283 
3225.161048 -0.000302 
3223.993937 -0.000252 
3222.826825 -0.000237 
3221.659713 -0.000204 
3220.492601 -0.000018 
3219.325490 -0.000315 
3218.158378 -0.000228 
3216.991266 -0.000207 
3215.824154 -0.000225 
3214.657043 -0.000100 
3213.489931 -0.000049 
3212.322819 -0.000010 
3211.155707 -0.000000 
3209.988596 -0.000074 
3208.821484 -0.000127 
3207.654372 0.000145 
3206.487260 0.000249 
3205.320149 0.000243 
3204.153037 0.000043 
3202.985925 -0.000024 
3201.818813 -0.000062 
3200.651702 0.000221 
3199.484590 0.000157 
3198.317478 0.000093 
3197.150367 0.000106 
3195.983255 0.000257 
3194.816143 0.000304 
3193.649031 0.000241 
3192.481920 0.000115 
3191.314808 0.000188 
3190.147696 0.000245 
3188.980584 0.000283 
3187.813473 0.000207 
3186.646361 0.000297 
3185.479249 0.000261 
3184.312137 0.000330 
3183.145026 0.000246 
3181.977914 0.000143 
3180.810802 0.000279 
3179.643690 0.000268 
3178.476579 0.000258 
3177.309467 0.000260 
3176.142355 0.000337 
3174.975244 0.000377 
3173.808132 0.000352 
3172.641020 0.000352 
3171.473908 0.000327 
3170.306797 0.000323 
3169.139685 0.000418 
3167.972573 0.000493 
3166.805461 0.000494 
3165.638350 0.000572 
3164.471238 0.000529 
3163.304126 0.000549 
3162.137014 0.000516 
3160.969903 0.000521 
3159.802791 0.000381 
3158.635679 0.000359 
3157.468567 0.000397 
3156.301456 0.000399 
3155.134344 0.000382 
3153.967232 0.000354 
3152.800121 0.000395 
3151.633009 0.000289 
3150.465897 0.000313 
3149.298785 0.000386 
3148.131674 0.000195 
3146.964562 0.000129 
3145.797450 0.000001 
3144.630338 0.000027 
3143.463227 0.000041 
3142.296115 -0.000051 
3141.129003 -0.000012 
3139.961891 0.000009 
3138.794780 -0.000023 
3137.627668 0.000113 
3136.460556 0.000188 
3135.293444 0.000322 
3134.126333 0.000591 
3132.959221 0.000943 
3131.792109 0.001072 
3130.624998 0.001369 
3129.457886 0.001760 
3128.290774 0.002375 
3127.123662 0.002839 
3125.956551 0.003183 
3124.789439 0.003602 
3123.622327 0.004053 
3122.455215 0.004489 
3121.288104 0.004774 
3120.120992 0.004683 
3118.953880 0.004534 
3117.786768 0.004404 
3116.619657 0.004350 
3115.452545 0.004056 
3114.285433 0.003680 
3113.118321 0.003307 
3111.951210 0.002889 
3110.784098 0.002556 
3109.616986 0.002141 
3108.449874 0.001861 
3107.282763 0.001665 
3106.115651 0.001486 
3104.948539 0.001312 
3103.781428 0.001129 
3102.614316 0.000873 
3101.447204 0.000805 
3100.280092 0.000799 
3099.112981 0.000695 
3097.945869 0.000470 
3096.778757 0.000068 
3095.611645 -0.000149 
3094.444534 -0.000182 
3093.277422 -0.000413 
3092.110310 -0.000658 
3090.943198 -0.000823 
3089.776087 -0.001128 
3088.608975 -0.001207 
3087.441863 -0.001261 
3086.274751 -0.001429 
3085.107640 -0.001419 
3083.940528 -0.001328 
3082.773416 -0.001348 
3081.606305 -0.001371 
3080.439193 -0.001423 
3079.272081 -0.001479 
3078.104969 -0.001257 
3076.937858 -0.001108 
3075.770746 -0.001083 
3074.603634 -0.001091 
3073.436522 -0.001039 
3072.269411 -0.000845 
3071.102299 -0.000682 
3069.935187 -0.000663 
3068.768075 -0.000502 
3067.600964 -0.000370 
3066.433852 -0.000313 
3065.266740 -0.000201 
3064.099628 -0.000162 
3062.932517 -0.000120 
3061.765405 -0.000017 
3060.598293 0.000099 
3059.431182 0.000033 
3058.264070 0.000077 
3057.096958 0.000107 
3055.929846 -0.000007 
3054.762735 -0.000083 
3053.595623 0.000002 
3052.428511 -0.000051 
3051.261399 -0.000063 
3050.094288 -0.000206 
3048.927176 -0.000311 
3047.760064 -0.000241 
3046.592952 -0.000202 
3045.425841 -0.000125 
3044.258729 -0.000171 
3043.091617 -0.000205 
3041.924505 -0.000182 
3040.757394 -0.000083 
3039.590282 -0.000036 
3038.423170 0.000024 
3037.256058 0.000096 
3036.088947 0.000031 
3034.921835 0.000048 
3033.754723 0.000160 
3032.587612 0.000273 
3031.420500 0.000260 
3030.253388 0.000392 
3029.086276 0.000395 
3027.919165 0.000439 
3026.752053 0.000675 
3025.584941 0.000878 
3024.417829 0.001245 
3023.250718 0.001708 
3022.083606 0.002245 
3020.916494 0.003154 
3019.749382 0.004465 
3018.582271 0.006077 
3017.415159 0.008381 
3016.248047 0.011519 
3015.080935 0.015753 
3013.913824 0.021164 
3012.746712 0.027564 
3011.579600 0.035381 
3010.412489 0.044314 
3009.245377 0.054503 
3008.078265 0.065111 
3006.911153 0.075696 
3005.744042 0.085857 
3004.576930 0.094917 
3003.409818 0.101637 
3002.242706 0.105606 
3001.075595 0.105919 
2999.908483 0.102611 
2998.741371 0.096726 
2997.574259 0.088118 
2996.407148 0.077952 
2995.240036 0.066808 
2994.072924 0.055707 
2992.905812 0.045454 
2991.738701 0.036545 
2990.571589 0.028972 
2989.404477 0.023028 
2988.237366 0.018754 
2987.070254 0.015590 
2985.903142 0.013309 
2984.736030 0.011812 
2983.568919 0.010889 
2982.401807 0.010317 
2981.234695 0.009948 
2980.067583 0.010039 
2978.900472 0.010415 
2977.733360 0.011017 
2976.566248 0.012019 
2975.399136 0.013447 
2974.232025 0.015259 
2973.064913 0.017418 
2971.897801 0.019730 
2970.730689 0.022180 
2969.563578 0.024776 
2968.396466 0.027266 
2967.229354 0.029505 
2966.062243 0.031516 
2964.895131 0.032966 
2963.728019 0.033811 
2962.560907 0.033964 
2961.393796 0.033488 
2960.226684 0.032381 
2959.059572 0.030605 
2957.892460 0.028187 
2956.725349 0.025622 
2955.558237 0.022835 
2954.391125 0.019987 
2953.224013 0.017321 
2952.056902 0.014774 
2950.889790 0.012532 
2949.722678 0.010610 
2948.555566 0.009034 
2947.388455 0.007604 
2946.221343 0.006481 
2945.054231 0.005558 
2943.887119 0.005008 
2942.720008 0.004560 
2941.552896 0.004032 
2940.385784 0.003599 
2939.218673 0.003309 
2938.051561 0.002995 
2936.884449 0.002849 
2935.717337 0.002641 
2934.550226 0.002604 
2933.383114 0.002650 
2932.216002 0.002734 
2931.048890 0.003166 
2929.881779 0.003742 
2928.714667 0.004657 
2927.547555 0.006328 
2926.380443 0.008860 
2925.213332 0.012170 
2924.046220 0.016696 
2922.879108 0.022396 
2921.711996 0.028944 
2920.544885 0.036047 
2919.377773 0.043050 
2918.210661 0.049126 
2917.043550 0.052818 
2915.876438 0.053971 
2914.709326 0.052376 
2913.542214 0.048540 
2912.375103 0.043212 
2911.207991 0.036917 
2910.040879 0.030527 
2908.873767 0.024695 
2907.706656 0.019883 
2906.539544 0.016173 
2905.372432 0.013444 
2904.205320 0.011680 
2903.038209 0.010723 
2901.871097 0.010537 
2900.703985 0.010673 
2899.536873 0.011257 
2898.369762 0.012420 
2897.202650 0.014004 
2896.035538 0.015928 
2894.868427 0.018349 
2893.701315 0.021404 
2892.534203 0.025025 
2891.367091 0.029292 
2890.199980 0.034202 
2889.032868 0.039963 
2887.865756 0.046337 
2886.698644 0.053381 
2885.531533 0.061239 
2884.364421 0.069939 
2883.197309 0.079423 
2882.030197 0.089665 
2880.863086 0.100443 
2879.695974 0.111895 
2878.528862 0.124039 
2877.361750 0.136493 
2876.194639 0.149299 
2875.027527 0.162418 
2873.860415 0.175793 
2872.693303 0.189014 
2871.526192 0.202151 
2870.359080 0.215135 
2869.191968 0.227650 
2868.024857 0.239537 
2866.857745 0.250893 
2865.690633 0.261268 
2864.523521 0.270376 
2863.356410 0.278044 
2862.189298 0.284496 
2861.022186 0.289276 
2859.855074 0.292027 
2858.687963 0.292979 
2857.520851 0.291589 
2856.353739 0.287935 
2855.186627 0.281961 
2854.019516 0.274215 
2852.852404 0.264565 
2851.685292 0.253519 
2850.518180 0.241493 
2849.351069 0.228744 
2848.183957 0.215867 
2847.016845 0.203107 
2845.849734 0.190738 
2844.682622 0.178940 
2843.515510 0.168472 
2842.348398 0.159554 
2841.181287 0.151914 
2840.014175 0.145403 
2838.847063 0.140172 
2837.679951 0.136195 
2836.512840 0.133164 
2835.345728 0.130902 
2834.178616 0.129175 
2833.011504 0.127821 
2831.844393 0.126633 
2830.677281 0.125556 
2829.510169 0.124155 
2828.343057 0.122384 
2827.175946 0.120246 
2826.008834 0.117688 
2824.841722 0.114494 
2823.674611 0.111005 
2822.507499 0.106752 
2821.340387 0.102202 
2820.173275 0.097223 
2819.006164 0.092067 
2817.839052 0.086793 
2816.671940 0.081512 
2815.504828 0.076332 
2814.337717 0.071555 
2813.170605 0.066987 
2812.003493 0.062822 
2810.836381 0.059130 
2809.669270 0.055749 
2808.502158 0.052860 
2807.335046 0.050401 
2806.167934 0.048281 
2805.000823 0.046555 
2803.833711 0.045134 
2802.666599 0.043991 
2801.499488 0.043060 
2800.332376 0.042156 
2799.165264 0.041426 
2797.998152 0.040831 
2796.831041 0.040079 
2795.663929 0.039536 
2794.496817 0.039096 
2793.329705 0.039018 
2792.162594 0.038836 
2790.995482 0.038900 
2789.828370 0.039334 
2788.661258 0.040092 
2787.494147 0.041324 
2786.327035 0.043052 
2785.159923 0.045198 
2783.992811 0.047882 
2782.825700 0.051369 
2781.658588 0.055565 
2780.491476 0.060485 
2779.324364 0.066265 
2778.157253 0.073065 
2776.990141 0.080655 
2775.823029 0.089270 
2774.655918 0.098884 
2773.488806 0.109239 
2772.321694 0.120293 
2771.154582 0.131926 
2769.987471 0.143692 
2768.820359 0.155554 
2767.653247 0.166838 
2766.486135 0.177366 
2765.319024 0.186941 
2764.151912 0.195267 
2762.984800 0.201854 
2761.817688 0.206144 
2760.650577 0.208212 
2759.483465 0.208018 
2758.316353 0.205815 
2757.149241 0.201658 
2755.982130 0.195926 
2754.815018 0.188984 
2753.647906 0.181257 
2752.480795 0.173406 
2751.313683 0.165643 
2750.146571 0.158325 
2748.979459 0.151854 
2747.812348 0.146210 
2746.645236 0.141374 
2745.478124 0.137078 
2744.311012 0.133371 
2743.143901 0.130147 
2741.976789 0.127249 
2740.809677 0.124437 
2739.642565 0.121763 
2738.475454 0.119017 
2737.308342 0.115992 
2736.141230 0.112574 
2734.974118 0.108776 
2733.807007 0.104593 
2732.639895 0.099879 
2731.472783 0.094498 
2730.305672 0.088429 
2729.138560 0.081822 
2727.971448 0.074575 
2726.804336 0.067038 
2725.637225 0.059290 
2724.470113 0.051830 
2723.303001 0.044744 
2722.135889 0.038438 
2720.968778 0.033045 
2719.801666 0.028719 
2718.634554 0.025029 
2717.467442 0.022225 
2716.300331 0.019976 
2715.133219 0.018232 
2713.966107 0.016904 
2712.798995 0.015909 
2711.631884 0.015031 
2710.464772 0.014379 
2709.297660 0.013820 
2708.130548 0.013257 
2706.963437 0.012779 
2705.796325 0.012426 
2704.629213 0.012026 
2703.462102 0.011717 
2702.294990 0.011472 
2701.127878 0.011050 
2699.960766 0.010691 
2698.793655 0.010490 
2697.626543 0.010222 
2696.459431 0.010004 
2695.292319 0.009850 
2694.125208 0.009687 
2692.958096 0.009623 
2691.790984 0.009433 
2690.623872 0.009258 
2689.456761 0.009136 
2688.289649 0.009112 
2687.122537 0.008980 
2685.955425 0.008712 
2684.788314 0.008614 
2683.621202 0.008596 
2682.454090 0.008395 
2681.286979 0.008192 
2680.119867 0.007966 
2678.952755 0.007780 
2677.785643 0.007407 
2676.618532 0.007082 
2675.451420 0.006792 
2674.284308 0.006509 
2673.117196 0.006129 
2671.950085 0.005769 
2670.782973 0.005520 
2669.615861 0.005227 
2668.448749 0.004900 
2667.281638 0.004656 
2666.114526 0.004401 
2664.947414 0.004293 
2663.780302 0.004075 
2662.613191 0.003784 
2661.446079 0.003606 
2660.278967 0.003416 
2659.111856 0.003320 
2657.944744 0.003231 
2656.777632 0.003045 
2655.610520 0.002765 
2654.443409 0.002702 
2653.276297 0.002530 
2652.109185 0.002399 
2650.942073 0.002389 
2649.774962 0.002204 
2648.607850 0.001977 
2647.440738 0.001809 
2646.273626 0.001674 
2645.106515 0.001446 
2643.939403 0.001268 
2642.772291 0.001126 
2641.605179 0.001049 
2640.438068 0.000930 
2639.270956 0.000843 
2638.103844 0.000675 
2636.936733 0.000553 
2635.769621 0.000514 
2634.602509 0.000368 
2633.435397 0.000259 
2632.268286 0.000201 
2631.101174 0.000201 
2629.934062 0.000141 
2628.766950 0.000180 
2627.599839 0.000142 
2626.432727 0.000111 
2625.265615 0.000071 
2624.098503 -0.000003 
2622.931392 -0.000002 
2621.764280 0.000074 
2620.597168 0.000167 
2619.430056 0.000362 
2618.262945 0.000416 
2617.095833 0.000501 
2615.928721 0.000551 
2614.761609 0.000750 
2613.594498 0.000957 
2612.427386 0.001167 
2611.260274 0.001444 
2610.093163 0.001691 
2608.926051 0.001983 
2607.758939 0.002251 
2606.591827 0.002587 
2605.424716 0.003026 
2604.257604 0.003370 
2603.090492 0.003713 
2601.923380 0.004231 
2600.756269 0.004744 
2599.589157 0.005172 
2598.422045 0.005488 
2597.254933 0.005729 
2596.087822 0.006025 
2594.920710 0.006294 
2593.753598 0.006429 
2592.586486 0.006376 
2591.419375 0.006178 
2590.252263 0.005773 
2589.085151 0.005366 
2587.918040 0.004785 
2586.750928 0.004141 
2585.583816 0.003322 
2584.416704 0.002728 
2583.249593 0.002129 
2582.082481 0.001565 
2580.915369 0.001061 
2579.748257 0.000644 
2578.581146 0.000257 
2577.414034 0.000002 
2576.246922 -0.000157 
2575.079810 -0.000395 
2573.912699 -0.000408 
2572.745587 -0.000319 
2571.578475 -0.000351 
2570.411363 -0.000307 
2569.244252 -0.000153 
2568.077140 -0.000072 
2566.910028 0.000009 
2565.742917 0.000087 
2564.575805 0.000350 
2563.408693 0.000645 
2562.241581 0.000831 
2561.074470 0.001138 
2559.907358 0.001447 
2558.740246 0.001697 
2557.573134 0.001944 
2556.406023 0.002041 
2555.238911 0.002300 
2554.071799 0.002547 
2552.904687 0.002682 
2551.737576 0.002934 
2550.570464 0.003103 
2549.403352 0.003255 
2548.236240 0.003289 
2547.069129 0.003331 
2545.902017 0.003366 
2544.734905 0.003368 
2543.567794 0.003245 
2542.400682 0.003183 
2541.233570 0.003135 
2540.066458 0.003098 
2538.899347 0.003089 
2537.732235 0.003090 
2536.565123 0.003097 
2535.398011 0.003112 
2534.230900 0.003196 
2533.063788 0.003215 
2531.896676 0.003251 
2530.729564 0.003162 
2529.562453 0.003081 
2528.395341 0.003003 
2527.228229 0.002829 
2526.061117 0.002534 
2524.894006 0.002370 
2523.726894 0.002118 
2522.559782 0.001868 
2521.392670 0.001517 
2520.225559 0.001262 
2519.058447 0.001104 
2517.891335 0.000884 
2516.724224 0.000635 
2515.557112 0.000468 
2514.390000 0.000350 
2513.222888 0.000246 
2512.055777 0.000230 
2510.888665 -0.000000 
2509.721553 -0.000080 
2508.554441 -0.000082 
2507.387330 0.000016 
2506.220218 -0.000001 
2505.053106 0.000009 
2503.885994 0.000122 
2502.718883 0.000167 
2501.551771 0.000333 
2500.384659 0.000440 
2499.217547 0.000624 
2498.050436 0.000736 
2496.883324 0.000848 
2495.716212 0.001065 
2494.549101 0.001237 
2493.381989 0.001371 
2492.214877 0.001563 
2491.047765 0.001633 
2489.880654 0.001748 
2488.713542 0.001975 
2487.546430 0.002127 
2486.379318 0.002217 
2485.212207 0.002343 
2484.045095 0.002543 
2482.877983 0.002678 
2481.710871 0.002838 
2480.543760 0.002998 
2479.376648 0.003323 
2478.209536 0.003635 
2477.042424 0.004014 
2475.875313 0.004498 
2474.708201 0.005065 
2473.541089 0.005622 
2472.373978 0.006237 
2471.206866 0.006829 
2470.039754 0.007468 
2468.872642 0.008011 
2467.705531 0.008534 
2466.538419 0.008921 
2465.371307 0.009184 
2464.204195 0.009305 
2463.037084 0.009265 
2461.869972 0.009179 
2460.702860 0.008999 
2459.535748 0.008574 
2458.368637 0.008097 
2457.201525 0.007547 
2456.034413 0.006832 
2454.867301 0.006190 
2453.700190 0.005531 
2452.533078 0.004789 
2451.365966 0.004163 
2450.198854 0.003663 
2449.031743 0.003095 
2447.864631 0.002579 
2446.697519 0.002177 
2445.530408 0.001778 
2444.363296 0.001273 
2443.196184 0.001015 
2442.029072 0.000782 
2440.861961 0.000550 
2439.694849 0.000411 
2438.527737 0.000251 
2437.360625 0.000127 
2436.193514 0.000063 
2435.026402 0.000035 
2433.859290 0.000068 
2432.692178 0.000036 
2431.525067 -0.000049 
2430.357955 0.000031 
2429.190843 0.000013 
2428.023731 0.000069 
2426.856620 0.000075 
2425.689508 0.000034 
2424.522396 0.000033 
2423.355285 0.000033 
2422.188173 -0.000029 
2421.021061 -0.000010 
2419.853949 0.000001 
2418.686838 -0.000019 
2417.519726 0.000055 
2416.352614 0.000062 
2415.185502 0.000030 
2414.018391 -0.000029 
2412.851279 0.000001 
2411.684167 -0.000030 
2410.517055 0.000071 
2409.349944 0.000082 
2408.182832 0.000028 
2407.015720 -0.000031 
2405.848608 -0.000010 
2404.681497 -0.000052 
2403.514385 -0.000094 
2402.347273 -0.000095 
2401.180162 -0.000081 
2400.013050 -0.000101 
2398.845938 -0.000091 
2397.678826 -0.000111 
2396.511715 -0.000137 
2395.344603 -0.000094 
2394.177491 -0.000144 
2393.010379 -0.000136 
2391.843268 -0.000104 
2390.676156 -0.000134 
2389.509044 -0.000174 
2388.341932 -0.000122 
2387.174821 -0.000152 
2386.007709 -0.000214 
2384.840597 -0.000234 
2383.673485 -0.000215 
2382.506374 -0.000171 
2381.339262 -0.000166 
2380.172150 -0.000202 
2379.005039 -0.000186 
2377.837927 -0.000205 
2376.670815 -0.000199 
2375.503703 -0.000263 
2374.336592 -0.000149 
2373.169480 -0.000055 
2372.002368 -0.000141 
2370.835256 -0.000144 
2369.668145 -0.000024 
2368.501033 0.000044 
2367.333921 0.000108 
2366.166809 0.000107 
2364.999698 0.000070 
2363.832586 0.000097 
2362.665474 0.000056 
2361.498362 0.000113 
2360.331251 0.000202 
2359.164139 0.000146 
2357.997027 0.000066 
2356.829915 0.000073 
2355.662804 0.000063 
2354.495692 -0.000023 
2353.328580 -0.000103 
2352.161469 -0.000061 
2350.994357 -0.000166 
2349.827245 -0.000349 
2348.660133 -0.000332 
2347.493022 -0.000173 
2346.325910 0.000185 
2345.158798 0.001278 
2343.991686 0.003815 
2342.824575 0.007677 
2341.657463 0.010509 
2340.490351 0.009782 
2339.323239 0.006192 
2338.156128 0.002773 
2336.989016 0.001063 
2335.821904 0.000672 
2334.654792 0.000647 
2333.487681 0.000612 
2332.320569 0.000683 
2331.153457 0.000673 
2329.986346 0.000748 
2328.819234 0.000745 
2327.652122 0.000823 
2326.485010 0.001248 
2325.317899 0.001277 
2324.150787 0.001014 
2322.983675 0.000959 
2321.816563 0.000795 
2320.649452 0.000759 
2319.482340 0.000772 
2318.315228 0.000671 
2317.148116 0.000573 
2315.981005 0.000616 
2314.813893 0.000668 
2313.646781 0.000597 
2312.479669 0.000559 
2311.312558 0.000490 
2310.145446 0.000497 
2308.978334 0.000394 
2307.811223 0.000342 
2306.644111 0.000322 
2305.476999 0.000285 
2304.309887 0.000352 
2303.142776 0.000289 
2301.975664 0.000188 
2300.808552 0.000162 
2299.641440 0.000173 
2298.474329 0.000140 
2297.307217 0.000128 
2296.140105 0.000039 
2294.972993 0.000063 
2293.805882 0.000009 
2292.638770 -0.000041 
2291.471658 -0.000034 
2290.304546 -0.000027 
2289.137435 0.000001 
2287.970323 -0.000092 
2286.803211 -0.000072 
2285.636099 -0.000095 
2284.468988 -0.000115 
2283.301876 -0.000165 
2282.134764 -0.000081 
2280.967653 -0.000210 
2279.800541 -0.000223 
2278.633429 -0.000120 
2277.466317 -0.000012 
2276.299206 -0.000067 
2275.132094 -0.000079 
2273.964982 -0.000139 
2272.797870 -0.000175 
2271.630759 -0.000179 
2270.463647 -0.000126 
2269.296535 -0.000179 
2268.129423 -0.000092 
2266.962312 0.000056 
2265.795200 0.000039 
2264.628088 0.000153 
2263.460976 0.000291 
2262.293865 0.000566 
2261.126753 0.000794 
2259.959641 0.001159 
2258.792530 0.001533 
2257.625418 0.001845 
2256.458306 0.002216 
2255.291194 0.002575 
2254.124083 0.002968 
2252.956971 0.003439 
2251.789859 0.003962 
2250.622747 0.004574 
2249.455636 0.005205 
2248.288524 0.005910 
2247.121412 0.006765 
2245.954300 0.007480 
2244.787189 0.008386 
2243.620077 0.009350 
2242.452965 0.010232 
2241.285853 0.011032 
2240.118742 0.011982 
2238.951630 0.012890 
2237.784518 0.013628 
2236.617407 0.014099 
2235.450295 0.014581 
2234.283183 0.014824 
2233.116071 0.014880 
2231.948960 0.014617 
2230.781848 0.014183 
2229.614736 0.013529 
2228.447624 0.012623 
2227.280513 0.011677 
2226.113401 0.010710 
2224.946289 0.009728 
2223.779177 0.008746 
2222.612066 0.007813 
2221.444954 0.006933 
2220.277842 0.006215 
2219.110730 0.005446 
2217.943619 0.004848 
2216.776507 0.004348 
2215.609395 0.003913 
2214.442284 0.003605 
2213.275172 0.003270 
2212.108060 0.003167 
2210.940948 0.003061 
2209.773837 0.002834 
2208.606725 0.002706 
2207.439613 0.002475 
2206.272501 0.002189 
2205.105390 0.002084 
2203.938278 0.002040 
2202.771166 0.001930 
2201.604054 0.001764 
2200.436943 0.001676 
2199.269831 0.001544 
2198.102719 0.001600 
2196.935607 0.001400 
2195.768496 0.001311 
2194.601384 0.001249 
2193.434272 0.001241 
2192.267160 0.001228 
2191.100049 0.001051 
2189.932937 0.000925 
2188.765825 0.000865 
2187.598714 0.000822 
2186.431602 0.000749 
2185.264490 0.000614 
2184.097378 0.000589 
2182.930267 0.000527 
2181.763155 0.000417 
2180.596043 0.000462 
2179.428931 0.000330 
2178.261820 0.000256 
2177.094708 0.000277 
2175.927596 0.000276 
2174.760484 0.000242 
2173.593373 0.000207 
2172.426261 0.000084 
2171.259149 0.000030 
2170.092037 0.000042 
2168.924926 0.000000 
2167.757814 0.000034 
2166.590702 0.000054 
2165.423591 -0.000016 
2164.256479 -0.000110 
2163.089367 -0.000039 
2161.922255 -0.000112 
2160.755144 -0.000111 
2159.588032 -0.000128 
2158.420920 -0.000145 
2157.253808 -0.000207 
2156.086697 -0.000210 
2154.919585 -0.000167 
2153.752473 -0.000185 
2152.585361 -0.000170 
2151.418250 -0.000156 
2150.251138 -0.000098 
2149.084026 -0.000086 
2147.916914 -0.000109 
2146.749803 -0.000144 
2145.582691 0.000001 
2144.415579 0.000018 
2143.248468 0.000176 
2142.081356 0.000348 
2140.914244 0.000520 
2139.747132 0.000893 
2138.580021 0.001376 
2137.412909 0.001684 
2136.245797 0.001881 
2135.078685 0.001957 
2133.911574 0.001909 
2132.744462 0.001822 
2131.577350 0.001754 
2130.410238 0.001752 
2129.243127 0.001799 
2128.076015 0.001851 
2126.908903 0.001931 
2125.741791 0.002110 
2124.574680 0.002213 
2123.407568 0.002285 
2122.240456 0.002230 
2121.073344 0.002266 
2119.906233 0.002273 
2118.739121 0.002182 
2117.572009 0.002115 
2116.404898 0.002063 
2115.237786 0.001931 
2114.070674 0.001776 
2112.903562 0.001666 
2111.736451 0.001537 
2110.569339 0.001336 
2109.402227 0.001104 
2108.235115 0.000901 
2107.068004 0.000802 
2105.900892 0.000719 
2104.733780 0.000563 
2103.566668 0.000429 
2102.399557 0.000329 
2101.232445 0.000272 
2100.065333 0.000279 
2098.898221 0.000225 
2097.731110 0.000151 
2096.563998 0.000120 
2095.396886 0.000169 
2094.229775 0.000121 
2093.062663 0.000115 
2091.895551 0.000092 
2090.728439 0.000074 
2089.561328 0.000121 
2088.394216 0.000145 
2087.227104 0.000057 
2086.059992 0.000046 
2084.892881 0.000056 
2083.725769 0.000025 
2082.558657 0.000052 
2081.391545 0.000062 
2080.224434 0.000039 
2079.057322 -0.000039 
2077.890210 0.000048 
2076.723098 0.000046 
2075.555987 0.000119 
2074.388875 0.000008 
2073.221763 -0.000018 
2072.054652 -0.000015 
2070.887540 0.000038 
2069.720428 0.000013 
2068.553316 0.000002 
2067.386205 -0.000084 
2066.219093 -0.000041 
2065.051981 -0.000066 
2063.884869 -0.000104 
2062.717758 0.000005 
2061.550646 -0.000000 
2060.383534 -0.000059 
2059.216422 -0.000198 
2058.049311 -0.000246 
2056.882199 -0.000212 
2055.715087 -0.000142 
2054.547975 -0.000159 
2053.380864 -0.000143 
2052.213752 -0.000128 
2051.046640 -0.000044 
2049.879529 -0.000076 
2048.712417 -0.000109 
2047.545305 -0.000041 
2046.378193 0.000026 
2045.211082 0.000027 
2044.043970 -0.000050 
2042.876858 0.000057 
2041.709746 0.000074 
2040.542635 0.000200 
2039.375523 0.000300 
2038.208411 0.000453 
2037.041299 0.000416 
2035.874188 0.000518 
2034.707076 0.000635 
2033.539964 0.000762 
2032.372852 0.000982 
2031.205741 0.001141 
2030.038629 0.001352 
2028.871517 0.001555 
2027.704405 0.001822 
2026.537294 0.002128 
2025.370182 0.002611 
2024.203070 0.002970 
2023.035959 0.003452 
2021.868847 0.003988 
2020.701735 0.004517 
2019.534623 0.005141 
2018.367512 0.005889 
2017.200400 0.006655 
2016.033288 0.007455 
2014.866176 0.008234 
2013.699065 0.009097 
2012.531953 0.009875 
2011.364841 0.010738 
2010.197729 0.011496 
2009.030618 0.012204 
2007.863506 0.012803 
2006.696394 0.013184 
2005.529282 0.013512 
2004.362171 0.013642 
2003.195059 0.013609 
2002.027947 0.013282 
2000.860836 0.012803 
1999.693724 0.012147 
1998.526612 0.011406 
1997.359500 0.010554 
1996.192389 0.009625 
1995.025277 0.008702 
1993.858165 0.007771 
1992.691053 0.006883 
1991.523942 0.006070 
1990.356830 0.005339 
1989.189718 0.004519 
1988.022606 0.003937 
1986.855495 0.003329 
1985.688383 0.002851 
1984.521271 0.002403 
1983.354159 0.002055 
1982.187048 0.001777 
1981.019936 0.001540 
1979.852824 0.001313 
1978.685713 0.001118 
1977.518601 0.001042 
1976.351489 0.000985 
1975.184377 0.000836 
1974.017266 0.000726 
1972.850154 0.000700 
1971.683042 0.000570 
1970.515930 0.000570 
1969.348819 0.000559 
1968.181707 0.000637 
1967.014595 0.000708 
1965.847483 0.000756 
1964.680372 0.000750 
1963.513260 0.000776 
1962.346148 0.000810 
1961.179036 0.000809 
1960.011925 0.000743 
1958.844813 0.000760 
1957.677701 0.000645 
1956.510589 0.000709 
1955.343478 0.000720 
1954.176366 0.000560 
1953.009254 0.000455 
1951.842143 0.000389 
1950.675031 0.000286 
1949.507919 0.000131 
1948.340807 0.000073 
1947.173696 0.000038 
1946.006584 -0.000026 
1944.839472 -0.000096 
1943.672360 -0.000131 
1942.505249 -0.000171 
1941.338137 -0.000231 
1940.171025 -0.000317 
1939.003913 -0.000345 
1937.836802 -0.000379 
1936.669690 -0.000435 
1935.502578 -0.000475 
1934.335466 -0.000410 
1933.168355 -0.000389 
1932.001243 -0.000360 
1930.834131 -0.000323 
1929.667020 -0.000341 
1928.499908 -0.000281 
1927.332796 -0.000280 
1926.165684 -0.000255 
1924.998573 -0.000217 
1923.831461 -0.000149 
1922.664349 -0.000158 
1921.497237 -0.000175 
1920.330126 -0.000171 
1919.163014 -0.000140 
1917.995902 -0.000094 
1916.828790 -0.000136 
1915.661679 -0.000199 
1914.494567 -0.000296 
1913.327455 -0.000269 
1912.160343 -0.000322 
1910.993232 -0.000197 
1909.826120 -0.000277 
1908.659008 -0.000281 
1907.491897 -0.000306 
1906.324785 -0.000212 
1905.157673 -0.000147 
1903.990561 -0.000219 
1902.823450 -0.000247 
1901.656338 -0.000140 
1900.489226 -0.000105 
1899.322114 -0.000102 
1898.155003 -0.000080 
1896.987891 -0.000106 
1895.820779 -0.000124 
1894.653667 -0.000101 
1893.486556 -0.000008 
1892.319444 0.000012 
1891.152332 0.000037 
1889.985220 0.000127 
1888.818109 0.000084 
1887.650997 0.000108 
1886.483885 0.000188 
1885.316774 0.000194 
1884.149662 0.000330 
1882.982550 0.000429 
1881.815438 0.000420 
1880.648327 0.000513 
1879.481215 0.000528 
1878.314103 0.000595 
1877.146991 0.000630 
1875.979880 0.000761 
1874.812768 0.000861 
1873.645656 0.000949 
1872.478544 0.000972 
1871.311433 0.001028 
1870.144321 0.001084 
1868.977209 0.001187 
1867.810097 0.001169 
1866.642986 0.001145 
1865.475874 0.001126 
1864.308762 0.001151 
1863.141650 0.001012 
1861.974539 0.000938 
1860.807427 0.000820 
1859.640315 0.000658 
1858.473204 0.000608 
1857.306092 0.000430 
1856.138980 0.000272 
1854.971868 0.000128 
1853.804757 -0.000014 
1852.637645 -0.000122 
1851.470533 -0.000182 
1850.303421 -0.000225 
1849.136310 -0.000176 
1847.969198 -0.000177 
1846.802086 -0.000174 
1845.634974 -0.000160 
1844.467863 -0.000036 
1843.300751 -0.000111 
1842.133639 -0.000184 
1840.966527 -0.000161 
1839.799416 -0.000178 
1838.632304 -0.000120 
1837.465192 -0.000118 
1836.298081 -0.000064 
1835.130969 -0.000108 
1833.963857 -0.000067 
1832.796745 -0.000053 
1831.629634 -0.000001 
1830.462522 0.000052 
1829.295410 0.000047 
1828.128298 0.000064 
1826.961187 0.000135 
1825.794075 0.000213 
1824.626963 0.000356 
1823.459851 0.000400 
1822.292740 0.000501 
1821.125628 0.000522 
1819.958516 0.000588 
1818.791404 0.000648 
1817.624293 0.000655 
1816.457181 0.000747 
1815.290069 0.000920 
1814.122958 0.001155 
1812.955846 0.001409 
1811.788734 0.001715 
1810.621622 0.002111 
1809.454511 0.002472 
1808.287399 0.002932 
1807.120287 0.003456 
1805.953175 0.004108 
1804.786064 0.004790 
1803.618952 0.005680 
1802.451840 0.006633 
1801.284728 0.007796 
1800.117617 0.009016 
1798.950505 0.010529 
1797.783393 0.012153 
1796.616281 0.014064 
1795.449170 0.016191 
1794.282058 0.018708 
1793.114946 0.021495 
1791.947835 0.024632 
1790.780723 0.028069 
1789.613611 0.031826 
1788.446499 0.036150 
1787.279388 0.040907 
1786.112276 0.046124 
1784.945164 0.051635 
1783.778052 0.057520 
1782.610941 0.063725 
1781.443829 0.070129 
1780.276717 0.076578 
1779.109605 0.082966 
1777.942494 0.089126 
1776.775382 0.094870 
1775.608270 0.099935 
1774.441158 0.104133 
1773.274047 0.107410 
1772.106935 0.109405 
1770.939823 0.110005 
1769.772711 0.109388 
1768.605600 0.107623 
1767.438488 0.104627 
1766.271376 0.100435 
1765.104265 0.095405 
1763.937153 0.089743 
1762.770041 0.083627 
1761.602929 0.077364 
1760.435818 0.070792 
1759.268706 0.064550 
1758.101594 0.058651 
1756.934482 0.053162 
1755.767371 0.047966 
1754.600259 0.043282 
1753.433147 0.039016 
1752.266035 0.035220 
1751.098924 0.032034 
1749.931812 0.028970 
1748.764700 0.026567 
1747.597588 0.024492 
1746.430477 0.023010 
1745.263365 0.021932 
1744.096253 0.021712 
1742.929142 0.022308 
1741.762030 0.023938 
1740.594918 0.027081 
1739.427806 0.032476 
1738.260695 0.041065 
1737.093583 0.054909 
1735.926471 0.078986 
1734.759359 0.124815 
1733.592248 0.224069 
1732.425136 0.432030 
1731.258024 0.769373 
1730.090912 1.165555 
1728.923801 1.524293 
1727.756689 1.817877 
1726.589577 2.055830 
1725.422465 2.235658 
1724.255354 2.361909 
1723.088242 2.427368 
1721.921130 2.471661 
1720.754019 2.475305 
1719.586907 2.452403 
1718.419795 2.430276 
1717.252683 2.398441 
1716.085572 2.313978 
1714.918460 2.208661 
1713.751348 2.072895 
1712.584236 1.906586 
1711.417125 1.715717 
1710.250013 1.512097 
1709.082901 1.298759 
1707.915789 1.080285 
1706.748678 0.854925 
1705.581566 0.625430 
1704.414454 0.417405 
1703.247342 0.271980 
1702.080231 0.193984 
1700.913119 0.153897 
1699.746007 0.131004 
1698.578895 0.115089 
1697.411784 0.103576 
1696.244672 0.094989 
1695.077560 0.087795 
1693.910449 0.081917 
1692.743337 0.077666 
1691.576225 0.074797 
1690.409113 0.072916 
1689.242002 0.071866 
1688.074890 0.071607 
1686.907778 0.072089 
1685.740666 0.073899 
1684.573555 0.077654 
1683.406443 0.082352 
1682.239331 0.088175 
1681.072219 0.093791 
1679.905108 0.097374 
1678.737996 0.097334 
1677.570884 0.092692 
1676.403772 0.084318 
1675.236661 0.073695 
1674.069549 0.062455 
1672.902437 0.052733 
1671.735326 0.045407 
1670.568214 0.040056 
1669.401102 0.036644 
1668.233990 0.034197 
1667.066879 0.032498 
1665.899767 0.031251 
1664.732655 0.030313 
1663.565543 0.029546 
1662.398432 0.028914 
1661.231320 0.028232 
1660.064208 0.027885 
1658.897096 0.027707 
1657.729985 0.027588 
1656.562873 0.027709 
1655.395761 0.028130 
1654.228649 0.028983 
1653.061538 0.030168 
1651.894426 0.031035 
1650.727314 0.031941 
1649.560203 0.033321 
1648.393091 0.034926 
1647.225979 0.036668 
1646.058867 0.038436 
1644.891756 0.039858 
1643.724644 0.041131 
1642.557532 0.042401 
1641.390420 0.043316 
1640.223309 0.043718 
1639.056197 0.043884 
1637.889085 0.043694 
1636.721973 0.043072 
1635.554862 0.041989 
1634.387750 0.040134 
1633.220638 0.037844 
1632.053526 0.035319 
1630.886415 0.032555 
1629.719303 0.029750 
1628.552191 0.026961 
1627.385080 0.024342 
1626.217968 0.021817 
1625.050856 0.019651 
1623.883744 0.017828 
1622.716633 0.016136 
1621.549521 0.014734 
1620.382409 0.013422 
1619.215297 0.012310 
1618.048186 0.011309 
1616.881074 0.010758 
1615.713962 0.009685 
1614.546850 0.008803 
1613.379739 0.008122 
1612.212627 0.007556 
1611.045515 0.006885 
1609.878403 0.006299 
1608.711292 0.005848 
1607.544180 0.005359 
1606.377068 0.004916 
1605.209956 0.004477 
1604.042845 0.004071 
1602.875733 0.003658 
1601.708621 0.003327 
1600.541510 0.002975 
1599.374398 0.002671 
1598.207286 0.002280 
1597.040174 0.002032 
1595.873063 0.001713 
1594.705951 0.001458 
1593.538839 0.001207 
1592.371727 0.000938 
1591.204616 0.000699 
1590.037504 0.000491 
1588.870392 0.000329 
1587.703280 0.000154 
1586.536169 -0.000012 
1585.369057 -0.000092 
1584.201945 -0.000228 
1583.034833 -0.000396 
1581.867722 -0.000367 
1580.700610 -0.000499 
1579.533498 -0.000434 
1578.366387 -0.000444 
1577.199275 -0.000205 
1576.032163 0.000226 
1574.865051 0.000144 
1573.697940 0.000225 
1572.530828 0.000549 
1571.363716 0.000920 
1570.196604 0.001641 
1569.029493 0.002226 
1567.862381 0.002743 
1566.695269 0.003455 
1565.528157 0.004316 
1564.361046 0.005287 
1563.193934 0.006186 
1562.026822 0.007166 
1560.859710 0.008439 
1559.692599 0.009790 
1558.525487 0.010774 
1557.358375 0.011566 
1556.191264 0.012202 
1555.024152 0.013130 
1553.857040 0.013906 
1552.689928 0.014380 
1551.522817 0.014991 
1550.355705 0.015481 
1549.188593 0.015710 
1548.021481 0.015752 
1546.854370 0.015707 
1545.687258 0.015439 
1544.520146 0.014980 
1543.353034 0.014287 
1542.185923 0.013626 
1541.018811 0.012604 
1539.851699 0.011832 
1538.684587 0.010980 
1537.517476 0.009890 
1536.350364 0.008963 
1535.183252 0.008088 
1534.016140 0.007322 
1532.849029 0.006370 
1531.681917 0.005421 
1530.514805 0.004616 
1529.347694 0.003985 
1528.180582 0.003332 
1527.013470 0.002652 
1525.846358 0.002112 
1524.679247 0.001662 
1523.512135 0.001133 
1522.345023 0.001039 
1521.177911 0.001023 
1520.010800 0.000774 
1518.843688 0.000467 
1517.676576 0.000471 
1516.509464 0.000288 
1515.342353 0.000171 
1514.175241 0.000113 
1513.008129 0.000006 
1511.841017 -0.000012 
1510.673906 -0.000097 
1509.506794 -0.000037 
1508.339682 0.000026 
1507.172571 0.000258 
1506.005459 0.000246 
1504.838347 0.000145 
1503.671235 -0.000064 
1502.504124 -0.000032 
1501.337012 -0.000089 
1500.169900 -0.000007 
1499.002788 0.000094 
1497.835677 0.000116 
1496.668565 0.000219 
1495.501453 0.000157 
1494.334341 -0.000039 
1493.167230 -0.000009 
1492.000118 0.000119 
1490.833006 0.000174 
1489.665894 0.000185 
1488.498783 0.000146 
1487.331671 0.000190 
1486.164559 0.000084 
1484.997448 0.000130 
1483.830336 0.000071 
1482.663224 0.000066 
1481.496112 0.000030 
1480.329001 -0.000026 
1479.161889 -0.000042 
1477.994777 -0.000036 
1476.827665 0.000000 
1475.660554 0.000017 
1474.493442 -0.000056 
1473.326330 -0.000006 
1472.159218 -0.000015 
1470.992107 -0.000112 
1469.824995 -0.000188 
1468.657883 -0.000245 
1467.490771 -0.000223 
1466.323660 -0.000160 
1465.156548 0.000133 
1463.989436 0.000229 
1462.822325 0.000358 
1461.655213 0.000595 
1460.488101 0.000895 
1459.320989 0.001359 
1458.153878 0.002014 
1456.986766 0.003000 
1455.819654 0.003952 
1454.652542 0.005497 
1453.485431 0.008182 
1452.318319 0.012594 
1451.151207 0.019570 
1449.984095 0.030541 
1448.816984 0.046274 
1447.649872 0.068052 
1446.482760 0.095180 
1445.315648 0.127008 
1444.148537 0.161973 
1442.981425 0.198956 
1441.814313 0.236735 
1440.647201 0.274800 
1439.480090 0.312477 
1438.312978 0.349534 
1437.145866 0.385577 
1435.978755 0.419595 
1434.811643 0.450953 
1433.644531 0.478986 
1432.477419 0.502853 
1431.310308 0.521384 
1430.143196 0.533280 
1428.976084 0.538668 
1427.808972 0.537080 
1426.641861 0.528430 
1425.474749 0.512270 
1424.307637 0.488674 
1423.140525 0.457308 
1421.973414 0.418084 
1420.806302 0.372354 
1419.639190 0.323638 
1418.472078 0.278005 
1417.304967 0.242653 
1416.137855 0.220434 
1414.970743 0.209871 
1413.803632 0.207521 
1412.636520 0.209361 
1411.469408 0.212573 
1410.302296 0.215338 
1409.135185 0.216034 
1407.968073 0.214025 
1406.800961 0.209086 
1405.633849 0.201660 
1404.466738 0.192630 
1403.299626 0.183130 
1402.132514 0.175187 
1400.965402 0.170252 
1399.798291 0.169251 
1398.631179 0.172000 
1397.464067 0.178081 
1396.296955 0.186092 
1395.129844 0.194483 
1393.962732 0.201060 
1392.795620 0.203872 
1391.628509 0.201488 
1390.461397 0.193059 
1389.294285 0.177867 
1388.127173 0.157738 
1386.960062 0.134199 
1385.792950 0.109977 
1384.625838 0.087506 
1383.458726 0.068452 
1382.291615 0.053164 
1381.124503 0.041638 
1379.957391 0.033200 
1378.790279 0.026925 
1377.623168 0.022252 
1376.456056 0.018506 
1375.288944 0.015718 
1374.121832 0.013425 
1372.954721 0.011524 
1371.787609 0.009957 
1370.620497 0.008842 
1369.453385 0.007916 
1368.286274 0.007274 
1367.119162 0.006974 
1365.952050 0.007397 
1364.784939 0.009209 
1363.617827 0.013773 
1362.450715 0.022998 
1361.283603 0.040027 
1360.116492 0.066699 
1358.949380 0.105067 
1357.782268 0.155007 
1356.615156 0.215833 
1355.448045 0.286503 
1354.280933 0.364607 
1353.113821 0.448433 
1351.946709 0.534461 
1350.779598 0.619918 
1349.612486 0.700792 
1348.445374 0.772045 
1347.278262 0.823175 
1346.111151 0.846556 
1344.944039 0.833456 
1343.776927 0.781076 
1342.609816 0.690985 
1341.442704 0.571404 
1340.275592 0.438549 
1339.108480 0.311798 
1337.941369 0.206494 
1336.774257 0.131467 
1335.607145 0.084037 
1334.440033 0.056776 
1333.272922 0.041853 
1332.105810 0.032773 
1330.938698 0.026947 
1329.771586 0.022590 
1328.604475 0.019295 
1327.437363 0.016841 
1326.270251 0.015013 
1325.103139 0.013707 
1323.936028 0.012646 
1322.768916 0.011797 
1321.601804 0.011048 
1320.434693 0.010526 
1319.267581 0.010003 
1318.100469 0.009614 
1316.933357 0.009146 
1315.766246 0.008816 
1314.599134 0.008455 
1313.432022 0.008179 
1312.264910 0.008021 
1311.097799 0.007833 
1309.930687 0.007693 
1308.763575 0.007617 
1307.596463 0.007622 
1306.429352 0.007630 
1305.262240 0.007638 
1304.095128 0.007578 
1302.928016 0.007441 
1301.760905 0.007192 
1300.593793 0.006919 
1299.426681 0.006572 
1298.259570 0.006219 
1297.092458 0.005874 
1295.925346 0.005625 
1294.758234 0.005296 
1293.591123 0.005064 
1292.424011 0.004796 
1291.256899 0.004528 
1290.089787 0.004222 
1288.922676 0.003943 
1287.755564 0.003666 
1286.588452 0.003338 
1285.421340 0.003041 
1284.254229 0.002649 
1283.087117 0.002413 
1281.920005 0.002101 
1280.752893 0.001768 
1279.585782 0.001499 
1278.418670 0.001330 
1277.251558 0.001089 
1276.084446 0.000893 
1274.917335 0.000749 
1273.750223 0.000546 
1272.583111 0.000383 
1271.416000 0.000265 
1270.248888 0.000180 
1269.081776 0.000066 
1267.914664 0.000037 
1266.747553 -0.000012 
1265.580441 -0.000018 
1264.413329 -0.000012 
1263.246217 0.000081 
1262.079106 0.000062 
1260.911994 0.000141 
1259.744882 0.000143 
1258.577770 0.000100 
1257.410659 0.000058 
1256.243547 0.000011 
1255.076435 -0.000001 
1253.909323 -0.000002 
1252.742212 -0.000065 
1251.575100 -0.000103 
1250.407988 -0.000148 
1249.240877 -0.000156 
1248.073765 -0.000084 
1246.906653 -0.000071 
1245.739541 0.000050 
1244.572430 0.000045 
1243.405318 0.000054 
1242.238206 0.000053 
1241.071094 0.000077 
1239.903983 0.000017 
1238.736871 0.000023 
1237.569759 -0.000003 
1236.402647 0.000057 
1235.235536 0.000036 
1234.068424 0.000025 
1232.901312 0.000012 
1231.734200 0.000080 
1230.567089 0.000183 
1229.399977 0.000196 
1228.232865 0.000187 
1227.065754 0.000081 
1225.898642 0.000055 
1224.731530 -0.000030 
1223.564418 0.000026 
1222.397307 0.000010 
1221.230195 0.000067 
1220.063083 0.000042 
1218.895971 0.000034 
1217.728860 -0.000030 
1216.561748 0.000000 
1215.394636 0.000048 
1214.227524 0.000071 
1213.060413 0.000090 
1211.893301 0.000033 
1210.726189 0.000078 
1209.559077 0.000024 
1208.391966 0.000093 
1207.224854 0.000004 
1206.057742 0.000009 
1204.890630 0.000003 
1203.723519 0.000015 
1202.556407 -0.000045 
1201.389295 0.000024 
1200.222184 0.000031 
1199.055072 0.000077 
1197.887960 0.000073 
1196.720848 0.000004 
1195.553737 0.000013 
1194.386625 -0.000069 
1193.219513 -0.000109 
1192.052401 -0.000154 
1190.885290 -0.000126 
1189.718178 -0.000190 
1188.551066 -0.000111 
1187.383954 -0.000016 
1186.216843 -0.000052 
1185.049731 -0.000013 
1183.882619 0.000031 
1182.715507 0.000056 
1181.548396 0.000206 
1180.381284 0.000183 
1179.214172 0.000103 
1178.047061 0.000022 
1176.879949 -0.000044 
1175.712837 -0.000059 
1174.545725 -0.000054 
1173.378614 0.000079 
1172.211502 0.000129 
1171.044390 0.000108 
1169.877278 -0.000172 
1168.710167 -0.000399 
1167.543055 -0.000658 
1166.375943 -0.000819 
1165.208831 -0.000903 
1164.041720 -0.001069 
1162.874608 -0.001224 
1161.707496 -0.001350 
1160.540384 -0.001500 
1159.373273 -0.001670 
1158.206161 -0.001803 
1157.039049 -0.001957 
1155.871938 -0.002107 
1154.704826 -0.002291 
1153.537714 -0.002500 
1152.370602 -0.002735 
1151.203491 -0.002948 
1150.036379 -0.003244 
1148.869267 -0.003398 
1147.702155 -0.003748 
1146.535044 -0.003970 
1145.367932 -0.004259 
1144.200820 -0.004686 
1143.033708 -0.005051 
1141.866597 -0.005347 
1140.699485 -0.005676 
1139.532373 -0.005858 
1138.365261 -0.005643 
1137.198150 -0.004978 
1136.031038 -0.002746 
1134.863926 0.003103 
1133.696815 0.017165 
1132.529703 0.045222 
1131.362591 0.094742 
1130.195479 0.165470 
1129.028368 0.251647 
1127.861256 0.341632 
1126.694144 0.425444 
1125.527032 0.495156 
1124.359921 0.546548 
1123.192809 0.574501 
1122.025697 0.578490 
1120.858585 0.559028 
1119.691474 0.517529 
1118.524362 0.458156 
1117.357250 0.383443 
1116.190138 0.307592 
1115.023027 0.247768 
1113.855915 0.210659 
1112.688803 0.190244 
1111.521691 0.178037 
1110.354580 0.166771 
1109.187468 0.153437 
1108.020356 0.137113 
1106.853245 0.118548 
1105.686133 0.099008 
1104.519021 0.080059 
1103.351909 0.063320 
1102.184798 0.049393 
1101.017686 0.038903 
1099.850574 0.031635 
1098.683462 0.026891 
1097.516351 0.023609 
1096.349239 0.021335 
1095.182127 0.019553 
1094.015015 0.018132 
1092.847904 0.016873 
1091.680792 0.015845 
1090.513680 0.015003 
1089.346568 0.014249 
1088.179457 0.013514 
1087.012345 0.012930 
1085.845233 0.012462 
1084.678122 0.012061 
1083.511010 0.011562 
1082.343898 0.011110 
1081.176786 0.010678 
1080.009675 0.010354 
1078.842563 0.009996 
1077.675451 0.009674 
1076.508339 0.009406 
1075.341228 0.009078 
1074.174116 0.008657 
1073.007004 0.008495 
1071.839892 0.008101 
1070.672781 0.007793 
1069.505669 0.007567 
1068.338557 0.007344 
1067.171445 0.007149 
1066.004334 0.006880 
1064.837222 0.006754 
1063.670110 0.006565 
1062.502999 0.006276 
1061.335887 0.006136 
1060.168775 0.005890 
1059.001663 0.005748 
1057.834552 0.005583 
1056.667440 0.005581 
1055.500328 0.005558 
1054.333216 0.005517 
1053.166105 0.005554 
1051.998993 0.005507 
1050.831881 0.005503 
1049.664769 0.005713 
1048.497658 0.005872 
1047.330546 0.006049 
1046.163434 0.006289 
1044.996322 0.006584 
1043.829211 0.006823 
1042.662099 0.007128 
1041.494987 0.007489 
1040.327875 0.007583 
1039.160764 0.007711 
1037.993652 0.007699 
1036.826540 0.007750 
1035.659429 0.007551 
1034.492317 0.007291 
1033.325205 0.007029 
1032.158093 0.006503 
1030.990982 0.005904 
1029.823870 0.005390 
1028.656758 0.004749 
1027.489646 0.004098 
1026.322535 0.003451 
1025.155423 0.002810 
1023.988311 0.002309 
1022.821199 0.001878 
1021.654088 0.001608 
1020.486976 0.001323 
1019.319864 0.001167 
1018.152752 0.000920 
1016.985641 0.000886 
1015.818529 0.000785 
1014.651417 0.000637 
1013.484306 0.000569 
1012.317194 0.000421 
1011.150082 0.000305 
1009.982970 0.000232 
1008.815859 0.000218 
1007.648747 0.000048 
1006.481635 -0.000038 
1005.314523 -0.000099 
1004.147412 -0.000070 
1002.980300 -0.000155 
1001.813188 -0.000097 
1000.646076 -0.000095 
999.478965 0.000000 
998.311853 -0.000107 
997.144741 -0.000135 
995.977629 -0.000131 
994.810518 -0.000089 
993.643406 -0.000105 
992.476294 -0.000092 
991.309183 -0.000106 
990.142071 -0.000179 
988.974959 -0.000286 
987.807847 -0.000298 
986.640736 -0.000277 
985.473624 -0.000235 
984.306512 -0.000186 
983.139400 -0.000131 
981.972289 -0.000160 
980.805177 -0.000170 
979.638065 -0.000144 
978.470953 -0.000184 
977.303842 -0.000209 
976.136730 -0.000153 
974.969618 -0.000035 
973.802506 0.000035 
972.635395 -0.000000 
971.468283 0.000019 
970.301171 0.000024 
969.134060 0.000018 
967.966948 0.000068 
966.799836 0.000078 
965.632724 0.000098 
964.465613 0.000089 
963.298501 -0.000007 
962.131389 0.000068 
960.964277 0.000070 
959.797166 0.000125 
958.630054 0.000045 
957.462942 0.000065 
956.295830 0.000015 
955.128719 -0.000142 
953.961607 -0.000202 
952.794495 -0.000134 
951.627383 -0.000090 
950.460272 -0.000169 
949.293160 -0.000370 
948.126048 -0.000440 
946.958936 -0.000332 
945.791825 -0.000332 
944.624713 -0.000428 
943.457601 -0.000573 
942.290490 -0.000566 
941.123378 -0.000681 
939.956266 -0.000712 
938.789154 -0.000747 
937.622043 -0.000775 
936.454931 -0.000766 
935.287819 -0.000733 
934.120707 -0.000722 
932.953596 -0.000727 
931.786484 -0.000599 
930.619372 -0.000499 
929.452260 -0.000360 
928.285149 -0.000295 
927.118037 -0.000097 
925.950925 -0.000035 
924.783813 0.000181 
923.616702 0.000369 
922.449590 0.000648 
921.282478 0.000816 
920.115367 0.001137 
918.948255 0.001460 
917.781143 0.001851 
916.614031 0.002308 
915.446920 0.002787 
914.279808 0.003352 
913.112696 0.003902 
911.945584 0.004740 
910.778473 0.005623 
909.611361 0.006557 
908.444249 0.007600 
907.277137 0.008810 
906.110026 0.010213 
904.942914 0.011883 
903.775802 0.013861 
902.608690 0.016233 
901.441579 0.018877 
900.274467 0.022025 
899.107355 0.025779 
897.940244 0.030068 
896.773132 0.035143 
895.606020 0.040856 
894.438908 0.047228 
893.271797 0.054099 
892.104685 0.061276 
890.937573 0.068251 
889.770461 0.074534 
888.603350 0.079421 
887.436238 0.082594 
886.269126 0.083295 
885.102014 0.081601 
883.934903 0.077614 
882.767791 0.071708 
881.600679 0.064295 
880.433567 0.056355 
879.266456 0.048757 
878.099344 0.041777 
876.932232 0.035812 
875.765121 0.030680 
874.598009 0.026390 
873.430897 0.022940 
872.263785 0.020056 
871.096674 0.017608 
869.929562 0.015744 
868.762450 0.014121 
867.595338 0.012684 
866.428227 0.011438 
865.261115 0.010417 
864.094003 0.009578 
862.926891 0.008915 
861.759780 0.008319 
860.592668 0.007672 
859.425556 0.007262 
858.258444 0.006895 
857.091333 0.006508 
855.924221 0.006177 
854.757109 0.005863 
853.589997 0.005647 
852.422886 0.005307 
851.255774 0.005020 
850.088662 0.004815 
848.921551 0.004581 
847.754439 0.004463 
846.587327 0.004285 
845.420215 0.004103 
844.253104 0.003996 
843.085992 0.003936 
841.918880 0.003798 
840.751768 0.003686 
839.584657 0.003588 
838.417545 0.003556 
837.250433 0.003358 
836.083321 0.003199 
834.916210 0.003147 
833.749098 0.002985 
832.581986 0.002877 
831.414874 0.002770 
830.247763 0.002671 
829.080651 0.002563 
827.913539 0.002567 
826.746428 0.002575 
825.579316 0.002399 
824.412204 0.002215 
823.245092 0.002150 
822.077981 0.002111 
820.910869 0.002078 
819.743757 0.002062 
818.576645 0.002033 
817.409534 0.001918 
816.242422 0.001775 
815.075310 0.001853 
813.908198 0.001644 
812.741087 0.001414 
811.573975 0.001465 
810.406863 0.001281 
809.239751 0.001035 
808.072640 0.000914 
806.905528 0.000927 
805.738416 0.000932 
804.571305 0.000765 
803.404193 0.000588 
802.237081 0.000432 
801.069969 0.000221 
799.902858 0.000102 
798.735746 0.000008 
797.568634 0.000119 
796.401522 -0.000002 
795.234411 0.000074 
794.067299 0.000160 
792.900187 0.000552 
791.733075 0.001205 
790.565964 0.002002 
789.398852 0.003411 
788.231740 0.005600 
787.064628 0.008890 
785.897517 0.013476 
784.730405 0.019543 
783.563293 0.027191 
782.396181 0.036413 
781.229070 0.047181 
780.061958 0.058938 
778.894846 0.071043 
777.727735 0.082878 
776.560623 0.093511 
775.393511 0.102421 
774.226399 0.109080 
773.059288 0.112658 
771.892176 0.112925 
770.725064 0.109702 
769.557952 0.103159 
768.390841 0.093557 
767.223729 0.081965 
766.056617 0.069443 
764.889505 0.056999 
763.722394 0.045467 
762.555282 0.035758 
761.388170 0.027681 
760.221058 0.021304 
759.053947 0.016422 
757.886835 0.012930 
756.719723 0.010420 
755.552612 0.008501 
754.385500 0.007068 
753.218388 0.006018 
752.051276 0.005245 
750.884165 0.004676 
749.717053 0.004031 
748.549941 0.003483 
747.382829 0.003097 
746.215718 0.002760 
745.048606 0.002288 
743.881494 0.002074 
742.714382 0.001958 
741.547271 0.001639 
740.380159 0.001463 
739.213047 0.001279 
738.045935 0.000944 
736.878824 0.000867 
735.711712 0.000659 
734.544600 0.000699 
733.377489 0.000524 
732.210377 0.000320 
731.043265 0.000147 
729.876153 -0.000005 
728.709042 -0.000079 
727.541930 -0.000033 
726.374818 -0.000167 
725.207706 -0.000184 
724.040595 -0.000288 
722.873483 -0.000200 
721.706371 -0.000265 
720.539259 -0.000391 
719.372148 -0.000336 
718.205036 -0.000218 
717.037924 -0.000259 
715.870812 -0.000385 
714.703701 -0.000376 
713.536589 -0.000362 
712.369477 -0.000434 
711.202366 -0.000474 
710.035254 -0.000445 
708.868142 -0.000349 
707.701030 -0.000341 
706.533919 -0.000434 
705.366807 -0.000346 
704.199695 -0.000251 
703.032583 -0.000291 
701.865472 -0.000317 
700.698360 -0.000293 
699.531248 -0.000294 
698.364136 -0.000278 
697.197025 -0.000294 
696.029913 -0.000088 
694.862801 -0.000137 
693.695689 -0.000235 
692.528578 -0.000123 
691.361466 -0.000064 
690.194354 -0.000100 
689.027242 -0.000001 
687.860131 0.000146 
686.693019 0.000165 
685.525907 0.000063 
684.358796 0.000017 
683.191684 0.000018 
682.024572 -0.000042 
680.857460 -0.000136 
679.690349 -0.000069 
678.523237 -0.000087 
677.356125 -0.000205 
676.189013 -0.000411 
675.021902 -0.000365 
673.854790 -0.000334 
672.687678 -0.000428 
671.520566 -0.000310 
670.353455 -0.000546 
669.186343 -0.001283 
668.019231 -0.001007 
666.852119 -0.000813 
665.685008 -0.000699 
664.517896 -0.000675 
663.350784 -0.000430 
662.183673 -0.000242 
661.016561 -0.000036 
659.849449 0.000204 
658.682337 0.000068 
657.515226 -0.000312 
656.348114 -0.000747 
655.181002 -0.001191 
654.013890 -0.001461 
652.846779 -0.001536 
651.679667 -0.001220 
650.512555 -0.000742 
649.345443 -0.000259 
648.178332 0.000457 
647.011220 0.000909 
645.844108 0.000960 
644.676996 0.000621 
643.509885 0.000068 
642.342773 -0.000784 
641.175661 -0.001691 
640.008550 -0.002508 
638.841438 -0.002786 
637.674326 -0.002971 
636.507214 -0.002966 
635.340103 -0.002810 
634.172991 -0.002448 
633.005879 -0.001705 
631.838767 -0.001408 
630.671656 -0.000896 
629.504544 -0.000426 
628.337432 0.000417 
627.170320 0.000943 
626.003209 0.001240 
624.836097 0.001174 
623.668985 0.000911 
622.501873 0.000722 
621.334762 0.000692 
620.167650 0.000524 
619.000538 0.000492 
617.833426 0.000726 
616.666315 0.000715 
615.499203 0.000327 
614.332091 0.000077 
613.164980 0.000165 
611.997868 0.000196 
610.830756 0.000170 
609.663644 0.000009 
608.496533 0.000032 
607.329421 -0.000295 
606.162309 -0.000378 
604.995197 -0.000382 
603.828086 -0.000516 
602.660974 -0.000425 
601.493862 -0.000320 
600.326750 -0.000100 
599.159639 -0.000294 
597.992527 -0.000387 
596.825415 0.000283 
595.658303 0.000201 
594.491192 0.000026 
593.324080 -0.000235 
592.156968 -0.000555 
590.989857 -0.000412 
589.822745 -0.000788 
588.655633 -0.000429 
587.488521 -0.000044 
586.321410 0.000049 
585.154298 0.000169 
583.987186 0.000262 
582.820074 0.000726 
581.652963 0.000907 
580.485851 0.000940 
579.318739 0.001163 
578.151627 0.001445 
576.984516 0.000146 
575.817404 -0.000758 
574.650292 0.001421 
573.483180 0.001024 
572.316069 0.001053 
571.148957 0.001303 
569.981845 0.001152 
568.814734 0.000655 
567.647622 0.000906 
566.480510 0.000371 
565.313398 0.000992 
564.146287 0.000849 
562.979175 0.000074 
561.812063 0.000780 
560.644951 0.000653 
559.477840 -0.000123 
558.310728 0.000704 
557.143616 0.000266 
555.976504 0.000177 
554.809393 0.001446 
553.642281 0.002640 
552.475169 0.002016 
551.308057 -0.000081 
550.140946 -0.001096 
548.973834 0.001238 
547.806722 0.000426 
546.639611 0.000624 
545.472499 0.000159 
544.305387 0.000386 
543.138275 0.000004 
541.971164 0.000212 
540.804052 0.002280 
539.636940 0.002577 
538.469828 0.003362 
537.302717 0.005371 
536.135605 0.005851 
534.968493 0.008238 
533.801381 0.012770 
532.634270 0.016078 
531.467158 0.022214 
530.300046 0.031350 
529.132934 0.045011 
527.965823 0.069682 
526.798711 0.108013 
525.631599 0.158594 
524.464487 0.222662 
523.297376 0.293799 
522.130264 0.361978 
520.963152 0.424459 
519.796041 0.477373 
518.628929 0.512475 
517.461817 0.527069 
516.294705 0.513274 
515.127594 0.464412 
513.960482 0.382387 
512.793370 0.271783 
511.626258 0.161174 
510.459147 0.080242 
509.292035 0.038276 
508.124923 0.020619 
506.957811 0.012939 
505.790700 0.007853 
504.623588 0.006998 
503.456476 0.007177 
502.289364 0.003354 
501.122253 0.002062 
499.955141 0.004869 
