4000.123242 -0.000578 
3998.956130 -0.000354 
3997.789019 -0.000427 
3996.621907 -0.000376 
3995.454795 -0.000248 
3994.287683 -0.000242 
3993.120572 -0.000309 
3991.953460 -0.000296 
3990.786348 -0.000212 
3989.619236 -0.000176 
3988.452125 0.000122 
3987.285013 0.000026 
3986.117901 0.000092 
3984.950789 0.000066 
3983.783678 0.000154 
3982.616566 -0.000143 
3981.449454 0.000047 
3980.282342 0.000079 
3979.115231 0.000053 
3977.948119 -0.000010 
3976.781007 -0.000098 
3975.613896 -0.000140 
3974.446784 -0.000010 
3973.279672 0.000099 
3972.112560 0.000035 
3970.945449 0.000014 
3969.778337 0.000122 
3968.611225 0.000057 
3967.444113 0.000040 
3966.277002 0.000137 
3965.109890 0.000065 
3963.942778 -0.000045 
3962.775666 0.000036 
3961.608555 -0.000002 
3960.441443 -0.000049 
3959.274331 0.000027 
3958.107219 0.000165 
3956.940108 0.000114 
3955.772996 0.000055 
3954.605884 -0.000045 
3953.438772 -0.000004 
3952.271661 0.000016 
3951.104549 0.000216 
3949.937437 -0.000099 
3948.770326 -0.000066 
3947.603214 -0.000056 
3946.436102 0.000268 
3945.268990 0.000307 
3944.101879 0.000105 
3942.934767 0.000056 
3941.767655 0.000169 
3940.600543 0.000168 
3939.433432 0.000164 
3938.266320 0.000154 
3937.099208 0.000008 
3935.932096 0.000139 
3934.764985 0.000147 
3933.597873 0.000255 
3932.430761 0.000062 
3931.263649 0.000069 
3930.096538 0.000177 
3928.929426 0.000274 
3927.762314 0.000156 
3926.595203 0.000122 
3925.428091 0.000143 
3924.260979 0.000192 
3923.093867 0.000155 
3921.926756 0.000012 
3920.759644 -0.000127 
3919.592532 -0.000087 
3918.425420 0.000065 
3917.258309 -0.000169 
3916.091197 0.000007 
3914.924085 0.000135 
3913.756973 0.000058 
3912.589862 -0.000070 
3911.422750 -0.000062 
3910.255638 -0.000352 
3909.088526 -0.000051 
3907.921415 -0.000106 
3906.754303 -0.000093 
3905.587191 -0.000215 
3904.420080 -0.000273 
3903.252968 -0.000160 
3902.085856 -0.000166 
3900.918744 -0.000081 
3899.751633 -0.000226 
3898.584521 -0.000190 
3897.417409 -0.000105 
3896.250297 0.000008 
3895.083186 -0.000130 
3893.916074 -0.000196 
3892.748962 -0.000196 
3891.581850 -0.000175 
3890.414739 -0.000019 
3889.247627 0.000116 
3888.080515 -0.000034 
3886.913403 -0.000068 
3885.746292 -0.000228 
3884.579180 -0.000108 
3883.412068 0.000001 
3882.244957 0.000034 
3881.077845 -0.000015 
3879.910733 0.000017 
3878.743621 0.000137 
3877.576510 0.000002 
3876.409398 0.000075 
3875.242286 -0.000049 
3874.075174 0.000134 
3872.908063 0.000050 
3871.740951 0.000251 
3870.573839 0.000191 
3869.406727 0.000096 
3868.239616 0.000196 
3867.072504 0.000361 
3865.905392 0.000583 
3864.738280 0.000447 
3863.571169 0.000415 
3862.404057 0.000363 
3861.236945 0.000413 
3860.069833 0.000602 
3858.902722 0.000680 
3857.735610 0.000585 
3856.568498 0.000637 
3855.401387 0.000517 
3854.234275 0.000412 
3853.067163 0.000338 
3851.900051 0.000362 
3850.732940 0.000522 
3849.565828 0.000507 
3848.398716 0.000503 
3847.231604 0.000543 
3846.064493 0.000539 
3844.897381 0.000319 
3843.730269 0.000256 
3842.563157 0.000242 
3841.396046 0.000288 
3840.228934 0.000099 
3839.061822 -0.000111 
3837.894710 -0.000265 
3836.727599 -0.000032 
3835.560487 0.000005 
3834.393375 -0.000049 
3833.226264 0.000013 
3832.059152 -0.000011 
3830.892040 0.000036 
3829.724928 -0.000111 
3828.557817 0.000059 
3827.390705 -0.000132 
3826.223593 -0.000023 
3825.056481 -0.000049 
3823.889370 0.000108 
3822.722258 -0.000029 
3821.555146 -0.000052 
3820.388034 0.000008 
3819.220923 0.000105 
3818.053811 -0.000016 
3816.886699 -0.000177 
3815.719587 -0.000266 
3814.552476 0.000024 
3813.385364 0.000085 
3812.218252 0.000180 
3811.051141 0.000092 
3809.884029 -0.000001 
3808.716917 0.000153 
3807.549805 -0.000228 
3806.382694 -0.000250 
3805.215582 -0.000010 
3804.048470 0.000120 
3802.881358 -0.000035 
3801.714247 -0.000119 
3800.547135 -0.000038 
3799.380023 0.000026 
3798.212911 -0.000039 
3797.045800 0.000079 
3795.878688 0.000167 
3794.711576 0.000020 
3793.544464 0.000104 
3792.377353 0.000053 
3791.210241 0.000164 
3790.043129 0.000058 
3788.876017 0.000078 
3787.708906 -0.000006 
3786.541794 0.000183 
3785.374682 -0.000051 
3784.207571 -0.000050 
3783.040459 0.000079 
3781.873347 0.000136 
3780.706235 0.000014 
3779.539124 0.000032 
3778.372012 0.000120 
3777.204900 0.000090 
3776.037788 0.000126 
3774.870677 0.000064 
3773.703565 0.000154 
3772.536453 0.000086 
3771.369341 0.000120 
3770.202230 -0.000030 
3769.035118 -0.000032 
3767.868006 -0.000014 
3766.700894 0.000083 
3765.533783 0.000148 
3764.366671 0.000303 
3763.199559 0.000292 
3762.032448 0.000248 
3760.865336 0.000159 
3759.698224 0.000012 
3758.531112 0.000071 
3757.364001 0.000042 
3756.196889 -0.000018 
3755.029777 0.000099 
3753.862665 0.000311 
3752.695554 -0.000054 
3751.528442 -0.000177 
3750.361330 0.000073 
3749.194218 -0.000114 
3748.027107 -0.000044 
3746.859995 0.000194 
3745.692883 0.000009 
3744.525771 -0.000261 
3743.358660 0.000014 
3742.191548 0.000213 
3741.024436 0.000167 
3739.857325 0.000128 
3738.690213 0.000169 
3737.523101 0.000271 
3736.355989 0.000113 
3735.188878 0.000088 
3734.021766 0.000141 
3732.854654 0.000044 
3731.687542 0.000102 
3730.520431 0.000072 
3729.353319 0.000199 
3728.186207 0.000156 
3727.019095 0.000015 
3725.851984 0.000135 
3724.684872 0.000336 
3723.517760 0.000244 
3722.350648 0.000216 
3721.183537 0.000249 
3720.016425 0.000370 
3718.849313 0.000524 
3717.682202 0.000372 
3716.515090 0.000273 
3715.347978 0.000191 
3714.180866 0.000321 
3713.013755 0.000191 
3711.846643 0.000145 
3710.679531 0.000190 
3709.512419 0.000225 
3708.345308 0.000212 
3707.178196 0.000324 
3706.011084 0.000176 
3704.843972 0.000116 
3703.676861 0.000292 
3702.509749 0.000286 
3701.342637 0.000393 
3700.175525 0.000307 
3699.008414 0.000390 
3697.841302 0.000448 
3696.674190 0.000508 
3695.507078 0.000349 
3694.339967 0.000364 
3693.172855 0.000198 
3692.005743 0.000217 
3690.838632 0.000170 
3689.671520 0.000408 
3688.504408 0.000105 
3687.337296 0.000124 
3686.170185 0.000366 
3685.003073 0.000174 
3683.835961 0.000122 
3682.668849 0.000214 
3681.501738 0.000357 
3680.334626 0.000162 
3679.167514 0.000250 
3678.000402 0.000142 
3676.833291 0.000167 
3675.666179 -0.000073 
3674.499067 0.000215 
3673.331955 0.000321 
3672.164844 0.000369 
3670.997732 0.000138 
3669.830620 0.000190 
3668.663509 0.000219 
3667.496397 0.000232 
3666.329285 0.000271 
3665.162173 0.000218 
3663.995062 0.000350 
3662.827950 0.000108 
3661.660838 0.000162 
3660.493726 0.000188 
3659.326615 0.000310 
3658.159503 0.000048 
3656.992391 0.000130 
3655.825279 -0.000005 
3654.658168 0.000092 
3653.491056 0.000250 
3652.323944 0.000049 
3651.156832 0.000023 
3649.989721 0.000068 
3648.822609 0.000004 
3647.655497 -0.000060 
3646.488386 0.000002 
3645.321274 -0.000119 
3644.154162 0.000119 
3642.987050 -0.000042 
3641.819939 -0.000045 
3640.652827 0.000000 
3639.485715 0.000054 
3638.318603 -0.000006 
3637.151492 0.000172 
3635.984380 0.000239 
3634.817268 0.000067 
3633.650156 0.000004 
3632.483045 0.000034 
3631.315933 0.000188 
3630.148821 0.000064 
3628.981709 -0.000053 
3627.814598 -0.000106 
3626.647486 0.000086 
3625.480374 -0.000077 
3624.313262 0.000124 
3623.146151 0.000012 
3621.979039 0.000124 
3620.811927 -0.000021 
3619.644816 -0.000093 
3618.477704 -0.000174 
3617.310592 -0.000067 
3616.143480 0.000124 
3614.976369 0.000092 
3613.809257 -0.000033 
3612.642145 -0.000167 
3611.475033 -0.000155 
3610.307922 -0.000070 
3609.140810 0.000023 
3607.973698 -0.000020 
3606.806586 0.000039 
3605.639475 0.000044 
3604.472363 0.000122 
3603.305251 0.000111 
3602.138139 0.000239 
3600.971028 0.000324 
3599.803916 0.000238 
3598.636804 0.000013 
3597.469693 0.000011 
3596.302581 0.000248 
3595.135469 0.000349 
3593.968357 0.000223 
3592.801246 0.000308 
3591.634134 0.000502 
3590.467022 0.000264 
3589.299910 0.000278 
3588.132799 0.000332 
3586.965687 0.000417 
3585.798575 0.000393 
3584.631463 0.000605 
3583.464352 0.000727 
3582.297240 0.000616 
3581.130128 0.000640 
3579.963016 0.000809 
3578.795905 0.001011 
3577.628793 0.001034 
3576.461681 0.000992 
3575.294570 0.001077 
3574.127458 0.001062 
3572.960346 0.001198 
3571.793234 0.001274 
3570.626123 0.001168 
3569.459011 0.001544 
3568.291899 0.001513 
3567.124787 0.001628 
3565.957676 0.001607 
3564.790564 0.001859 
3563.623452 0.002020 
3562.456340 0.002196 
3561.289229 0.002118 
3560.122117 0.002116 
3558.955005 0.002224 
3557.787893 0.002502 
3556.620782 0.002600 
3555.453670 0.002702 
3554.286558 0.002898 
3553.119447 0.002763 
3551.952335 0.002996 
3550.785223 0.003147 
3549.618111 0.003432 
3548.451000 0.003615 
3547.283888 0.003732 
3546.116776 0.003839 
3544.949664 0.004044 
3543.782553 0.004095 
3542.615441 0.004350 
3541.448329 0.004568 
3540.281217 0.004461 
3539.114106 0.004821 
3537.946994 0.004985 
3536.779882 0.005282 
3535.612770 0.005491 
3534.445659 0.005695 
3533.278547 0.005854 
3532.111435 0.006200 
3530.944323 0.006229 
3529.777212 0.006547 
3528.610100 0.006945 
3527.442988 0.007253 
3526.275877 0.007393 
3525.108765 0.007776 
3523.941653 0.007990 
3522.774541 0.008174 
3521.607430 0.008680 
3520.440318 0.009145 
3519.273206 0.009452 
3518.106094 0.009747 
3516.938983 0.010137 
3515.771871 0.010674 
3514.604759 0.011106 
3513.437647 0.011330 
3512.270536 0.012016 
3511.103424 0.012645 
3509.936312 0.013202 
3508.769200 0.013593 
3507.602089 0.014329 
3506.434977 0.014946 
3505.267865 0.015446 
3504.100754 0.016005 
3502.933642 0.016787 
3501.766530 0.017580 
3500.599418 0.018275 
3499.432307 0.019078 
3498.265195 0.019865 
3497.098083 0.020937 
3495.930971 0.021804 
3494.763860 0.022957 
3493.596748 0.023765 
3492.429636 0.024826 
3491.262524 0.025997 
3490.095413 0.027160 
3488.928301 0.028254 
3487.761189 0.029450 
3486.594077 0.030639 
3485.426966 0.032070 
3484.259854 0.033577 
3483.092742 0.034839 
3481.925631 0.036251 
3480.758519 0.037781 
3479.591407 0.039460 
3478.424295 0.040933 
3477.257184 0.042750 
3476.090072 0.044292 
3474.922960 0.046088 
3473.755848 0.047666 
3472.588737 0.049633 
3471.421625 0.051442 
3470.254513 0.053242 
3469.087401 0.055157 
3467.920290 0.056955 
3466.753178 0.058990 
3465.586066 0.060984 
3464.418954 0.062923 
3463.251843 0.064922 
3462.084731 0.066996 
3460.917619 0.068963 
3459.750508 0.071075 
3458.583396 0.072768 
3457.416284 0.075306 
3456.249172 0.077327 
3455.082061 0.079371 
3453.914949 0.081636 
3452.747837 0.083815 
3451.580725 0.086025 
3450.413614 0.088222 
3449.246502 0.090422 
3448.079390 0.092448 
3446.912278 0.094919 
3445.745167 0.097333 
3444.578055 0.099968 
3443.410943 0.102323 
3442.243831 0.104743 
3441.076720 0.106970 
3439.909608 0.109446 
3438.742496 0.112252 
3437.575384 0.115324 
3436.408273 0.118014 
3435.241161 0.120856 
3434.074049 0.123843 
3432.906938 0.126904 
3431.739826 0.130126 
3430.572714 0.133347 
3429.405602 0.136758 
3428.238491 0.140178 
3427.071379 0.143684 
3425.904267 0.147219 
3424.737155 0.150977 
3423.570044 0.154764 
3422.402932 0.158889 
3421.235820 0.162733 
3420.068708 0.166746 
3418.901597 0.170973 
3417.734485 0.175213 
3416.567373 0.179551 
3415.400261 0.183950 
3414.233150 0.188466 
3413.066038 0.192969 
3411.898926 0.197407 
3410.731815 0.202008 
3409.564703 0.207001 
3408.397591 0.211403 
3407.230479 0.216031 
3406.063368 0.220760 
3404.896256 0.225605 
3403.729144 0.230327 
3402.562032 0.235230 
3401.394921 0.239737 
3400.227809 0.244448 
3399.060697 0.248864 
3397.893585 0.253392 
3396.726474 0.258002 
3395.559362 0.262220 
3394.392250 0.266750 
3393.225138 0.271111 
3392.058027 0.275414 
3390.890915 0.279291 
3389.723803 0.283554 
3388.556692 0.287340 
3387.389580 0.291204 
3386.222468 0.294611 
3385.055356 0.298555 
3383.888245 0.302120 
3382.721133 0.305474 
3381.554021 0.308737 
3380.386909 0.311915 
3379.219798 0.315048 
3378.052686 0.318071 
3376.885574 0.321017 
3375.718462 0.324011 
3374.551351 0.326536 
3373.384239 0.329209 
3372.217127 0.331929 
3371.050015 0.334345 
3369.882904 0.336812 
3368.715792 0.339128 
3367.548680 0.341467 
3366.381568 0.343665 
3365.214457 0.346008 
3364.047345 0.348258 
3362.880233 0.350362 
3361.713122 0.352567 
3360.546010 0.354748 
3359.378898 0.357101 
3358.211786 0.359262 
3357.044675 0.361549 
3355.877563 0.364060 
3354.710451 0.366299 
3353.543339 0.368607 
3352.376228 0.371080 
3351.209116 0.373582 
3350.042004 0.376295 
3348.874892 0.379123 
3347.707781 0.381802 
3346.540669 0.384432 
3345.373557 0.387274 
3344.206445 0.390196 
3343.039334 0.393438 
3341.872222 0.396518 
3340.705110 0.399856 
3339.537999 0.403570 
3338.370887 0.407139 
3337.203775 0.410408 
3336.036663 0.413925 
3334.869552 0.417782 
3333.702440 0.421744 
3332.535328 0.425795 
3331.368216 0.429625 
3330.201105 0.433670 
3329.033993 0.437779 
3327.866881 0.441857 
3326.699769 0.446119 
3325.532658 0.450466 
3324.365546 0.454418 
3323.198434 0.458689 
3322.031322 0.463034 
3320.864211 0.466959 
3319.697099 0.471175 
3318.529987 0.475475 
3317.362876 0.479869 
3316.195764 0.483865 
3315.028652 0.487764 
3313.861540 0.491748 
3312.694429 0.495623 
3311.527317 0.499615 
3310.360205 0.503398 
3309.193093 0.507151 
3308.025982 0.510829 
3306.858870 0.514437 
3305.691758 0.517950 
3304.524646 0.521125 
3303.357535 0.524141 
3302.190423 0.527818 
3301.023311 0.530686 
3299.856199 0.533700 
3298.689088 0.536600 
3297.521976 0.539491 
3296.354864 0.542518 
3295.187753 0.545120 
3294.020641 0.547680 
3292.853529 0.550186 
3291.686417 0.552525 
3290.519306 0.554590 
3289.352194 0.556781 
3288.185082 0.559068 
3287.017970 0.560895 
3285.850859 0.562566 
3284.683747 0.564495 
3283.516635 0.566114 
3282.349523 0.567419 
3281.182412 0.568795 
3280.015300 0.570354 
3278.848188 0.571534 
3277.681076 0.572914 
3276.513965 0.573641 
3275.346853 0.574670 
3274.179741 0.575403 
3273.012629 0.575821 
3271.845518 0.576441 
3270.678406 0.577346 
3269.511294 0.577565 
3268.344183 0.577512 
3267.177071 0.577902 
3266.009959 0.578126 
3264.842847 0.577748 
3263.675736 0.577830 
3262.508624 0.577949 
3261.341512 0.577668 
3260.174400 0.577318 
3259.007289 0.577253 
3257.840177 0.576966 
3256.673065 0.576307 
3255.505953 0.575927 
3254.338842 0.575482 
3253.171730 0.574937 
3252.004618 0.574173 
3250.837506 0.573798 
3249.670395 0.573143 
3248.503283 0.572154 
3247.336171 0.571183 
3246.169060 0.570025 
3245.001948 0.569151 
3243.834836 0.568364 
3242.667724 0.567370 
3241.500613 0.566075 
3240.333501 0.564849 
3239.166389 0.563698 
3237.999277 0.562462 
3236.832166 0.561251 
3235.665054 0.559914 
3234.497942 0.558586 
3233.330830 0.557155 
3232.163719 0.555397 
3230.996607 0.553848 
3229.829495 0.552162 
3228.662383 0.550576 
3227.495272 0.548886 
3226.328160 0.547074 
3225.161048 0.545318 
3223.993937 0.543257 
3222.826825 0.541686 
3221.659713 0.539725 
3220.492601 0.537216 
3219.325490 0.535241 
3218.158378 0.533354 
3216.991266 0.531253 
3215.824154 0.528883 
3214.657043 0.526357 
3213.489931 0.524109 
3212.322819 0.521745 
3211.155707 0.519092 
3209.988596 0.516572 
3208.821484 0.514031 
3207.654372 0.511339 
3206.487260 0.508372 
3205.320149 0.505612 
3204.153037 0.502895 
3202.985925 0.500068 
3201.818813 0.497225 
3200.651702 0.493978 
3199.484590 0.490554 
3198.317478 0.487414 
3197.150367 0.484151 
3195.983255 0.480756 
3194.816143 0.477510 
3193.649031 0.474191 
3192.481920 0.470435 
3191.314808 0.467042 
3190.147696 0.463718 
3188.980584 0.459841 
3187.813473 0.455937 
3186.646361 0.452019 
3185.479249 0.448459 
3184.312137 0.444629 
3183.145026 0.440803 
3181.977914 0.436665 
3180.810802 0.432404 
3179.643690 0.428554 
3178.476579 0.424646 
3177.309467 0.420442 
3176.142355 0.416055 
3174.975244 0.411863 
3173.808132 0.407637 
3172.641020 0.403362 
3171.473908 0.398860 
3170.306797 0.394472 
3169.139685 0.390086 
3167.972573 0.385720 
3166.805461 0.381353 
3165.638350 0.376704 
3164.471238 0.372017 
3163.304126 0.367734 
3162.137014 0.363189 
3160.969903 0.358640 
3159.802791 0.354004 
3158.635679 0.349672 
3157.468567 0.345320 
3156.301456 0.340650 
3155.134344 0.336247 
3153.967232 0.331784 
3152.800121 0.327260 
3151.633009 0.322728 
3150.465897 0.318351 
3149.298785 0.314093 
3148.131674 0.309740 
3146.964562 0.305416 
3145.797450 0.301330 
3144.630338 0.297093 
3143.463227 0.293026 
3142.296115 0.288901 
3141.129003 0.284688 
3139.961891 0.280829 
3138.794780 0.277090 
3137.627668 0.273236 
3136.460556 0.269346 
3135.293444 0.265469 
3134.126333 0.261839 
3132.959221 0.258226 
3131.792109 0.254709 
3130.624998 0.251270 
3129.457886 0.247669 
3128.290774 0.244275 
3127.123662 0.241031 
3125.956551 0.237845 
3124.789439 0.234713 
3123.622327 0.231555 
3122.455215 0.228432 
3121.288104 0.225469 
3120.120992 0.222582 
3118.953880 0.219833 
3117.786768 0.216970 
3116.619657 0.214137 
3115.452545 0.211443 
3114.285433 0.208811 
3113.118321 0.206222 
3111.951210 0.203563 
3110.784098 0.200982 
3109.616986 0.198392 
3108.449874 0.196077 
3107.282763 0.193655 
3106.115651 0.191355 
3104.948539 0.189122 
3103.781428 0.186867 
3102.614316 0.184564 
3101.447204 0.182348 
3100.280092 0.180217 
3099.112981 0.177969 
3097.945869 0.175860 
3096.778757 0.173785 
3095.611645 0.171819 
3094.444534 0.169795 
3093.277422 0.167811 
3092.110310 0.165801 
3090.943198 0.163860 
3089.776087 0.161792 
3088.608975 0.159982 
3087.441863 0.158156 
3086.274751 0.156436 
3085.107640 0.154512 
3083.940528 0.152679 
3082.773416 0.150780 
3081.606305 0.148957 
3080.439193 0.147267 
3079.272081 0.145457 
3078.104969 0.143658 
3076.937858 0.142098 
3075.770746 0.140519 
3074.603634 0.138736 
3073.436522 0.136911 
3072.269411 0.135264 
3071.102299 0.133760 
3069.935187 0.132175 
3068.768075 0.130391 
3067.600964 0.128759 
3066.433852 0.127226 
3065.266740 0.125761 
3064.099628 0.124133 
3062.932517 0.122526 
3061.765405 0.120809 
3060.598293 0.119450 
3059.431182 0.117906 
3058.264070 0.116474 
3057.096958 0.114907 
3055.929846 0.113486 
3054.762735 0.111860 
3053.595623 0.110386 
3052.428511 0.108956 
3051.261399 0.107501 
3050.094288 0.106086 
3048.927176 0.104621 
3047.760064 0.103166 
3046.592952 0.101786 
3045.425841 0.100304 
3044.258729 0.098897 
3043.091617 0.097526 
3041.924505 0.096008 
3040.757394 0.094773 
3039.590282 0.093375 
3038.423170 0.092032 
3037.256058 0.090709 
3036.088947 0.089351 
3034.921835 0.088084 
3033.754723 0.086773 
3032.587612 0.085618 
3031.420500 0.084406 
3030.253388 0.083248 
3029.086276 0.081914 
3027.919165 0.080675 
3026.752053 0.079473 
3025.584941 0.078356 
3024.417829 0.077162 
3023.250718 0.076230 
3022.083606 0.075129 
3020.916494 0.074043 
3019.749382 0.072929 
3018.582271 0.072101 
3017.415159 0.071211 
3016.248047 0.070365 
3015.080935 0.069427 
3013.913824 0.068706 
3012.746712 0.068069 
3011.579600 0.067540 
3010.412489 0.067261 
3009.245377 0.066955 
3008.078265 0.066790 
3006.911153 0.066855 
3005.744042 0.067153 
3004.576930 0.067808 
3003.409818 0.068758 
3002.242706 0.070161 
3001.075595 0.072161 
2999.908483 0.074722 
2998.741371 0.078179 
2997.574259 0.082580 
2996.407148 0.088035 
2995.240036 0.094838 
2994.072924 0.103155 
2992.905812 0.113057 
2991.738701 0.125018 
2990.571589 0.138886 
2989.404477 0.155173 
2988.237366 0.173775 
2987.070254 0.195053 
2985.903142 0.219090 
2984.736030 0.246056 
2983.568919 0.275799 
2982.401807 0.308180 
2981.234695 0.343230 
2980.067583 0.380044 
2978.900472 0.417808 
2977.733360 0.455410 
2976.566248 0.491614 
2975.399136 0.524895 
2974.232025 0.554339 
2973.064913 0.578213 
2971.897801 0.594772 
2970.730689 0.601312 
2969.563578 0.596863 
2968.396466 0.580315 
2967.229354 0.551822 
2966.062243 0.513133 
2964.895131 0.466725 
2963.728019 0.416051 
2962.560907 0.364698 
2961.393796 0.316491 
2960.226684 0.273318 
2959.059572 0.237231 
2957.892460 0.208067 
2956.725349 0.185889 
2955.558237 0.169668 
2954.391125 0.158636 
2953.224013 0.151686 
2952.056902 0.147656 
2950.889790 0.146269 
2949.722678 0.146763 
2948.555566 0.148628 
2947.388455 0.151496 
2946.221343 0.155254 
2945.054231 0.159623 
2943.887119 0.164362 
2942.720008 0.169527 
2941.552896 0.174849 
2940.385784 0.180521 
2939.218673 0.186680 
2938.051561 0.193240 
2936.884449 0.200158 
2935.717337 0.207139 
2934.550226 0.213925 
2933.383114 0.220068 
2932.216002 0.225158 
2931.048890 0.229013 
2929.881779 0.231233 
2928.714667 0.231907 
2927.547555 0.231286 
2926.380443 0.229690 
2925.213332 0.227554 
2924.046220 0.225365 
2922.879108 0.223533 
2921.711996 0.222092 
2920.544885 0.220997 
2919.377773 0.220225 
2918.210661 0.220029 
2917.043550 0.219834 
2915.876438 0.220095 
2914.709326 0.220783 
2913.542214 0.222123 
2912.375103 0.223872 
2911.207991 0.226033 
2910.040879 0.228549 
2908.873767 0.231633 
2907.706656 0.235019 
2906.539544 0.238843 
2905.372432 0.243154 
2904.205320 0.247533 
2903.038209 0.252069 
2901.871097 0.256655 
2900.703985 0.260926 
2899.536873 0.264964 
2898.369762 0.268654 
2897.202650 0.271459 
2896.035538 0.273541 
2894.868427 0.275067 
2893.701315 0.275723 
2892.534203 0.275514 
2891.367091 0.274589 
2890.199980 0.273518 
2889.032868 0.271899 
2887.865756 0.270063 
2886.698644 0.268331 
2885.531533 0.266861 
2884.364421 0.265697 
2883.197309 0.265181 
2882.030197 0.264958 
2880.863086 0.265377 
2879.695974 0.266146 
2878.528862 0.267375 
2877.361750 0.268797 
2876.194639 0.270261 
2875.027527 0.271292 
2873.860415 0.271908 
2872.693303 0.271617 
2871.526192 0.270457 
2870.359080 0.268091 
2869.191968 0.264883 
2868.024857 0.260918 
2866.857745 0.255855 
2865.690633 0.250037 
2864.523521 0.243702 
2863.356410 0.237180 
2862.189298 0.230578 
2861.022186 0.224035 
2859.855074 0.217650 
2858.687963 0.211576 
2857.520851 0.205864 
2856.353739 0.200519 
2855.186627 0.195519 
2854.019516 0.190978 
2852.852404 0.186862 
2851.685292 0.183126 
2850.518180 0.179593 
2849.351069 0.176137 
2848.183957 0.172710 
2847.016845 0.169270 
2845.849734 0.165899 
2844.682622 0.162722 
2843.515510 0.159910 
2842.348398 0.157196 
2841.181287 0.154714 
2840.014175 0.152214 
2838.847063 0.149780 
2837.679951 0.147388 
2836.512840 0.145129 
2835.345728 0.142780 
2834.178616 0.140331 
2833.011504 0.137722 
2831.844393 0.134903 
2830.677281 0.132046 
2829.510169 0.128797 
2828.343057 0.125478 
2827.175946 0.122118 
2826.008834 0.118710 
2824.841722 0.115304 
2823.674611 0.112006 
2822.507499 0.108807 
2821.340387 0.105765 
2820.173275 0.102885 
2819.006164 0.100139 
2817.839052 0.097644 
2816.671940 0.095364 
2815.504828 0.093215 
2814.337717 0.091102 
2813.170605 0.089223 
2812.003493 0.087402 
2810.836381 0.085721 
2809.669270 0.084031 
2808.502158 0.082432 
2807.335046 0.080725 
2806.167934 0.079000 
2805.000823 0.077236 
2803.833711 0.075526 
2802.666599 0.073637 
2801.499488 0.071936 
2800.332376 0.070135 
2799.165264 0.068256 
2797.998152 0.066567 
2796.831041 0.064924 
2795.663929 0.063409 
2794.496817 0.061905 
2793.329705 0.060653 
2792.162594 0.059550 
2790.995482 0.058638 
2789.828370 0.057715 
2788.661258 0.056948 
2787.494147 0.056358 
2786.327035 0.056026 
2785.159923 0.055660 
2783.992811 0.055372 
2782.825700 0.055191 
2781.658588 0.055274 
2780.491476 0.055312 
2779.324364 0.055286 
2778.157253 0.055501 
2776.990141 0.055743 
2775.823029 0.056077 
2774.655918 0.056240 
2773.488806 0.056627 
2772.321694 0.057054 
2771.154582 0.057485 
2769.987471 0.057906 
2768.820359 0.058377 
2767.653247 0.058864 
2766.486135 0.059459 
2765.319024 0.060008 
2764.151912 0.060571 
2762.984800 0.061205 
2761.817688 0.061823 
2760.650577 0.062416 
2759.483465 0.062928 
2758.316353 0.063534 
2757.149241 0.064189 
2755.982130 0.064765 
2754.815018 0.065299 
2753.647906 0.065679 
2752.480795 0.066068 
2751.313683 0.066371 
2750.146571 0.066383 
2748.979459 0.066407 
2747.812348 0.066332 
2746.645236 0.066010 
2745.478124 0.065596 
2744.311012 0.064932 
2743.143901 0.064398 
2741.976789 0.063638 
2740.809677 0.062824 
2739.642565 0.061934 
2738.475454 0.060899 
2737.308342 0.059824 
2736.141230 0.058706 
2734.974118 0.057642 
2733.807007 0.056681 
2732.639895 0.055607 
2731.472783 0.054568 
2730.305672 0.053637 
2729.138560 0.052752 
2727.971448 0.051865 
2726.804336 0.050991 
2725.637225 0.050156 
2724.470113 0.049258 
2723.303001 0.048435 
2722.135889 0.047401 
2720.968778 0.046334 
2719.801666 0.045045 
2718.634554 0.043606 
2717.467442 0.042197 
2716.300331 0.040966 
2715.133219 0.039683 
2713.966107 0.038472 
2712.798995 0.037452 
2711.631884 0.036677 
2710.464772 0.035999 
2709.297660 0.035539 
2708.130548 0.035161 
2706.963437 0.034986 
2705.796325 0.034904 
2704.629213 0.034773 
2703.462102 0.034690 
2702.294990 0.034567 
2701.127878 0.034131 
2699.960766 0.033573 
2698.793655 0.032970 
2697.626543 0.032076 
2696.459431 0.031136 
2695.292319 0.029982 
2694.125208 0.028969 
2692.958096 0.027931 
2691.790984 0.026819 
2690.623872 0.025787 
2689.456761 0.024721 
2688.289649 0.023702 
2687.122537 0.022607 
2685.955425 0.021662 
2684.788314 0.020660 
2683.621202 0.019736 
2682.454090 0.018857 
2681.286979 0.018024 
2680.119867 0.017203 
2678.952755 0.016429 
2677.785643 0.015701 
2676.618532 0.015034 
2675.451420 0.014441 
2674.284308 0.013869 
2673.117196 0.013382 
2671.950085 0.012944 
2670.782973 0.012682 
2669.615861 0.012421 
2668.448749 0.012190 
2667.281638 0.011920 
2666.114526 0.011840 
2664.947414 0.011852 
2663.780302 0.011901 
2662.613191 0.011961 
2661.446079 0.012116 
2660.278967 0.012272 
2659.111856 0.012358 
2657.944744 0.012613 
2656.777632 0.012768 
2655.610520 0.012906 
2654.443409 0.013092 
2653.276297 0.013254 
2652.109185 0.013438 
2650.942073 0.013587 
2649.774962 0.013566 
2648.607850 0.013575 
2647.440738 0.013664 
2646.273626 0.013658 
2645.106515 0.013568 
2643.939403 0.013576 
2642.772291 0.013477 
2641.605179 0.013445 
2640.438068 0.013459 
2639.270956 0.013465 
2638.103844 0.013581 
2636.936733 0.013711 
2635.769621 0.013796 
2634.602509 0.013862 
2633.435397 0.013959 
2632.268286 0.014132 
2631.101174 0.014404 
2629.934062 0.014448 
2628.766950 0.014499 
2627.599839 0.014427 
2626.432727 0.014343 
2625.265615 0.014184 
2624.098503 0.013918 
2622.931392 0.013628 
2621.764280 0.013257 
2620.597168 0.012822 
2619.430056 0.012417 
2618.262945 0.012120 
2617.095833 0.011734 
2615.928721 0.011462 
2614.761609 0.011250 
2613.594498 0.011084 
2612.427386 0.010870 
2611.260274 0.010742 
2610.093163 0.010646 
2608.926051 0.010747 
2607.758939 0.010744 
2606.591827 0.010864 
2605.424716 0.010954 
2604.257604 0.010996 
2603.090492 0.011064 
2601.923380 0.011099 
2600.756269 0.011095 
2599.589157 0.011147 
2598.422045 0.011185 
2597.254933 0.011109 
2596.087822 0.011097 
2594.920710 0.011134 
2593.753598 0.011236 
2592.586486 0.011111 
2591.419375 0.011065 
2590.252263 0.011005 
2589.085151 0.010932 
2587.918040 0.010843 
2586.750928 0.010698 
2585.583816 0.010579 
2584.416704 0.010479 
2583.249593 0.010360 
2582.082481 0.010333 
2580.915369 0.010342 
2579.748257 0.010270 
2578.581146 0.010312 
2577.414034 0.010211 
2576.246922 0.010138 
2575.079810 0.010120 
2573.912699 0.010227 
2572.745587 0.010274 
2571.578475 0.010415 
2570.411363 0.010524 
2569.244252 0.010562 
2568.077140 0.010755 
2566.910028 0.010949 
2565.742917 0.011200 
2564.575805 0.011423 
2563.408693 0.011787 
2562.241581 0.012033 
2561.074470 0.012347 
2559.907358 0.012642 
2558.740246 0.013039 
2557.573134 0.013325 
2556.406023 0.013768 
2555.238911 0.014146 
2554.071799 0.014570 
2552.904687 0.014900 
2551.737576 0.015199 
2550.570464 0.015558 
2549.403352 0.015802 
2548.236240 0.016015 
2547.069129 0.016176 
2545.902017 0.016228 
2544.734905 0.016257 
2543.567794 0.016225 
2542.400682 0.016112 
2541.233570 0.015920 
2540.066458 0.015627 
2538.899347 0.015389 
2537.732235 0.015101 
2536.565123 0.014782 
2535.398011 0.014386 
2534.230900 0.014014 
2533.063788 0.013664 
2531.896676 0.013260 
2530.729564 0.012980 
2529.562453 0.012719 
2528.395341 0.012526 
2527.228229 0.012253 
2526.061117 0.012085 
2524.894006 0.011938 
2523.726894 0.011889 
2522.559782 0.011731 
2521.392670 0.011692 
2520.225559 0.011693 
2519.058447 0.011729 
2517.891335 0.011711 
2516.724224 0.011792 
2515.557112 0.011780 
2514.390000 0.011844 
2513.222888 0.011920 
2512.055777 0.012006 
2510.888665 0.012112 
2509.721553 0.012165 
2508.554441 0.012213 
2507.387330 0.012115 
2506.220218 0.011989 
2505.053106 0.011903 
2503.885994 0.011863 
2502.718883 0.011768 
2501.551771 0.011675 
2500.384659 0.011460 
2499.217547 0.011189 
2498.050436 0.010847 
2496.883324 0.010515 
2495.716212 0.010219 
2494.549101 0.009955 
2493.381989 0.009659 
2492.214877 0.009336 
2491.047765 0.009010 
2489.880654 0.008656 
2488.713542 0.008326 
2487.546430 0.007975 
2486.379318 0.007646 
2485.212207 0.007273 
2484.045095 0.006997 
2482.877983 0.006690 
2481.710871 0.006330 
2480.543760 0.006041 
2479.376648 0.005779 
2478.209536 0.005534 
2477.042424 0.005264 
2475.875313 0.005023 
2474.708201 0.004684 
2473.541089 0.004444 
2472.373978 0.004115 
2471.206866 0.003853 
2470.039754 0.003500 
2468.872642 0.003260 
2467.705531 0.003003 
2466.538419 0.002738 
2465.371307 0.002458 
2464.204195 0.002314 
2463.037084 0.002062 
2461.869972 0.001775 
2460.702860 0.001469 
2459.535748 0.001280 
2458.368637 0.001168 
2457.201525 0.000943 
2456.034413 0.000805 
2454.867301 0.000645 
2453.700190 0.000555 
2452.533078 0.000310 
2451.365966 0.000214 
2450.198854 0.000025 
2449.031743 0.000022 
2447.864631 0.000025 
2446.697519 -0.000037 
2445.530408 -0.000084 
2444.363296 -0.000003 
2443.196184 0.000069 
2442.029072 0.000096 
2440.861961 0.000150 
2439.694849 0.000282 
2438.527737 0.000400 
2437.360625 0.000466 
2436.193514 0.000673 
2435.026402 0.000814 
2433.859290 0.001136 
2432.692178 0.001375 
2431.525067 0.001719 
2430.357955 0.001964 
2429.190843 0.002290 
2428.023731 0.002542 
2426.856620 0.002950 
2425.689508 0.003416 
2424.522396 0.003768 
2423.355285 0.004090 
2422.188173 0.004407 
2421.021061 0.004786 
2419.853949 0.005110 
2418.686838 0.005411 
2417.519726 0.005579 
2416.352614 0.005845 
2415.185502 0.005982 
2414.018391 0.006073 
2412.851279 0.006084 
2411.684167 0.006120 
2410.517055 0.006047 
2409.349944 0.006020 
2408.182832 0.005861 
2407.015720 0.005771 
2405.848608 0.005679 
2404.681497 0.005472 
2403.514385 0.005272 
2402.347273 0.004891 
2401.180162 0.004685 
2400.013050 0.004315 
2398.845938 0.004105 
2397.678826 0.003800 
2396.511715 0.003621 
2395.344603 0.003393 
2394.177491 0.003117 
2393.010379 0.002870 
2391.843268 0.002656 
2390.676156 0.002376 
2389.509044 0.002262 
2388.341932 0.002104 
2387.174821 0.001985 
2386.007709 0.001840 
2384.840597 0.001725 
2383.673485 0.001790 
2382.506374 0.001770 
2381.339262 0.001835 
2380.172150 0.001821 
2379.005039 0.001981 
2377.837927 0.002014 
2376.670815 0.002182 
2375.503703 0.002287 
2374.336592 0.002442 
2373.169480 0.002562 
2372.002368 0.002761 
2370.835256 0.002919 
2369.668145 0.003046 
2368.501033 0.003228 
2367.333921 0.003319 
2366.166809 0.003444 
2364.999698 0.003508 
2363.832586 0.003637 
2362.665474 0.003509 
2361.498362 0.003535 
2360.331251 0.003379 
2359.164139 0.003355 
2357.997027 0.003214 
2356.829915 0.003158 
2355.662804 0.002880 
2354.495692 0.002707 
2353.328580 0.002437 
2352.161469 0.002129 
2350.994357 0.001889 
2349.827245 0.001567 
2348.660133 0.001417 
2347.493022 0.001226 
2346.325910 0.001165 
2345.158798 0.001042 
2343.991686 0.001051 
2342.824575 0.001243 
2341.657463 0.001904 
2340.490351 0.002919 
2339.323239 0.003851 
2338.156128 0.004101 
2336.989016 0.003494 
2335.821904 0.002339 
2334.654792 0.001175 
2333.487681 0.000426 
2332.320569 0.000143 
2331.153457 0.000082 
2329.986346 -0.000023 
2328.819234 0.000052 
2327.652122 -0.000062 
2326.485010 0.000095 
2325.317899 0.000012 
2324.150787 0.000006 
2322.983675 0.000060 
2321.816563 -0.000012 
2320.649452 -0.000072 
2319.482340 -0.000068 
2318.315228 -0.000115 
2317.148116 -0.000148 
2315.981005 -0.000178 
2314.813893 -0.000169 
2313.646781 -0.000148 
2312.479669 -0.000203 
2311.312558 -0.000160 
2310.145446 -0.000249 
2308.978334 -0.000169 
2307.811223 -0.000248 
2306.644111 -0.000161 
2305.476999 -0.000225 
2304.309887 -0.000174 
2303.142776 -0.000185 
2301.975664 -0.000081 
2300.808552 -0.000080 
2299.641440 -0.000049 
2298.474329 -0.000074 
2297.307217 -0.000052 
2296.140105 -0.000008 
2294.972993 -0.000040 
2293.805882 -0.000022 
2292.638770 -0.000082 
2291.471658 -0.000030 
2290.304546 -0.000069 
2289.137435 0.000079 
2287.970323 -0.000045 
2286.803211 0.000002 
2285.636099 -0.000021 
2284.468988 0.000000 
2283.301876 0.000020 
2282.134764 0.000075 
2280.967653 0.000063 
2279.800541 0.000086 
2278.633429 0.000125 
2277.466317 0.000228 
2276.299206 0.000357 
2275.132094 0.000446 
2273.964982 0.000695 
2272.797870 0.000780 
2271.630759 0.000964 
2270.463647 0.001158 
2269.296535 0.001462 
2268.129423 0.001689 
2266.962312 0.001929 
2265.795200 0.002166 
2264.628088 0.002558 
2263.460976 0.002910 
2262.293865 0.003266 
2261.126753 0.003556 
2259.959641 0.003683 
2258.792530 0.003778 
2257.625418 0.003761 
2256.458306 0.003793 
2255.291194 0.003558 
2254.124083 0.003366 
2252.956971 0.003077 
2251.789859 0.002898 
2250.622747 0.002496 
2249.455636 0.002204 
2248.288524 0.001908 
2247.121412 0.001688 
2245.954300 0.001417 
2244.787189 0.001275 
2243.620077 0.001069 
2242.452965 0.000916 
2241.285853 0.000943 
2240.118742 0.000816 
2238.951630 0.000822 
2237.784518 0.000653 
2236.617407 0.000667 
2235.450295 0.000538 
2234.283183 0.000525 
2233.116071 0.000418 
2231.948960 0.000394 
2230.781848 0.000309 
2229.614736 0.000339 
2228.447624 0.000244 
2227.280513 0.000179 
2226.113401 0.000189 
2224.946289 0.000173 
2223.779177 0.000137 
2222.612066 0.000111 
2221.444954 0.000111 
2220.277842 0.000088 
2219.110730 0.000171 
2217.943619 0.000043 
2216.776507 0.000125 
2215.609395 0.000064 
2214.442284 0.000128 
2213.275172 0.000036 
2212.108060 0.000078 
2210.940948 0.000059 
2209.773837 0.000041 
2208.606725 0.000067 
2207.439613 0.000049 
2206.272501 0.000037 
2205.105390 0.000026 
2203.938278 0.000052 
2202.771166 -0.000036 
2201.604054 -0.000033 
2200.436943 -0.000114 
2199.269831 -0.000073 
2198.102719 -0.000176 
2196.935607 0.000006 
2195.768496 -0.000063 
2194.601384 -0.000002 
2193.434272 -0.000033 
2192.267160 0.000012 
2191.100049 0.000053 
2189.932937 0.000129 
2188.765825 0.000137 
2187.598714 0.000157 
2186.431602 0.000283 
2185.264490 0.000271 
2184.097378 0.000284 
2182.930267 0.000273 
2181.763155 0.000314 
2180.596043 0.000210 
2179.428931 0.000225 
2178.261820 0.000175 
2177.094708 0.000158 
2175.927596 0.000069 
2174.760484 0.000150 
2173.593373 0.000085 
2172.426261 0.000078 
2171.259149 0.000061 
2170.092037 0.000043 
2168.924926 0.000001 
2167.757814 -0.000069 
2166.590702 0.000052 
2165.423591 -0.000041 
2164.256479 0.000022 
2163.089367 -0.000054 
2161.922255 0.000004 
2160.755144 -0.000039 
2159.588032 0.000076 
2158.420920 -0.000009 
2157.253808 0.000070 
2156.086697 -0.000013 
2154.919585 0.000074 
2153.752473 0.000131 
2152.585361 0.000152 
2151.418250 0.000251 
2150.251138 0.000283 
2149.084026 0.000450 
2147.916914 0.000516 
2146.749803 0.000661 
2145.582691 0.000749 
2144.415579 0.000996 
2143.248468 0.001046 
2142.081356 0.001266 
2140.914244 0.001342 
2139.747132 0.001490 
2138.580021 0.001586 
2137.412909 0.001656 
2136.245797 0.001700 
2135.078685 0.001769 
2133.911574 0.001719 
2132.744462 0.001593 
2131.577350 0.001592 
2130.410238 0.001456 
2129.243127 0.001407 
2128.076015 0.001166 
2126.908903 0.001171 
2125.741791 0.000921 
2124.574680 0.000802 
2123.407568 0.000569 
2122.240456 0.000525 
2121.073344 0.000318 
2119.906233 0.000222 
2118.739121 0.000123 
2117.572009 0.000045 
2116.404898 0.000013 
2115.237786 -0.000063 
2114.070674 -0.000113 
2112.903562 -0.000155 
2111.736451 -0.000103 
2110.569339 -0.000206 
2109.402227 -0.000190 
2108.235115 -0.000200 
2107.068004 0.000028 
2105.900892 0.000094 
2104.733780 0.000225 
2103.566668 0.000295 
2102.399557 0.000586 
2101.232445 0.000665 
2100.065333 0.000866 
2098.898221 0.000975 
2097.731110 0.001119 
2096.563998 0.001242 
2095.396886 0.001303 
2094.229775 0.001503 
2093.062663 0.001602 
2091.895551 0.001749 
2090.728439 0.001653 
2089.561328 0.001854 
2088.394216 0.001811 
2087.227104 0.001817 
2086.059992 0.001726 
2084.892881 0.001737 
2083.725769 0.001642 
2082.558657 0.001642 
2081.391545 0.001517 
2080.224434 0.001431 
2079.057322 0.001376 
2077.890210 0.001177 
2076.723098 0.001069 
2075.555987 0.000925 
2074.388875 0.000867 
2073.221763 0.000631 
2072.054652 0.000621 
2070.887540 0.000420 
2069.720428 0.000381 
2068.553316 0.000235 
2067.386205 0.000328 
2066.219093 0.000197 
2065.051981 0.000234 
2063.884869 0.000160 
2062.717758 0.000125 
2061.550646 0.000042 
2060.383534 -0.000031 
2059.216422 0.000017 
2058.049311 -0.000017 
2056.882199 0.000023 
2055.715087 -0.000055 
2054.547975 0.000001 
2053.380864 -0.000084 
2052.213752 0.000012 
2051.046640 -0.000084 
2049.879529 -0.000019 
2048.712417 -0.000105 
2047.545305 -0.000091 
2046.378193 -0.000110 
2045.211082 -0.000102 
2044.043970 -0.000050 
2042.876858 -0.000085 
2041.709746 -0.000079 
2040.542635 -0.000112 
2039.375523 -0.000061 
2038.208411 -0.000135 
2037.041299 -0.000045 
2035.874188 -0.000109 
2034.707076 -0.000021 
2033.539964 -0.000056 
2032.372852 0.000018 
2031.205741 -0.000088 
2030.038629 -0.000055 
2028.871517 -0.000083 
2027.704405 -0.000094 
2026.537294 -0.000107 
2025.370182 -0.000035 
2024.203070 -0.000000 
2023.035959 -0.000116 
2021.868847 -0.000116 
2020.701735 -0.000149 
2019.534623 -0.000052 
2018.367512 -0.000065 
2017.200400 0.000015 
2016.033288 -0.000008 
2014.866176 0.000113 
2013.699065 -0.000031 
2012.531953 0.000033 
2011.364841 -0.000043 
2010.197729 0.000003 
2009.030618 -0.000022 
2007.863506 -0.000016 
2006.696394 -0.000031 
2005.529282 -0.000023 
2004.362171 -0.000007 
2003.195059 -0.000006 
2002.027947 0.000161 
2000.860836 0.000136 
1999.693724 0.000155 
1998.526612 0.000095 
1997.359500 0.000216 
1996.192389 0.000156 
1995.025277 0.000309 
1993.858165 0.000294 
1992.691053 0.000416 
1991.523942 0.000424 
1990.356830 0.000484 
1989.189718 0.000569 
1988.022606 0.000645 
1986.855495 0.000721 
1985.688383 0.000767 
1984.521271 0.000828 
1983.354159 0.000801 
1982.187048 0.000915 
1981.019936 0.000872 
1979.852824 0.001002 
1978.685713 0.000985 
1977.518601 0.001114 
1976.351489 0.001120 
1975.184377 0.001150 
1974.017266 0.001101 
1972.850154 0.001231 
1971.683042 0.001235 
1970.515930 0.001270 
1969.348819 0.001334 
1968.181707 0.001311 
1967.014595 0.001369 
1965.847483 0.001358 
1964.680372 0.001394 
1963.513260 0.001288 
1962.346148 0.001281 
1961.179036 0.001162 
1960.011925 0.001223 
1958.844813 0.001144 
1957.677701 0.001203 
1956.510589 0.001103 
1955.343478 0.001116 
1954.176366 0.001090 
1953.009254 0.001124 
1951.842143 0.001188 
1950.675031 0.001293 
1949.507919 0.001433 
1948.340807 0.001524 
1947.173696 0.001775 
1946.006584 0.002007 
1944.839472 0.002355 
1943.672360 0.002630 
1942.505249 0.003125 
1941.338137 0.003528 
1940.171025 0.004135 
1939.003913 0.004682 
1937.836802 0.005420 
1936.669690 0.006047 
1935.502578 0.006797 
1934.335466 0.007563 
1933.168355 0.008355 
1932.001243 0.009075 
1930.834131 0.009676 
1929.667020 0.010195 
1928.499908 0.010515 
1927.332796 0.010795 
1926.165684 0.010768 
1924.998573 0.010675 
1923.831461 0.010284 
1922.664349 0.009886 
1921.497237 0.009217 
1920.330126 0.008619 
1919.163014 0.007895 
1917.995902 0.007165 
1916.828790 0.006469 
1915.661679 0.005803 
1914.494567 0.005252 
1913.327455 0.004633 
1912.160343 0.004128 
1910.993232 0.003619 
1909.826120 0.003258 
1908.659008 0.002865 
1907.491897 0.002640 
1906.324785 0.002316 
1905.157673 0.002197 
1903.990561 0.001866 
1902.823450 0.001689 
1901.656338 0.001443 
1900.489226 0.001280 
1899.322114 0.001128 
1898.155003 0.001020 
1896.987891 0.000912 
1895.820779 0.000796 
1894.653667 0.000728 
1893.486556 0.000575 
1892.319444 0.000607 
1891.152332 0.000420 
1889.985220 0.000393 
1888.818109 0.000296 
1887.650997 0.000421 
1886.483885 0.000203 
1885.316774 0.000281 
1884.149662 0.000182 
1882.982550 0.000171 
1881.815438 0.000077 
1880.648327 0.000079 
1879.481215 0.000103 
1878.314103 0.000047 
1877.146991 0.000082 
1875.979880 0.000033 
1874.812768 0.000129 
1873.645656 0.000097 
1872.478544 0.000151 
1871.311433 0.000024 
1870.144321 0.000092 
1868.977209 -0.000096 
1867.810097 0.000005 
1866.642986 -0.000068 
1865.475874 0.000093 
1864.308762 0.000043 
1863.141650 0.000034 
1861.974539 0.000031 
1860.807427 0.000047 
1859.640315 0.000115 
1858.473204 0.000051 
1857.306092 0.000092 
1856.138980 0.000068 
1854.971868 0.000113 
1853.804757 0.000040 
1852.637645 0.000150 
1851.470533 0.000130 
1850.303421 0.000168 
1849.136310 0.000074 
1847.969198 0.000105 
1846.802086 0.000011 
1845.634974 0.000102 
1844.467863 -0.000042 
1843.300751 0.000003 
1842.133639 -0.000009 
1840.966527 -0.000010 
1839.799416 0.000104 
1838.632304 0.000047 
1837.465192 0.000002 
1836.298081 -0.000112 
1835.130969 0.000003 
1833.963857 -0.000031 
1832.796745 0.000013 
1831.629634 -0.000121 
1830.462522 -0.000085 
1829.295410 -0.000127 
1828.128298 -0.000055 
1826.961187 -0.000059 
1825.794075 -0.000075 
1824.626963 -0.000116 
1823.459851 -0.000121 
1822.292740 -0.000038 
1821.125628 -0.000059 
1819.958516 -0.000000 
1818.791404 -0.000071 
1817.624293 -0.000005 
1816.457181 -0.000040 
1815.290069 0.000012 
1814.122958 -0.000015 
1812.955846 0.000078 
1811.788734 0.000007 
1810.621622 0.000104 
1809.454511 0.000031 
1808.287399 0.000058 
1807.120287 0.000091 
1805.953175 0.000162 
1804.786064 0.000168 
1803.618952 0.000093 
1802.451840 0.000172 
1801.284728 0.000048 
1800.117617 0.000139 
1798.950505 0.000107 
1797.783393 0.000218 
1796.616281 0.000154 
1795.449170 0.000274 
1794.282058 0.000273 
1793.114946 0.000355 
1791.947835 0.000386 
1790.780723 0.000593 
1789.613611 0.000705 
1788.446499 0.000838 
1787.279388 0.000972 
1786.112276 0.001139 
1784.945164 0.001250 
1783.778052 0.001275 
1782.610941 0.001550 
1781.443829 0.001596 
1780.276717 0.001840 
1779.109605 0.001871 
1777.942494 0.002070 
1776.775382 0.002098 
1775.608270 0.002230 
1774.441158 0.002202 
1773.274047 0.002255 
1772.106935 0.002170 
1770.939823 0.002303 
1769.772711 0.002344 
1768.605600 0.002264 
1767.438488 0.002328 
1766.271376 0.002346 
1765.104265 0.002424 
1763.937153 0.002323 
1762.770041 0.002299 
1761.602929 0.002203 
1760.435818 0.002408 
1759.268706 0.002379 
1758.101594 0.002418 
1756.934482 0.002261 
1755.767371 0.002324 
1754.600259 0.002216 
1753.433147 0.002114 
1752.266035 0.001929 
1751.098924 0.001741 
1749.931812 0.001691 
1748.764700 0.001424 
1747.597588 0.001329 
1746.430477 0.001118 
1745.263365 0.001125 
1744.096253 0.000830 
1742.929142 0.000781 
1741.762030 0.000572 
1740.594918 0.000465 
1739.427806 0.000202 
1738.260695 0.000377 
1737.093583 0.000251 
1735.926471 0.000213 
1734.759359 -0.000087 
1733.592248 -0.000161 
1732.425136 0.000006 
1731.258024 0.000015 
1730.090912 0.000026 
1728.923801 -0.000017 
1727.756689 0.000047 
1726.589577 -0.000018 
1725.422465 0.000084 
1724.255354 0.000016 
1723.088242 0.000101 
1721.921130 0.000030 
1720.754019 0.000132 
1719.586907 0.000039 
1718.419795 -0.000047 
1717.252683 -0.000270 
1716.085572 0.000003 
1714.918460 0.000072 
1713.751348 0.000130 
1712.584236 0.000184 
1711.417125 0.000171 
1710.250013 0.000179 
1709.082901 0.000120 
1707.915789 0.000257 
1706.748678 0.000131 
1705.581566 0.000212 
1704.414454 0.000130 
1703.247342 0.000256 
1702.080231 0.000184 
1700.913119 0.000032 
1699.746007 -0.000163 
1698.578895 0.000147 
1697.411784 0.000191 
1696.244672 -0.000097 
1695.077560 -0.000023 
1693.910449 0.000195 
1692.743337 0.000257 
1691.576225 0.000209 
1690.409113 0.000264 
1689.242002 0.000166 
1688.074890 0.000264 
1686.907778 0.000146 
1685.740666 0.000150 
1684.573555 -0.000151 
1683.406443 0.000142 
1682.239331 0.000200 
1681.072219 0.000334 
1679.905108 0.000316 
1678.737996 0.000343 
1677.570884 0.000318 
1676.403772 0.000282 
1675.236661 0.000197 
1674.069549 0.000243 
1672.902437 0.000331 
1671.735326 0.000188 
1670.568214 0.000270 
1669.401102 0.000047 
1668.233990 0.000202 
1667.066879 0.000182 
1665.899767 0.000230 
1664.732655 0.000204 
1663.565543 0.000138 
1662.398432 -0.000038 
1661.231320 0.000070 
1660.064208 0.000079 
1658.897096 0.000058 
1657.729985 0.000044 
1656.562873 -0.000058 
1655.395761 -0.000037 
1654.228649 -0.000355 
1653.061538 -0.000587 
1651.894426 -0.000460 
1650.727314 -0.000062 
1649.560203 -0.000201 
1648.393091 -0.000195 
1647.225979 -0.000317 
1646.058867 -0.000368 
1644.891756 -0.000303 
1643.724644 -0.000174 
1642.557532 -0.000225 
1641.390420 -0.000199 
1640.223309 -0.000237 
1639.056197 -0.000310 
1637.889085 -0.000265 
1636.721973 -0.000466 
1635.554862 -0.000475 
1634.387750 -0.000392 
1633.220638 -0.000215 
1632.053526 -0.000314 
1630.886415 -0.000170 
1629.719303 -0.000252 
1628.552191 -0.000122 
1627.385080 -0.000195 
1626.217968 -0.000190 
1625.050856 -0.000199 
1623.883744 -0.000219 
1622.716633 -0.000264 
1621.549521 -0.000146 
1620.382409 -0.000012 
1619.215297 -0.000066 
1618.048186 -0.000029 
1616.881074 -0.000370 
1615.713962 -0.000122 
1614.546850 -0.000040 
1613.379739 0.000063 
1612.212627 -0.000033 
1611.045515 0.000002 
1609.878403 -0.000040 
1608.711292 0.000026 
1607.544180 0.000006 
1606.377068 0.000104 
1605.209956 0.000108 
1604.042845 0.000059 
1602.875733 0.000106 
1601.708621 0.000075 
1600.541510 0.000157 
1599.374398 0.000110 
1598.207286 0.000163 
1597.040174 0.000114 
1595.873063 0.000253 
1594.705951 0.000105 
1593.538839 0.000316 
1592.371727 0.000278 
1591.204616 0.000423 
1590.037504 0.000372 
1588.870392 0.000492 
1587.703280 0.000552 
1586.536169 0.000565 
1585.369057 0.000634 
1584.201945 0.000684 
1583.034833 0.000813 
1581.867722 0.000877 
1580.700610 0.001022 
1579.533498 0.001033 
1578.366387 0.001253 
1577.199275 0.001107 
1576.032163 0.001015 
1574.865051 0.001267 
1573.697940 0.001506 
1572.530828 0.001546 
1571.363716 0.001753 
1570.196604 0.001702 
1569.029493 0.001842 
1567.862381 0.002041 
1566.695269 0.002116 
1565.528157 0.002339 
1564.361046 0.002339 
1563.193934 0.002464 
1562.026822 0.002519 
1560.859710 0.002538 
1559.692599 0.002388 
1558.525487 0.002585 
1557.358375 0.002781 
1556.191264 0.003239 
1555.024152 0.003132 
1553.857040 0.003218 
1552.689928 0.003403 
1551.522817 0.003643 
1550.355705 0.003808 
1549.188593 0.004004 
1548.021481 0.004230 
1546.854370 0.004372 
1545.687258 0.004530 
1544.520146 0.004563 
1543.353034 0.004862 
1542.185923 0.004654 
1541.018811 0.004853 
1539.851699 0.004838 
1538.684587 0.005346 
1537.517476 0.005913 
1536.350364 0.006497 
1535.183252 0.006819 
1534.016140 0.007143 
1532.849029 0.007510 
1531.681917 0.007941 
1530.514805 0.008376 
1529.347694 0.008803 
1528.180582 0.009267 
1527.013470 0.009700 
1525.846358 0.010191 
1524.679247 0.010655 
1523.512135 0.011476 
1522.345023 0.012024 
1521.177911 0.012778 
1520.010800 0.013613 
1518.843688 0.014598 
1517.676576 0.015268 
1516.509464 0.016250 
1515.342353 0.017237 
1514.175241 0.018343 
1513.008129 0.019533 
1511.841017 0.020731 
1510.673906 0.022194 
1509.506794 0.023610 
1508.339682 0.025246 
1507.172571 0.026757 
1506.005459 0.028910 
1504.838347 0.031300 
1503.671235 0.034039 
1502.504124 0.036760 
1501.337012 0.039989 
1500.169900 0.043367 
1499.002788 0.047219 
1497.835677 0.051277 
1496.668565 0.055349 
1495.501453 0.059421 
1494.334341 0.063407 
1493.167230 0.067104 
1492.000118 0.070443 
1490.833006 0.073530 
1489.665894 0.075921 
1488.498783 0.077612 
1487.331671 0.078232 
1486.164559 0.078612 
1484.997448 0.078564 
1483.830336 0.078852 
1482.663224 0.079538 
1481.496112 0.080732 
1480.329001 0.081792 
1479.161889 0.083050 
1477.994777 0.084041 
1476.827665 0.084657 
1475.660554 0.084979 
1474.493442 0.085239 
1473.326330 0.085573 
1472.159218 0.086164 
1470.992107 0.087407 
1469.824995 0.089122 
1468.657883 0.091698 
1467.490771 0.094751 
1466.323660 0.098566 
1465.156548 0.102201 
1463.989436 0.105910 
1462.822325 0.108854 
1461.655213 0.111078 
1460.488101 0.112310 
1459.320989 0.112871 
1458.153878 0.112837 
1456.986766 0.112162 
1455.819654 0.111726 
1454.652542 0.111088 
1453.485431 0.110559 
1452.318319 0.109868 
1451.151207 0.109605 
1449.984095 0.109569 
1448.816984 0.109775 
1447.649872 0.109575 
1446.482760 0.109421 
1445.315648 0.108707 
1444.148537 0.107721 
1442.981425 0.106327 
1441.814313 0.104732 
1440.647201 0.102907 
1439.480090 0.101253 
1438.312978 0.099845 
1437.145866 0.098808 
1435.978755 0.098769 
1434.811643 0.099301 
1433.644531 0.100203 
1432.477419 0.101058 
1431.310308 0.102039 
1430.143196 0.102680 
1428.976084 0.103294 
1427.808972 0.103557 
1426.641861 0.103694 
1425.474749 0.103393 
1424.307637 0.102869 
1423.140525 0.101958 
1421.973414 0.100691 
1420.806302 0.099011 
1419.639190 0.096704 
1418.472078 0.094291 
1417.304967 0.091374 
1416.137855 0.088104 
1414.970743 0.084480 
1413.803632 0.080709 
1412.636520 0.076510 
1411.469408 0.072358 
1410.302296 0.067962 
1409.135185 0.063767 
1407.968073 0.059451 
1406.800961 0.055320 
1405.633849 0.051375 
1404.466738 0.047595 
1403.299626 0.044202 
1402.132514 0.041138 
1400.965402 0.038350 
1399.798291 0.035833 
1398.631179 0.033900 
1397.464067 0.032309 
1396.296955 0.031334 
1395.129844 0.030985 
1393.962732 0.031925 
1392.795620 0.034422 
1391.628509 0.039428 
1390.461397 0.047491 
1389.294285 0.059964 
1388.127173 0.076202 
1386.960062 0.095242 
1385.792950 0.114327 
1384.625838 0.130963 
1383.458726 0.142856 
1382.291615 0.149344 
1381.124503 0.150780 
1379.957391 0.148654 
1378.790279 0.144317 
1377.623168 0.138604 
1376.456056 0.132866 
1375.288944 0.127166 
1374.121832 0.121631 
1372.954721 0.115274 
1371.787609 0.107746 
1370.620497 0.098134 
1369.453385 0.086783 
1368.286274 0.074313 
1367.119162 0.062468 
1365.952050 0.053101 
1364.784939 0.047370 
1363.617827 0.045040 
1362.450715 0.045173 
1361.283603 0.047226 
1360.116492 0.049900 
1358.949380 0.052822 
1357.782268 0.055237 
1356.615156 0.057401 
1355.448045 0.058839 
1354.280933 0.060452 
1353.113821 0.062270 
1351.946709 0.064769 
1350.779598 0.067643 
1349.612486 0.070982 
1348.445374 0.074475 
1347.278262 0.077996 
1346.111151 0.081562 
1344.944039 0.084793 
1343.776927 0.088074 
1342.609816 0.091029 
1341.442704 0.093946 
1340.275592 0.096379 
1339.108480 0.098875 
1337.941369 0.100863 
1336.774257 0.102880 
1335.607145 0.104406 
1334.440033 0.105841 
1333.272922 0.106809 
1332.105810 0.107538 
1330.938698 0.107906 
1329.771586 0.107953 
1328.604475 0.107572 
1327.437363 0.106741 
1326.270251 0.105779 
1325.103139 0.104338 
1323.936028 0.102685 
1322.768916 0.100724 
1321.601804 0.098805 
1320.434693 0.096385 
1319.267581 0.093927 
1318.100469 0.091139 
1316.933357 0.088295 
1315.766246 0.085043 
1314.599134 0.081558 
1313.432022 0.077685 
1312.264910 0.073480 
1311.097799 0.068986 
1309.930687 0.064199 
1308.763575 0.059363 
1307.596463 0.054359 
1306.429352 0.049637 
1305.262240 0.044923 
1304.095128 0.040686 
1302.928016 0.036607 
1301.760905 0.032955 
1300.593793 0.029485 
1299.426681 0.026536 
1298.259570 0.023829 
1297.092458 0.021679 
1295.925346 0.019815 
1294.758234 0.018341 
1293.591123 0.017191 
1292.424011 0.016555 
1291.256899 0.016445 
1290.089787 0.016715 
1288.922676 0.017711 
1287.755564 0.019252 
1286.588452 0.021771 
1285.421340 0.024651 
1284.254229 0.028272 
1283.087117 0.032035 
1281.920005 0.036152 
1280.752893 0.039955 
1279.585782 0.043584 
1278.418670 0.046433 
1277.251558 0.048644 
1276.084446 0.049716 
1274.917335 0.049443 
1273.750223 0.047750 
1272.583111 0.044382 
1271.416000 0.039796 
1270.248888 0.034067 
1269.081776 0.028154 
1267.914664 0.022378 
1266.747553 0.017679 
1265.580441 0.013875 
1264.413329 0.011374 
1263.246217 0.009380 
1262.079106 0.008075 
1260.911994 0.007075 
1259.744882 0.006331 
1258.577770 0.005772 
1257.410659 0.005349 
1256.243547 0.004946 
1255.076435 0.004614 
1253.909323 0.004365 
1252.742212 0.004029 
1251.575100 0.003855 
1250.407988 0.003568 
1249.240877 0.003521 
1248.073765 0.003245 
1246.906653 0.003169 
1245.739541 0.002863 
1244.572430 0.002877 
1243.405318 0.002643 
1242.238206 0.002517 
1241.071094 0.002371 
1239.903983 0.002240 
1238.736871 0.002173 
1237.569759 0.002072 
1236.402647 0.001938 
1235.235536 0.001761 
1234.068424 0.001725 
1232.901312 0.001621 
1231.734200 0.001596 
1230.567089 0.001380 
1229.399977 0.001414 
1228.232865 0.001183 
1227.065754 0.001142 
1225.898642 0.000942 
1224.731530 0.000957 
1223.564418 0.000870 
1222.397307 0.000827 
1221.230195 0.000772 
1220.063083 0.000638 
1218.895971 0.000579 
1217.728860 0.000546 
1216.561748 0.000558 
1215.394636 0.000408 
1214.227524 0.000456 
1213.060413 0.000277 
1211.893301 0.000262 
1210.726189 0.000098 
1209.559077 0.000167 
1208.391966 -0.000000 
1207.224854 0.000101 
1206.057742 0.000040 
1204.890630 0.000042 
1203.723519 -0.000018 
1202.556407 -0.000094 
1201.389295 -0.000199 
1200.222184 -0.000151 
1199.055072 -0.000092 
1197.887960 -0.000195 
1196.720848 -0.000097 
1195.553737 -0.000155 
1194.386625 -0.000004 
1193.219513 -0.000111 
1192.052401 0.000002 
1190.885290 -0.000040 
1189.718178 0.000103 
1188.551066 0.000022 
1187.383954 0.000152 
1186.216843 0.000281 
1185.049731 0.000484 
1183.882619 0.000653 
1182.715507 0.000757 
1181.548396 0.000984 
1180.381284 0.001126 
1179.214172 0.001553 
1178.047061 0.001776 
1176.879949 0.002213 
1175.712837 0.002524 
1174.545725 0.003141 
1173.378614 0.003588 
1172.211502 0.004446 
1171.044390 0.005239 
1169.877278 0.006535 
1168.710167 0.007988 
1167.543055 0.009887 
1166.375943 0.012016 
1165.208831 0.014401 
1164.041720 0.016513 
1162.874608 0.018112 
1161.707496 0.019286 
1160.540384 0.019952 
1159.373273 0.020427 
1158.206161 0.020983 
1157.039049 0.022060 
1155.871938 0.023056 
1154.704826 0.024283 
1153.537714 0.025032 
1152.370602 0.025353 
1151.203491 0.025151 
1150.036379 0.024722 
1148.869267 0.023761 
1147.702155 0.022636 
1146.535044 0.021529 
1145.367932 0.020730 
1144.200820 0.020228 
1143.033708 0.020148 
1141.866597 0.020510 
1140.699485 0.021175 
1139.532373 0.022613 
1138.365261 0.024082 
1137.198150 0.026075 
1136.031038 0.027855 
1134.863926 0.029674 
1133.696815 0.031107 
1132.529703 0.032576 
1131.362591 0.033557 
1130.195479 0.034432 
1129.028368 0.035089 
1127.861256 0.035541 
1126.694144 0.035824 
1125.527032 0.035876 
1124.359921 0.036030 
1123.192809 0.035916 
1122.025697 0.035921 
1120.858585 0.035724 
1119.691474 0.035551 
1118.524362 0.035222 
1117.357250 0.035263 
1116.190138 0.035407 
1115.023027 0.036196 
1113.855915 0.037307 
1112.688803 0.039346 
1111.521691 0.042392 
1110.354580 0.046843 
1109.187468 0.053163 
1108.020356 0.062445 
1106.853245 0.076148 
1105.686133 0.095439 
1104.519021 0.120678 
1103.351909 0.150166 
1102.184798 0.182531 
1101.017686 0.215755 
1099.850574 0.248761 
1098.683462 0.279785 
1097.516351 0.308097 
1096.349239 0.332156 
1095.182127 0.351515 
1094.015015 0.365966 
1092.847904 0.375398 
1091.680792 0.379634 
1090.513680 0.379190 
1089.346568 0.374358 
1088.179457 0.365633 
1087.012345 0.353617 
1085.845233 0.338901 
1084.678122 0.321649 
1083.511010 0.301698 
1082.343898 0.279635 
1081.176786 0.255109 
1080.009675 0.228697 
1078.842563 0.200407 
1077.675451 0.171482 
1076.508339 0.142798 
1075.341228 0.115989 
1074.174116 0.092192 
1073.007004 0.073058 
1071.839892 0.058869 
1070.672781 0.049544 
1069.505669 0.044483 
1068.338557 0.043125 
1067.171445 0.045847 
1066.004334 0.052554 
1064.837222 0.066369 
1063.670110 0.091921 
1062.502999 0.139703 
1061.335887 0.218970 
1060.168775 0.325042 
1059.001663 0.436006 
1057.834552 0.534415 
1056.667440 0.614820 
1055.500328 0.679592 
1054.333216 0.729364 
1053.166105 0.763496 
1051.998993 0.783223 
1050.831881 0.786948 
1049.664769 0.776114 
1048.497658 0.750251 
1047.330546 0.710030 
1046.163434 0.657616 
1044.996322 0.594137 
1043.829211 0.522568 
1042.662099 0.447254 
1041.494987 0.374046 
1040.327875 0.308229 
1039.160764 0.252122 
1037.993652 0.205059 
1036.826540 0.166116 
1035.659429 0.133232 
1034.492317 0.105733 
1033.325205 0.082774 
1032.158093 0.064065 
1030.990982 0.048876 
1029.823870 0.036947 
1028.656758 0.027521 
1027.489646 0.020414 
1026.322535 0.014891 
1025.155423 0.010966 
1023.988311 0.008030 
1022.821199 0.006024 
1021.654088 0.004417 
1020.486976 0.003350 
1019.319864 0.002595 
1018.152752 0.001944 
1016.985641 0.001452 
1015.818529 0.000990 
1014.651417 0.000639 
1013.484306 0.000282 
1012.317194 0.000199 
1011.150082 0.000042 
1009.982970 0.000141 
1008.815859 -0.000052 
1007.648747 0.000036 
1006.481635 -0.000088 
1005.314523 -0.000043 
1004.147412 -0.000100 
1002.980300 0.000084 
1001.813188 0.000059 
1000.646076 0.000058 
999.478965 0.000078 
998.311853 0.000049 
997.144741 0.000089 
995.977629 0.000079 
994.810518 0.000204 
993.643406 0.000042 
992.476294 0.000137 
991.309183 0.000042 
990.142071 0.000097 
988.974959 -0.000008 
987.807847 0.000185 
986.640736 0.000128 
985.473624 0.000063 
984.306512 -0.000056 
983.139400 -0.000058 
981.972289 -0.000040 
980.805177 0.000013 
979.638065 0.000017 
978.470953 -0.000080 
977.303842 -0.000055 
976.136730 -0.000144 
974.969618 -0.000096 
973.802506 -0.000195 
972.635395 -0.000089 
971.468283 -0.000212 
970.301171 -0.000177 
969.134060 -0.000283 
967.966948 -0.000183 
966.799836 -0.000214 
965.632724 -0.000156 
964.465613 -0.000161 
963.298501 -0.000169 
962.131389 -0.000065 
960.964277 0.000009 
959.797166 0.000030 
958.630054 0.000050 
957.462942 0.000229 
956.295830 0.000218 
955.128719 0.000385 
953.961607 0.000403 
952.794495 0.000611 
951.627383 0.000738 
950.460272 0.000924 
949.293160 0.001018 
948.126048 0.001289 
946.958936 0.001315 
945.791825 0.001528 
944.624713 0.001816 
943.457601 0.001955 
942.290490 0.002252 
941.123378 0.002447 
939.956266 0.002781 
938.789154 0.002888 
937.622043 0.003211 
936.454931 0.003328 
935.287819 0.003770 
934.120707 0.004077 
932.953596 0.004534 
931.786484 0.004765 
930.619372 0.005198 
929.452260 0.005595 
928.285149 0.005971 
927.118037 0.006379 
925.950925 0.006772 
924.783813 0.007252 
923.616702 0.007666 
922.449590 0.008234 
921.282478 0.008718 
920.115367 0.009349 
918.948255 0.009887 
917.781143 0.010577 
916.614031 0.011142 
915.446920 0.011947 
914.279808 0.012522 
913.112696 0.013440 
911.945584 0.014253 
910.778473 0.015189 
909.611361 0.016022 
908.444249 0.016992 
907.277137 0.018079 
906.110026 0.019097 
904.942914 0.020922 
903.775802 0.023302 
902.608690 0.026070 
901.441579 0.028816 
900.274467 0.032841 
899.107355 0.037933 
897.940244 0.045182 
896.773132 0.054584 
895.606020 0.067218 
894.438908 0.082975 
893.271797 0.102177 
892.104685 0.122731 
890.937573 0.142162 
889.770461 0.157655 
888.603350 0.168832 
887.436238 0.175791 
886.269126 0.179686 
885.102014 0.183205 
883.934903 0.187599 
882.767791 0.193154 
881.600679 0.197830 
880.433567 0.200102 
879.266456 0.195752 
878.099344 0.181112 
876.932232 0.155046 
875.765121 0.122190 
874.598009 0.089520 
873.430897 0.062693 
872.263785 0.042670 
871.096674 0.028778 
869.929562 0.019537 
868.762450 0.013325 
867.595338 0.009755 
866.428227 0.007520 
865.261115 0.006690 
864.094003 0.006349 
862.926891 0.006689 
861.759780 0.007088 
860.592668 0.007683 
859.425556 0.008269 
858.258444 0.009063 
857.091333 0.009691 
855.924221 0.010518 
854.757109 0.011417 
853.589997 0.012032 
852.422886 0.012697 
851.255774 0.013236 
850.088662 0.013934 
848.921551 0.014611 
847.754439 0.015184 
846.587327 0.015769 
845.420215 0.016570 
844.253104 0.016937 
843.085992 0.017753 
841.918880 0.018322 
840.751768 0.018869 
839.584657 0.019491 
838.417545 0.020170 
837.250433 0.020580 
836.083321 0.021256 
834.916210 0.021734 
833.749098 0.022100 
832.581986 0.022734 
831.414874 0.023205 
830.247763 0.023917 
829.080651 0.024363 
827.913539 0.024994 
826.746428 0.025503 
825.579316 0.026138 
824.412204 0.026690 
823.245092 0.027624 
822.077981 0.028387 
820.910869 0.029375 
819.743757 0.030721 
818.576645 0.032382 
817.409534 0.034129 
816.242422 0.036244 
815.075310 0.038897 
813.908198 0.041647 
812.741087 0.044608 
811.573975 0.047669 
810.406863 0.050876 
809.239751 0.053374 
808.072640 0.055895 
806.905528 0.058205 
805.738416 0.059659 
804.571305 0.059565 
803.404193 0.058723 
802.237081 0.056813 
801.069969 0.054179 
799.902858 0.050558 
798.735746 0.046763 
797.568634 0.043247 
796.401522 0.040446 
795.234411 0.038468 
794.067299 0.037074 
792.900187 0.036733 
791.733075 0.036628 
790.565964 0.037121 
789.398852 0.037365 
788.231740 0.037677 
787.064628 0.038102 
785.897517 0.038857 
784.730405 0.039276 
783.563293 0.039866 
782.396181 0.040060 
781.229070 0.040806 
780.061958 0.041439 
778.894846 0.041722 
777.727735 0.042249 
776.560623 0.042687 
775.393511 0.043191 
774.226399 0.043644 
773.059288 0.044189 
771.892176 0.044663 
770.725064 0.045304 
769.557952 0.045719 
768.390841 0.046154 
767.223729 0.046585 
766.056617 0.047097 
764.889505 0.047482 
763.722394 0.048161 
762.555282 0.048533 
761.388170 0.048932 
760.221058 0.049549 
759.053947 0.049959 
757.886835 0.050598 
756.719723 0.051018 
755.552612 0.051477 
754.385500 0.051818 
753.218388 0.052294 
752.051276 0.052739 
750.884165 0.053358 
749.717053 0.053684 
748.549941 0.054136 
747.382829 0.054502 
746.215718 0.055044 
745.048606 0.055389 
743.881494 0.055963 
742.714382 0.056462 
741.547271 0.056702 
740.380159 0.057125 
739.213047 0.057541 
738.045935 0.057919 
736.878824 0.058317 
735.711712 0.058920 
734.544600 0.059116 
733.377489 0.059550 
732.210377 0.059867 
731.043265 0.060422 
729.876153 0.060652 
728.709042 0.060936 
727.541930 0.061120 
726.374818 0.061514 
725.207706 0.061886 
724.040595 0.062201 
722.873483 0.062438 
721.706371 0.062713 
720.539259 0.062970 
719.372148 0.063296 
718.205036 0.063665 
717.037924 0.063907 
715.870812 0.064270 
714.703701 0.064171 
713.536589 0.064470 
712.369477 0.064558 
711.202366 0.064746 
710.035254 0.064891 
708.868142 0.065131 
707.701030 0.065104 
706.533919 0.065351 
705.366807 0.065643 
704.199695 0.065634 
703.032583 0.065808 
701.865472 0.065807 
700.698360 0.065851 
699.531248 0.065961 
698.364136 0.066181 
697.197025 0.066275 
696.029913 0.066159 
694.862801 0.066063 
693.695689 0.066245 
692.528578 0.066014 
691.361466 0.065694 
690.194354 0.065544 
689.027242 0.066000 
687.860131 0.065934 
686.693019 0.065575 
685.525907 0.065384 
684.358796 0.065182 
683.191684 0.065120 
682.024572 0.064687 
680.857460 0.064322 
679.690349 0.063917 
678.523237 0.063514 
677.356125 0.063092 
676.189013 0.062777 
675.021902 0.062159 
673.854790 0.061501 
672.687678 0.060864 
671.520566 0.060426 
670.353455 0.059501 
669.186343 0.058156 
668.019231 0.057769 
666.852119 0.057146 
665.685008 0.056261 
664.517896 0.055439 
663.350784 0.054799 
662.183673 0.053887 
661.016561 0.053178 
659.849449 0.052192 
658.682337 0.051274 
657.515226 0.050044 
656.348114 0.049264 
655.181002 0.048154 
654.013890 0.047018 
652.846779 0.045642 
651.679667 0.044635 
650.512555 0.043699 
649.345443 0.042442 
648.178332 0.041335 
647.011220 0.040664 
645.844108 0.039598 
644.676996 0.038725 
643.509885 0.037785 
642.342773 0.036208 
641.175661 0.034948 
640.008550 0.033516 
638.841438 0.032013 
637.674326 0.031343 
636.507214 0.030728 
635.340103 0.028731 
634.172991 0.028109 
633.005879 0.028243 
631.838767 0.027065 
630.671656 0.026300 
629.504544 0.025241 
628.337432 0.024262 
627.170320 0.023243 
626.003209 0.022404 
624.836097 0.021766 
623.668985 0.021121 
622.501873 0.020146 
621.334762 0.019657 
620.167650 0.018925 
619.000538 0.018036 
617.833426 0.017578 
616.666315 0.016827 
615.499203 0.015926 
614.332091 0.015279 
613.164980 0.014480 
611.997868 0.013469 
610.830756 0.013215 
609.663644 0.012399 
608.496533 0.012119 
607.329421 0.011401 
606.162309 0.011184 
604.995197 0.010395 
603.828086 0.009789 
602.660974 0.009759 
601.493862 0.008961 
600.326750 0.008091 
599.159639 0.007803 
597.992527 0.007712 
596.825415 0.007345 
595.658303 0.006440 
594.491192 0.005989 
593.324080 0.005823 
592.156968 0.005215 
590.989857 0.004561 
589.822745 0.004485 
588.655633 0.004321 
587.488521 0.003879 
586.321410 0.003431 
585.154298 0.003164 
583.987186 0.003444 
582.820074 0.002740 
581.652963 0.002733 
580.485851 0.003154 
579.318739 0.003402 
578.151627 0.004003 
576.984516 0.002924 
575.817404 0.002853 
574.650292 0.002401 
573.483180 0.001973 
572.316069 0.001588 
571.148957 0.001097 
569.981845 0.000060 
568.814734 0.000398 
567.647622 0.000893 
566.480510 0.001142 
565.313398 0.000284 
564.146287 -0.000054 
562.979175 0.000708 
561.812063 0.000106 
560.644951 0.000331 
559.477840 0.001430 
558.310728 0.001277 
557.143616 0.000057 
555.976504 0.000030 
554.809393 -0.000308 
553.642281 0.000383 
552.475169 -0.000445 
551.308057 -0.002417 
550.140946 0.000893 
548.973834 -0.000209 
547.806722 0.000579 
546.639611 0.000909 
545.472499 -0.000029 
544.305387 -0.000609 
543.138275 0.000252 
541.971164 0.000899 
540.804052 0.000226 
539.636940 -0.000494 
538.469828 0.001133 
537.302717 0.001779 
536.135605 0.002151 
534.968493 0.003477 
533.801381 0.003471 
532.634270 0.001474 
531.467158 0.001723 
530.300046 0.002680 
529.132934 0.001550 
527.965823 -0.002385 
526.798711 0.000707 
525.631599 0.001230 
524.464487 0.001411 
523.297376 0.000181 
522.130264 -0.002293 
520.963152 -0.002321 
519.796041 -0.000764 
518.628929 0.002307 
517.461817 0.002947 
516.294705 -0.001439 
515.127594 -0.000916 
513.960482 0.000728 
512.793370 0.000120 
511.626258 -0.000425 
510.459147 -0.001090 
509.292035 0.001599 
508.124923 -0.000035 
506.957811 -0.001134 
505.790700 -0.002169 
504.623588 -0.001114 
503.456476 -0.000908 
502.289364 0.000020 
501.122253 -0.000204 
499.955141 -0.000544 
