4000.123242 -0.000476 
3998.956130 -0.000265 
3997.789019 -0.000198 
3996.621907 -0.000061 
3995.454795 -0.000074 
3994.287683 -0.000122 
3993.120572 -0.000167 
3991.953460 -0.000032 
3990.786348 -0.000215 
3989.619236 -0.000055 
3988.452125 0.000157 
3987.285013 -0.000054 
3986.117901 -0.000056 
3984.950789 -0.000026 
3983.783678 0.000057 
3982.616566 -0.000197 
3981.449454 -0.000019 
3980.282342 -0.000286 
3979.115231 -0.000113 
3977.948119 -0.000165 
3976.781007 0.000250 
3975.613896 0.000180 
3974.446784 0.000158 
3973.279672 0.000167 
3972.112560 0.000177 
3970.945449 0.000156 
3969.778337 0.000125 
3968.611225 0.000005 
3967.444113 -0.000066 
3966.277002 0.000297 
3965.109890 0.000155 
3963.942778 0.000051 
3962.775666 0.000062 
3961.608555 0.000355 
3960.441443 0.000250 
3959.274331 0.000431 
3958.107219 0.000106 
3956.940108 0.000132 
3955.772996 0.000042 
3954.605884 0.000109 
3953.438772 -0.000038 
3952.271661 -0.000221 
3951.104549 -0.000090 
3949.937437 -0.000046 
3948.770326 -0.000055 
3947.603214 -0.000203 
3946.436102 0.000018 
3945.268990 0.000064 
3944.101879 0.000052 
3942.934767 -0.000216 
3941.767655 -0.000106 
3940.600543 -0.000074 
3939.433432 0.000025 
3938.266320 -0.000058 
3937.099208 -0.000008 
3935.932096 -0.000006 
3934.764985 0.000124 
3933.597873 0.000238 
3932.430761 -0.000045 
3931.263649 -0.000036 
3930.096538 -0.000039 
3928.929426 0.000126 
3927.762314 -0.000078 
3926.595203 -0.000010 
3925.428091 -0.000164 
3924.260979 0.000109 
3923.093867 -0.000067 
3921.926756 0.000091 
3920.759644 -0.000119 
3919.592532 0.000006 
3918.425420 -0.000031 
3917.258309 -0.000000 
3916.091197 0.000010 
3914.924085 0.000095 
3913.756973 -0.000136 
3912.589862 -0.000055 
3911.422750 -0.000069 
3910.255638 -0.000540 
3909.088526 -0.000199 
3907.921415 -0.000237 
3906.754303 -0.000012 
3905.587191 -0.000132 
3904.420080 -0.000350 
3903.252968 -0.000381 
3902.085856 -0.000141 
3900.918744 -0.000304 
3899.751633 -0.000270 
3898.584521 -0.000153 
3897.417409 -0.000139 
3896.250297 -0.000218 
3895.083186 -0.000083 
3893.916074 -0.000071 
3892.748962 -0.000272 
3891.581850 -0.000190 
3890.414739 -0.000179 
3889.247627 0.000178 
3888.080515 0.000007 
3886.913403 -0.000116 
3885.746292 -0.000390 
3884.579180 -0.000083 
3883.412068 0.000202 
3882.244957 0.000195 
3881.077845 0.000034 
3879.910733 0.000208 
3878.743621 0.000326 
3877.576510 0.000310 
3876.409398 0.000396 
3875.242286 0.000255 
3874.075174 0.000610 
3872.908063 0.000491 
3871.740951 0.000795 
3870.573839 0.000624 
3869.406727 0.000511 
3868.239616 0.000539 
3867.072504 0.000692 
3865.905392 0.000602 
3864.738280 0.000610 
3863.571169 0.000628 
3862.404057 0.000707 
3861.236945 0.000652 
3860.069833 0.000806 
3858.902722 0.000856 
3857.735610 0.000609 
3856.568498 0.000557 
3855.401387 0.000300 
3854.234275 0.000204 
3853.067163 0.000118 
3851.900051 0.000259 
3850.732940 0.000417 
3849.565828 0.000534 
3848.398716 0.000263 
3847.231604 0.000378 
3846.064493 0.000313 
3844.897381 0.000152 
3843.730269 0.000027 
3842.563157 0.000127 
3841.396046 0.000058 
3840.228934 -0.000110 
3839.061822 -0.000046 
3837.894710 -0.000449 
3836.727599 -0.000026 
3835.560487 0.000038 
3834.393375 -0.000046 
3833.226264 -0.000118 
3832.059152 -0.000044 
3830.892040 -0.000206 
3829.724928 0.000098 
3828.557817 -0.000012 
3827.390705 -0.000041 
3826.223593 -0.000116 
3825.056481 -0.000017 
3823.889370 0.000121 
3822.722258 0.000087 
3821.555146 -0.000052 
3820.388034 -0.000154 
3819.220923 -0.000040 
3818.053811 -0.000031 
3816.886699 0.000020 
3815.719587 -0.000296 
3814.552476 0.000245 
3813.385364 0.000166 
3812.218252 0.000319 
3811.051141 0.000212 
3809.884029 0.000128 
3808.716917 0.000195 
3807.549805 0.000165 
3806.382694 0.000177 
3805.215582 0.000458 
3804.048470 0.000473 
3802.881358 0.000274 
3801.714247 0.000159 
3800.547135 0.000123 
3799.380023 0.000214 
3798.212911 -0.000006 
3797.045800 0.000272 
3795.878688 0.000195 
3794.711576 0.000116 
3793.544464 0.000100 
3792.377353 0.000242 
3791.210241 0.000245 
3790.043129 0.000129 
3788.876017 0.000151 
3787.708906 0.000080 
3786.541794 0.000162 
3785.374682 -0.000077 
3784.207571 -0.000019 
3783.040459 -0.000118 
3781.873347 0.000137 
3780.706235 0.000003 
3779.539124 0.000170 
3778.372012 0.000127 
3777.204900 0.000204 
3776.037788 -0.000049 
3774.870677 0.000094 
3773.703565 0.000235 
3772.536453 0.000307 
3771.369341 0.000192 
3770.202230 0.000119 
3769.035118 0.000125 
3767.868006 0.000167 
3766.700894 0.000326 
3765.533783 0.000226 
3764.366671 0.000527 
3763.199559 0.000492 
3762.032448 0.000651 
3760.865336 0.000543 
3759.698224 0.000468 
3758.531112 0.000403 
3757.364001 0.000558 
3756.196889 0.000412 
3755.029777 0.000435 
3753.862665 0.000327 
3752.695554 0.000116 
3751.528442 -0.000071 
3750.361330 0.000143 
3749.194218 0.000031 
3748.027107 0.000101 
3746.859995 0.000300 
3745.692883 0.000171 
3744.525771 -0.000139 
3743.358660 -0.000086 
3742.191548 0.000282 
3741.024436 0.000219 
3739.857325 0.000340 
3738.690213 0.000289 
3737.523101 0.000401 
3736.355989 0.000192 
3735.188878 0.000227 
3734.021766 0.000137 
3732.854654 0.000227 
3731.687542 0.000356 
3730.520431 0.000581 
3729.353319 0.000734 
3728.186207 0.000511 
3727.019095 0.000681 
3725.851984 0.000729 
3724.684872 0.001007 
3723.517760 0.000660 
3722.350648 0.000899 
3721.183537 0.000787 
3720.016425 0.000870 
3718.849313 0.000879 
3717.682202 0.000871 
3716.515090 0.000950 
3715.347978 0.000928 
3714.180866 0.000820 
3713.013755 0.000674 
3711.846643 0.000655 
3710.679531 0.000767 
3709.512419 0.000668 
3708.345308 0.000611 
3707.178196 0.000709 
3706.011084 0.000430 
3704.843972 0.000481 
3703.676861 0.000584 
3702.509749 0.000559 
3701.342637 0.000413 
3700.175525 0.000472 
3699.008414 0.000402 
3697.841302 0.000473 
3696.674190 0.000418 
3695.507078 0.000301 
3694.339967 0.000282 
3693.172855 0.000109 
3692.005743 0.000227 
3690.838632 0.000153 
3689.671520 0.000457 
3688.504408 -0.000103 
3687.337296 0.000036 
3686.170185 0.000324 
3685.003073 0.000494 
3683.835961 0.000398 
3682.668849 0.000751 
3681.501738 0.000922 
3680.334626 0.000891 
3679.167514 0.000734 
3678.000402 0.000514 
3676.833291 0.000343 
3675.666179 -0.000078 
3674.499067 0.000197 
3673.331955 0.000238 
3672.164844 0.000439 
3670.997732 -0.000044 
3669.830620 0.000120 
3668.663509 0.000140 
3667.496397 0.000344 
3666.329285 0.000237 
3665.162173 0.000386 
3663.995062 0.000262 
3662.827950 0.000236 
3661.660838 0.000218 
3660.493726 0.000204 
3659.326615 0.000456 
3658.159503 0.000210 
3656.992391 0.000218 
3655.825279 -0.000018 
3654.658168 0.000322 
3653.491056 0.000270 
3652.323944 0.000346 
3651.156832 0.000034 
3649.989721 0.000209 
3648.822609 -0.000106 
3647.655497 0.000043 
3646.488386 0.000032 
3645.321274 0.000100 
3644.154162 -0.000021 
3642.987050 0.000034 
3641.819939 -0.000004 
3640.652827 0.000127 
3639.485715 0.000176 
3638.318603 -0.000011 
3637.151492 0.000141 
3635.984380 -0.000156 
3634.817268 0.000064 
3633.650156 -0.000121 
3632.483045 0.000032 
3631.315933 -0.000055 
3630.148821 0.000035 
3628.981709 -0.000326 
3627.814598 -0.000161 
3626.647486 0.000021 
3625.480374 -0.000137 
3624.313262 -0.000082 
3623.146151 -0.000182 
3621.979039 -0.000044 
3620.811927 -0.000095 
3619.644816 -0.000115 
3618.477704 -0.000410 
3617.310592 -0.000062 
3616.143480 -0.000047 
3614.976369 0.000053 
3613.809257 -0.000131 
3612.642145 -0.000128 
3611.475033 -0.000280 
3610.307922 -0.000065 
3609.140810 -0.000156 
3607.973698 -0.000114 
3606.806586 -0.000120 
3605.639475 -0.000097 
3604.472363 -0.000084 
3603.305251 -0.000055 
3602.138139 -0.000042 
3600.971028 -0.000144 
3599.803916 0.000111 
3598.636804 -0.000051 
3597.469693 -0.000005 
3596.302581 -0.000094 
3595.135469 0.000022 
3593.968357 -0.000136 
3592.801246 0.000096 
3591.634134 0.000153 
3590.467022 0.000107 
3589.299910 0.000047 
3588.132799 0.000156 
3586.965687 0.000174 
3585.798575 0.000030 
3584.631463 0.000321 
3583.464352 0.000328 
3582.297240 0.000483 
3581.130128 0.000452 
3579.963016 0.000784 
3578.795905 0.000815 
3577.628793 0.000968 
3576.461681 0.000773 
3575.294570 0.000950 
3574.127458 0.000883 
3572.960346 0.001168 
3571.793234 0.001164 
3570.626123 0.001175 
3569.459011 0.001386 
3568.291899 0.001299 
3567.124787 0.001445 
3565.957676 0.001446 
3564.790564 0.001813 
3563.623452 0.001762 
3562.456340 0.002171 
3561.289229 0.001994 
3560.122117 0.002186 
3558.955005 0.002199 
3557.787893 0.002493 
3556.620782 0.002550 
3555.453670 0.002872 
3554.286558 0.002828 
3553.119447 0.002915 
3551.952335 0.003163 
3550.785223 0.003302 
3549.618111 0.003642 
3548.451000 0.003762 
3547.283888 0.003944 
3546.116776 0.003810 
3544.949664 0.004082 
3543.782553 0.004233 
3542.615441 0.004785 
3541.448329 0.004724 
3540.281217 0.004981 
3539.114106 0.005096 
3537.946994 0.005473 
3536.779882 0.005740 
3535.612770 0.006011 
3534.445659 0.006152 
3533.278547 0.006387 
3532.111435 0.006812 
3530.944323 0.007057 
3529.777212 0.007537 
3528.610100 0.007930 
3527.442988 0.008383 
3526.275877 0.008568 
3525.108765 0.009114 
3523.941653 0.009170 
3522.774541 0.009754 
3521.607430 0.010108 
3520.440318 0.010720 
3519.273206 0.011004 
3518.106094 0.011449 
3516.938983 0.011753 
3515.771871 0.012385 
3514.604759 0.012897 
3513.437647 0.013241 
3512.270536 0.013694 
3511.103424 0.014047 
3509.936312 0.014823 
3508.769200 0.015122 
3507.602089 0.015764 
3506.434977 0.016068 
3505.267865 0.016619 
3504.100754 0.016938 
3502.933642 0.017719 
3501.766530 0.018144 
3500.599418 0.018736 
3499.432307 0.019187 
3498.265195 0.019730 
3497.098083 0.020348 
3495.930971 0.020911 
3494.763860 0.021748 
3493.596748 0.022239 
3492.429636 0.022973 
3491.262524 0.023670 
3490.095413 0.024367 
3488.928301 0.024721 
3487.761189 0.025502 
3486.594077 0.025932 
3485.426966 0.026783 
3484.259854 0.027267 
3483.092742 0.028031 
3481.925631 0.028625 
3480.758519 0.029518 
3479.591407 0.030244 
3478.424295 0.030900 
3477.257184 0.031676 
3476.090072 0.032428 
3474.922960 0.033278 
3473.755848 0.033879 
3472.588737 0.035020 
3471.421625 0.035618 
3470.254513 0.036560 
3469.087401 0.037400 
3467.920290 0.038415 
3466.753178 0.039202 
3465.586066 0.040400 
3464.418954 0.041327 
3463.251843 0.042395 
3462.084731 0.043442 
3460.917619 0.044634 
3459.750508 0.045935 
3458.583396 0.046985 
3457.416284 0.048531 
3456.249172 0.049793 
3455.082061 0.051287 
3453.914949 0.052575 
3452.747837 0.054228 
3451.580725 0.055644 
3450.413614 0.057511 
3449.246502 0.058878 
3448.079390 0.060599 
3446.912278 0.062174 
3445.745167 0.063904 
3444.578055 0.065758 
3443.410943 0.067826 
3442.243831 0.069702 
3441.076720 0.071406 
3439.909608 0.073203 
3438.742496 0.075014 
3437.575384 0.077271 
3436.408273 0.078923 
3435.241161 0.080752 
3434.074049 0.082222 
3432.906938 0.084115 
3431.739826 0.085476 
3430.572714 0.087143 
3429.405602 0.088503 
3428.238491 0.090077 
3427.071379 0.091364 
3425.904267 0.092814 
3424.737155 0.094041 
3423.570044 0.095315 
3422.402932 0.096430 
3421.235820 0.097538 
3420.068708 0.099006 
3418.901597 0.099862 
3417.734485 0.101024 
3416.567373 0.101877 
3415.400261 0.102983 
3414.233150 0.103893 
3413.066038 0.105055 
3411.898926 0.105906 
3410.731815 0.107259 
3409.564703 0.108383 
3408.397591 0.109862 
3407.230479 0.111088 
3406.063368 0.112443 
3404.896256 0.113875 
3403.729144 0.115255 
3402.562032 0.116839 
3401.394921 0.118166 
3400.227809 0.119819 
3399.060697 0.121210 
3397.893585 0.122757 
3396.726474 0.124000 
3395.559362 0.125764 
3394.392250 0.127310 
3393.225138 0.129091 
3392.058027 0.130651 
3390.890915 0.132577 
3389.723803 0.134417 
3388.556692 0.136141 
3387.389580 0.138045 
3386.222468 0.139870 
3385.055356 0.141901 
3383.888245 0.143937 
3382.721133 0.146356 
3381.554021 0.148511 
3380.386909 0.150957 
3379.219798 0.153159 
3378.052686 0.155628 
3376.885574 0.157953 
3375.718462 0.160662 
3374.551351 0.162973 
3373.384239 0.165462 
3372.217127 0.168179 
3371.050015 0.170989 
3369.882904 0.173716 
3368.715792 0.176626 
3367.548680 0.179589 
3366.381568 0.182541 
3365.214457 0.185672 
3364.047345 0.188635 
3362.880233 0.191838 
3361.713122 0.194805 
3360.546010 0.198246 
3359.378898 0.201197 
3358.211786 0.204540 
3357.044675 0.207893 
3355.877563 0.211370 
3354.710451 0.214724 
3353.543339 0.218204 
3352.376228 0.221665 
3351.209116 0.225086 
3350.042004 0.228662 
3348.874892 0.232374 
3347.707781 0.236262 
3346.540669 0.239886 
3345.373557 0.243728 
3344.206445 0.247442 
3343.039334 0.251619 
3341.872222 0.255764 
3340.705110 0.260295 
3339.537999 0.264507 
3338.370887 0.269282 
3337.203775 0.273790 
3336.036663 0.278802 
3334.869552 0.283857 
3333.702440 0.289138 
3332.535328 0.294687 
3331.368216 0.300074 
3330.201105 0.305988 
3329.033993 0.312167 
3327.866881 0.318882 
3326.699769 0.325619 
3325.532658 0.332949 
3324.365546 0.340101 
3323.198434 0.348298 
3322.031322 0.356774 
3320.864211 0.366025 
3319.697099 0.375294 
3318.529987 0.385324 
3317.362876 0.395819 
3316.195764 0.407455 
3315.028652 0.419725 
3313.861540 0.432935 
3312.694429 0.446814 
3311.527317 0.461825 
3310.360205 0.478096 
3309.193093 0.495001 
3308.025982 0.513734 
3306.858870 0.533361 
3305.691758 0.554664 
3304.524646 0.577534 
3303.357535 0.601195 
3302.190423 0.626074 
3301.023311 0.652861 
3299.856199 0.680988 
3298.689088 0.710424 
3297.521976 0.740823 
3296.354864 0.771694 
3295.187753 0.802751 
3294.020641 0.833185 
3292.853529 0.862345 
3291.686417 0.890213 
3290.519306 0.915755 
3289.352194 0.938516 
3288.185082 0.958017 
3287.017970 0.972526 
3285.850859 0.982616 
3284.683747 0.988691 
3283.516635 0.988702 
3282.349523 0.984565 
3281.182412 0.975897 
3280.015300 0.963983 
3278.848188 0.949329 
3277.681076 0.931550 
3276.513965 0.912695 
3275.346853 0.893163 
3274.179741 0.873468 
3273.012629 0.854298 
3271.845518 0.836734 
3270.678406 0.820930 
3269.511294 0.806164 
3268.344183 0.793618 
3267.177071 0.783785 
3266.009959 0.775599 
3264.842847 0.768937 
3263.675736 0.765061 
3262.508624 0.762517 
3261.341512 0.761688 
3260.174400 0.762507 
3259.007289 0.764714 
3257.840177 0.768836 
3256.673065 0.773211 
3255.505953 0.779267 
3254.338842 0.786138 
3253.171730 0.793096 
3252.004618 0.801490 
3250.837506 0.809945 
3249.670395 0.818435 
3248.503283 0.827647 
3247.336171 0.835803 
3246.169060 0.844473 
3245.001948 0.853096 
3243.834836 0.860917 
3242.667724 0.867605 
3241.500613 0.874362 
3240.333501 0.880133 
3239.166389 0.884632 
3237.999277 0.887918 
3236.832166 0.890017 
3235.665054 0.891084 
3234.497942 0.890761 
3233.330830 0.889400 
3232.163719 0.885675 
3230.996607 0.880685 
3229.829495 0.875162 
3228.662383 0.868803 
3227.495272 0.861265 
3226.328160 0.852830 
3225.161048 0.843097 
3223.993937 0.833395 
3222.826825 0.822969 
3221.659713 0.812141 
3220.492601 0.801863 
3219.325490 0.791038 
3218.158378 0.780770 
3216.991266 0.771051 
3215.824154 0.762097 
3214.657043 0.753423 
3213.489931 0.745578 
3212.322819 0.738714 
3211.155707 0.732999 
3209.988596 0.727686 
3208.821484 0.723788 
3207.654372 0.721083 
3206.487260 0.718585 
3205.320149 0.717447 
3204.153037 0.717738 
3202.985925 0.719335 
3201.818813 0.721598 
3200.651702 0.724827 
3199.484590 0.728699 
3198.317478 0.734164 
3197.150367 0.740067 
3195.983255 0.747189 
3194.816143 0.755398 
3193.649031 0.764805 
3192.481920 0.774368 
3191.314808 0.785522 
3190.147696 0.796395 
3188.980584 0.808036 
3187.813473 0.819909 
3186.646361 0.832438 
3185.479249 0.844998 
3184.312137 0.857242 
3183.145026 0.870064 
3181.977914 0.881938 
3180.810802 0.892995 
3179.643690 0.903273 
3178.476579 0.913554 
3177.309467 0.921949 
3176.142355 0.929525 
3174.975244 0.934708 
3173.808132 0.938149 
3172.641020 0.938565 
3171.473908 0.937322 
3170.306797 0.933986 
3169.139685 0.929271 
3167.972573 0.921502 
3166.805461 0.911176 
3165.638350 0.899159 
3164.471238 0.885912 
3163.304126 0.870767 
3162.137014 0.854635 
3160.969903 0.836713 
3159.802791 0.817804 
3158.635679 0.798928 
3157.468567 0.778110 
3156.301456 0.757600 
3155.134344 0.736549 
3153.967232 0.715443 
3152.800121 0.694042 
3151.633009 0.673270 
3150.465897 0.652354 
3149.298785 0.631633 
3148.131674 0.611712 
3146.964562 0.592064 
3145.797450 0.573208 
3144.630338 0.554961 
3143.463227 0.537882 
3142.296115 0.521118 
3141.129003 0.504836 
3139.961891 0.489173 
3138.794780 0.474395 
3137.627668 0.460127 
3136.460556 0.446799 
3135.293444 0.433302 
3134.126333 0.420882 
3132.959221 0.409167 
3131.792109 0.397876 
3130.624998 0.386830 
3129.457886 0.376402 
3128.290774 0.366666 
3127.123662 0.357105 
3125.956551 0.348089 
3124.789439 0.339349 
3123.622327 0.331217 
3122.455215 0.323415 
3121.288104 0.315927 
3120.120992 0.308600 
3118.953880 0.301989 
3117.786768 0.295231 
3116.619657 0.288899 
3115.452545 0.282877 
3114.285433 0.276932 
3113.118321 0.271069 
3111.951210 0.265419 
3110.784098 0.260086 
3109.616986 0.255105 
3108.449874 0.250175 
3107.282763 0.245402 
3106.115651 0.240823 
3104.948539 0.236382 
3103.781428 0.232382 
3102.614316 0.227963 
3101.447204 0.223875 
3100.280092 0.220008 
3099.112981 0.216443 
3097.945869 0.212751 
3096.778757 0.209248 
3095.611645 0.205832 
3094.444534 0.202290 
3093.277422 0.198962 
3092.110310 0.195679 
3090.943198 0.192592 
3089.776087 0.189385 
3088.608975 0.186399 
3087.441863 0.183270 
3086.274751 0.180656 
3085.107640 0.177625 
3083.940528 0.174783 
3082.773416 0.171863 
3081.606305 0.169124 
3080.439193 0.166254 
3079.272081 0.163522 
3078.104969 0.160783 
3076.937858 0.158243 
3075.770746 0.155759 
3074.603634 0.153226 
3073.436522 0.150830 
3072.269411 0.148260 
3071.102299 0.146042 
3069.935187 0.143742 
3068.768075 0.141693 
3067.600964 0.139318 
3066.433852 0.137279 
3065.266740 0.135106 
3064.099628 0.133143 
3062.932517 0.131088 
3061.765405 0.129214 
3060.598293 0.127378 
3059.431182 0.125577 
3058.264070 0.123913 
3057.096958 0.122234 
3055.929846 0.120578 
3054.762735 0.118892 
3053.595623 0.117348 
3052.428511 0.115732 
3051.261399 0.114361 
3050.094288 0.112826 
3048.927176 0.111459 
3047.760064 0.110182 
3046.592952 0.109057 
3045.425841 0.107622 
3044.258729 0.106540 
3043.091617 0.105181 
3041.924505 0.103987 
3040.757394 0.102886 
3039.590282 0.101603 
3038.423170 0.100499 
3037.256058 0.099342 
3036.088947 0.098137 
3034.921835 0.096938 
3033.754723 0.095829 
3032.587612 0.094755 
3031.420500 0.093769 
3030.253388 0.092636 
3029.086276 0.091644 
3027.919165 0.090504 
3026.752053 0.089361 
3025.584941 0.088332 
3024.417829 0.087272 
3023.250718 0.086294 
3022.083606 0.085196 
3020.916494 0.084341 
3019.749382 0.083280 
3018.582271 0.082563 
3017.415159 0.081678 
3016.248047 0.080898 
3015.080935 0.080037 
3013.913824 0.079396 
3012.746712 0.078678 
3011.579600 0.078099 
3010.412489 0.077735 
3009.245377 0.077455 
3008.078265 0.077176 
3006.911153 0.077008 
3005.744042 0.076902 
3004.576930 0.076959 
3003.409818 0.077241 
3002.242706 0.077626 
3001.075595 0.078328 
2999.908483 0.079180 
2998.741371 0.080738 
2997.574259 0.082664 
2996.407148 0.085376 
2995.240036 0.088951 
2994.072924 0.094316 
2992.905812 0.101652 
2991.738701 0.113099 
2990.571589 0.130877 
2989.404477 0.162025 
2988.237366 0.214892 
2987.070254 0.281979 
2985.903142 0.301466 
2984.736030 0.257908 
2983.568919 0.221888 
2982.401807 0.218374 
2981.234695 0.244159 
2980.067583 0.291707 
2978.900472 0.354673 
2977.733360 0.411852 
2976.566248 0.432961 
2975.399136 0.418200 
2974.232025 0.414223 
2973.064913 0.456188 
2971.897801 0.550866 
2970.730689 0.668843 
2969.563578 0.734823 
2968.396466 0.695249 
2967.229354 0.569383 
2966.062243 0.432899 
2964.895131 0.330899 
2963.728019 0.266190 
2962.560907 0.229370 
2961.393796 0.214199 
2960.226684 0.207309 
2959.059572 0.194171 
2957.892460 0.173421 
2956.725349 0.154276 
2955.558237 0.141457 
2954.391125 0.134635 
2953.224013 0.131950 
2952.056902 0.132023 
2950.889790 0.134799 
2949.722678 0.138938 
2948.555566 0.143233 
2947.388455 0.146716 
2946.221343 0.150065 
2945.054231 0.153436 
2943.887119 0.157676 
2942.720008 0.163845 
2941.552896 0.172968 
2940.385784 0.185145 
2939.218673 0.200096 
2938.051561 0.215774 
2936.884449 0.230693 
2935.717337 0.243616 
2934.550226 0.254805 
2933.383114 0.263936 
2932.216002 0.270618 
2931.048890 0.275027 
2929.881779 0.277561 
2928.714667 0.278764 
2927.547555 0.278219 
2926.380443 0.275894 
2925.213332 0.271053 
2924.046220 0.265629 
2922.879108 0.260883 
2921.711996 0.257705 
2920.544885 0.256012 
2919.377773 0.255837 
2918.210661 0.257203 
2917.043550 0.260319 
2915.876438 0.264628 
2914.709326 0.269813 
2913.542214 0.274301 
2912.375103 0.274878 
2911.207991 0.269312 
2910.040879 0.258472 
2908.873767 0.245915 
2907.706656 0.234436 
2906.539544 0.226338 
2905.372432 0.221423 
2904.205320 0.219367 
2903.038209 0.219704 
2901.871097 0.221876 
2900.703985 0.225383 
2899.536873 0.229907 
2898.369762 0.235409 
2897.202650 0.241142 
2896.035538 0.247000 
2894.868427 0.252842 
2893.701315 0.258893 
2892.534203 0.265527 
2891.367091 0.273562 
2890.199980 0.282750 
2889.032868 0.292827 
2887.865756 0.302812 
2886.698644 0.312049 
2885.531533 0.320000 
2884.364421 0.327046 
2883.197309 0.333769 
2882.030197 0.340184 
2880.863086 0.345683 
2879.695974 0.348523 
2878.528862 0.347416 
2877.361750 0.342973 
2876.194639 0.336151 
2875.027527 0.328305 
2873.860415 0.320625 
2872.693303 0.312255 
2871.526192 0.302238 
2870.359080 0.289338 
2869.191968 0.274422 
2868.024857 0.258479 
2866.857745 0.243354 
2865.690633 0.229627 
2864.523521 0.217323 
2863.356410 0.206147 
2862.189298 0.195983 
2861.022186 0.187277 
2859.855074 0.180230 
2858.687963 0.174665 
2857.520851 0.170222 
2856.353739 0.166811 
2855.186627 0.164140 
2854.019516 0.162208 
2852.852404 0.160562 
2851.685292 0.159734 
2850.518180 0.159380 
2849.351069 0.159264 
2848.183957 0.159030 
2847.016845 0.158440 
2845.849734 0.157787 
2844.682622 0.157460 
2843.515510 0.157938 
2842.348398 0.159071 
2841.181287 0.160411 
2840.014175 0.161527 
2838.847063 0.162507 
2837.679951 0.163039 
2836.512840 0.162377 
2835.345728 0.159748 
2834.178616 0.155202 
2833.011504 0.148397 
2831.844393 0.140060 
2830.677281 0.131019 
2829.510169 0.122000 
2828.343057 0.113786 
2827.175946 0.106463 
2826.008834 0.099945 
2824.841722 0.094171 
2823.674611 0.089371 
2822.507499 0.085188 
2821.340387 0.081662 
2820.173275 0.078384 
2819.006164 0.075644 
2817.839052 0.073098 
2816.671940 0.070873 
2815.504828 0.068647 
2814.337717 0.066485 
2813.170605 0.064371 
2812.003493 0.062602 
2810.836381 0.061087 
2809.669270 0.060047 
2808.502158 0.058982 
2807.335046 0.057836 
2806.167934 0.056582 
2805.000823 0.055276 
2803.833711 0.054372 
2802.666599 0.053154 
2801.499488 0.051868 
2800.332376 0.050051 
2799.165264 0.048144 
2797.998152 0.046303 
2796.831041 0.044640 
2795.663929 0.042753 
2794.496817 0.041138 
2793.329705 0.039509 
2792.162594 0.038178 
2790.995482 0.036978 
2789.828370 0.035767 
2788.661258 0.034724 
2787.494147 0.033877 
2786.327035 0.033312 
2785.159923 0.032643 
2783.992811 0.032147 
2782.825700 0.031774 
2781.658588 0.031470 
2780.491476 0.031109 
2779.324364 0.030774 
2778.157253 0.030392 
2776.990141 0.030201 
2775.823029 0.029791 
2774.655918 0.029404 
2773.488806 0.029089 
2772.321694 0.028826 
2771.154582 0.028628 
2769.987471 0.028544 
2768.820359 0.028530 
2767.653247 0.028576 
2766.486135 0.028893 
2765.319024 0.029163 
2764.151912 0.029660 
2762.984800 0.030203 
2761.817688 0.031032 
2760.650577 0.031852 
2759.483465 0.032943 
2758.316353 0.034266 
2757.149241 0.035817 
2755.982130 0.037326 
2754.815018 0.038913 
2753.647906 0.040501 
2752.480795 0.042321 
2751.313683 0.044538 
2750.146571 0.046889 
2748.979459 0.049931 
2747.812348 0.053236 
2746.645236 0.056732 
2745.478124 0.059454 
2744.311012 0.061450 
2743.143901 0.063470 
2741.976789 0.066398 
2740.809677 0.069814 
2739.642565 0.074147 
2738.475454 0.079078 
2737.308342 0.084836 
2736.141230 0.090722 
2734.974118 0.096590 
2733.807007 0.101503 
2732.639895 0.104446 
2731.472783 0.104764 
2730.305672 0.102519 
2729.138560 0.098115 
2727.971448 0.091959 
2726.804336 0.085260 
2725.637225 0.078095 
2724.470113 0.071121 
2723.303001 0.064370 
2722.135889 0.058791 
2720.968778 0.054904 
2719.801666 0.051417 
2718.634554 0.046507 
2717.467442 0.040561 
2716.300331 0.034802 
2715.133219 0.030041 
2713.966107 0.026531 
2712.798995 0.024032 
2711.631884 0.022767 
2710.464772 0.022353 
2709.297660 0.023203 
2708.130548 0.024922 
2706.963437 0.028166 
2705.796325 0.032598 
2704.629213 0.037243 
2703.462102 0.039691 
2702.294990 0.038877 
2701.127878 0.035890 
2699.960766 0.033107 
2698.793655 0.031391 
2697.626543 0.030472 
2696.459431 0.030215 
2695.292319 0.029932 
2694.125208 0.029715 
2692.958096 0.029026 
2691.790984 0.028077 
2690.623872 0.026771 
2689.456761 0.025284 
2688.289649 0.023270 
2687.122537 0.020906 
2685.955425 0.018141 
2684.788314 0.015420 
2683.621202 0.012859 
2682.454090 0.010739 
2681.286979 0.008928 
2680.119867 0.007392 
2678.952755 0.006180 
2677.785643 0.005088 
2676.618532 0.004249 
2675.451420 0.003341 
2674.284308 0.002741 
2673.117196 0.002140 
2671.950085 0.001706 
2670.782973 0.001307 
2669.615861 0.001144 
2668.448749 0.000918 
2667.281638 0.000856 
2666.114526 0.000957 
2664.947414 0.001192 
2663.780302 0.001373 
2662.613191 0.001737 
2661.446079 0.002243 
2660.278967 0.002698 
2659.111856 0.003351 
2657.944744 0.004149 
2656.777632 0.005157 
2655.610520 0.006097 
2654.443409 0.007285 
2653.276297 0.008542 
2652.109185 0.010072 
2650.942073 0.011653 
2649.774962 0.013230 
2648.607850 0.014988 
2647.440738 0.016795 
2646.273626 0.018784 
2645.106515 0.020760 
2643.939403 0.023060 
2642.772291 0.025523 
2641.605179 0.028352 
2640.438068 0.031266 
2639.270956 0.034361 
2638.103844 0.037406 
2636.936733 0.040465 
2635.769621 0.043046 
2634.602509 0.045143 
2633.435397 0.046301 
2632.268286 0.046648 
2631.101174 0.045875 
2629.934062 0.044023 
2628.766950 0.041328 
2627.599839 0.037922 
2626.432727 0.034127 
2625.265615 0.030036 
2624.098503 0.025995 
2622.931392 0.022151 
2621.764280 0.018767 
2620.597168 0.015747 
2619.430056 0.013538 
2618.262945 0.011664 
2617.095833 0.010287 
2615.928721 0.009118 
2614.761609 0.008391 
2613.594498 0.007731 
2612.427386 0.007272 
2611.260274 0.006954 
2610.093163 0.006782 
2608.926051 0.006888 
2607.758939 0.006975 
2606.591827 0.007273 
2605.424716 0.007572 
2604.257604 0.008149 
2603.090492 0.008584 
2601.923380 0.009175 
2600.756269 0.009577 
2599.589157 0.010292 
2598.422045 0.010703 
2597.254933 0.011194 
2596.087822 0.011558 
2594.920710 0.011857 
2593.753598 0.011939 
2592.586486 0.011731 
2591.419375 0.011312 
2590.252263 0.010732 
2589.085151 0.010157 
2587.918040 0.009574 
2586.750928 0.009117 
2585.583816 0.008725 
2584.416704 0.008463 
2583.249593 0.008019 
2582.082481 0.007771 
2580.915369 0.007528 
2579.748257 0.007319 
2578.581146 0.007226 
2577.414034 0.007121 
2576.246922 0.007072 
2575.079810 0.007133 
2573.912699 0.007302 
2572.745587 0.007470 
2571.578475 0.007675 
2570.411363 0.007923 
2569.244252 0.008258 
2568.077140 0.008680 
2566.910028 0.009104 
2565.742917 0.009399 
2564.575805 0.009932 
2563.408693 0.010505 
2562.241581 0.011155 
2561.074470 0.011700 
2559.907358 0.012418 
2558.740246 0.013276 
2557.573134 0.014115 
2556.406023 0.014935 
2555.238911 0.015520 
2554.071799 0.016070 
2552.904687 0.016273 
2551.737576 0.016399 
2550.570464 0.016159 
2549.403352 0.015917 
2548.236240 0.015323 
2547.069129 0.014876 
2545.902017 0.014222 
2544.734905 0.013687 
2543.567794 0.012907 
2542.400682 0.012247 
2541.233570 0.011402 
2540.066458 0.010575 
2538.899347 0.009882 
2537.732235 0.009265 
2536.565123 0.008886 
2535.398011 0.008427 
2534.230900 0.008297 
2533.063788 0.008216 
2531.896676 0.008348 
2530.729564 0.008301 
2529.562453 0.008467 
2528.395341 0.008458 
2527.228229 0.008779 
2526.061117 0.009047 
2524.894006 0.009513 
2523.726894 0.010015 
2522.559782 0.010531 
2521.392670 0.010940 
2520.225559 0.011411 
2519.058447 0.011761 
2517.891335 0.011956 
2516.724224 0.012172 
2515.557112 0.012109 
2514.390000 0.012257 
2513.222888 0.012051 
2512.055777 0.012088 
2510.888665 0.011946 
2509.721553 0.011826 
2508.554441 0.011394 
2507.387330 0.010967 
2506.220218 0.010320 
2505.053106 0.009662 
2503.885994 0.008932 
2502.718883 0.008160 
2501.551771 0.007528 
2500.384659 0.006806 
2499.217547 0.006190 
2498.050436 0.005541 
2496.883324 0.005126 
2495.716212 0.004700 
2494.549101 0.004551 
2493.381989 0.004311 
2492.214877 0.004273 
2491.047765 0.004283 
2489.880654 0.004610 
2488.713542 0.004934 
2487.546430 0.005610 
2486.379318 0.006283 
2485.212207 0.006969 
2484.045095 0.007736 
2482.877983 0.008208 
2481.710871 0.008623 
2480.543760 0.008812 
2479.376648 0.009065 
2478.209536 0.009173 
2477.042424 0.009559 
2475.875313 0.009789 
2474.708201 0.010184 
2473.541089 0.010520 
2472.373978 0.010746 
2471.206866 0.010637 
2470.039754 0.010167 
2468.872642 0.009204 
2467.705531 0.007911 
2466.538419 0.006434 
2465.371307 0.005087 
2464.204195 0.003890 
2463.037084 0.002810 
2461.869972 0.001977 
2460.702860 0.001158 
2459.535748 0.000740 
2458.368637 0.000363 
2457.201525 0.000239 
2456.034413 -0.000026 
2454.867301 0.000043 
2453.700190 0.000032 
2452.533078 0.000069 
2451.365966 -0.000012 
2450.198854 -0.000004 
2449.031743 0.000041 
2447.864631 -0.000001 
2446.697519 -0.000084 
2445.530408 -0.000261 
2444.363296 -0.000263 
2443.196184 -0.000389 
2442.029072 -0.000323 
2440.861961 -0.000492 
2439.694849 -0.000364 
2438.527737 -0.000427 
2437.360625 -0.000378 
2436.193514 -0.000394 
2435.026402 -0.000120 
2433.859290 0.000154 
2432.692178 0.000462 
2431.525067 0.000870 
2430.357955 0.001273 
2429.190843 0.001815 
2428.023731 0.002171 
2426.856620 0.002621 
2425.689508 0.002899 
2424.522396 0.003285 
2423.355285 0.003617 
2422.188173 0.004485 
2421.021061 0.005382 
2419.853949 0.006829 
2418.686838 0.008580 
2417.519726 0.010894 
2416.352614 0.012733 
2415.185502 0.012343 
2414.018391 0.010496 
2412.851279 0.009096 
2411.684167 0.008728 
2410.517055 0.008671 
2409.349944 0.009035 
2408.182832 0.009196 
2407.015720 0.009531 
2405.848608 0.009656 
2404.681497 0.010065 
2403.514385 0.010090 
2402.347273 0.010112 
2401.180162 0.009802 
2400.013050 0.009566 
2398.845938 0.008936 
2397.678826 0.008199 
2396.511715 0.007291 
2395.344603 0.006245 
2394.177491 0.005199 
2393.010379 0.004270 
2391.843268 0.003501 
2390.676156 0.002788 
2389.509044 0.002460 
2388.341932 0.002027 
2387.174821 0.002005 
2386.007709 0.001784 
2384.840597 0.002024 
2383.673485 0.002185 
2382.506374 0.002599 
2381.339262 0.002903 
2380.172150 0.003353 
2379.005039 0.003718 
2377.837927 0.004096 
2376.670815 0.004393 
2375.503703 0.004498 
2374.336592 0.004759 
2373.169480 0.004993 
2372.002368 0.005568 
2370.835256 0.006243 
2369.668145 0.007234 
2368.501033 0.008138 
2367.333921 0.009189 
2366.166809 0.009894 
2364.999698 0.010436 
2363.832586 0.010377 
2362.665474 0.009820 
2361.498362 0.008894 
2360.331251 0.007922 
2359.164139 0.006848 
2357.997027 0.005818 
2356.829915 0.004975 
2355.662804 0.004053 
2354.495692 0.003530 
2353.328580 0.002932 
2352.161469 0.002643 
2350.994357 0.002237 
2349.827245 0.002159 
2348.660133 0.001782 
2347.493022 0.001472 
2346.325910 0.001098 
2345.158798 0.001036 
2343.991686 0.000637 
2342.824575 0.000430 
2341.657463 0.000400 
2340.490351 0.000423 
2339.323239 0.000485 
2338.156128 0.000423 
2336.989016 0.000202 
2335.821904 -0.000275 
2334.654792 -0.000214 
2333.487681 -0.000517 
2332.320569 -0.000461 
2331.153457 -0.000351 
2329.986346 -0.000287 
2328.819234 -0.000383 
2327.652122 -0.000027 
2326.485010 -0.000237 
2325.317899 0.000004 
2324.150787 -0.000024 
2322.983675 -0.000073 
2321.816563 0.000050 
2320.649452 -0.000083 
2319.482340 0.000052 
2318.315228 0.000004 
2317.148116 0.000071 
2315.981005 0.000058 
2314.813893 0.000155 
2313.646781 0.000155 
2312.479669 0.000359 
2311.312558 0.000212 
2310.145446 0.000435 
2308.978334 0.000337 
2307.811223 0.000409 
2306.644111 0.000259 
2305.476999 0.000256 
2304.309887 0.000239 
2303.142776 0.000224 
2301.975664 0.000252 
2300.808552 0.000175 
2299.641440 0.000324 
2298.474329 0.000159 
2297.307217 0.000315 
2296.140105 0.000178 
2294.972993 0.000312 
2293.805882 0.000139 
2292.638770 0.000203 
2291.471658 0.000036 
2290.304546 0.000091 
2289.137435 0.000111 
2287.970323 0.000061 
2286.803211 0.000086 
2285.636099 0.000091 
2284.468988 0.000128 
2283.301876 0.000109 
2282.134764 0.000242 
2280.967653 0.000182 
2279.800541 0.000380 
2278.633429 0.000326 
2277.466317 0.000623 
2276.299206 0.000559 
2275.132094 0.000798 
2273.964982 0.000846 
2272.797870 0.001021 
2271.630759 0.000989 
2270.463647 0.001221 
2269.296535 0.001379 
2268.129423 0.001641 
2266.962312 0.001988 
2265.795200 0.002390 
2264.628088 0.003136 
2263.460976 0.003841 
2262.293865 0.004606 
2261.126753 0.004786 
2259.959641 0.004856 
2258.792530 0.004404 
2257.625418 0.004232 
2256.458306 0.003946 
2255.291194 0.003867 
2254.124083 0.003611 
2252.956971 0.003394 
2251.789859 0.003049 
2250.622747 0.002721 
2249.455636 0.002281 
2248.288524 0.001935 
2247.121412 0.001700 
2245.954300 0.001191 
2244.787189 0.001012 
2243.620077 0.000570 
2242.452965 0.000475 
2241.285853 0.000223 
2240.118742 0.000277 
2238.951630 0.000053 
2237.784518 0.000060 
2236.617407 -0.000148 
2235.450295 -0.000131 
2234.283183 -0.000264 
2233.116071 -0.000260 
2231.948960 -0.000321 
2230.781848 -0.000275 
2229.614736 -0.000125 
2228.447624 -0.000152 
2227.280513 0.000003 
2226.113401 0.000073 
2224.946289 0.000356 
2223.779177 0.000297 
2222.612066 0.000506 
2221.444954 0.000426 
2220.277842 0.000676 
2219.110730 0.000615 
2217.943619 0.000704 
2216.776507 0.000680 
2215.609395 0.000767 
2214.442284 0.000731 
2213.275172 0.000676 
2212.108060 0.000675 
2210.940948 0.000599 
2209.773837 0.000605 
2208.606725 0.000414 
2207.439613 0.000473 
2206.272501 0.000247 
2205.105390 0.000261 
2203.938278 0.000015 
2202.771166 0.000116 
2201.604054 -0.000101 
2200.436943 0.000011 
2199.269831 -0.000116 
2198.102719 -0.000033 
2196.935607 0.000028 
2195.768496 0.000030 
2194.601384 0.000093 
2193.434272 0.000053 
2192.267160 0.000231 
2191.100049 0.000292 
2189.932937 0.000593 
2188.765825 0.000562 
2187.598714 0.000880 
2186.431602 0.000871 
2185.264490 0.001080 
2184.097378 0.000862 
2182.930267 0.000978 
2181.763155 0.000693 
2180.596043 0.000689 
2179.428931 0.000515 
2178.261820 0.000559 
2177.094708 0.000505 
2175.927596 0.000394 
2174.760484 0.000397 
2173.593373 0.000264 
2172.426261 0.000323 
2171.259149 0.000127 
2170.092037 0.000274 
2168.924926 0.000072 
2167.757814 0.000180 
2166.590702 0.000050 
2165.423591 0.000178 
2164.256479 0.000022 
2163.089367 0.000092 
2161.922255 -0.000024 
2160.755144 0.000022 
2159.588032 -0.000032 
2158.420920 -0.000047 
2157.253808 -0.000020 
2156.086697 -0.000110 
2154.919585 0.000005 
2153.752473 -0.000054 
2152.585361 0.000054 
2151.418250 -0.000021 
2150.251138 0.000269 
2149.084026 0.000275 
2147.916914 0.000539 
2146.749803 0.000468 
2145.582691 0.000819 
2144.415579 0.000906 
2143.248468 0.001194 
2142.081356 0.001420 
2140.914244 0.001663 
2139.747132 0.001891 
2138.580021 0.002064 
2137.412909 0.002309 
2136.245797 0.002382 
2135.078685 0.002499 
2133.911574 0.002275 
2132.744462 0.002264 
2131.577350 0.001898 
2130.410238 0.001790 
2129.243127 0.001517 
2128.076015 0.001544 
2126.908903 0.001458 
2125.741791 0.001652 
2124.574680 0.001648 
2123.407568 0.001573 
2122.240456 0.001272 
2121.073344 0.000842 
2119.906233 0.000506 
2118.739121 0.000141 
2117.572009 0.000113 
2116.404898 -0.000095 
2115.237786 0.000058 
2114.070674 -0.000074 
2112.903562 0.000195 
2111.736451 0.000105 
2110.569339 0.000456 
2109.402227 0.000517 
2108.235115 0.000833 
2107.068004 0.000935 
2105.900892 0.001050 
2104.733780 0.001019 
2103.566668 0.001085 
2102.399557 0.001345 
2101.232445 0.001544 
2100.065333 0.001980 
2098.898221 0.001993 
2097.731110 0.002063 
2096.563998 0.001742 
2095.396886 0.001670 
2094.229775 0.001431 
2093.062663 0.001600 
2091.895551 0.001540 
2090.728439 0.001827 
2089.561328 0.002282 
2088.394216 0.003250 
2087.227104 0.003942 
2086.059992 0.003846 
2084.892881 0.002853 
2083.725769 0.001967 
2082.558657 0.001562 
2081.391545 0.001185 
2080.224434 0.001141 
2079.057322 0.000896 
2077.890210 0.000887 
2076.723098 0.000619 
2075.555987 0.000763 
2074.388875 0.000455 
2073.221763 0.000473 
2072.054652 0.000346 
2070.887540 0.000310 
2069.720428 0.000122 
2068.553316 0.000162 
2067.386205 0.000165 
2066.219093 0.000068 
2065.051981 0.000203 
2063.884869 0.000123 
2062.717758 0.000217 
2061.550646 0.000033 
2060.383534 0.000207 
2059.216422 0.000037 
2058.049311 0.000211 
2056.882199 0.000013 
2055.715087 0.000216 
2054.547975 0.000059 
2053.380864 0.000146 
2052.213752 0.000010 
2051.046640 0.000107 
2049.879529 0.000057 
2048.712417 0.000073 
2047.545305 0.000025 
2046.378193 -0.000062 
2045.211082 0.000071 
2044.043970 -0.000014 
2042.876858 0.000089 
2041.709746 -0.000077 
2040.542635 0.000072 
2039.375523 -0.000141 
2038.208411 0.000026 
2037.041299 -0.000121 
2035.874188 0.000092 
2034.707076 -0.000051 
2033.539964 0.000012 
2032.372852 -0.000092 
2031.205741 -0.000030 
2030.038629 -0.000070 
2028.871517 -0.000057 
2027.704405 0.000021 
2026.537294 -0.000086 
2025.370182 0.000080 
2024.203070 -0.000050 
2023.035959 0.000115 
2021.868847 -0.000109 
2020.701735 0.000068 
2019.534623 -0.000079 
2018.367512 0.000165 
2017.200400 0.000059 
2016.033288 0.000214 
2014.866176 0.000187 
2013.699065 0.000171 
2012.531953 0.000144 
2011.364841 0.000090 
2010.197729 0.000186 
2009.030618 0.000048 
2007.863506 0.000112 
2006.696394 0.000001 
2005.529282 0.000160 
2004.362171 -0.000087 
2003.195059 0.000047 
2002.027947 -0.000039 
2000.860836 0.000171 
1999.693724 -0.000060 
1998.526612 0.000025 
1997.359500 -0.000022 
1996.192389 0.000051 
1995.025277 0.000086 
1993.858165 0.000128 
1992.691053 0.000313 
1991.523942 0.000273 
1990.356830 0.000473 
1989.189718 0.000434 
1988.022606 0.000703 
1986.855495 0.000575 
1985.688383 0.000878 
1984.521271 0.000730 
1983.354159 0.001006 
1982.187048 0.000890 
1981.019936 0.001146 
1979.852824 0.001074 
1978.685713 0.001252 
1977.518601 0.001320 
1976.351489 0.001435 
1975.184377 0.001482 
1974.017266 0.001547 
1972.850154 0.001851 
1971.683042 0.001895 
1970.515930 0.002181 
1969.348819 0.002083 
1968.181707 0.002160 
1967.014595 0.001788 
1965.847483 0.001913 
1964.680372 0.001529 
1963.513260 0.001515 
1962.346148 0.001267 
1961.179036 0.001299 
1960.011925 0.001111 
1958.844813 0.001044 
1957.677701 0.000911 
1956.510589 0.000782 
1955.343478 0.000812 
1954.176366 0.000666 
1953.009254 0.000789 
1951.842143 0.000779 
1950.675031 0.001109 
1949.507919 0.001082 
1948.340807 0.001506 
1947.173696 0.001627 
1946.006584 0.002088 
1944.839472 0.002280 
1943.672360 0.002937 
1942.505249 0.003603 
1941.338137 0.004616 
1940.171025 0.005701 
1939.003913 0.007130 
1937.836802 0.009024 
1936.669690 0.011436 
1935.502578 0.014859 
1934.335466 0.018380 
1933.168355 0.021496 
1932.001243 0.022257 
1930.834131 0.021329 
1929.667020 0.018984 
1928.499908 0.016577 
1927.332796 0.013404 
1926.165684 0.010537 
1924.998573 0.007938 
1923.831461 0.006146 
1922.664349 0.004759 
1921.497237 0.003853 
1920.330126 0.003250 
1919.163014 0.002745 
1917.995902 0.002425 
1916.828790 0.002064 
1915.661679 0.001974 
1914.494567 0.001577 
1913.327455 0.001553 
1912.160343 0.001128 
1910.993232 0.001263 
1909.826120 0.000978 
1908.659008 0.001101 
1907.491897 0.000823 
1906.324785 0.000788 
1905.157673 0.000576 
1903.990561 0.000507 
1902.823450 0.000339 
1901.656338 0.000217 
1900.489226 0.000218 
1899.322114 -0.000021 
1898.155003 0.000078 
1896.987891 -0.000149 
1895.820779 -0.000014 
1894.653667 -0.000244 
1893.486556 -0.000056 
1892.319444 -0.000245 
1891.152332 -0.000101 
1889.985220 -0.000353 
1888.818109 -0.000160 
1887.650997 -0.000185 
1886.483885 -0.000138 
1885.316774 -0.000150 
1884.149662 -0.000163 
1882.982550 -0.000078 
1881.815438 -0.000162 
1880.648327 -0.000017 
1879.481215 -0.000111 
1878.314103 0.000026 
1877.146991 -0.000090 
1875.979880 0.000144 
1874.812768 0.000052 
1873.645656 0.000348 
1872.478544 0.000147 
1871.311433 0.000235 
1870.144321 0.000099 
1868.977209 0.000170 
1867.810097 0.000106 
1866.642986 0.000100 
1865.475874 0.000229 
1864.308762 0.000197 
1863.141650 0.000231 
1861.974539 0.000095 
1860.807427 0.000249 
1859.640315 0.000049 
1858.473204 0.000137 
1857.306092 -0.000121 
1856.138980 0.000057 
1854.971868 -0.000187 
1853.804757 -0.000015 
1852.637645 -0.000153 
1851.470533 0.000040 
1850.303421 -0.000051 
1849.136310 0.000012 
1847.969198 0.000061 
1846.802086 0.000029 
1845.634974 0.000191 
1844.467863 -0.000080 
1843.300751 0.000110 
1842.133639 -0.000004 
1840.966527 0.000221 
1839.799416 0.000064 
1838.632304 0.000228 
1837.465192 -0.000063 
1836.298081 0.000100 
1835.130969 0.000017 
1833.963857 0.000155 
1832.796745 -0.000046 
1831.629634 0.000019 
1830.462522 -0.000044 
1829.295410 -0.000075 
1828.128298 0.000038 
1826.961187 -0.000018 
1825.794075 0.000133 
1824.626963 -0.000047 
1823.459851 0.000179 
1822.292740 0.000051 
1821.125628 0.000325 
1819.958516 0.000153 
1818.791404 0.000395 
1817.624293 0.000243 
1816.457181 0.000444 
1815.290069 0.000265 
1814.122958 0.000467 
1812.955846 0.000465 
1811.788734 0.000448 
1810.621622 0.000368 
1809.454511 0.000344 
1808.287399 0.000470 
1807.120287 0.000348 
1805.953175 0.000562 
1804.786064 0.000352 
1803.618952 0.000583 
1802.451840 0.000358 
1801.284728 0.000531 
1800.117617 0.000426 
1798.950505 0.000710 
1797.783393 0.000700 
1796.616281 0.000946 
1795.449170 0.001002 
1794.282058 0.001252 
1793.114946 0.001351 
1791.947835 0.001548 
1790.780723 0.001885 
1789.613611 0.002031 
1788.446499 0.002409 
1787.279388 0.002462 
1786.112276 0.002965 
1784.945164 0.003110 
1783.778052 0.003781 
1782.610941 0.004099 
1781.443829 0.004850 
1780.276717 0.005177 
1779.109605 0.005600 
1777.942494 0.005497 
1776.775382 0.005509 
1775.608270 0.005402 
1774.441158 0.005339 
1773.274047 0.005088 
1772.106935 0.004538 
1770.939823 0.004442 
1769.772711 0.004156 
1768.605600 0.004215 
1767.438488 0.004097 
1766.271376 0.004598 
1765.104265 0.004626 
1763.937153 0.004836 
1762.770041 0.004385 
1761.602929 0.004156 
1760.435818 0.003856 
1759.268706 0.003756 
1758.101594 0.003478 
1756.934482 0.003246 
1755.767371 0.003106 
1754.600259 0.002959 
1753.433147 0.002876 
1752.266035 0.002476 
1751.098924 0.002339 
1749.931812 0.002059 
1748.764700 0.002005 
1747.597588 0.001559 
1746.430477 0.001555 
1745.263365 0.001173 
1744.096253 0.001120 
1742.929142 0.000760 
1741.762030 0.000853 
1740.594918 0.000547 
1739.427806 0.000428 
1738.260695 0.000541 
1737.093583 0.000482 
1735.926471 0.000429 
1734.759359 -0.000014 
1733.592248 0.000024 
1732.425136 0.000108 
1731.258024 0.000394 
1730.090912 0.000140 
1728.923801 0.000405 
1727.756689 0.000249 
1726.589577 0.000451 
1725.422465 0.000316 
1724.255354 0.000518 
1723.088242 0.000479 
1721.921130 0.000628 
1720.754019 0.000718 
1719.586907 0.000809 
1718.419795 0.000734 
1717.252683 0.000464 
1716.085572 0.000931 
1714.918460 0.000867 
1713.751348 0.001162 
1712.584236 0.001018 
1711.417125 0.001218 
1710.250013 0.000928 
1709.082901 0.001075 
1707.915789 0.000830 
1706.748678 0.000877 
1705.581566 0.000654 
1704.414454 0.000620 
1703.247342 0.000583 
1702.080231 0.000515 
1700.913119 0.000142 
1699.746007 -0.000192 
1698.578895 0.000213 
1697.411784 0.000003 
1696.244672 -0.000269 
1695.077560 -0.000401 
1693.910449 0.000240 
1692.743337 0.000114 
1691.576225 0.000426 
1690.409113 0.000233 
1689.242002 0.000495 
1688.074890 0.000330 
1686.907778 0.000506 
1685.740666 0.000297 
1684.573555 0.000059 
1683.406443 0.000476 
1682.239331 0.000732 
1681.072219 0.001018 
1679.905108 0.000951 
1678.737996 0.001115 
1677.570884 0.000934 
1676.403772 0.001118 
1675.236661 0.000685 
1674.069549 0.001029 
1672.902437 0.000816 
1671.735326 0.000844 
1670.568214 0.000590 
1669.401102 0.000568 
1668.233990 0.000431 
1667.066879 0.000558 
1665.899767 0.000436 
1664.732655 0.000367 
1663.565543 0.000166 
1662.398432 -0.000170 
1661.231320 -0.000066 
1660.064208 -0.000231 
1658.897096 -0.000046 
1657.729985 -0.000199 
1656.562873 0.000083 
1655.395761 -0.000122 
1654.228649 -0.000147 
1653.061538 -0.000702 
1651.894426 -0.000242 
1650.727314 0.000060 
1649.560203 0.000192 
1648.393091 0.000043 
1647.225979 0.000097 
1646.058867 0.000033 
1644.891756 0.000091 
1643.724644 0.000209 
1642.557532 -0.000000 
1641.390420 0.000147 
1640.223309 -0.000130 
1639.056197 0.000061 
1637.889085 -0.000104 
1636.721973 0.000065 
1635.554862 -0.000293 
1634.387750 0.000066 
1633.220638 -0.000103 
1632.053526 -0.000069 
1630.886415 -0.000115 
1629.719303 -0.000023 
1628.552191 0.000150 
1627.385080 0.000292 
1626.217968 0.000522 
1625.050856 0.000505 
1623.883744 0.000702 
1622.716633 0.000656 
1621.549521 0.001239 
1620.382409 0.001379 
1619.215297 0.001994 
1618.048186 0.002087 
1616.881074 0.002338 
1615.713962 0.002640 
1614.546850 0.003180 
1613.379739 0.003137 
1612.212627 0.003389 
1611.045515 0.003416 
1609.878403 0.003549 
1608.711292 0.003795 
1607.544180 0.003937 
1606.377068 0.004253 
1605.209956 0.004286 
1604.042845 0.004520 
1602.875733 0.004328 
1601.708621 0.004604 
1600.541510 0.004395 
1599.374398 0.004663 
1598.207286 0.004452 
1597.040174 0.004692 
1595.873063 0.004582 
1594.705951 0.004744 
1593.538839 0.004819 
1592.371727 0.004999 
1591.204616 0.005146 
1590.037504 0.005221 
1588.870392 0.005548 
1587.703280 0.005701 
1586.536169 0.006018 
1585.369057 0.006081 
1584.201945 0.006613 
1583.034833 0.006681 
1581.867722 0.007221 
1580.700610 0.007331 
1579.533498 0.007853 
1578.366387 0.007995 
1577.199275 0.008310 
1576.032163 0.008252 
1574.865051 0.009084 
1573.697940 0.009529 
1572.530828 0.009855 
1571.363716 0.010409 
1570.196604 0.010582 
1569.029493 0.011145 
1567.862381 0.011498 
1566.695269 0.012218 
1565.528157 0.012512 
1564.361046 0.013125 
1563.193934 0.013342 
1562.026822 0.014059 
1560.859710 0.014064 
1559.692599 0.014433 
1558.525487 0.014711 
1557.358375 0.015462 
1556.191264 0.016122 
1555.024152 0.016334 
1553.857040 0.016589 
1552.689928 0.017170 
1551.522817 0.017931 
1550.355705 0.018359 
1549.188593 0.019101 
1548.021481 0.019394 
1546.854370 0.020084 
1545.687258 0.020107 
1544.520146 0.020727 
1543.353034 0.020815 
1542.185923 0.020878 
1541.018811 0.020872 
1539.851699 0.021229 
1538.684587 0.021868 
1537.517476 0.023136 
1536.350364 0.023817 
1535.183252 0.024258 
1534.016140 0.024485 
1532.849029 0.024771 
1531.681917 0.025464 
1530.514805 0.025707 
1529.347694 0.026279 
1528.180582 0.026427 
1527.013470 0.026974 
1525.846358 0.026932 
1524.679247 0.027483 
1523.512135 0.027787 
1522.345023 0.028532 
1521.177911 0.029062 
1520.010800 0.030221 
1518.843688 0.031132 
1517.676576 0.031882 
1516.509464 0.032800 
1515.342353 0.033764 
1514.175241 0.034982 
1513.008129 0.035893 
1511.841017 0.037144 
1510.673906 0.038231 
1509.506794 0.039607 
1508.339682 0.040641 
1507.172571 0.041916 
1506.005459 0.043173 
1504.838347 0.045147 
1503.671235 0.046884 
1502.504124 0.048801 
1501.337012 0.050715 
1500.169900 0.052937 
1499.002788 0.055401 
1497.835677 0.058170 
1496.668565 0.061458 
1495.501453 0.065406 
1494.334341 0.071554 
1493.167230 0.081113 
1492.000118 0.101219 
1490.833006 0.122470 
1489.665894 0.114969 
1488.498783 0.103533 
1487.331671 0.101537 
1486.164559 0.098950 
1484.997448 0.100545 
1483.830336 0.105227 
1482.663224 0.111426 
1481.496112 0.118931 
1480.329001 0.129519 
1479.161889 0.147216 
1477.994777 0.180034 
1476.827665 0.205543 
1475.660554 0.184964 
1474.493442 0.158131 
1473.326330 0.143109 
1472.159218 0.133235 
1470.992107 0.123114 
1469.824995 0.113499 
1468.657883 0.103708 
1467.490771 0.095180 
1466.323660 0.087572 
1465.156548 0.081765 
1463.989436 0.079061 
1462.822325 0.081140 
1461.655213 0.082342 
1460.488101 0.073981 
1459.320989 0.065549 
1458.153878 0.061890 
1456.986766 0.064242 
1455.819654 0.073967 
1454.652542 0.086387 
1453.485431 0.090862 
1452.318319 0.085596 
1451.151207 0.078720 
1449.984095 0.078957 
1448.816984 0.084754 
1447.649872 0.088345 
1446.482760 0.083778 
1445.315648 0.079733 
1444.148537 0.077763 
1442.981425 0.068232 
1441.814313 0.057772 
1440.647201 0.053630 
1439.480090 0.055406 
1438.312978 0.059442 
1437.145866 0.065202 
1435.978755 0.072322 
1434.811643 0.081611 
1433.644531 0.092705 
1432.477419 0.107477 
1431.310308 0.125581 
1430.143196 0.146651 
1428.976084 0.167216 
1427.808972 0.183091 
1426.641861 0.190360 
1425.474749 0.187278 
1424.307637 0.176162 
1423.140525 0.160392 
1421.973414 0.144143 
1420.806302 0.128747 
1419.639190 0.115920 
1418.472078 0.105195 
1417.304967 0.097134 
1416.137855 0.090197 
1414.970743 0.085287 
1413.803632 0.081076 
1412.636520 0.078157 
1411.469408 0.075766 
1410.302296 0.074318 
1409.135185 0.073221 
1407.968073 0.072620 
1406.800961 0.072408 
1405.633849 0.072406 
1404.466738 0.072789 
1403.299626 0.073267 
1402.132514 0.074242 
1400.965402 0.074882 
1399.798291 0.076037 
1398.631179 0.076709 
1397.464067 0.077965 
1396.296955 0.078675 
1395.129844 0.079778 
1393.962732 0.080592 
1392.795620 0.082315 
1391.628509 0.084085 
1390.461397 0.086649 
1389.294285 0.090726 
1388.127173 0.097497 
1386.960062 0.108944 
1385.792950 0.122930 
1384.625838 0.125678 
1383.458726 0.111526 
1382.291615 0.096858 
1381.124503 0.085198 
1379.957391 0.077909 
1378.790279 0.076036 
1377.623168 0.080994 
1376.456056 0.093407 
1375.288944 0.124245 
1374.121832 0.188919 
1372.954721 0.249364 
1371.787609 0.195054 
1370.620497 0.111783 
1369.453385 0.071609 
1368.286274 0.053202 
1367.119162 0.042924 
1365.952050 0.036275 
1364.784939 0.033533 
1363.617827 0.032842 
1362.450715 0.034950 
1361.283603 0.041543 
1360.116492 0.059579 
1358.949380 0.094883 
1357.782268 0.118573 
1356.615156 0.097904 
1355.448045 0.064442 
1354.280933 0.044660 
1353.113821 0.036377 
1351.946709 0.032082 
1350.779598 0.029201 
1349.612486 0.028047 
1348.445374 0.027752 
1347.278262 0.028609 
1346.111151 0.029577 
1344.944039 0.031583 
1343.776927 0.033670 
1342.609816 0.036867 
1341.442704 0.040097 
1340.275592 0.044328 
1339.108480 0.049156 
1337.941369 0.055421 
1336.774257 0.062859 
1335.607145 0.072327 
1334.440033 0.084534 
1333.272922 0.101436 
1332.105810 0.125327 
1330.938698 0.159460 
1329.771586 0.205011 
1328.604475 0.259069 
1327.437363 0.312378 
1326.270251 0.351970 
1325.103139 0.371621 
1323.936028 0.374137 
1322.768916 0.366551 
1321.601804 0.352523 
1320.434693 0.331433 
1319.267581 0.297852 
1318.100469 0.252212 
1316.933357 0.202270 
1315.766246 0.157916 
1314.599134 0.122853 
1313.432022 0.096072 
1312.264910 0.076122 
1311.097799 0.061048 
1309.930687 0.049909 
1308.763575 0.041013 
1307.596463 0.034404 
1306.429352 0.028798 
1305.262240 0.024741 
1304.095128 0.021079 
1302.928016 0.018496 
1301.760905 0.015970 
1300.593793 0.014112 
1299.426681 0.012428 
1298.259570 0.011013 
1297.092458 0.009808 
1295.925346 0.008733 
1294.758234 0.007976 
1293.591123 0.007008 
1292.424011 0.006613 
1291.256899 0.005968 
1290.089787 0.005930 
1288.922676 0.005580 
1287.755564 0.006034 
1286.588452 0.006306 
1285.421340 0.007511 
1284.254229 0.009104 
1283.087117 0.012376 
1281.920005 0.017518 
1280.752893 0.026924 
1279.585782 0.042342 
1278.418670 0.057476 
1277.251558 0.057153 
1276.084446 0.047316 
1274.917335 0.038632 
1273.750223 0.031914 
1272.583111 0.027917 
1271.416000 0.024232 
1270.248888 0.020770 
1269.081776 0.016536 
1267.914664 0.012996 
1266.747553 0.009668 
1265.580441 0.007555 
1264.413329 0.005689 
1263.246217 0.004549 
1262.079106 0.003476 
1260.911994 0.002751 
1259.744882 0.002089 
1258.577770 0.001439 
1257.410659 0.001087 
1256.243547 0.000587 
1255.076435 0.000498 
1253.909323 0.000070 
1252.742212 0.000152 
1251.575100 -0.000233 
1250.407988 -0.000054 
1249.240877 -0.000315 
1248.073765 -0.000159 
1246.906653 -0.000419 
1245.739541 -0.000335 
1244.572430 -0.000428 
1243.405318 -0.000463 
1242.238206 -0.000585 
1241.071094 -0.000671 
1239.903983 -0.000635 
1238.736871 -0.000696 
1237.569759 -0.000511 
1236.402647 -0.000725 
1235.235536 -0.000455 
1234.068424 -0.000664 
1232.901312 -0.000408 
1231.734200 -0.000637 
1230.567089 -0.000429 
1229.399977 -0.000648 
1228.232865 -0.000455 
1227.065754 -0.000621 
1225.898642 -0.000502 
1224.731530 -0.000469 
1223.564418 -0.000446 
1222.397307 -0.000330 
1221.230195 -0.000438 
1220.063083 -0.000240 
1218.895971 -0.000396 
1217.728860 -0.000070 
1216.561748 -0.000266 
1215.394636 0.000073 
1214.227524 -0.000208 
1213.060413 0.000133 
1211.893301 -0.000100 
1210.726189 0.000137 
1209.559077 -0.000039 
1208.391966 0.000004 
1207.224854 -0.000024 
1206.057742 0.000081 
1204.890630 0.000041 
1203.723519 -0.000057 
1202.556407 -0.000007 
1201.389295 -0.000237 
1200.222184 0.000027 
1199.055072 -0.000226 
1197.887960 -0.000068 
1196.720848 -0.000283 
1195.553737 0.000014 
1194.386625 -0.000241 
1193.219513 -0.000110 
1192.052401 -0.000310 
1190.885290 -0.000100 
1189.718178 -0.000161 
1188.551066 -0.000096 
1187.383954 -0.000142 
1186.216843 0.000000 
1185.049731 0.000247 
1183.882619 0.000298 
1182.715507 0.000625 
1181.548396 0.000613 
1180.381284 0.000982 
1179.214172 0.001091 
1178.047061 0.001687 
1176.879949 0.001931 
1175.712837 0.002744 
1174.545725 0.003230 
1173.378614 0.004268 
1172.211502 0.005335 
1171.044390 0.007009 
1169.877278 0.009161 
1168.710167 0.012148 
1167.543055 0.016133 
1166.375943 0.020654 
1165.208831 0.025139 
1164.041720 0.027332 
1162.874608 0.027632 
1161.707496 0.025991 
1160.540384 0.024695 
1159.373273 0.023254 
1158.206161 0.023105 
1157.039049 0.023263 
1155.871938 0.024789 
1154.704826 0.027127 
1153.537714 0.030985 
1152.370602 0.034958 
1151.203491 0.038116 
1150.036379 0.038406 
1148.869267 0.035039 
1147.702155 0.029353 
1146.535044 0.023373 
1145.367932 0.019124 
1144.200820 0.015854 
1143.033708 0.014404 
1141.866597 0.013154 
1140.699485 0.012933 
1139.532373 0.012789 
1138.365261 0.013639 
1137.198150 0.014784 
1136.031038 0.017103 
1134.863926 0.020075 
1133.696815 0.024822 
1132.529703 0.031536 
1131.362591 0.039971 
1130.195479 0.048178 
1129.028368 0.053269 
1127.861256 0.054654 
1126.694144 0.052747 
1125.527032 0.048788 
1124.359921 0.042464 
1123.192809 0.035940 
1122.025697 0.030056 
1120.858585 0.026709 
1119.691474 0.024671 
1118.524362 0.024314 
1117.357250 0.024472 
1116.190138 0.025610 
1115.023027 0.027126 
1113.855915 0.029417 
1112.688803 0.032567 
1111.521691 0.036641 
1110.354580 0.042067 
1109.187468 0.048732 
1108.020356 0.058008 
1106.853245 0.070028 
1105.686133 0.087075 
1104.519021 0.110917 
1103.351909 0.147606 
1102.184798 0.201280 
1101.017686 0.275436 
1099.850574 0.357951 
1098.683462 0.430733 
1097.516351 0.479848 
1096.349239 0.502460 
1095.182127 0.499593 
1094.015015 0.482540 
1092.847904 0.460467 
1091.680792 0.436945 
1090.513680 0.414473 
1089.346568 0.393175 
1088.179457 0.372191 
1087.012345 0.347663 
1085.845233 0.318899 
1084.678122 0.285047 
1083.511010 0.250508 
1082.343898 0.215972 
1081.176786 0.180976 
1080.009675 0.144744 
1078.842563 0.111455 
1077.675451 0.084154 
1076.508339 0.063691 
1075.341228 0.049381 
1074.174116 0.039676 
1073.007004 0.034619 
1071.839892 0.032463 
1070.672781 0.032798 
1069.505669 0.034119 
1068.338557 0.038249 
1067.171445 0.044866 
1066.004334 0.055347 
1064.837222 0.070230 
1063.670110 0.094060 
1062.502999 0.134880 
1061.335887 0.214890 
1060.168775 0.359170 
1059.001663 0.552594 
1057.834552 0.734816 
1056.667440 0.840644 
1055.500328 0.783844 
1054.333216 0.594870 
1053.166105 0.473848 
1051.998993 0.466604 
1050.831881 0.554123 
1049.664769 0.695827 
1048.497658 0.864552 
1047.330546 1.039067 
1046.163434 1.171799 
1044.996322 1.031737 
1043.829211 0.630708 
1042.662099 0.362427 
1041.494987 0.238679 
1040.327875 0.184720 
1039.160764 0.144009 
1037.993652 0.106344 
1036.826540 0.084018 
1035.659429 0.071454 
1034.492317 0.059379 
1033.325205 0.051188 
1032.158093 0.053107 
1030.990982 0.050076 
1029.823870 0.032483 
1028.656758 0.021275 
1027.489646 0.014998 
1026.322535 0.011616 
1025.155423 0.009109 
1023.988311 0.007507 
1022.821199 0.005932 
1021.654088 0.004610 
1020.486976 0.003685 
1019.319864 0.002869 
1018.152752 0.002477 
1016.985641 0.001766 
1015.818529 0.001619 
1014.651417 0.000975 
1013.484306 0.001024 
1012.317194 0.000555 
1011.150082 0.000592 
1009.982970 0.000180 
1008.815859 0.000270 
1007.648747 -0.000090 
1006.481635 0.000006 
1005.314523 -0.000192 
1004.147412 -0.000173 
1002.980300 -0.000105 
1001.813188 -0.000131 
1000.646076 -0.000128 
999.478965 -0.000341 
998.311853 -0.000144 
997.144741 -0.000383 
995.977629 -0.000014 
994.810518 -0.000263 
993.643406 0.000002 
992.476294 -0.000223 
991.309183 0.000038 
990.142071 -0.000220 
988.974959 -0.000043 
987.807847 -0.000099 
986.640736 0.000066 
985.473624 -0.000080 
984.306512 -0.000118 
983.139400 -0.000039 
981.972289 -0.000059 
980.805177 0.000146 
979.638065 -0.000062 
978.470953 0.000140 
977.303842 -0.000168 
976.136730 0.000073 
974.969618 -0.000228 
973.802506 0.000007 
972.635395 -0.000254 
971.468283 -0.000078 
970.301171 -0.000317 
969.134060 -0.000291 
967.966948 -0.000355 
966.799836 -0.000264 
965.632724 -0.000241 
964.465613 -0.000338 
963.298501 -0.000209 
962.131389 -0.000321 
960.964277 -0.000024 
959.797166 -0.000294 
958.630054 0.000073 
957.462942 -0.000095 
956.295830 0.000242 
955.128719 0.000014 
953.961607 0.000302 
952.794495 0.000287 
951.627383 0.000714 
950.460272 0.000793 
949.293160 0.001090 
948.126048 0.001308 
946.958936 0.001431 
945.791825 0.001802 
944.624713 0.001975 
943.457601 0.002534 
942.290490 0.002707 
941.123378 0.003275 
939.956266 0.003334 
938.789154 0.003944 
937.622043 0.003921 
936.454931 0.004390 
935.287819 0.004593 
934.120707 0.005235 
932.953596 0.005478 
931.786484 0.005957 
930.619372 0.006276 
929.452260 0.006729 
928.285149 0.007192 
927.118037 0.007514 
925.950925 0.008121 
924.783813 0.008450 
923.616702 0.009268 
922.449590 0.009620 
921.282478 0.010520 
920.115367 0.010849 
918.948255 0.011839 
917.781143 0.012239 
916.614031 0.013246 
915.446920 0.013906 
914.279808 0.014883 
913.112696 0.015900 
911.945584 0.017109 
910.778473 0.018406 
909.611361 0.019714 
908.444249 0.021199 
907.277137 0.022797 
906.110026 0.025082 
904.942914 0.027836 
903.775802 0.031743 
902.608690 0.035742 
901.441579 0.040838 
900.274467 0.046991 
899.107355 0.055689 
897.940244 0.067279 
896.773132 0.084589 
895.606020 0.112281 
894.438908 0.158797 
893.271797 0.233231 
892.104685 0.319248 
890.937573 0.342941 
889.770461 0.261733 
888.603350 0.182465 
887.436238 0.155484 
886.269126 0.171087 
885.102014 0.227919 
883.934903 0.325790 
882.767791 0.390102 
881.600679 0.329171 
880.433567 0.215011 
879.266456 0.124972 
878.099344 0.075066 
876.932232 0.050601 
875.765121 0.037500 
874.598009 0.028371 
873.430897 0.022377 
872.263785 0.018313 
871.096674 0.015936 
869.929562 0.014295 
868.762450 0.013606 
867.595338 0.013075 
866.428227 0.013249 
865.261115 0.013134 
864.094003 0.013931 
862.926891 0.014256 
861.759780 0.015126 
860.592668 0.015511 
859.425556 0.016413 
858.258444 0.017051 
857.091333 0.017908 
855.924221 0.018826 
854.757109 0.019755 
853.589997 0.020715 
852.422886 0.021487 
851.255774 0.022547 
850.088662 0.023319 
848.921551 0.024732 
847.754439 0.025471 
846.587327 0.026984 
845.420215 0.027921 
844.253104 0.029325 
843.085992 0.030527 
841.918880 0.032070 
840.751768 0.033187 
839.584657 0.034750 
838.417545 0.036190 
837.250433 0.037542 
836.083321 0.039106 
834.916210 0.040302 
833.749098 0.041915 
832.581986 0.043273 
831.414874 0.045077 
830.247763 0.046534 
829.080651 0.048277 
827.913539 0.049612 
826.746428 0.051452 
825.579316 0.052857 
824.412204 0.054790 
823.245092 0.056512 
822.077981 0.058422 
820.910869 0.060314 
819.743757 0.062607 
818.576645 0.065054 
817.409534 0.067073 
816.242422 0.067319 
815.075310 0.061915 
813.908198 0.053438 
812.741087 0.049397 
811.573975 0.058259 
810.406863 0.079395 
809.239751 0.099364 
808.072640 0.109332 
806.905528 0.123296 
805.738416 0.157432 
804.571305 0.227474 
803.404193 0.252630 
802.237081 0.149573 
801.069969 0.079818 
799.902858 0.067069 
798.735746 0.072559 
797.568634 0.080460 
796.401522 0.087852 
795.234411 0.093490 
794.067299 0.098745 
792.900187 0.103064 
791.733075 0.107585 
790.565964 0.111199 
789.398852 0.114519 
788.231740 0.116397 
787.064628 0.118245 
785.897517 0.118782 
784.730405 0.118361 
783.563293 0.116885 
782.396181 0.114324 
781.229070 0.111579 
780.061958 0.108225 
778.894846 0.104654 
777.727735 0.100613 
776.560623 0.097236 
775.393511 0.093489 
774.226399 0.090464 
773.059288 0.087413 
771.892176 0.085427 
770.725064 0.083414 
769.557952 0.082358 
768.390841 0.081416 
767.223729 0.081507 
766.056617 0.082142 
764.889505 0.083591 
763.722394 0.085847 
762.555282 0.088781 
761.388170 0.092927 
760.221058 0.097744 
759.053947 0.103936 
757.886835 0.110754 
756.719723 0.118971 
755.552612 0.127623 
754.385500 0.137583 
753.218388 0.147714 
752.051276 0.158818 
750.884165 0.169410 
749.717053 0.179671 
748.549941 0.188501 
747.382829 0.195480 
746.215718 0.199965 
745.048606 0.200972 
743.881494 0.199115 
742.714382 0.193678 
741.547271 0.185784 
740.380159 0.175438 
739.213047 0.164354 
738.045935 0.152223 
736.878824 0.140948 
735.711712 0.129831 
734.544600 0.120338 
733.377489 0.111616 
732.210377 0.104774 
731.043265 0.099050 
729.876153 0.094914 
728.709042 0.092065 
727.541930 0.090707 
726.374818 0.090954 
725.207706 0.092648 
724.040595 0.095892 
722.873483 0.099935 
721.706371 0.105288 
720.539259 0.110325 
719.372148 0.115536 
718.205036 0.118950 
717.037924 0.121062 
715.870812 0.119794 
714.703701 0.115781 
713.536589 0.108925 
712.369477 0.100723 
711.202366 0.091487 
710.035254 0.082565 
708.868142 0.074052 
707.701030 0.066329 
706.533919 0.059817 
705.366807 0.053859 
704.199695 0.049020 
703.032583 0.044405 
701.865472 0.040756 
700.698360 0.037092 
699.531248 0.034412 
698.364136 0.031610 
697.197025 0.029611 
696.029913 0.027197 
694.862801 0.025274 
693.695689 0.023570 
692.528578 0.022003 
691.361466 0.020377 
690.194354 0.019248 
689.027242 0.018727 
687.860131 0.017282 
686.693019 0.016157 
685.525907 0.015033 
684.358796 0.014612 
683.191684 0.013761 
682.024572 0.013171 
680.857460 0.012033 
679.690349 0.011562 
678.523237 0.010527 
677.356125 0.010188 
676.189013 0.009506 
675.021902 0.009037 
673.854790 0.008398 
672.687678 0.007893 
671.520566 0.007536 
670.353455 0.006859 
669.186343 0.005730 
668.019231 0.004574 
666.852119 0.005322 
665.685008 0.005362 
664.517896 0.005731 
663.350784 0.005604 
662.183673 0.006005 
661.016561 0.005820 
659.849449 0.005801 
658.682337 0.004799 
657.515226 0.003997 
656.348114 0.002791 
655.181002 0.001447 
654.013890 0.000217 
652.846779 -0.000577 
651.679667 -0.000457 
650.512555 0.000231 
649.345443 0.001831 
648.178332 0.003246 
647.011220 0.005329 
645.844108 0.005706 
644.676996 0.006171 
643.509885 0.005030 
642.342773 0.002971 
641.175661 0.000321 
640.008550 -0.001814 
638.841438 -0.004229 
637.674326 -0.004955 
636.507214 -0.004841 
635.340103 -0.004922 
634.172991 -0.003159 
633.005879 -0.000406 
631.838767 0.002084 
630.671656 0.004452 
629.504544 0.006778 
628.337432 0.008182 
627.170320 0.009870 
626.003209 0.010512 
624.836097 0.011190 
623.668985 0.010248 
622.501873 0.008716 
621.334762 0.007362 
620.167650 0.006120 
619.000538 0.004921 
617.833426 0.004381 
616.666315 0.003895 
615.499203 0.002960 
614.332091 0.002512 
613.164980 0.001511 
611.997868 0.001078 
610.830756 0.000776 
609.663644 0.000515 
608.496533 -0.000284 
607.329421 -0.000383 
606.162309 -0.000499 
604.995197 -0.000576 
603.828086 -0.001148 
602.660974 -0.000413 
601.493862 -0.000436 
600.326750 -0.000304 
599.159639 0.000217 
597.992527 0.000600 
596.825415 0.001067 
595.658303 0.000480 
594.491192 0.000593 
593.324080 0.000234 
592.156968 0.000204 
590.989857 -0.000013 
589.822745 0.000969 
588.655633 0.001171 
587.488521 0.002207 
586.321410 0.002585 
585.154298 0.003966 
583.987186 0.005019 
582.820074 0.005473 
581.652963 0.005887 
580.485851 0.006485 
579.318739 0.006381 
578.151627 0.007243 
576.984516 0.007089 
575.817404 0.006344 
574.650292 0.005818 
573.483180 0.005479 
572.316069 0.005475 
571.148957 0.004340 
569.981845 0.003730 
568.814734 0.004053 
567.647622 0.004730 
566.480510 0.004328 
565.313398 0.003625 
564.146287 0.003086 
562.979175 0.003583 
561.812063 0.002660 
560.644951 0.003107 
559.477840 0.004291 
558.310728 0.002972 
557.143616 0.002106 
555.976504 0.002440 
554.809393 0.001865 
553.642281 0.001097 
552.475169 0.000788 
551.308057 -0.001168 
550.140946 0.001178 
548.973834 -0.000778 
547.806722 0.000111 
546.639611 -0.000571 
545.472499 0.000343 
544.305387 0.000016 
543.138275 -0.000756 
541.971164 -0.000300 
540.804052 -0.001961 
539.636940 -0.001948 
538.469828 -0.000495 
537.302717 -0.000287 
536.135605 -0.000462 
534.968493 0.000923 
533.801381 0.000962 
532.634270 -0.000825 
531.467158 0.000044 
530.300046 0.001540 
529.132934 -0.000314 
527.965823 -0.003825 
526.798711 -0.000446 
525.631599 0.000581 
524.464487 0.000057 
523.297376 -0.002560 
522.130264 -0.005111 
520.963152 -0.004340 
519.796041 0.000297 
518.628929 0.003188 
517.461817 0.004535 
516.294705 0.001217 
515.127594 0.001124 
513.960482 -0.000916 
512.793370 -0.010166 
511.626258 -0.016668 
510.459147 -0.017426 
509.292035 -0.011040 
508.124923 -0.008615 
506.957811 -0.004710 
505.790700 -0.002549 
504.623588 0.001192 
503.456476 0.004557 
502.289364 0.008884 
501.122253 0.008939 
499.955141 0.011478 
