4000.123242 0.003388 
3998.956130 0.002649 
3997.789019 0.002088 
3996.621907 0.001783 
3995.454795 0.002114 
3994.287683 0.002366 
3993.120572 0.002633 
3991.953460 0.002617 
3990.786348 0.002851 
3989.619236 0.003016 
3988.452125 0.003392 
3987.285013 0.003670 
3986.117901 0.003832 
3984.950789 0.004289 
3983.783678 0.005026 
3982.616566 0.005816 
3981.449454 0.005580 
3980.282342 0.005039 
3979.115231 0.004515 
3977.948119 0.004450 
3976.781007 0.004648 
3975.613896 0.005848 
3974.446784 0.006746 
3973.279672 0.005625 
3972.112560 0.003799 
3970.945449 0.002679 
3969.778337 0.002029 
3968.611225 0.001660 
3967.444113 0.001583 
3966.277002 0.001873 
3965.109890 0.002248 
3963.942778 0.002269 
3962.775666 0.002159 
3961.608555 0.001822 
3960.441443 0.001616 
3959.274331 0.001304 
3958.107219 0.001604 
3956.940108 0.001722 
3955.772996 0.001886 
3954.605884 0.002255 
3953.438772 0.003079 
3952.271661 0.003896 
3951.104549 0.003759 
3949.937437 0.002719 
3948.770326 0.001841 
3947.603214 0.001226 
3946.436102 0.000860 
3945.268990 0.000502 
3944.101879 0.000402 
3942.934767 0.000364 
3941.767655 0.000169 
3940.600543 0.000304 
3939.433432 0.000181 
3938.266320 0.000255 
3937.099208 0.000124 
3935.932096 0.000095 
3934.764985 -0.000048 
3933.597873 -0.000014 
3932.430761 -0.000175 
3931.263649 0.000044 
3930.096538 -0.000042 
3928.929426 -0.000186 
3927.762314 -0.000046 
3926.595203 0.000002 
3925.428091 0.000008 
3924.260979 -0.000091 
3923.093867 -0.000026 
3921.926756 0.000131 
3920.759644 0.000388 
3919.592532 0.000268 
3918.425420 0.000584 
3917.258309 0.000744 
3916.091197 0.001016 
3914.924085 0.001555 
3913.756973 0.002285 
3912.589862 0.003429 
3911.422750 0.005248 
3910.255638 0.007112 
3909.088526 0.007025 
3907.921415 0.005660 
3906.754303 0.004894 
3905.587191 0.005106 
3904.420080 0.005818 
3903.252968 0.006504 
3902.085856 0.007251 
3900.918744 0.007379 
3899.751633 0.005432 
3898.584521 0.003875 
3897.417409 0.002517 
3896.250297 0.001573 
3895.083186 0.000937 
3893.916074 0.000738 
3892.748962 0.000629 
3891.581850 0.000416 
3890.414739 0.000308 
3889.247627 0.000308 
3888.080515 0.000294 
3886.913403 0.000157 
3885.746292 -0.000058 
3884.579180 -0.000096 
3883.412068 0.000060 
3882.244957 0.000193 
3881.077845 0.000355 
3879.910733 0.000081 
3878.743621 0.000161 
3877.576510 -0.000010 
3876.409398 -0.000009 
3875.242286 -0.000014 
3874.075174 0.000065 
3872.908063 0.000065 
3871.740951 0.000006 
3870.573839 -0.000164 
3869.406727 -0.000094 
3868.239616 0.000089 
3867.072504 0.000034 
3865.905392 0.000130 
3864.738280 0.000005 
3863.571169 0.000162 
3862.404057 0.000130 
3861.236945 0.000213 
3860.069833 0.000129 
3858.902722 0.000184 
3857.735610 0.000276 
3856.568498 0.000223 
3855.401387 0.000364 
3854.234275 0.000009 
3853.067163 0.000123 
3851.900051 0.000195 
3850.732940 0.000265 
3849.565828 0.000227 
3848.398716 0.000397 
3847.231604 0.000396 
3846.064493 0.000319 
3844.897381 0.000297 
3843.730269 0.000261 
3842.563157 0.000141 
3841.396046 0.000240 
3840.228934 0.000211 
3839.061822 0.000229 
3837.894710 0.000031 
3836.727599 -0.000159 
3835.560487 -0.000129 
3834.393375 -0.000052 
3833.226264 -0.000127 
3832.059152 -0.000222 
3830.892040 -0.000368 
3829.724928 -0.000616 
3828.557817 -0.000669 
3827.390705 -0.000748 
3826.223593 -0.000738 
3825.056481 -0.000826 
3823.889370 -0.000630 
3822.722258 -0.000793 
3821.555146 -0.000841 
3820.388034 -0.000934 
3819.220923 -0.000639 
3818.053811 -0.000516 
3816.886699 -0.000500 
3815.719587 -0.000646 
3814.552476 -0.000455 
3813.385364 -0.000208 
3812.218252 -0.000205 
3811.051141 0.000134 
3809.884029 0.000161 
3808.716917 0.000184 
3807.549805 0.000074 
3806.382694 0.000116 
3805.215582 0.000154 
3804.048470 0.000307 
3802.881358 -0.000100 
3801.714247 -0.000423 
3800.547135 -0.000561 
3799.380023 -0.000263 
3798.212911 -0.000394 
3797.045800 -0.000552 
3795.878688 -0.000615 
3794.711576 -0.000647 
3793.544464 -0.000538 
3792.377353 -0.000817 
3791.210241 -0.000557 
3790.043129 -0.000546 
3788.876017 -0.000405 
3787.708906 -0.000414 
3786.541794 -0.000086 
3785.374682 -0.000104 
3784.207571 -0.000082 
3783.040459 -0.000101 
3781.873347 -0.000248 
3780.706235 -0.000169 
3779.539124 -0.000108 
3778.372012 -0.000100 
3777.204900 -0.000305 
3776.037788 -0.000071 
3774.870677 -0.000192 
3773.703565 -0.000045 
3772.536453 -0.000130 
3771.369341 0.000126 
3770.202230 0.000183 
3769.035118 0.000211 
3767.868006 0.000096 
3766.700894 0.000101 
3765.533783 0.000117 
3764.366671 0.000230 
3763.199559 0.000204 
3762.032448 0.000372 
3760.865336 0.000328 
3759.698224 0.000321 
3758.531112 0.000380 
3757.364001 0.000314 
3756.196889 0.000389 
3755.029777 0.000377 
3753.862665 0.000489 
3752.695554 0.000253 
3751.528442 0.000343 
3750.361330 0.000527 
3749.194218 0.000492 
3748.027107 0.000813 
3746.859995 0.000975 
3745.692883 0.000938 
3744.525771 0.000870 
3743.358660 0.001399 
3742.191548 0.002076 
3741.024436 0.002469 
3739.857325 0.002799 
3738.690213 0.003072 
3737.523101 0.002833 
3736.355989 0.002775 
3735.188878 0.002324 
3734.021766 0.002392 
3732.854654 0.002555 
3731.687542 0.002802 
3730.520431 0.002749 
3729.353319 0.002713 
3728.186207 0.002517 
3727.019095 0.001989 
3725.851984 0.001217 
3724.684872 0.000851 
3723.517760 0.000720 
3722.350648 0.000539 
3721.183537 0.000528 
3720.016425 0.000382 
3718.849313 0.000403 
3717.682202 0.000321 
3716.515090 0.000407 
3715.347978 0.000280 
3714.180866 0.000287 
3713.013755 0.000135 
3711.846643 0.000130 
3710.679531 0.000177 
3709.512419 0.000267 
3708.345308 0.000279 
3707.178196 0.000029 
3706.011084 -0.000015 
3704.843972 -0.000018 
3703.676861 0.000018 
3702.509749 -0.000134 
3701.342637 -0.000157 
3700.175525 -0.000231 
3699.008414 -0.000145 
3697.841302 -0.000258 
3696.674190 0.000003 
3695.507078 -0.000117 
3694.339967 -0.000051 
3693.172855 -0.000103 
3692.005743 -0.000080 
3690.838632 -0.000051 
3689.671520 -0.000133 
3688.504408 -0.000248 
3687.337296 -0.000098 
3686.170185 0.000031 
3685.003073 -0.000075 
3683.835961 -0.000029 
3682.668849 -0.000114 
3681.501738 0.000093 
3680.334626 -0.000009 
3679.167514 0.000098 
3678.000402 -0.000060 
3676.833291 -0.000126 
3675.666179 -0.000262 
3674.499067 -0.000043 
3673.331955 -0.000179 
3672.164844 -0.000188 
3670.997732 -0.000211 
3669.830620 -0.000215 
3668.663509 -0.000030 
3667.496397 -0.000005 
3666.329285 0.000181 
3665.162173 0.000060 
3663.995062 0.000144 
3662.827950 -0.000046 
3661.660838 -0.000011 
3660.493726 -0.000049 
3659.326615 0.000184 
3658.159503 0.000038 
3656.992391 0.000010 
3655.825279 -0.000038 
3654.658168 0.000011 
3653.491056 0.000042 
3652.323944 0.000149 
3651.156832 0.000105 
3649.989721 -0.000076 
3648.822609 -0.000117 
3647.655497 -0.000078 
3646.488386 0.000075 
3645.321274 0.000070 
3644.154162 0.000138 
3642.987050 -0.000076 
3641.819939 0.000002 
3640.652827 0.000031 
3639.485715 0.000167 
3638.318603 0.000098 
3637.151492 0.000087 
3635.984380 0.000036 
3634.817268 0.000028 
3633.650156 0.000118 
3632.483045 0.000038 
3631.315933 0.000223 
3630.148821 0.000000 
3628.981709 -0.000017 
3627.814598 -0.000096 
3626.647486 -0.000031 
3625.480374 -0.000051 
3624.313262 0.000243 
3623.146151 0.000068 
3621.979039 0.000022 
3620.811927 -0.000206 
3619.644816 -0.000231 
3618.477704 -0.000091 
3617.310592 -0.000018 
3616.143480 0.000059 
3614.976369 0.000111 
3613.809257 0.000082 
3612.642145 0.000016 
3611.475033 0.000137 
3610.307922 0.000141 
3609.140810 0.000061 
3607.973698 -0.000216 
3606.806586 0.000064 
3605.639475 -0.000083 
3604.472363 -0.000116 
3603.305251 -0.000212 
3602.138139 -0.000078 
3600.971028 -0.000192 
3599.803916 -0.000129 
3598.636804 -0.000029 
3597.469693 -0.000094 
3596.302581 -0.000070 
3595.135469 -0.000213 
3593.968357 -0.000177 
3592.801246 -0.000306 
3591.634134 -0.000131 
3590.467022 -0.000210 
3589.299910 -0.000115 
3588.132799 -0.000332 
3586.965687 -0.000184 
3585.798575 -0.000329 
3584.631463 -0.000148 
3583.464352 -0.000175 
3582.297240 -0.000007 
3581.130128 -0.000141 
3579.963016 -0.000103 
3578.795905 0.000006 
3577.628793 -0.000130 
3576.461681 0.000041 
3575.294570 -0.000033 
3574.127458 0.000082 
3572.960346 -0.000062 
3571.793234 0.000064 
3570.626123 -0.000142 
3569.459011 0.000091 
3568.291899 0.000079 
3567.124787 0.000017 
3565.957676 -0.000198 
3564.790564 -0.000015 
3563.623452 -0.000058 
3562.456340 0.000091 
3561.289229 0.000073 
3560.122117 -0.000036 
3558.955005 0.000095 
3557.787893 0.000043 
3556.620782 0.000010 
3555.453670 -0.000135 
3554.286558 0.000046 
3553.119447 -0.000108 
3551.952335 0.000034 
3550.785223 -0.000018 
3549.618111 0.000015 
3548.451000 -0.000249 
3547.283888 -0.000078 
3546.116776 -0.000102 
3544.949664 -0.000085 
3543.782553 -0.000136 
3542.615441 -0.000179 
3541.448329 -0.000064 
3540.281217 -0.000123 
3539.114106 -0.000059 
3537.946994 -0.000280 
3536.779882 -0.000105 
3535.612770 -0.000196 
3534.445659 -0.000092 
3533.278547 -0.000176 
3532.111435 -0.000028 
3530.944323 -0.000186 
3529.777212 -0.000052 
3528.610100 -0.000002 
3527.442988 0.000009 
3526.275877 -0.000142 
3525.108765 -0.000195 
3523.941653 -0.000158 
3522.774541 -0.000331 
3521.607430 -0.000084 
3520.440318 -0.000070 
3519.273206 -0.000002 
3518.106094 -0.000169 
3516.938983 0.000082 
3515.771871 -0.000048 
3514.604759 0.000040 
3513.437647 -0.000036 
3512.270536 0.000138 
3511.103424 0.000165 
3509.936312 0.000235 
3508.769200 0.000178 
3507.602089 0.000094 
3506.434977 0.000028 
3505.267865 0.000008 
3504.100754 0.000083 
3502.933642 0.000035 
3501.766530 0.000184 
3500.599418 0.000069 
3499.432307 0.000080 
3498.265195 -0.000050 
3497.098083 0.000274 
3495.930971 0.000042 
3494.763860 0.000047 
3493.596748 0.000053 
3492.429636 0.000252 
3491.262524 0.000242 
3490.095413 0.000387 
3488.928301 0.000285 
3487.761189 0.000272 
3486.594077 0.000356 
3485.426966 0.000262 
3484.259854 0.000337 
3483.092742 0.000190 
3481.925631 0.000165 
3480.758519 0.000002 
3479.591407 0.000168 
3478.424295 0.000001 
3477.257184 0.000077 
3476.090072 -0.000038 
3474.922960 0.000189 
3473.755848 -0.000024 
3472.588737 0.000127 
3471.421625 0.000121 
3470.254513 0.000174 
3469.087401 0.000046 
3467.920290 0.000039 
3466.753178 -0.000008 
3465.586066 -0.000257 
3464.418954 -0.000099 
3463.251843 -0.000202 
3462.084731 0.000008 
3460.917619 -0.000147 
3459.750508 -0.000004 
3458.583396 -0.000136 
3457.416284 -0.000020 
3456.249172 -0.000138 
3455.082061 0.000012 
3453.914949 -0.000135 
3452.747837 -0.000072 
3451.580725 0.000001 
3450.413614 0.000004 
3449.246502 0.000074 
3448.079390 -0.000094 
3446.912278 -0.000059 
3445.745167 -0.000056 
3444.578055 -0.000022 
3443.410943 -0.000038 
3442.243831 0.000131 
3441.076720 -0.000063 
3439.909608 0.000016 
3438.742496 -0.000142 
3437.575384 0.000090 
3436.408273 0.000011 
3435.241161 0.000004 
3434.074049 0.000075 
3432.906938 0.000041 
3431.739826 -0.000026 
3430.572714 -0.000048 
3429.405602 0.000029 
3428.238491 -0.000086 
3427.071379 0.000031 
3425.904267 -0.000119 
3424.737155 0.000009 
3423.570044 -0.000153 
3422.402932 0.000044 
3421.235820 -0.000081 
3420.068708 -0.000029 
3418.901597 -0.000088 
3417.734485 -0.000098 
3416.567373 -0.000130 
3415.400261 -0.000051 
3414.233150 -0.000041 
3413.066038 -0.000076 
3411.898926 0.000051 
3410.731815 -0.000098 
3409.564703 0.000048 
3408.397591 -0.000035 
3407.230479 -0.000080 
3406.063368 -0.000367 
3404.896256 -0.000164 
3403.729144 -0.000296 
3402.562032 -0.000182 
3401.394921 -0.000399 
3400.227809 -0.000314 
3399.060697 -0.000262 
3397.893585 -0.000178 
3396.726474 -0.000164 
3395.559362 -0.000093 
3394.392250 -0.000071 
3393.225138 -0.000076 
3392.058027 0.000038 
3390.890915 -0.000109 
3389.723803 0.000042 
3388.556692 -0.000143 
3387.389580 -0.000021 
3386.222468 -0.000109 
3385.055356 0.000089 
3383.888245 -0.000063 
3382.721133 0.000031 
3381.554021 -0.000052 
3380.386909 -0.000024 
3379.219798 -0.000062 
3378.052686 -0.000052 
3376.885574 0.000008 
3375.718462 -0.000064 
3374.551351 -0.000023 
3373.384239 -0.000123 
3372.217127 -0.000086 
3371.050015 -0.000185 
3369.882904 -0.000019 
3368.715792 -0.000168 
3367.548680 0.000006 
3366.381568 -0.000221 
3365.214457 -0.000122 
3364.047345 -0.000126 
3362.880233 0.000006 
3361.713122 -0.000022 
3360.546010 0.000021 
3359.378898 -0.000058 
3358.211786 0.000062 
3357.044675 0.000156 
3355.877563 -0.000059 
3354.710451 -0.000080 
3353.543339 -0.000111 
3352.376228 0.000076 
3351.209116 -0.000028 
3350.042004 0.000201 
3348.874892 0.000035 
3347.707781 0.000064 
3346.540669 -0.000029 
3345.373557 0.000086 
3344.206445 0.000040 
3343.039334 0.000053 
3341.872222 -0.000043 
3340.705110 -0.000025 
3339.537999 -0.000113 
3338.370887 -0.000216 
3337.203775 -0.000036 
3336.036663 -0.000213 
3334.869552 -0.000086 
3333.702440 -0.000218 
3332.535328 -0.000138 
3331.368216 -0.000322 
3330.201105 -0.000076 
3329.033993 -0.000126 
3327.866881 -0.000003 
3326.699769 -0.000088 
3325.532658 0.000065 
3324.365546 -0.000027 
3323.198434 -0.000064 
3322.031322 -0.000005 
3320.864211 -0.000096 
3319.697099 -0.000027 
3318.529987 -0.000008 
3317.362876 0.000252 
3316.195764 0.000252 
3315.028652 0.000587 
3313.861540 0.000558 
3312.694429 0.000382 
3311.527317 0.000208 
3310.360205 0.000278 
3309.193093 0.000143 
3308.025982 0.000191 
3306.858870 0.000074 
3305.691758 0.000100 
3304.524646 0.000030 
3303.357535 0.000011 
3302.190423 0.000037 
3301.023311 -0.000028 
3299.856199 0.000192 
3298.689088 0.000119 
3297.521976 0.000188 
3296.354864 -0.000028 
3295.187753 0.000079 
3294.020641 -0.000081 
3292.853529 0.000182 
3291.686417 0.000027 
3290.519306 -0.000013 
3289.352194 -0.000018 
3288.185082 0.000106 
3287.017970 0.000086 
3285.850859 0.000007 
3284.683747 0.000059 
3283.516635 0.000136 
3282.349523 0.000225 
3281.182412 0.000157 
3280.015300 0.000260 
3278.848188 0.000119 
3277.681076 0.000318 
3276.513965 0.000149 
3275.346853 0.000131 
3274.179741 -0.000014 
3273.012629 0.000223 
3271.845518 -0.000006 
3270.678406 -0.000007 
3269.511294 -0.000079 
3268.344183 -0.000203 
3267.177071 -0.000288 
3266.009959 -0.000238 
3264.842847 -0.000174 
3263.675736 -0.000336 
3262.508624 -0.000197 
3261.341512 -0.000138 
3260.174400 -0.000006 
3259.007289 -0.000074 
3257.840177 0.000291 
3256.673065 0.000220 
3255.505953 0.000442 
3254.338842 0.000478 
3253.171730 0.000525 
3252.004618 0.000278 
3250.837506 0.000300 
3249.670395 0.000202 
3248.503283 -0.000007 
3247.336171 0.000026 
3246.169060 -0.000270 
3245.001948 -0.000280 
3243.834836 -0.000300 
3242.667724 -0.000143 
3241.500613 -0.000268 
3240.333501 -0.000003 
3239.166389 0.000094 
3237.999277 0.000577 
3236.832166 0.000523 
3235.665054 0.000307 
3234.497942 -0.000050 
3233.330830 -0.000097 
3232.163719 -0.000196 
3230.996607 -0.000173 
3229.829495 -0.000111 
3228.662383 -0.000021 
3227.495272 0.000144 
3226.328160 0.000158 
3225.161048 0.000275 
3223.993937 0.000045 
3222.826825 0.000073 
3221.659713 -0.000155 
3220.492601 0.000045 
3219.325490 -0.000052 
3218.158378 0.000039 
3216.991266 -0.000268 
3215.824154 -0.000261 
3214.657043 -0.000305 
3213.489931 -0.000188 
3212.322819 -0.000164 
3211.155707 -0.000079 
3209.988596 0.000087 
3208.821484 -0.000064 
3207.654372 -0.000090 
3206.487260 -0.000050 
3205.320149 0.000068 
3204.153037 -0.000090 
3202.985925 -0.000102 
3201.818813 -0.000207 
3200.651702 -0.000147 
3199.484590 -0.000205 
3198.317478 -0.000156 
3197.150367 -0.000236 
3195.983255 -0.000315 
3194.816143 -0.000281 
3193.649031 -0.000257 
3192.481920 -0.000211 
3191.314808 -0.000321 
3190.147696 -0.000197 
3188.980584 -0.000193 
3187.813473 -0.000015 
3186.646361 -0.000212 
3185.479249 -0.000133 
3184.312137 -0.000203 
3183.145026 -0.000124 
3181.977914 -0.000156 
3180.810802 -0.000011 
3179.643690 -0.000095 
3178.476579 -0.000076 
3177.309467 -0.000059 
3176.142355 -0.000042 
3174.975244 -0.000139 
3173.808132 -0.000186 
3172.641020 -0.000111 
3171.473908 -0.000212 
3170.306797 -0.000114 
3169.139685 -0.000098 
3167.972573 0.000113 
3166.805461 0.000005 
3165.638350 0.000140 
3164.471238 -0.000033 
3163.304126 0.000108 
3162.137014 0.000076 
3160.969903 0.000086 
3159.802791 -0.000126 
3158.635679 -0.000052 
3157.468567 -0.000134 
3156.301456 -0.000114 
3155.134344 -0.000111 
3153.967232 -0.000144 
3152.800121 -0.000027 
3151.633009 0.000163 
3150.465897 0.000544 
3149.298785 0.000294 
3148.131674 0.000058 
3146.964562 -0.000221 
3145.797450 -0.000240 
3144.630338 -0.000422 
3143.463227 -0.000465 
3142.296115 -0.000475 
3141.129003 -0.000470 
3139.961891 -0.000436 
3138.794780 -0.000332 
3137.627668 -0.000212 
3136.460556 -0.000170 
3135.293444 -0.000145 
3134.126333 -0.000262 
3132.959221 -0.000179 
3131.792109 -0.000166 
3130.624998 -0.000001 
3129.457886 -0.000192 
3128.290774 0.000002 
3127.123662 0.000030 
3125.956551 0.000023 
3124.789439 -0.000085 
3123.622327 -0.000005 
3122.455215 0.000049 
3121.288104 -0.000033 
3120.120992 -0.000025 
3118.953880 -0.000133 
3117.786768 -0.000012 
3116.619657 -0.000144 
3115.452545 -0.000121 
3114.285433 -0.000097 
3113.118321 0.000150 
3111.951210 0.000052 
3110.784098 0.000095 
3109.616986 0.000002 
3108.449874 0.000035 
3107.282763 -0.000103 
3106.115651 -0.000021 
3104.948539 -0.000058 
3103.781428 -0.000062 
3102.614316 -0.000032 
3101.447204 -0.000087 
3100.280092 -0.000071 
3099.112981 -0.000140 
3097.945869 -0.000152 
3096.778757 -0.000119 
3095.611645 0.000168 
3094.444534 0.000030 
3093.277422 0.000005 
3092.110310 -0.000107 
3090.943198 -0.000052 
3089.776087 -0.000211 
3088.608975 -0.000163 
3087.441863 -0.000244 
3086.274751 -0.000015 
3085.107640 -0.000104 
3083.940528 -0.000138 
3082.773416 -0.000046 
3081.606305 -0.000119 
3080.439193 -0.000065 
3079.272081 -0.000039 
3078.104969 0.000035 
3076.937858 0.000105 
3075.770746 0.000184 
3074.603634 -0.000029 
3073.436522 0.000088 
3072.269411 0.000000 
3071.102299 -0.000005 
3069.935187 -0.000022 
3068.768075 0.000012 
3067.600964 0.000039 
3066.433852 0.000076 
3065.266740 0.000008 
3064.099628 0.000032 
3062.932517 0.000073 
3061.765405 0.000061 
3060.598293 0.000184 
3059.431182 0.000107 
3058.264070 0.000232 
3057.096958 0.000252 
3055.929846 0.000147 
3054.762735 0.000202 
3053.595623 0.000331 
3052.428511 0.000385 
3051.261399 0.000397 
3050.094288 0.000478 
3048.927176 0.000607 
3047.760064 0.000756 
3046.592952 0.000833 
3045.425841 0.000986 
3044.258729 0.000941 
3043.091617 0.001099 
3041.924505 0.001179 
3040.757394 0.001334 
3039.590282 0.001334 
3038.423170 0.001581 
3037.256058 0.001511 
3036.088947 0.001665 
3034.921835 0.001781 
3033.754723 0.002021 
3032.587612 0.002019 
3031.420500 0.002159 
3030.253388 0.002358 
3029.086276 0.002478 
3027.919165 0.002652 
3026.752053 0.002701 
3025.584941 0.002861 
3024.417829 0.002960 
3023.250718 0.003127 
3022.083606 0.003146 
3020.916494 0.003380 
3019.749382 0.003424 
3018.582271 0.003796 
3017.415159 0.004069 
3016.248047 0.004373 
3015.080935 0.004449 
3013.913824 0.004760 
3012.746712 0.004980 
3011.579600 0.005321 
3010.412489 0.005833 
3009.245377 0.006375 
3008.078265 0.007105 
3006.911153 0.007820 
3005.744042 0.008797 
3004.576930 0.009864 
3003.409818 0.011302 
3002.242706 0.013049 
3001.075595 0.015488 
2999.908483 0.018486 
2998.741371 0.022173 
2997.574259 0.026961 
2996.407148 0.034225 
2995.240036 0.046411 
2994.072924 0.068499 
2992.905812 0.112559 
2991.738701 0.201549 
2990.571589 0.318864 
2989.404477 0.325188 
2988.237366 0.250771 
2987.070254 0.247806 
2985.903142 0.369715 
2984.736030 0.481657 
2983.568919 0.353602 
2982.401807 0.218391 
2981.234695 0.161444 
2980.067583 0.132524 
2978.900472 0.093612 
2977.733360 0.067730 
2976.566248 0.059269 
2975.399136 0.059765 
2974.232025 0.060480 
2973.064913 0.058193 
2971.897801 0.053573 
2970.730689 0.049036 
2969.563578 0.043803 
2968.396466 0.038627 
2967.229354 0.034921 
2966.062243 0.033584 
2964.895131 0.034485 
2963.728019 0.037817 
2962.560907 0.042098 
2961.393796 0.046775 
2960.226684 0.052736 
2959.059572 0.060195 
2957.892460 0.068732 
2956.725349 0.077230 
2955.558237 0.084561 
2954.391125 0.089715 
2953.224013 0.093213 
2952.056902 0.094908 
2950.889790 0.095050 
2949.722678 0.095926 
2948.555566 0.099351 
2947.388455 0.103676 
2946.221343 0.105684 
2945.054231 0.108267 
2943.887119 0.114263 
2942.720008 0.121478 
2941.552896 0.129073 
2940.385784 0.136765 
2939.218673 0.143444 
2938.051561 0.149649 
2936.884449 0.155248 
2935.717337 0.161163 
2934.550226 0.168963 
2933.383114 0.180437 
2932.216002 0.192180 
2931.048890 0.201713 
2929.881779 0.211105 
2928.714667 0.220843 
2927.547555 0.230059 
2926.380443 0.238388 
2925.213332 0.244570 
2924.046220 0.249714 
2922.879108 0.257173 
2921.711996 0.260163 
2920.544885 0.246929 
2919.377773 0.219960 
2918.210661 0.192828 
2917.043550 0.171775 
2915.876438 0.156000 
2914.709326 0.143848 
2913.542214 0.132419 
2912.375103 0.120710 
2911.207991 0.112049 
2910.040879 0.107825 
2908.873767 0.108426 
2907.706656 0.113429 
2906.539544 0.125312 
2905.372432 0.141030 
2904.205320 0.153988 
2903.038209 0.160696 
2901.871097 0.161123 
2900.703985 0.158439 
2899.536873 0.158843 
2898.369762 0.169625 
2897.202650 0.188755 
2896.035538 0.208590 
2894.868427 0.225709 
2893.701315 0.241623 
2892.534203 0.259541 
2891.367091 0.287191 
2890.199980 0.333042 
2889.032868 0.391814 
2887.865756 0.442410 
2886.698644 0.436886 
2885.531533 0.354409 
2884.364421 0.257612 
2883.197309 0.188679 
2882.030197 0.147118 
2880.863086 0.125166 
2879.695974 0.116498 
2878.528862 0.116388 
2877.361750 0.120903 
2876.194639 0.131056 
2875.027527 0.146992 
2873.860415 0.168144 
2872.693303 0.191576 
2871.526192 0.206979 
2870.359080 0.183644 
2869.191968 0.130632 
2868.024857 0.089769 
2866.857745 0.065787 
2865.690633 0.052285 
2864.523521 0.044944 
2863.356410 0.040654 
2862.189298 0.037659 
2861.022186 0.034718 
2859.855074 0.030894 
2858.687963 0.026727 
2857.520851 0.022753 
2856.353739 0.019508 
2855.186627 0.017003 
2854.019516 0.015397 
2852.852404 0.014241 
2851.685292 0.013379 
2850.518180 0.012753 
2849.351069 0.012252 
2848.183957 0.011769 
2847.016845 0.011209 
2845.849734 0.010668 
2844.682622 0.010220 
2843.515510 0.010506 
2842.348398 0.011037 
2841.181287 0.011685 
2840.014175 0.012270 
2838.847063 0.013106 
2837.679951 0.014041 
2836.512840 0.015509 
2835.345728 0.017211 
2834.178616 0.019545 
2833.011504 0.022545 
2831.844393 0.026604 
2830.677281 0.032204 
2829.510169 0.040170 
2828.343057 0.053010 
2827.175946 0.074762 
2826.008834 0.118827 
2824.841722 0.215795 
2823.674611 0.415847 
2822.507499 0.609369 
2821.340387 0.486737 
2820.173275 0.287846 
2819.006164 0.191535 
2817.839052 0.172949 
2816.671940 0.232171 
2815.504828 0.432431 
2814.337717 0.696032 
2813.170605 0.508713 
2812.003493 0.236471 
2810.836381 0.115529 
2809.669270 0.064784 
2808.502158 0.039437 
2807.335046 0.025958 
2806.167934 0.018302 
2805.000823 0.013343 
2803.833711 0.010221 
2802.666599 0.007841 
2801.499488 0.006216 
2800.332376 0.005042 
2799.165264 0.004122 
2797.998152 0.003339 
2796.831041 0.002857 
2795.663929 0.002445 
2794.496817 0.002132 
2793.329705 0.001888 
2792.162594 0.001742 
2790.995482 0.001643 
2789.828370 0.001498 
2788.661258 0.001507 
2787.494147 0.001403 
2786.327035 0.001319 
2785.159923 0.001217 
2783.992811 0.001220 
2782.825700 0.001034 
2781.658588 0.000978 
2780.491476 0.000854 
2779.324364 0.000828 
2778.157253 0.000710 
2776.990141 0.000539 
2775.823029 0.000372 
2774.655918 0.000263 
2773.488806 0.000219 
2772.321694 0.000009 
2771.154582 0.000011 
2769.987471 -0.000151 
2768.820359 -0.000142 
2767.653247 -0.000206 
2766.486135 -0.000088 
2765.319024 -0.000223 
2764.151912 -0.000157 
2762.984800 -0.000057 
2761.817688 -0.000062 
2760.650577 -0.000089 
2759.483465 -0.000122 
2758.316353 -0.000025 
2757.149241 0.000067 
2755.982130 0.000196 
2754.815018 0.000073 
2753.647906 0.000168 
2752.480795 0.000064 
2751.313683 0.000094 
2750.146571 0.000044 
2748.979459 0.000135 
2747.812348 -0.000054 
2746.645236 0.000045 
2745.478124 0.000017 
2744.311012 0.000027 
2743.143901 0.000091 
2741.976789 0.000189 
2740.809677 0.000382 
2739.642565 0.000558 
2738.475454 0.000727 
2737.308342 0.000862 
2736.141230 0.001107 
2734.974118 0.001196 
2733.807007 0.001278 
2732.639895 0.001214 
2731.472783 0.001042 
2730.305672 0.000805 
2729.138560 0.000563 
2727.971448 0.000385 
2726.804336 0.000414 
2725.637225 0.000438 
2724.470113 0.000559 
2723.303001 0.000755 
2722.135889 0.001134 
2720.968778 0.001495 
2719.801666 0.001720 
2718.634554 0.002150 
2717.467442 0.002351 
2716.300331 0.002787 
2715.133219 0.003147 
2713.966107 0.003609 
2712.798995 0.003926 
2711.631884 0.004083 
2710.464772 0.003806 
2709.297660 0.003522 
2708.130548 0.003135 
2706.963437 0.003050 
2705.796325 0.003012 
2704.629213 0.003055 
2703.462102 0.003044 
2702.294990 0.002963 
2701.127878 0.002677 
2699.960766 0.002171 
2698.793655 0.001855 
2697.626543 0.001572 
2696.459431 0.001429 
2695.292319 0.001124 
2694.125208 0.001026 
2692.958096 0.000873 
2691.790984 0.000815 
2690.623872 0.000757 
2689.456761 0.000666 
2688.289649 0.000507 
2687.122537 0.000291 
2685.955425 0.000108 
2684.788314 0.000019 
2683.621202 -0.000060 
2682.454090 -0.000123 
2681.286979 -0.000002 
2680.119867 -0.000126 
2678.952755 0.000022 
2677.785643 0.000002 
2676.618532 0.000051 
2675.451420 0.000128 
2674.284308 0.000165 
2673.117196 0.000063 
2671.950085 0.000053 
2670.782973 0.000026 
2669.615861 0.000223 
2668.448749 0.000367 
2667.281638 0.000343 
2666.114526 0.000553 
2664.947414 0.000520 
2663.780302 0.000702 
2662.613191 0.000874 
2661.446079 0.001045 
2660.278967 0.001439 
2659.111856 0.002208 
2657.944744 0.002796 
2656.777632 0.002544 
2655.610520 0.001646 
2654.443409 0.001118 
2653.276297 0.000855 
2652.109185 0.000769 
2650.942073 0.000755 
2649.774962 0.000838 
2648.607850 0.000948 
2647.440738 0.000991 
2646.273626 0.001197 
2645.106515 0.001013 
2643.939403 0.000771 
2642.772291 0.000626 
2641.605179 0.000697 
2640.438068 0.000678 
2639.270956 0.000868 
2638.103844 0.001068 
2636.936733 0.001356 
2635.769621 0.001553 
2634.602509 0.001818 
2633.435397 0.002000 
2632.268286 0.002122 
2631.101174 0.002285 
2629.934062 0.002346 
2628.766950 0.002465 
2627.599839 0.002491 
2626.432727 0.002375 
2625.265615 0.002039 
2624.098503 0.001901 
2622.931392 0.001856 
2621.764280 0.001936 
2620.597168 0.001861 
2619.430056 0.001837 
2618.262945 0.001797 
2617.095833 0.001884 
2615.928721 0.001810 
2614.761609 0.001541 
2613.594498 0.001314 
2612.427386 0.001189 
2611.260274 0.001253 
2610.093163 0.001231 
2608.926051 0.001196 
2607.758939 0.001065 
2606.591827 0.001124 
2605.424716 0.001251 
2604.257604 0.001321 
2603.090492 0.001259 
2601.923380 0.001340 
2600.756269 0.001498 
2599.589157 0.001848 
2598.422045 0.002096 
2597.254933 0.001980 
2596.087822 0.001743 
2594.920710 0.001509 
2593.753598 0.001597 
2592.586486 0.001747 
2591.419375 0.001939 
2590.252263 0.001660 
2589.085151 0.000903 
2587.918040 0.000339 
2586.750928 0.000214 
2585.583816 0.000114 
2584.416704 0.000038 
2583.249593 -0.000076 
2582.082481 0.000038 
2580.915369 0.000241 
2579.748257 0.000344 
2578.581146 0.000490 
2577.414034 0.000660 
2576.246922 0.000892 
2575.079810 0.001248 
2573.912699 0.002083 
2572.745587 0.003410 
2571.578475 0.004461 
2570.411363 0.003261 
2569.244252 0.001649 
2568.077140 0.000699 
2566.910028 0.000281 
2565.742917 0.000007 
2564.575805 -0.000074 
2563.408693 -0.000118 
2562.241581 -0.000142 
2561.074470 -0.000072 
2559.907358 -0.000175 
2558.740246 -0.000085 
2557.573134 -0.000127 
2556.406023 -0.000083 
2555.238911 -0.000156 
2554.071799 -0.000057 
2552.904687 -0.000124 
2551.737576 -0.000066 
2550.570464 -0.000080 
2549.403352 0.000043 
2548.236240 0.000065 
2547.069129 0.000193 
2545.902017 0.000424 
2544.734905 0.000601 
2543.567794 0.000668 
2542.400682 0.000648 
2541.233570 0.000633 
2540.066458 0.000574 
2538.899347 0.000799 
2537.732235 0.000927 
2536.565123 0.001136 
2535.398011 0.001330 
2534.230900 0.001534 
2533.063788 0.001104 
2531.896676 0.000637 
2530.729564 0.000291 
2529.562453 0.000139 
2528.395341 0.000029 
2527.228229 0.000018 
2526.061117 0.000032 
2524.894006 -0.000004 
2523.726894 0.000026 
2522.559782 -0.000018 
2521.392670 0.000019 
2520.225559 -0.000000 
2519.058447 0.000043 
2517.891335 0.000020 
2516.724224 0.000026 
2515.557112 -0.000021 
2514.390000 -0.000011 
2513.222888 -0.000018 
2512.055777 -0.000005 
2510.888665 0.000003 
2509.721553 -0.000030 
2508.554441 -0.000004 
2507.387330 0.000017 
2506.220218 0.000123 
2505.053106 0.000158 
2503.885994 0.000262 
2502.718883 0.000385 
2501.551771 0.000801 
2500.384659 0.001025 
2499.217547 0.001339 
2498.050436 0.001395 
2496.883324 0.001458 
2495.716212 0.001346 
2494.549101 0.001327 
2493.381989 0.001203 
2492.214877 0.000952 
2491.047765 0.000751 
2489.880654 0.000584 
2488.713542 0.000520 
2487.546430 0.000399 
2486.379318 0.000334 
2485.212207 0.000257 
2484.045095 0.000272 
2482.877983 0.000192 
2481.710871 0.000224 
2480.543760 0.000147 
2479.376648 0.000152 
2478.209536 0.000070 
2477.042424 0.000116 
2475.875313 0.000105 
2474.708201 0.000078 
2473.541089 0.000036 
2472.373978 0.000012 
2471.206866 0.000067 
2470.039754 0.000023 
2468.872642 0.000037 
2467.705531 -0.000029 
2466.538419 0.000049 
2465.371307 0.000003 
2464.204195 0.000030 
2463.037084 -0.000010 
2461.869972 -0.000016 
2460.702860 -0.000047 
2459.535748 0.000069 
2458.368637 0.000064 
2457.201525 0.000032 
2456.034413 -0.000021 
2454.867301 0.000002 
2453.700190 0.000081 
2452.533078 0.000080 
2451.365966 0.000069 
2450.198854 0.000036 
2449.031743 0.000134 
2447.864631 0.000065 
2446.697519 0.000174 
2445.530408 0.000132 
2444.363296 0.000203 
2443.196184 0.000184 
2442.029072 0.000207 
2440.861961 0.000184 
2439.694849 0.000164 
2438.527737 0.000219 
2437.360625 0.000273 
2436.193514 0.000421 
2435.026402 0.000367 
2433.859290 0.000440 
2432.692178 0.000559 
2431.525067 0.000772 
2430.357955 0.000827 
2429.190843 0.001092 
2428.023731 0.001249 
2426.856620 0.001481 
2425.689508 0.001488 
2424.522396 0.001539 
2423.355285 0.001391 
2422.188173 0.001432 
2421.021061 0.001448 
2419.853949 0.001683 
2418.686838 0.001936 
2417.519726 0.002299 
2416.352614 0.002849 
2415.185502 0.003249 
2414.018391 0.003897 
2412.851279 0.004812 
2411.684167 0.006080 
2410.517055 0.007726 
2409.349944 0.010360 
2408.182832 0.011677 
2407.015720 0.009661 
2405.848608 0.006519 
2404.681497 0.004638 
2403.514385 0.003223 
2402.347273 0.002322 
2401.180162 0.001742 
2400.013050 0.001442 
2398.845938 0.001343 
2397.678826 0.001269 
2396.511715 0.001096 
2395.344603 0.000893 
2394.177491 0.000896 
2393.010379 0.000859 
2391.843268 0.000887 
2390.676156 0.000791 
2389.509044 0.000777 
2388.341932 0.000780 
2387.174821 0.000790 
2386.007709 0.000774 
2384.840597 0.000785 
2383.673485 0.000755 
2382.506374 0.000699 
2381.339262 0.000682 
2380.172150 0.000577 
2379.005039 0.000590 
2377.837927 0.000459 
2376.670815 0.000529 
2375.503703 0.000375 
2374.336592 0.000251 
2373.169480 -0.000023 
2372.002368 -0.000203 
2370.835256 -0.000574 
2369.668145 -0.000815 
2368.501033 -0.000969 
2367.333921 -0.001057 
2366.166809 -0.001130 
2364.999698 -0.001044 
2363.832586 -0.000888 
2362.665474 -0.000785 
2361.498362 -0.000614 
2360.331251 -0.000553 
2359.164139 -0.000258 
2357.997027 -0.000185 
2356.829915 -0.000053 
2355.662804 -0.000163 
2354.495692 0.000166 
2353.328580 0.000392 
2352.161469 0.000742 
2350.994357 0.000985 
2349.827245 0.001420 
2348.660133 0.001602 
2347.493022 0.001627 
2346.325910 0.001618 
2345.158798 0.001364 
2343.991686 0.000864 
2342.824575 0.000432 
2341.657463 0.000370 
2340.490351 0.000203 
2339.323239 0.000327 
2338.156128 0.000377 
2336.989016 0.000446 
2335.821904 0.000860 
2334.654792 0.002424 
2333.487681 0.002845 
2332.320569 0.001937 
2331.153457 0.001172 
2329.986346 0.000712 
2328.819234 0.000603 
2327.652122 0.000805 
2326.485010 0.000741 
2325.317899 0.000910 
2324.150787 0.001135 
2322.983675 0.001336 
2321.816563 0.002981 
2320.649452 0.003983 
2319.482340 0.002932 
2318.315228 0.001454 
2317.148116 0.001107 
2315.981005 0.001088 
2314.813893 0.000874 
2313.646781 0.000772 
2312.479669 0.000770 
2311.312558 0.000835 
2310.145446 0.000880 
2308.978334 0.000874 
2307.811223 0.000954 
2306.644111 0.000913 
2305.476999 0.000646 
2304.309887 0.000424 
2303.142776 0.000210 
2301.975664 0.000182 
2300.808552 0.000010 
2299.641440 0.000102 
2298.474329 0.000010 
2297.307217 0.000067 
2296.140105 -0.000020 
2294.972993 0.000054 
2293.805882 0.000021 
2292.638770 0.000049 
2291.471658 0.000080 
2290.304546 0.000036 
2289.137435 0.000029 
2287.970323 -0.000062 
2286.803211 -0.000025 
2285.636099 -0.000132 
2284.468988 -0.000025 
2283.301876 -0.000179 
2282.134764 -0.000068 
2280.967653 -0.000206 
2279.800541 -0.000054 
2278.633429 -0.000157 
2277.466317 -0.000116 
2276.299206 -0.000225 
2275.132094 -0.000225 
2273.964982 -0.000176 
2272.797870 -0.000156 
2271.630759 -0.000100 
2270.463647 -0.000130 
2269.296535 -0.000094 
2268.129423 -0.000206 
2266.962312 -0.000125 
2265.795200 -0.000174 
2264.628088 0.000048 
2263.460976 -0.000074 
2262.293865 0.000024 
2261.126753 0.000010 
2259.959641 0.000155 
2258.792530 0.000107 
2257.625418 0.000163 
2256.458306 0.000184 
2255.291194 0.000255 
2254.124083 0.000382 
2252.956971 0.000468 
2251.789859 0.000615 
2250.622747 0.000524 
2249.455636 0.001000 
2248.288524 0.002395 
2247.121412 0.004589 
2245.954300 0.003419 
2244.787189 0.001868 
2243.620077 0.001145 
2242.452965 0.000796 
2241.285853 0.000580 
2240.118742 0.000629 
2238.951630 0.000687 
2237.784518 0.000769 
2236.617407 0.000815 
2235.450295 0.000864 
2234.283183 0.001079 
2233.116071 0.001005 
2231.948960 0.000940 
2230.781848 0.000656 
2229.614736 0.000615 
2228.447624 0.000367 
2227.280513 0.000491 
2226.113401 0.000312 
2224.946289 0.000394 
2223.779177 0.000182 
2222.612066 0.000282 
2221.444954 0.000254 
2220.277842 0.000259 
2219.110730 0.000244 
2217.943619 0.000236 
2216.776507 0.000327 
2215.609395 0.000284 
2214.442284 0.000347 
2213.275172 0.000224 
2212.108060 0.000330 
2210.940948 0.000180 
2209.773837 0.000287 
2208.606725 0.000164 
2207.439613 0.000279 
2206.272501 0.000129 
2205.105390 0.000253 
2203.938278 0.000189 
2202.771166 0.000216 
2201.604054 0.000127 
2200.436943 0.000067 
2199.269831 0.000055 
2198.102719 -0.000070 
2196.935607 0.000038 
2195.768496 0.000035 
2194.601384 0.000386 
2193.434272 0.000537 
2192.267160 0.000937 
2191.100049 0.001082 
2189.932937 0.001495 
2188.765825 0.001556 
2187.598714 0.001759 
2186.431602 0.001819 
2185.264490 0.001997 
2184.097378 0.002022 
2182.930267 0.002165 
2181.763155 0.002391 
2180.596043 0.002642 
2179.428931 0.003048 
2178.261820 0.003356 
2177.094708 0.004318 
2175.927596 0.004091 
2174.760484 0.003390 
2173.593373 0.002734 
2172.426261 0.002680 
2171.259149 0.002337 
2170.092037 0.002440 
2168.924926 0.002723 
2167.757814 0.003394 
2166.590702 0.004024 
2165.423591 0.004701 
2164.256479 0.005698 
2163.089367 0.007212 
2161.922255 0.009132 
2160.755144 0.009004 
2159.588032 0.006633 
2158.420920 0.004057 
2157.253808 0.002718 
2156.086697 0.001598 
2154.919585 0.001305 
2153.752473 0.000909 
2152.585361 0.000805 
2151.418250 0.000630 
2150.251138 0.000652 
2149.084026 0.000485 
2147.916914 0.000501 
2146.749803 0.000578 
2145.582691 0.000617 
2144.415579 0.000535 
2143.248468 0.000364 
2142.081356 0.000380 
2140.914244 0.000216 
2139.747132 0.000315 
2138.580021 0.000139 
2137.412909 0.000275 
2136.245797 0.000093 
2135.078685 0.000338 
2133.911574 0.000255 
2132.744462 0.000262 
2131.577350 0.000112 
2130.410238 0.000140 
2129.243127 0.000014 
2128.076015 0.000002 
2126.908903 0.000013 
2125.741791 -0.000057 
2124.574680 -0.000024 
2123.407568 -0.000004 
2122.240456 0.000116 
2121.073344 -0.000109 
2119.906233 0.000030 
2118.739121 -0.000184 
2117.572009 0.000011 
2116.404898 -0.000127 
2115.237786 0.000031 
2114.070674 -0.000124 
2112.903562 0.000030 
2111.736451 0.000043 
2110.569339 0.000092 
2109.402227 -0.000020 
2108.235115 0.000045 
2107.068004 0.000158 
2105.900892 0.000203 
2104.733780 0.000451 
2103.566668 0.000556 
2102.399557 0.000861 
2101.232445 0.000788 
2100.065333 0.001037 
2098.898221 0.001170 
2097.731110 0.001609 
2096.563998 0.001901 
2095.396886 0.002514 
2094.229775 0.003035 
2093.062663 0.004014 
2091.895551 0.005296 
2090.728439 0.006594 
2089.561328 0.006545 
2088.394216 0.005352 
2087.227104 0.004947 
2086.059992 0.005010 
2084.892881 0.005725 
2083.725769 0.006026 
2082.558657 0.006893 
2081.391545 0.008384 
2080.224434 0.011508 
2079.057322 0.014062 
2077.890210 0.016589 
2076.723098 0.021519 
2075.555987 0.040507 
2074.388875 0.053677 
2073.221763 0.026762 
2072.054652 0.011430 
2070.887540 0.009452 
2069.720428 0.006304 
2068.553316 0.003022 
2067.386205 0.001797 
2066.219093 0.001185 
2065.051981 0.000985 
2063.884869 0.000646 
2062.717758 0.000850 
2061.550646 0.001155 
2060.383534 0.001883 
2059.216422 0.001085 
2058.049311 0.000463 
2056.882199 0.000172 
2055.715087 0.000215 
2054.547975 0.000113 
2053.380864 -0.000008 
2052.213752 0.000066 
2051.046640 -0.000030 
2049.879529 0.000117 
2048.712417 0.000032 
2047.545305 0.000060 
2046.378193 -0.000071 
2045.211082 0.000129 
2044.043970 -0.000001 
2042.876858 0.000003 
2041.709746 -0.000066 
2040.542635 0.000113 
2039.375523 0.000073 
2038.208411 0.000136 
2037.041299 0.000013 
2035.874188 0.000020 
2034.707076 0.000049 
2033.539964 -0.000007 
2032.372852 0.000147 
2031.205741 -0.000010 
2030.038629 0.000090 
2028.871517 -0.000015 
2027.704405 0.000168 
2026.537294 -0.000014 
2025.370182 0.000189 
2024.203070 0.000167 
2023.035959 0.000496 
2021.868847 0.000832 
2020.701735 0.001501 
2019.534623 0.001910 
2018.367512 0.002063 
2017.200400 0.002445 
2016.033288 0.002731 
2014.866176 0.003128 
2013.699065 0.003654 
2012.531953 0.004638 
2011.364841 0.005178 
2010.197729 0.005696 
2009.030618 0.006440 
2007.863506 0.008119 
2006.696394 0.009585 
2005.529282 0.010548 
2004.362171 0.010981 
2003.195059 0.012630 
2002.027947 0.024797 
2000.860836 0.070200 
1999.693724 0.071974 
1998.526612 0.028148 
1997.359500 0.010672 
1996.192389 0.004096 
1995.025277 0.001919 
1993.858165 0.000924 
1992.691053 0.000666 
1991.523942 0.000349 
1990.356830 0.000377 
1989.189718 0.000131 
1988.022606 0.000288 
1986.855495 0.000156 
1985.688383 0.000380 
1984.521271 0.000920 
1983.354159 0.002518 
1982.187048 0.001720 
1981.019936 0.000578 
1979.852824 0.000233 
1978.685713 0.000006 
1977.518601 0.000024 
1976.351489 -0.000132 
1975.184377 0.000006 
1974.017266 -0.000087 
1972.850154 0.000035 
1971.683042 -0.000185 
1970.515930 0.000036 
1969.348819 -0.000132 
1968.181707 0.000065 
1967.014595 0.000108 
1965.847483 0.000183 
1964.680372 0.000020 
1963.513260 0.000006 
1962.346148 -0.000027 
1961.179036 -0.000098 
1960.011925 -0.000047 
1958.844813 -0.000140 
1957.677701 -0.000059 
1956.510589 -0.000168 
1955.343478 0.000011 
1954.176366 -0.000080 
1953.009254 0.000061 
1951.842143 -0.000172 
1950.675031 0.000043 
1949.507919 -0.000083 
1948.340807 0.000014 
1947.173696 -0.000068 
1946.006584 -0.000036 
1944.839472 0.000053 
1943.672360 0.000034 
1942.505249 0.000062 
1941.338137 -0.000016 
1940.171025 0.000140 
1939.003913 -0.000019 
1937.836802 0.000091 
1936.669690 -0.000048 
1935.502578 0.000114 
1934.335466 -0.000054 
1933.168355 0.000165 
1932.001243 -0.000013 
1930.834131 0.000074 
1929.667020 -0.000021 
1928.499908 0.000039 
1927.332796 -0.000008 
1926.165684 -0.000077 
1924.998573 -0.000027 
1923.831461 -0.000076 
1922.664349 0.000017 
1921.497237 -0.000133 
1920.330126 0.000055 
1919.163014 -0.000063 
1917.995902 0.000071 
1916.828790 -0.000094 
1915.661679 0.000077 
1914.494567 -0.000132 
1913.327455 0.000036 
1912.160343 -0.000048 
1910.993232 0.000086 
1909.826120 -0.000019 
1908.659008 -0.000008 
1907.491897 -0.000030 
1906.324785 -0.000083 
1905.157673 -0.000042 
1903.990561 -0.000126 
1902.823450 -0.000006 
1901.656338 -0.000154 
1900.489226 0.000008 
1899.322114 -0.000133 
1898.155003 0.000041 
1896.987891 -0.000099 
1895.820779 0.000090 
1894.653667 -0.000054 
1893.486556 0.000066 
1892.319444 0.000016 
1891.152332 0.000120 
1889.985220 0.000086 
1888.818109 0.000059 
1887.650997 0.000148 
1886.483885 0.000079 
1885.316774 0.000082 
1884.149662 0.000013 
1882.982550 0.000148 
1881.815438 -0.000015 
1880.648327 0.000128 
1879.481215 -0.000011 
1878.314103 0.000154 
1877.146991 0.000085 
1875.979880 0.000119 
1874.812768 -0.000057 
1873.645656 -0.000006 
1872.478544 -0.000044 
1871.311433 -0.000030 
1870.144321 -0.000028 
1868.977209 -0.000099 
1867.810097 0.000060 
1866.642986 -0.000012 
1865.475874 0.000175 
1864.308762 -0.000074 
1863.141650 0.000111 
1861.974539 -0.000021 
1860.807427 0.000200 
1859.640315 0.000126 
1858.473204 0.000386 
1857.306092 0.000294 
1856.138980 0.000427 
1854.971868 0.000327 
1853.804757 0.000305 
1852.637645 0.000226 
1851.470533 0.000121 
1850.303421 0.000081 
1849.136310 -0.000075 
1847.969198 0.000001 
1846.802086 -0.000271 
1845.634974 -0.000132 
1844.467863 -0.000309 
1843.300751 0.000207 
1842.133639 0.000508 
1840.966527 0.000942 
1839.799416 0.001072 
1838.632304 0.001389 
1837.465192 0.001498 
1836.298081 0.002107 
1835.130969 0.002943 
1833.963857 0.003461 
1832.796745 0.003362 
1831.629634 0.003284 
1830.462522 0.005514 
1829.295410 0.008192 
1828.128298 0.004637 
1826.961187 0.003095 
1825.794075 0.003175 
1824.626963 0.001468 
1823.459851 0.000747 
1822.292740 0.000321 
1821.125628 0.000298 
1819.958516 0.000077 
1818.791404 0.000092 
1817.624293 -0.000019 
1816.457181 0.000034 
1815.290069 0.000225 
1814.122958 0.000195 
1812.955846 0.000238 
1811.788734 0.000049 
1810.621622 0.000278 
1809.454511 0.000290 
1808.287399 0.000237 
1807.120287 -0.000049 
1805.953175 0.000089 
1804.786064 -0.000171 
1803.618952 0.000022 
1802.451840 -0.000132 
1801.284728 -0.000050 
1800.117617 -0.000149 
1798.950505 -0.000152 
1797.783393 -0.000164 
1796.616281 -0.000194 
1795.449170 -0.000033 
1794.282058 -0.000144 
1793.114946 -0.000098 
1791.947835 -0.000306 
1790.780723 -0.000066 
1789.613611 -0.000212 
1788.446499 0.000036 
1787.279388 -0.000102 
1786.112276 0.000035 
1784.945164 -0.000149 
1783.778052 0.000055 
1782.610941 -0.000014 
1781.443829 0.000026 
1780.276717 -0.000072 
1779.109605 -0.000051 
1777.942494 0.000025 
1776.775382 -0.000017 
1775.608270 0.000101 
1774.441158 0.000023 
1773.274047 0.000140 
1772.106935 -0.000122 
1770.939823 0.000142 
1769.772711 0.000002 
1768.605600 0.000182 
1767.438488 0.000007 
1766.271376 0.000277 
1765.104265 0.000195 
1763.937153 0.000323 
1762.770041 0.000310 
1761.602929 0.000326 
1760.435818 0.000405 
1759.268706 0.000408 
1758.101594 0.000519 
1756.934482 0.000356 
1755.767371 0.000556 
1754.600259 0.000499 
1753.433147 0.000740 
1752.266035 0.000517 
1751.098924 0.000644 
1749.931812 0.000625 
1748.764700 0.000772 
1747.597588 0.000691 
1746.430477 0.000853 
1745.263365 0.000843 
1744.096253 0.000988 
1742.929142 0.001079 
1741.762030 0.001148 
1740.594918 0.001346 
1739.427806 0.001330 
1738.260695 0.001631 
1737.093583 0.001551 
1735.926471 0.001847 
1734.759359 0.001686 
1733.592248 0.001956 
1732.425136 0.002102 
1731.258024 0.002462 
1730.090912 0.002378 
1728.923801 0.002619 
1727.756689 0.002668 
1726.589577 0.002818 
1725.422465 0.002782 
1724.255354 0.002755 
1723.088242 0.002871 
1721.921130 0.002833 
1720.754019 0.002892 
1719.586907 0.002628 
1718.419795 0.002649 
1717.252683 0.002267 
1716.085572 0.002526 
1714.918460 0.002222 
1713.751348 0.002436 
1712.584236 0.002262 
1711.417125 0.002489 
1710.250013 0.002318 
1709.082901 0.002423 
1707.915789 0.002347 
1706.748678 0.002400 
1705.581566 0.002485 
1704.414454 0.002440 
1703.247342 0.002588 
1702.080231 0.002572 
1700.913119 0.002647 
1699.746007 0.002484 
1698.578895 0.002992 
1697.411784 0.002855 
1696.244672 0.002908 
1695.077560 0.002783 
1693.910449 0.003294 
1692.743337 0.003177 
1691.576225 0.003398 
1690.409113 0.003367 
1689.242002 0.003462 
1688.074890 0.003440 
1686.907778 0.003420 
1685.740666 0.003347 
1684.573555 0.003008 
1683.406443 0.003350 
1682.239331 0.003290 
1681.072219 0.003499 
1679.905108 0.003343 
1678.737996 0.003515 
1677.570884 0.003316 
1676.403772 0.003407 
1675.236661 0.003097 
1674.069549 0.003295 
1672.902437 0.003254 
1671.735326 0.003292 
1670.568214 0.003168 
1669.401102 0.003043 
1668.233990 0.003077 
1667.066879 0.003046 
1665.899767 0.003146 
1664.732655 0.002944 
1663.565543 0.002963 
1662.398432 0.002695 
1661.231320 0.002877 
1660.064208 0.002673 
1658.897096 0.002859 
1657.729985 0.002691 
1656.562873 0.002854 
1655.395761 0.002694 
1654.228649 0.002610 
1653.061538 0.002321 
1651.894426 0.002488 
1650.727314 0.002695 
1649.560203 0.002673 
1648.393091 0.002737 
1647.225979 0.002506 
1646.058867 0.002543 
1644.891756 0.002442 
1643.724644 0.002625 
1642.557532 0.002390 
1641.390420 0.002592 
1640.223309 0.002285 
1639.056197 0.002542 
1637.889085 0.002420 
1636.721973 0.002481 
1635.554862 0.002179 
1634.387750 0.002234 
1633.220638 0.002268 
1632.053526 0.002233 
1630.886415 0.002261 
1629.719303 0.002285 
1628.552191 0.002480 
1627.385080 0.002328 
1626.217968 0.002619 
1625.050856 0.002422 
1623.883744 0.002571 
1622.716633 0.002502 
1621.549521 0.002862 
1620.382409 0.002818 
1619.215297 0.003041 
1618.048186 0.002888 
1616.881074 0.002866 
1615.713962 0.002900 
1614.546850 0.003080 
1613.379739 0.003073 
1612.212627 0.003090 
1611.045515 0.003273 
1609.878403 0.003262 
1608.711292 0.003607 
1607.544180 0.003619 
1606.377068 0.004027 
1605.209956 0.004042 
1604.042845 0.004415 
1602.875733 0.004372 
1601.708621 0.004685 
1600.541510 0.004570 
1599.374398 0.004792 
1598.207286 0.004913 
1597.040174 0.005161 
1595.873063 0.005603 
1594.705951 0.006172 
1593.538839 0.007038 
1592.371727 0.007737 
1591.204616 0.008654 
1590.037504 0.008939 
1588.870392 0.009147 
1587.703280 0.008523 
1586.536169 0.008022 
1585.369057 0.006965 
1584.201945 0.006352 
1583.034833 0.005521 
1581.867722 0.005162 
1580.700610 0.004690 
1579.533498 0.004433 
1578.366387 0.004179 
1577.199275 0.003947 
1576.032163 0.003737 
1574.865051 0.003721 
1573.697940 0.003888 
1572.530828 0.003664 
1571.363716 0.003842 
1570.196604 0.003621 
1569.029493 0.003775 
1567.862381 0.003697 
1566.695269 0.003941 
1565.528157 0.003771 
1564.361046 0.004051 
1563.193934 0.004016 
1562.026822 0.004201 
1560.859710 0.004057 
1559.692599 0.003993 
1558.525487 0.004068 
1557.358375 0.004213 
1556.191264 0.004507 
1555.024152 0.004298 
1553.857040 0.004385 
1552.689928 0.004287 
1551.522817 0.004635 
1550.355705 0.004534 
1549.188593 0.004833 
1548.021481 0.004666 
1546.854370 0.004802 
1545.687258 0.004519 
1544.520146 0.004621 
1543.353034 0.004369 
1542.185923 0.004184 
1541.018811 0.003975 
1539.851699 0.003866 
1538.684587 0.004098 
1537.517476 0.004615 
1536.350364 0.004936 
1535.183252 0.004812 
1534.016140 0.004953 
1532.849029 0.004885 
1531.681917 0.005179 
1530.514805 0.005116 
1529.347694 0.005398 
1528.180582 0.005250 
1527.013470 0.005460 
1525.846358 0.005353 
1524.679247 0.005472 
1523.512135 0.005550 
1522.345023 0.005732 
1521.177911 0.006010 
1520.010800 0.006297 
1518.843688 0.006671 
1517.676576 0.006764 
1516.509464 0.007163 
1515.342353 0.007162 
1514.175241 0.007530 
1513.008129 0.007416 
1511.841017 0.007710 
1510.673906 0.007684 
1509.506794 0.007869 
1508.339682 0.007736 
1507.172571 0.007715 
1506.005459 0.007659 
1504.838347 0.007880 
1503.671235 0.008188 
1502.504124 0.008359 
1501.337012 0.008729 
1500.169900 0.008930 
1499.002788 0.009483 
1497.835677 0.009797 
1496.668565 0.010561 
1495.501453 0.011175 
1494.334341 0.012613 
1493.167230 0.013936 
1492.000118 0.016380 
1490.833006 0.019348 
1489.665894 0.023907 
1488.498783 0.029936 
1487.331671 0.035843 
1486.164559 0.045385 
1484.997448 0.069367 
1483.830336 0.129243 
1482.663224 0.235618 
1481.496112 0.206367 
1480.329001 0.090677 
1479.161889 0.044549 
1477.994777 0.032405 
1476.827665 0.032037 
1475.660554 0.038805 
1474.493442 0.046731 
1473.326330 0.050068 
1472.159218 0.063429 
1470.992107 0.101039 
1469.824995 0.225352 
1468.657883 0.530010 
1467.490771 0.487031 
1466.323660 0.187850 
1465.156548 0.109150 
1463.989436 0.144002 
1462.822325 0.147852 
1461.655213 0.159010 
1460.488101 0.216201 
1459.320989 0.127004 
1458.153878 0.113976 
1456.986766 0.140152 
1455.819654 0.074368 
1454.652542 0.052789 
1453.485431 0.068193 
1452.318319 0.050792 
1451.151207 0.023769 
1449.984095 0.028347 
1448.816984 0.069203 
1447.649872 0.110265 
1446.482760 0.071943 
1445.315648 0.039290 
1444.148537 0.038842 
1442.981425 0.035660 
1441.814313 0.019614 
1440.647201 0.010254 
1439.480090 0.006172 
1438.312978 0.003595 
1437.145866 0.002264 
1435.978755 0.001313 
1434.811643 0.001243 
1433.644531 0.001345 
1432.477419 0.003663 
1431.310308 0.010606 
1430.143196 0.011933 
1428.976084 0.010114 
1427.808972 0.003891 
1426.641861 0.001302 
1425.474749 0.000112 
1424.307637 -0.000077 
1423.140525 -0.000299 
1421.973414 0.000068 
1420.806302 -0.000017 
1419.639190 0.000205 
1418.472078 0.000156 
1417.304967 0.000552 
1416.137855 0.000467 
1414.970743 0.000622 
1413.803632 0.000501 
1412.636520 0.000497 
1411.469408 0.000407 
1410.302296 0.000413 
1409.135185 0.000485 
1407.968073 0.000358 
1406.800961 0.000527 
1405.633849 0.000306 
1404.466738 0.000492 
1403.299626 0.000308 
1402.132514 0.000468 
1400.965402 0.000222 
1399.798291 0.000314 
1398.631179 0.000058 
1397.464067 0.000162 
1396.296955 -0.000023 
1395.129844 -0.000067 
1393.962732 -0.000266 
1392.795620 -0.000223 
1391.628509 -0.000094 
1390.461397 -0.000112 
1389.294285 0.000018 
1388.127173 -0.000202 
1386.960062 -0.000003 
1385.792950 -0.000046 
1384.625838 0.000212 
1383.458726 -0.000103 
1382.291615 -0.000080 
1381.124503 -0.000284 
1379.957391 -0.000109 
1378.790279 -0.000216 
1377.623168 -0.000117 
1376.456056 -0.000096 
1375.288944 -0.000048 
1374.121832 0.000064 
1372.954721 -0.000030 
1371.787609 0.000095 
1370.620497 -0.000001 
1369.453385 0.000230 
1368.286274 0.000048 
1367.119162 0.000341 
1365.952050 0.000217 
1364.784939 0.000489 
1363.617827 0.000273 
1362.450715 0.000495 
1361.283603 0.000383 
1360.116492 0.000513 
1358.949380 0.000460 
1357.782268 0.000576 
1356.615156 0.000557 
1355.448045 0.000563 
1354.280933 0.000680 
1353.113821 0.000625 
1351.946709 0.000857 
1350.779598 0.000786 
1349.612486 0.001018 
1348.445374 0.000886 
1347.278262 0.001207 
1346.111151 0.001040 
1344.944039 0.001326 
1343.776927 0.001306 
1342.609816 0.001682 
1341.442704 0.001680 
1340.275592 0.001823 
1339.108480 0.001908 
1337.941369 0.002041 
1336.774257 0.002151 
1335.607145 0.002054 
1334.440033 0.002182 
1333.272922 0.002055 
1332.105810 0.002210 
1330.938698 0.002034 
1329.771586 0.002196 
1328.604475 0.002039 
1327.437363 0.002256 
1326.270251 0.002098 
1325.103139 0.002238 
1323.936028 0.002101 
1322.768916 0.002258 
1321.601804 0.002203 
1320.434693 0.002244 
1319.267581 0.002295 
1318.100469 0.002224 
1316.933357 0.002406 
1315.766246 0.002345 
1314.599134 0.002555 
1313.432022 0.002408 
1312.264910 0.002683 
1311.097799 0.002486 
1309.930687 0.002813 
1308.763575 0.002652 
1307.596463 0.002865 
1306.429352 0.002834 
1305.262240 0.003094 
1304.095128 0.003018 
1302.928016 0.003120 
1301.760905 0.003157 
1300.593793 0.003171 
1299.426681 0.003299 
1298.259570 0.003241 
1297.092458 0.003465 
1295.925346 0.003384 
1294.758234 0.003702 
1293.591123 0.003584 
1292.424011 0.003926 
1291.256899 0.003802 
1290.089787 0.004138 
1288.922676 0.003982 
1287.755564 0.004271 
1286.588452 0.004201 
1285.421340 0.004481 
1284.254229 0.004501 
1283.087117 0.004659 
1281.920005 0.004816 
1280.752893 0.004871 
1279.585782 0.005088 
1278.418670 0.005089 
1277.251558 0.005460 
1276.084446 0.005414 
1274.917335 0.005748 
1273.750223 0.005659 
1272.583111 0.006075 
1271.416000 0.006100 
1270.248888 0.006517 
1269.081776 0.006599 
1267.914664 0.006985 
1266.747553 0.007198 
1265.580441 0.007604 
1264.413329 0.007996 
1263.246217 0.008418 
1262.079106 0.008985 
1260.911994 0.009576 
1259.744882 0.010556 
1258.577770 0.011515 
1257.410659 0.013380 
1256.243547 0.015601 
1255.076435 0.019757 
1253.909323 0.026666 
1252.742212 0.042134 
1251.575100 0.077956 
1250.407988 0.145603 
1249.240877 0.166063 
1248.073765 0.101350 
1246.906653 0.051931 
1245.739541 0.030396 
1244.572430 0.021539 
1243.405318 0.017794 
1242.238206 0.015279 
1241.071094 0.012625 
1239.903983 0.011520 
1238.736871 0.010707 
1237.569759 0.010616 
1236.402647 0.010219 
1235.235536 0.010375 
1234.068424 0.010280 
1232.901312 0.010558 
1231.734200 0.010558 
1230.567089 0.010885 
1229.399977 0.011009 
1228.232865 0.011257 
1227.065754 0.011536 
1225.898642 0.011679 
1224.731530 0.012061 
1223.564418 0.012220 
1222.397307 0.012609 
1221.230195 0.012711 
1220.063083 0.013271 
1218.895971 0.013405 
1217.728860 0.014018 
1216.561748 0.014205 
1215.394636 0.014832 
1214.227524 0.015163 
1213.060413 0.015750 
1211.893301 0.016083 
1210.726189 0.016590 
1209.559077 0.017087 
1208.391966 0.017629 
1207.224854 0.018206 
1206.057742 0.018779 
1204.890630 0.019590 
1203.723519 0.020142 
1202.556407 0.021112 
1201.389295 0.021758 
1200.222184 0.022710 
1199.055072 0.023326 
1197.887960 0.024455 
1196.720848 0.025176 
1195.553737 0.026372 
1194.386625 0.027369 
1193.219513 0.028765 
1192.052401 0.030221 
1190.885290 0.032000 
1189.718178 0.034232 
1188.551066 0.037023 
1187.383954 0.040891 
1186.216843 0.046089 
1185.049731 0.054845 
1183.882619 0.072301 
1182.715507 0.111162 
1181.548396 0.161466 
1180.381284 0.178065 
1179.214172 0.156091 
1178.047061 0.102967 
1176.879949 0.078904 
1175.712837 0.077527 
1174.545725 0.084022 
1173.378614 0.096723 
1172.211502 0.115703 
1171.044390 0.145210 
1169.877278 0.200333 
1168.710167 0.313135 
1167.543055 0.527437 
1166.375943 0.826501 
1165.208831 1.212589 
1164.041720 1.808918 
1162.874608 1.381076 
1161.707496 0.667096 
1160.540384 0.313839 
1159.373273 0.157596 
1158.206161 0.114697 
1157.039049 0.050133 
1155.871938 0.025311 
1154.704826 0.011990 
1153.537714 0.005789 
1152.370602 0.003368 
1151.203491 0.003410 
1150.036379 0.005357 
1148.869267 0.004990 
1147.702155 0.003999 
1146.535044 0.001025 
1145.367932 -0.000996 
1144.200820 -0.002026 
1143.033708 -0.001562 
1141.866597 -0.000947 
1140.699485 0.000630 
1139.532373 0.000845 
1138.365261 0.001128 
1137.198150 0.001560 
1136.031038 0.001806 
1134.863926 0.002401 
1133.696815 0.003049 
1132.529703 0.003900 
1131.362591 0.004507 
1130.195479 0.005385 
1129.028368 0.005887 
1127.861256 0.006817 
1126.694144 0.007345 
1125.527032 0.008434 
1124.359921 0.009101 
1123.192809 0.010424 
1122.025697 0.011915 
1120.858585 0.013285 
1119.691474 0.014203 
1118.524362 0.014924 
1117.357250 0.015857 
1116.190138 0.017253 
1115.023027 0.018929 
1113.855915 0.020676 
1112.688803 0.023031 
1111.521691 0.025381 
1110.354580 0.028429 
1109.187468 0.031718 
1108.020356 0.036052 
1106.853245 0.040802 
1105.686133 0.047055 
1104.519021 0.054552 
1103.351909 0.065067 
1102.184798 0.079028 
1101.017686 0.100035 
1099.850574 0.132933 
1098.683462 0.193549 
1097.516351 0.330720 
1096.349239 0.540732 
1095.182127 0.726989 
1094.015015 0.922745 
1092.847904 1.288640 
1091.680792 1.885003 
1090.513680 1.224311 
1089.346568 0.474957 
1088.179457 0.161047 
1087.012345 0.065159 
1085.845233 0.036634 
1084.678122 0.054579 
1083.511010 0.087613 
1082.343898 0.031646 
1081.176786 0.001935 
1080.009675 -0.004994 
1078.842563 -0.007728 
1077.675451 -0.009457 
1076.508339 -0.010341 
1075.341228 -0.009941 
1074.174116 -0.007781 
1073.007004 0.001291 
1071.839892 -0.004993 
1070.672781 -0.010006 
1069.505669 -0.010637 
1068.338557 -0.010210 
1067.171445 -0.010128 
1066.004334 -0.009622 
1064.837222 -0.009322 
1063.670110 -0.008817 
1062.502999 -0.008755 
1061.335887 -0.008497 
1060.168775 -0.008230 
1059.001663 -0.008219 
1057.834552 -0.007977 
1056.667440 -0.008037 
1055.500328 -0.007828 
1054.333216 -0.007880 
1053.166105 -0.007498 
1051.998993 -0.007589 
1050.831881 -0.007171 
1049.664769 -0.007234 
1048.497658 -0.006967 
1047.330546 -0.006923 
1046.163434 -0.006629 
1044.996322 -0.006555 
1043.829211 -0.006278 
1042.662099 -0.006023 
1041.494987 -0.005897 
1040.327875 -0.005549 
1039.160764 -0.005512 
1037.993652 -0.005128 
1036.826540 -0.005138 
1035.659429 -0.004646 
1034.492317 -0.004673 
1033.325205 -0.004227 
1032.158093 -0.004256 
1030.990982 -0.003805 
1029.823870 -0.003808 
1028.656758 -0.003510 
1027.489646 -0.003436 
1026.322535 -0.003207 
1025.155423 -0.003162 
1023.988311 -0.003076 
1022.821199 -0.002907 
1021.654088 -0.002918 
1020.486976 -0.002564 
1019.319864 -0.002697 
1018.152752 -0.002432 
1016.985641 -0.002560 
1015.818529 -0.002193 
1014.651417 -0.002349 
1013.484306 -0.002085 
1012.317194 -0.002127 
1011.150082 -0.001680 
1009.982970 -0.001660 
1008.815859 -0.001184 
1007.648747 -0.001127 
1006.481635 -0.001109 
1005.314523 -0.000946 
1004.147412 -0.000933 
1002.980300 -0.000634 
1001.813188 -0.000635 
1000.646076 -0.000322 
999.478965 -0.000455 
998.311853 -0.000028 
997.144741 -0.000139 
995.977629 0.000128 
994.810518 -0.000103 
993.643406 0.000205 
992.476294 0.000069 
991.309183 0.000238 
990.142071 0.000263 
988.974959 0.000490 
987.807847 0.000541 
986.640736 0.000689 
985.473624 0.000971 
984.306512 0.000949 
983.139400 0.001251 
981.972289 0.001246 
980.805177 0.001589 
979.638065 0.001478 
978.470953 0.001829 
977.303842 0.001727 
976.136730 0.002095 
974.969618 0.001910 
973.802506 0.002127 
972.635395 0.002115 
971.468283 0.002444 
970.301171 0.002510 
969.134060 0.002707 
967.966948 0.002974 
966.799836 0.003088 
965.632724 0.003443 
964.465613 0.003460 
963.298501 0.003952 
962.131389 0.003954 
960.964277 0.004387 
959.797166 0.004394 
958.630054 0.004965 
957.462942 0.005020 
956.295830 0.005526 
955.128719 0.005732 
953.961607 0.006129 
952.794495 0.006321 
951.627383 0.006812 
950.460272 0.007203 
949.293160 0.007553 
948.126048 0.008099 
946.958936 0.008424 
945.791825 0.009112 
944.624713 0.009350 
943.457601 0.010236 
942.290490 0.010689 
941.123378 0.011730 
939.956266 0.012268 
938.789154 0.013316 
937.622043 0.014239 
936.454931 0.015566 
935.287819 0.016750 
934.120707 0.018430 
932.953596 0.020183 
931.786484 0.022314 
930.619372 0.025005 
929.452260 0.028202 
928.285149 0.032724 
927.118037 0.038856 
925.950925 0.047966 
924.783813 0.060237 
923.616702 0.080592 
922.449590 0.126277 
921.282478 0.232945 
920.115367 0.436986 
918.948255 0.746946 
917.781143 0.951587 
916.614031 0.680761 
915.446920 0.506257 
914.279808 0.572354 
913.112696 0.331413 
911.945584 0.069603 
910.778473 0.006602 
909.611361 0.002809 
908.444249 0.042393 
907.277137 0.055609 
906.110026 0.005023 
904.942914 -0.003745 
903.775802 -0.008873 
902.608690 -0.012742 
901.441579 -0.012645 
900.274467 -0.012304 
899.107355 -0.011490 
897.940244 -0.011023 
896.773132 -0.010658 
895.606020 -0.010029 
894.438908 -0.009374 
893.271797 -0.008921 
892.104685 -0.008614 
890.937573 -0.007978 
889.770461 -0.007785 
888.603350 -0.007166 
887.436238 -0.007031 
886.269126 -0.006336 
885.102014 -0.006127 
883.934903 -0.005598 
882.767791 -0.005490 
881.600679 -0.005047 
880.433567 -0.004881 
879.266456 -0.004550 
878.099344 -0.004230 
876.932232 -0.004050 
875.765121 -0.003777 
874.598009 -0.003721 
873.430897 -0.003372 
872.263785 -0.003356 
871.096674 -0.002971 
869.929562 -0.003014 
868.762450 -0.002684 
867.595338 -0.002819 
866.428227 -0.002357 
865.261115 -0.002467 
864.094003 -0.002266 
862.926891 -0.002227 
861.759780 -0.001874 
860.592668 -0.001822 
859.425556 -0.001606 
858.258444 -0.001417 
857.091333 -0.001342 
855.924221 -0.000949 
854.757109 -0.001104 
853.589997 -0.000964 
852.422886 -0.000709 
851.255774 -0.000659 
850.088662 -0.000986 
848.921551 -0.000646 
847.754439 -0.000693 
846.587327 -0.000503 
845.420215 -0.000597 
844.253104 -0.000419 
843.085992 -0.000566 
841.918880 -0.000368 
840.751768 -0.000314 
839.584657 -0.000315 
838.417545 -0.000092 
837.250433 -0.000094 
836.083321 0.000024 
834.916210 0.000007 
833.749098 0.000177 
832.581986 -0.000152 
831.414874 0.000180 
830.247763 -0.000042 
829.080651 0.000203 
827.913539 0.000077 
826.746428 0.000209 
825.579316 0.000128 
824.412204 0.000272 
823.245092 0.000206 
822.077981 0.000217 
820.910869 0.000257 
819.743757 0.000243 
818.576645 0.000530 
817.409534 0.000390 
816.242422 0.000476 
815.075310 0.000184 
813.908198 0.000466 
812.741087 0.000167 
811.573975 0.000454 
810.406863 0.000127 
809.239751 0.000317 
808.072640 0.000035 
806.905528 0.000098 
805.738416 0.000108 
804.571305 0.000232 
803.404193 0.000182 
802.237081 -0.000028 
801.069969 0.000067 
799.902858 0.000057 
798.735746 0.000099 
797.568634 -0.000090 
796.401522 0.000151 
795.234411 -0.000096 
794.067299 0.000042 
792.900187 -0.000210 
791.733075 -0.000066 
790.565964 -0.000171 
789.398852 -0.000000 
788.231740 -0.000250 
787.064628 -0.000058 
785.897517 -0.000148 
784.730405 -0.000072 
783.563293 0.000048 
782.396181 -0.000084 
781.229070 -0.000044 
780.061958 -0.000310 
778.894846 -0.000022 
777.727735 -0.000281 
776.560623 -0.000033 
775.393511 -0.000232 
774.226399 -0.000111 
773.059288 -0.000303 
771.892176 -0.000144 
770.725064 -0.000410 
769.557952 -0.000197 
768.390841 -0.000154 
767.223729 -0.000127 
766.056617 -0.000236 
764.889505 -0.000239 
763.722394 -0.000015 
762.555282 -0.000084 
761.388170 0.000001 
760.221058 -0.000375 
759.053947 -0.000095 
757.886835 -0.000206 
756.719723 0.000050 
755.552612 -0.000213 
754.385500 0.000031 
753.218388 -0.000243 
752.051276 -0.000150 
750.884165 -0.000117 
749.717053 -0.000083 
748.549941 -0.000133 
747.382829 -0.000199 
746.215718 -0.000153 
745.048606 -0.000418 
743.881494 -0.000203 
742.714382 -0.000490 
741.547271 -0.000209 
740.380159 -0.000367 
739.213047 -0.000057 
738.045935 -0.000351 
736.878824 -0.000247 
735.711712 -0.000314 
734.544600 -0.000098 
733.377489 -0.000256 
732.210377 -0.000299 
731.043265 -0.000373 
729.876153 -0.000217 
728.709042 -0.000325 
727.541930 -0.000476 
726.374818 -0.000150 
725.207706 -0.000314 
724.040595 -0.000247 
722.873483 -0.000335 
721.706371 0.000033 
720.539259 -0.000268 
719.372148 -0.000123 
718.205036 -0.000260 
717.037924 0.000117 
715.870812 -0.000055 
714.703701 0.000023 
713.536589 -0.000132 
712.369477 -0.000160 
711.202366 -0.000101 
710.035254 -0.000134 
708.868142 -0.000087 
707.701030 -0.000112 
706.533919 -0.000104 
705.366807 -0.000262 
704.199695 -0.000019 
703.032583 -0.000208 
701.865472 -0.000062 
700.698360 -0.000322 
699.531248 -0.000123 
698.364136 -0.000249 
697.197025 -0.000216 
696.029913 -0.000382 
694.862801 -0.000441 
693.695689 -0.000405 
692.528578 -0.000467 
691.361466 -0.000525 
690.194354 -0.000861 
689.027242 -0.000819 
687.860131 -0.000951 
686.693019 -0.000736 
685.525907 -0.000711 
684.358796 -0.000013 
683.191684 -0.000666 
682.024572 -0.000841 
680.857460 -0.001325 
679.690349 -0.001188 
678.523237 -0.001224 
677.356125 -0.001119 
676.189013 -0.001439 
675.021902 -0.001334 
673.854790 -0.001342 
672.687678 -0.001485 
671.520566 -0.001070 
670.353455 -0.001301 
669.186343 -0.001666 
668.019231 -0.003705 
666.852119 -0.002848 
665.685008 -0.002299 
664.517896 -0.001736 
663.350784 -0.001695 
662.183673 -0.001325 
661.016561 -0.001334 
659.849449 -0.001108 
658.682337 -0.001619 
657.515226 -0.002211 
656.348114 -0.002803 
655.181002 -0.003293 
654.013890 -0.003600 
652.846779 -0.003794 
651.679667 -0.003374 
650.512555 -0.002840 
649.345443 -0.001666 
648.178332 -0.000966 
647.011220 -0.000267 
645.844108 -0.000263 
644.676996 -0.000233 
643.509885 -0.001323 
642.342773 -0.002227 
641.175661 -0.003248 
640.008550 -0.004126 
638.841438 -0.005053 
637.674326 -0.005084 
636.507214 -0.005027 
635.340103 -0.004684 
634.172991 -0.003698 
633.005879 -0.002951 
631.838767 -0.001260 
630.671656 -0.000343 
629.504544 0.000817 
628.337432 0.001469 
627.170320 0.002563 
626.003209 0.002528 
624.836097 0.002616 
623.668985 0.001798 
622.501873 0.000935 
621.334762 0.000202 
620.167650 0.000102 
619.000538 -0.000235 
617.833426 -0.000517 
616.666315 -0.000470 
615.499203 -0.000724 
614.332091 -0.000749 
613.164980 -0.001020 
611.997868 -0.000971 
610.830756 -0.001460 
609.663644 -0.001276 
608.496533 -0.001662 
607.329421 -0.001400 
606.162309 -0.001688 
604.995197 -0.001577 
603.828086 -0.001459 
602.660974 -0.001350 
601.493862 -0.001269 
600.326750 -0.001019 
599.159639 -0.000776 
597.992527 -0.000864 
596.825415 -0.000757 
595.658303 -0.001028 
594.491192 -0.001001 
593.324080 -0.001238 
592.156968 -0.001172 
590.989857 -0.001276 
589.822745 -0.000931 
588.655633 -0.001041 
587.488521 -0.000588 
586.321410 -0.000309 
585.154298 0.000349 
583.987186 0.000571 
582.820074 0.000982 
581.652963 0.001084 
580.485851 0.001209 
579.318739 0.001272 
578.151627 0.001385 
576.984516 0.001031 
575.817404 0.001111 
574.650292 0.001102 
573.483180 0.001465 
572.316069 0.001557 
571.148957 0.000842 
569.981845 0.001000 
568.814734 0.001060 
567.647622 0.000639 
566.480510 0.000850 
565.313398 0.000503 
564.146287 0.001755 
562.979175 0.002180 
561.812063 0.002273 
560.644951 0.001614 
559.477840 0.001278 
558.310728 0.000589 
557.143616 0.000854 
555.976504 -0.000157 
554.809393 0.000193 
553.642281 0.000531 
552.475169 0.001486 
551.308057 -0.000109 
550.140946 -0.000337 
548.973834 0.000332 
547.806722 -0.001074 
546.639611 -0.001150 
545.472499 -0.000118 
544.305387 -0.000718 
543.138275 -0.000905 
541.971164 0.000036 
540.804052 0.000575 
539.636940 0.000058 
538.469828 -0.000965 
537.302717 -0.000290 
536.135605 0.000108 
534.968493 0.000999 
533.801381 0.000622 
532.634270 -0.000133 
531.467158 0.000412 
530.300046 0.001364 
529.132934 0.000638 
527.965823 -0.000133 
526.798711 0.000379 
525.631599 0.000407 
524.464487 0.001225 
523.297376 0.000250 
522.130264 0.000606 
520.963152 0.001043 
519.796041 0.001559 
518.628929 0.001388 
517.461817 0.002319 
516.294705 0.002197 
515.127594 0.001946 
513.960482 -0.001319 
512.793370 -0.007990 
511.626258 -0.010872 
510.459147 -0.007872 
509.292035 -0.006263 
508.124923 -0.004858 
506.957811 -0.003795 
505.790700 -0.002645 
504.623588 -0.001638 
503.456476 -0.000464 
502.289364 -0.000088 
501.122253 0.000302 
499.955141 0.001665 
