4000.123242 0.002967 
3998.956130 0.002446 
3997.789019 0.001955 
3996.621907 0.001613 
3995.454795 0.001937 
3994.287683 0.002039 
3993.120572 0.002181 
3991.953460 0.002176 
3990.786348 0.002436 
3989.619236 0.002684 
3988.452125 0.003051 
3987.285013 0.003270 
3986.117901 0.003409 
3984.950789 0.003782 
3983.783678 0.004350 
3982.616566 0.005043 
3981.449454 0.005323 
3980.282342 0.005053 
3979.115231 0.004548 
3977.948119 0.004320 
3976.781007 0.004226 
3975.613896 0.005364 
3974.446784 0.006063 
3973.279672 0.005270 
3972.112560 0.003677 
3970.945449 0.002673 
3969.778337 0.002135 
3968.611225 0.001681 
3967.444113 0.001514 
3966.277002 0.001629 
3965.109890 0.001810 
3963.942778 0.002039 
3962.775666 0.002066 
3961.608555 0.001812 
3960.441443 0.001662 
3959.274331 0.001351 
3958.107219 0.001653 
3956.940108 0.001630 
3955.772996 0.001936 
3954.605884 0.002152 
3953.438772 0.002701 
3952.271661 0.003476 
3951.104549 0.003395 
3949.937437 0.002432 
3948.770326 0.001792 
3947.603214 0.001143 
3946.436102 0.000871 
3945.268990 0.000735 
3944.101879 0.000500 
3942.934767 0.000363 
3941.767655 0.000100 
3940.600543 0.000207 
3939.433432 -0.000121 
3938.266320 0.000085 
3937.099208 0.000079 
3935.932096 0.000044 
3934.764985 -0.000022 
3933.597873 -0.000017 
3932.430761 -0.000175 
3931.263649 -0.000013 
3930.096538 -0.000158 
3928.929426 -0.000169 
3927.762314 -0.000019 
3926.595203 -0.000193 
3925.428091 -0.000104 
3924.260979 -0.000100 
3923.093867 -0.000114 
3921.926756 -0.000086 
3920.759644 -0.000006 
3919.592532 0.000004 
3918.425420 0.000366 
3917.258309 0.000440 
3916.091197 0.000822 
3914.924085 0.001303 
3913.756973 0.002054 
3912.589862 0.003094 
3911.422750 0.004680 
3910.255638 0.006281 
3909.088526 0.006836 
3907.921415 0.005820 
3906.754303 0.004880 
3905.587191 0.005081 
3904.420080 0.005508 
3903.252968 0.006050 
3902.085856 0.006789 
3900.918744 0.006846 
3899.751633 0.005096 
3898.584521 0.003621 
3897.417409 0.002296 
3896.250297 0.001458 
3895.083186 0.001041 
3893.916074 0.000849 
3892.748962 0.000637 
3891.581850 0.000533 
3890.414739 0.000419 
3889.247627 0.000182 
3888.080515 0.000267 
3886.913403 0.000079 
3885.746292 -0.000084 
3884.579180 -0.000093 
3883.412068 0.000055 
3882.244957 0.000167 
3881.077845 0.000269 
3879.910733 0.000242 
3878.743621 0.000248 
3877.576510 -0.000055 
3876.409398 -0.000075 
3875.242286 -0.000014 
3874.075174 0.000080 
3872.908063 0.000021 
3871.740951 0.000118 
3870.573839 0.000011 
3869.406727 -0.000090 
3868.239616 0.000093 
3867.072504 0.000046 
3865.905392 0.000172 
3864.738280 0.000030 
3863.571169 0.000126 
3862.404057 0.000131 
3861.236945 0.000292 
3860.069833 -0.000017 
3858.902722 -0.000049 
3857.735610 0.000096 
3856.568498 0.000198 
3855.401387 0.000224 
3854.234275 -0.000122 
3853.067163 0.000067 
3851.900051 0.000068 
3850.732940 0.000164 
3849.565828 0.000126 
3848.398716 0.000286 
3847.231604 0.000236 
3846.064493 0.000417 
3844.897381 0.000346 
3843.730269 0.000355 
3842.563157 0.000109 
3841.396046 0.000099 
3840.228934 0.000118 
3839.061822 0.000255 
3837.894710 0.000045 
3836.727599 -0.000145 
3835.560487 -0.000061 
3834.393375 -0.000025 
3833.226264 -0.000139 
3832.059152 -0.000370 
3830.892040 -0.000474 
3829.724928 -0.000707 
3828.557817 -0.000765 
3827.390705 -0.000911 
3826.223593 -0.000833 
3825.056481 -0.000977 
3823.889370 -0.000829 
3822.722258 -0.000774 
3821.555146 -0.000847 
3820.388034 -0.000910 
3819.220923 -0.000829 
3818.053811 -0.000643 
3816.886699 -0.000483 
3815.719587 -0.000710 
3814.552476 -0.000632 
3813.385364 -0.000443 
3812.218252 -0.000510 
3811.051141 -0.000004 
3809.884029 -0.000132 
3808.716917 -0.000121 
3807.549805 -0.000274 
3806.382694 -0.000131 
3805.215582 0.000049 
3804.048470 0.000221 
3802.881358 -0.000088 
3801.714247 -0.000566 
3800.547135 -0.000755 
3799.380023 -0.000557 
3798.212911 -0.000463 
3797.045800 -0.000681 
3795.878688 -0.000835 
3794.711576 -0.000771 
3793.544464 -0.000594 
3792.377353 -0.000873 
3791.210241 -0.000613 
3790.043129 -0.000557 
3788.876017 -0.000504 
3787.708906 -0.000608 
3786.541794 -0.000278 
3785.374682 -0.000174 
3784.207571 -0.000078 
3783.040459 -0.000172 
3781.873347 -0.000262 
3780.706235 -0.000132 
3779.539124 -0.000194 
3778.372012 -0.000085 
3777.204900 -0.000142 
3776.037788 -0.000122 
3774.870677 -0.000223 
3773.703565 -0.000088 
3772.536453 -0.000092 
3771.369341 0.000053 
3770.202230 0.000112 
3769.035118 0.000243 
3767.868006 0.000232 
3766.700894 0.000209 
3765.533783 0.000079 
3764.366671 0.000368 
3763.199559 0.000373 
3762.032448 0.000244 
3760.865336 0.000323 
3759.698224 0.000318 
3758.531112 0.000403 
3757.364001 0.000271 
3756.196889 0.000352 
3755.029777 0.000364 
3753.862665 0.000505 
3752.695554 0.000444 
3751.528442 0.000482 
3750.361330 0.000548 
3749.194218 0.000413 
3748.027107 0.000718 
3746.859995 0.000868 
3745.692883 0.001005 
3744.525771 0.000933 
3743.358660 0.001313 
3742.191548 0.001901 
3741.024436 0.002403 
3739.857325 0.002661 
3738.690213 0.003006 
3737.523101 0.002932 
3736.355989 0.002820 
3735.188878 0.002423 
3734.021766 0.002482 
3732.854654 0.002460 
3731.687542 0.002667 
3730.520431 0.002681 
3729.353319 0.002649 
3728.186207 0.002416 
3727.019095 0.001790 
3725.851984 0.001220 
3724.684872 0.000924 
3723.517760 0.000815 
3722.350648 0.000604 
3721.183537 0.000532 
3720.016425 0.000435 
3718.849313 0.000488 
3717.682202 0.000431 
3716.515090 0.000527 
3715.347978 0.000318 
3714.180866 0.000264 
3713.013755 0.000151 
3711.846643 0.000210 
3710.679531 0.000177 
3709.512419 0.000176 
3708.345308 0.000343 
3707.178196 0.000136 
3706.011084 0.000119 
3704.843972 -0.000015 
3703.676861 0.000024 
3702.509749 -0.000118 
3701.342637 -0.000070 
3700.175525 -0.000217 
3699.008414 -0.000020 
3697.841302 -0.000237 
3696.674190 -0.000109 
3695.507078 -0.000287 
3694.339967 -0.000226 
3693.172855 -0.000108 
3692.005743 -0.000115 
3690.838632 -0.000163 
3689.671520 -0.000162 
3688.504408 -0.000242 
3687.337296 -0.000141 
3686.170185 0.000003 
3685.003073 -0.000066 
3683.835961 0.000133 
3682.668849 -0.000088 
3681.501738 0.000148 
3680.334626 -0.000013 
3679.167514 0.000087 
3678.000402 -0.000076 
3676.833291 -0.000132 
3675.666179 -0.000265 
3674.499067 -0.000056 
3673.331955 -0.000176 
3672.164844 -0.000225 
3670.997732 -0.000264 
3669.830620 -0.000089 
3668.663509 0.000006 
3667.496397 -0.000136 
3666.329285 0.000110 
3665.162173 -0.000033 
3663.995062 0.000027 
3662.827950 -0.000066 
3661.660838 0.000118 
3660.493726 0.000013 
3659.326615 0.000231 
3658.159503 0.000036 
3656.992391 0.000064 
3655.825279 -0.000120 
3654.658168 -0.000081 
3653.491056 -0.000033 
3652.323944 -0.000041 
3651.156832 0.000075 
3649.989721 -0.000055 
3648.822609 -0.000131 
3647.655497 -0.000129 
3646.488386 0.000094 
3645.321274 0.000032 
3644.154162 0.000115 
3642.987050 0.000039 
3641.819939 0.000090 
3640.652827 -0.000009 
3639.485715 0.000159 
3638.318603 0.000096 
3637.151492 0.000030 
3635.984380 0.000008 
3634.817268 -0.000078 
3633.650156 -0.000004 
3632.483045 0.000021 
3631.315933 0.000175 
3630.148821 0.000012 
3628.981709 0.000110 
3627.814598 -0.000002 
3626.647486 0.000068 
3625.480374 -0.000161 
3624.313262 0.000068 
3623.146151 -0.000021 
3621.979039 0.000000 
3620.811927 -0.000154 
3619.644816 -0.000206 
3618.477704 0.000018 
3617.310592 0.000079 
3616.143480 -0.000030 
3614.976369 -0.000029 
3613.809257 -0.000045 
3612.642145 -0.000093 
3611.475033 0.000084 
3610.307922 0.000015 
3609.140810 -0.000064 
3607.973698 -0.000147 
3606.806586 0.000014 
3605.639475 -0.000186 
3604.472363 -0.000249 
3603.305251 -0.000198 
3602.138139 -0.000084 
3600.971028 -0.000225 
3599.803916 -0.000103 
3598.636804 -0.000087 
3597.469693 -0.000099 
3596.302581 -0.000147 
3595.135469 -0.000181 
3593.968357 -0.000027 
3592.801246 -0.000289 
3591.634134 -0.000244 
3590.467022 -0.000301 
3589.299910 0.000036 
3588.132799 -0.000320 
3586.965687 -0.000223 
3585.798575 -0.000304 
3584.631463 -0.000134 
3583.464352 -0.000154 
3582.297240 -0.000055 
3581.130128 -0.000154 
3579.963016 -0.000139 
3578.795905 0.000033 
3577.628793 -0.000119 
3576.461681 0.000098 
3575.294570 0.000014 
3574.127458 0.000072 
3572.960346 -0.000097 
3571.793234 0.000153 
3570.626123 0.000030 
3569.459011 0.000187 
3568.291899 0.000055 
3567.124787 0.000142 
3565.957676 0.000120 
3564.790564 0.000221 
3563.623452 0.000091 
3562.456340 0.000218 
3561.289229 0.000154 
3560.122117 0.000117 
3558.955005 0.000284 
3557.787893 0.000193 
3556.620782 0.000170 
3555.453670 -0.000099 
3554.286558 0.000065 
3553.119447 0.000023 
3551.952335 0.000145 
3550.785223 0.000092 
3549.618111 0.000154 
3548.451000 0.000114 
3547.283888 0.000165 
3546.116776 0.000040 
3544.949664 0.000101 
3543.782553 0.000111 
3542.615441 0.000027 
3541.448329 0.000152 
3540.281217 0.000034 
3539.114106 0.000064 
3537.946994 -0.000112 
3536.779882 0.000103 
3535.612770 -0.000102 
3534.445659 -0.000003 
3533.278547 -0.000044 
3532.111435 0.000035 
3530.944323 -0.000228 
3529.777212 -0.000051 
3528.610100 0.000079 
3527.442988 0.000115 
3526.275877 -0.000082 
3525.108765 -0.000135 
3523.941653 -0.000115 
3522.774541 -0.000173 
3521.607430 -0.000031 
3520.440318 -0.000020 
3519.273206 0.000181 
3518.106094 -0.000086 
3516.938983 -0.000004 
3515.771871 -0.000061 
3514.604759 0.000030 
3513.437647 -0.000118 
3512.270536 0.000035 
3511.103424 -0.000018 
3509.936312 0.000076 
3508.769200 0.000065 
3507.602089 0.000097 
3506.434977 0.000020 
3505.267865 -0.000087 
3504.100754 -0.000026 
3502.933642 -0.000099 
3501.766530 0.000028 
3500.599418 -0.000232 
3499.432307 -0.000075 
3498.265195 -0.000141 
3497.098083 0.000078 
3495.930971 -0.000197 
3494.763860 -0.000167 
3493.596748 -0.000151 
3492.429636 0.000015 
3491.262524 -0.000000 
3490.095413 0.000138 
3488.928301 0.000082 
3487.761189 0.000104 
3486.594077 0.000104 
3485.426966 0.000041 
3484.259854 0.000175 
3483.092742 -0.000086 
3481.925631 -0.000004 
3480.758519 0.000001 
3479.591407 0.000035 
3478.424295 -0.000258 
3477.257184 -0.000168 
3476.090072 -0.000211 
3474.922960 0.000045 
3473.755848 -0.000006 
3472.588737 -0.000000 
3471.421625 -0.000012 
3470.254513 0.000088 
3469.087401 -0.000014 
3467.920290 -0.000097 
3466.753178 -0.000093 
3465.586066 -0.000306 
3464.418954 -0.000120 
3463.251843 -0.000246 
3462.084731 0.000012 
3460.917619 -0.000137 
3459.750508 0.000053 
3458.583396 -0.000072 
3457.416284 0.000058 
3456.249172 -0.000008 
3455.082061 0.000056 
3453.914949 0.000048 
3452.747837 0.000067 
3451.580725 0.000107 
3450.413614 0.000154 
3449.246502 0.000162 
3448.079390 0.000020 
3446.912278 -0.000024 
3445.745167 -0.000058 
3444.578055 0.000124 
3443.410943 0.000059 
3442.243831 0.000158 
3441.076720 0.000025 
3439.909608 0.000179 
3438.742496 -0.000080 
3437.575384 0.000034 
3436.408273 0.000019 
3435.241161 0.000115 
3434.074049 0.000119 
3432.906938 0.000020 
3431.739826 -0.000025 
3430.572714 -0.000055 
3429.405602 0.000028 
3428.238491 -0.000200 
3427.071379 -0.000096 
3425.904267 -0.000206 
3424.737155 -0.000060 
3423.570044 -0.000403 
3422.402932 -0.000307 
3421.235820 -0.000367 
3420.068708 -0.000221 
3418.901597 -0.000318 
3417.734485 -0.000345 
3416.567373 -0.000313 
3415.400261 -0.000340 
3414.233150 -0.000272 
3413.066038 -0.000302 
3411.898926 -0.000019 
3410.731815 -0.000084 
3409.564703 -0.000012 
3408.397591 -0.000191 
3407.230479 -0.000113 
3406.063368 -0.000315 
3404.896256 -0.000214 
3403.729144 -0.000433 
3402.562032 -0.000219 
3401.394921 -0.000360 
3400.227809 -0.000286 
3399.060697 -0.000180 
3397.893585 -0.000095 
3396.726474 -0.000079 
3395.559362 -0.000072 
3394.392250 -0.000020 
3393.225138 -0.000061 
3392.058027 0.000049 
3390.890915 -0.000004 
3389.723803 0.000182 
3388.556692 -0.000066 
3387.389580 0.000189 
3386.222468 0.000078 
3385.055356 0.000251 
3383.888245 0.000013 
3382.721133 0.000110 
3381.554021 0.000049 
3380.386909 -0.000029 
3379.219798 -0.000105 
3378.052686 0.000083 
3376.885574 0.000070 
3375.718462 -0.000080 
3374.551351 -0.000031 
3373.384239 -0.000080 
3372.217127 0.000027 
3371.050015 -0.000172 
3369.882904 -0.000163 
3368.715792 -0.000293 
3367.548680 -0.000083 
3366.381568 -0.000147 
3365.214457 0.000049 
3364.047345 -0.000159 
3362.880233 0.000013 
3361.713122 -0.000007 
3360.546010 0.000047 
3359.378898 -0.000001 
3358.211786 0.000052 
3357.044675 0.000052 
3355.877563 -0.000122 
3354.710451 -0.000040 
3353.543339 -0.000089 
3352.376228 0.000074 
3351.209116 -0.000019 
3350.042004 0.000170 
3348.874892 -0.000050 
3347.707781 0.000098 
3346.540669 0.000054 
3345.373557 0.000110 
3344.206445 0.000036 
3343.039334 0.000042 
3341.872222 -0.000030 
3340.705110 -0.000064 
3339.537999 -0.000052 
3338.370887 -0.000086 
3337.203775 0.000021 
3336.036663 -0.000136 
3334.869552 0.000017 
3333.702440 -0.000179 
3332.535328 -0.000112 
3331.368216 -0.000200 
3330.201105 -0.000011 
3329.033993 -0.000056 
3327.866881 0.000023 
3326.699769 -0.000058 
3325.532658 0.000097 
3324.365546 -0.000024 
3323.198434 -0.000080 
3322.031322 -0.000003 
3320.864211 0.000013 
3319.697099 0.000150 
3318.529987 0.000033 
3317.362876 0.000328 
3316.195764 0.000209 
3315.028652 0.000579 
3313.861540 0.000566 
3312.694429 0.000534 
3311.527317 0.000302 
3310.360205 0.000277 
3309.193093 0.000197 
3308.025982 0.000248 
3306.858870 0.000093 
3305.691758 0.000093 
3304.524646 0.000056 
3303.357535 -0.000025 
3302.190423 0.000018 
3301.023311 -0.000045 
3299.856199 0.000134 
3298.689088 -0.000049 
3297.521976 0.000047 
3296.354864 -0.000132 
3295.187753 0.000053 
3294.020641 -0.000030 
3292.853529 0.000159 
3291.686417 -0.000017 
3290.519306 -0.000100 
3289.352194 -0.000074 
3288.185082 0.000070 
3287.017970 0.000112 
3285.850859 0.000007 
3284.683747 0.000078 
3283.516635 0.000092 
3282.349523 0.000152 
3281.182412 0.000020 
3280.015300 0.000203 
3278.848188 0.000082 
3277.681076 0.000177 
3276.513965 0.000011 
3275.346853 0.000129 
3274.179741 0.000048 
3273.012629 0.000216 
3271.845518 -0.000005 
3270.678406 -0.000017 
3269.511294 -0.000059 
3268.344183 -0.000121 
3267.177071 -0.000187 
3266.009959 -0.000140 
3264.842847 -0.000154 
3263.675736 -0.000301 
3262.508624 -0.000192 
3261.341512 -0.000197 
3260.174400 -0.000007 
3259.007289 -0.000063 
3257.840177 0.000182 
3256.673065 0.000107 
3255.505953 0.000387 
3254.338842 0.000484 
3253.171730 0.000618 
3252.004618 0.000506 
3250.837506 0.000479 
3249.670395 0.000318 
3248.503283 0.000060 
3247.336171 0.000173 
3246.169060 -0.000099 
3245.001948 -0.000141 
3243.834836 -0.000283 
3242.667724 -0.000152 
3241.500613 -0.000200 
3240.333501 0.000019 
3239.166389 -0.000034 
3237.999277 0.000361 
3236.832166 0.000432 
3235.665054 0.000378 
3234.497942 -0.000023 
3233.330830 -0.000162 
3232.163719 -0.000160 
3230.996607 -0.000185 
3229.829495 -0.000106 
3228.662383 -0.000100 
3227.495272 0.000103 
3226.328160 0.000200 
3225.161048 0.000228 
3223.993937 0.000131 
3222.826825 0.000202 
3221.659713 0.000099 
3220.492601 0.000311 
3219.325490 0.000188 
3218.158378 0.000243 
3216.991266 -0.000096 
3215.824154 -0.000088 
3214.657043 -0.000215 
3213.489931 -0.000074 
3212.322819 0.000002 
3211.155707 0.000031 
3209.988596 0.000124 
3208.821484 -0.000069 
3207.654372 -0.000064 
3206.487260 -0.000035 
3205.320149 0.000043 
3204.153037 -0.000014 
3202.985925 -0.000030 
3201.818813 -0.000118 
3200.651702 -0.000032 
3199.484590 -0.000121 
3198.317478 -0.000085 
3197.150367 -0.000175 
3195.983255 -0.000133 
3194.816143 -0.000151 
3193.649031 -0.000200 
3192.481920 -0.000098 
3191.314808 -0.000263 
3190.147696 -0.000189 
3188.980584 -0.000235 
3187.813473 -0.000076 
3186.646361 -0.000283 
3185.479249 -0.000175 
3184.312137 -0.000313 
3183.145026 -0.000255 
3181.977914 -0.000232 
3180.810802 -0.000012 
3179.643690 -0.000126 
3178.476579 -0.000151 
3177.309467 -0.000147 
3176.142355 -0.000105 
3174.975244 -0.000190 
3173.808132 -0.000242 
3172.641020 -0.000179 
3171.473908 -0.000168 
3170.306797 -0.000064 
3169.139685 -0.000133 
3167.972573 0.000033 
3166.805461 -0.000123 
3165.638350 0.000005 
3164.471238 -0.000067 
3163.304126 0.000005 
3162.137014 -0.000086 
3160.969903 -0.000079 
3159.802791 -0.000165 
3158.635679 -0.000136 
3157.468567 -0.000201 
3156.301456 -0.000130 
3155.134344 -0.000107 
3153.967232 -0.000183 
3152.800121 -0.000021 
3151.633009 0.000053 
3150.465897 0.000391 
3149.298785 0.000243 
3148.131674 0.000162 
3146.964562 -0.000220 
3145.797450 -0.000338 
3144.630338 -0.000494 
3143.463227 -0.000439 
3142.296115 -0.000441 
3141.129003 -0.000416 
3139.961891 -0.000464 
3138.794780 -0.000383 
3137.627668 -0.000439 
3136.460556 -0.000383 
3135.293444 -0.000355 
3134.126333 -0.000343 
3132.959221 -0.000208 
3131.792109 -0.000171 
3130.624998 -0.000005 
3129.457886 -0.000170 
3128.290774 -0.000110 
3127.123662 -0.000077 
3125.956551 -0.000028 
3124.789439 -0.000117 
3123.622327 0.000026 
3122.455215 0.000113 
3121.288104 0.000053 
3120.120992 0.000028 
3118.953880 -0.000096 
3117.786768 -0.000030 
3116.619657 -0.000127 
3115.452545 0.000000 
3114.285433 -0.000021 
3113.118321 0.000180 
3111.951210 -0.000004 
3110.784098 0.000090 
3109.616986 -0.000001 
3108.449874 -0.000038 
3107.282763 -0.000206 
3106.115651 -0.000060 
3104.948539 -0.000002 
3103.781428 -0.000035 
3102.614316 -0.000031 
3101.447204 -0.000179 
3100.280092 -0.000158 
3099.112981 -0.000138 
3097.945869 -0.000122 
3096.778757 -0.000150 
3095.611645 0.000086 
3094.444534 0.000022 
3093.277422 -0.000004 
3092.110310 -0.000093 
3090.943198 -0.000077 
3089.776087 -0.000231 
3088.608975 -0.000125 
3087.441863 -0.000227 
3086.274751 -0.000021 
3085.107640 -0.000058 
3083.940528 -0.000182 
3082.773416 -0.000122 
3081.606305 -0.000109 
3080.439193 -0.000062 
3079.272081 -0.000003 
3078.104969 0.000005 
3076.937858 0.000071 
3075.770746 0.000178 
3074.603634 -0.000004 
3073.436522 0.000143 
3072.269411 0.000006 
3071.102299 -0.000019 
3069.935187 -0.000003 
3068.768075 -0.000007 
3067.600964 0.000038 
3066.433852 0.000102 
3065.266740 -0.000015 
3064.099628 0.000030 
3062.932517 0.000109 
3061.765405 0.000045 
3060.598293 0.000101 
3059.431182 0.000088 
3058.264070 0.000130 
3057.096958 0.000117 
3055.929846 0.000045 
3054.762735 0.000017 
3053.595623 0.000156 
3052.428511 0.000194 
3051.261399 0.000217 
3050.094288 0.000254 
3048.927176 0.000304 
3047.760064 0.000502 
3046.592952 0.000534 
3045.425841 0.000676 
3044.258729 0.000647 
3043.091617 0.000742 
3041.924505 0.000796 
3040.757394 0.000929 
3039.590282 0.000840 
3038.423170 0.001073 
3037.256058 0.000934 
3036.088947 0.001098 
3034.921835 0.001228 
3033.754723 0.001375 
3032.587612 0.001438 
3031.420500 0.001463 
3030.253388 0.001625 
3029.086276 0.001786 
3027.919165 0.001989 
3026.752053 0.002050 
3025.584941 0.002169 
3024.417829 0.002214 
3023.250718 0.002432 
3022.083606 0.002423 
3020.916494 0.002578 
3019.749382 0.002568 
3018.582271 0.002907 
3017.415159 0.003170 
3016.248047 0.003395 
3015.080935 0.003422 
3013.913824 0.003605 
3012.746712 0.003844 
3011.579600 0.004073 
3010.412489 0.004493 
3009.245377 0.005060 
3008.078265 0.005686 
3006.911153 0.006301 
3005.744042 0.007161 
3004.576930 0.008063 
3003.409818 0.009395 
3002.242706 0.010982 
3001.075595 0.013149 
2999.908483 0.015920 
2998.741371 0.019345 
2997.574259 0.023631 
2996.407148 0.030101 
2995.240036 0.040861 
2994.072924 0.059903 
2992.905812 0.097076 
2991.738701 0.172508 
2990.571589 0.285316 
2989.404477 0.326285 
2988.237366 0.271572 
2987.070254 0.268694 
2985.903142 0.384322 
2984.736030 0.463676 
2983.568919 0.327483 
2982.401807 0.201911 
2981.234695 0.150083 
2980.067583 0.125768 
2978.900472 0.091936 
2977.733360 0.066968 
2976.566248 0.057217 
2975.399136 0.055344 
2974.232025 0.054856 
2973.064913 0.054300 
2971.897801 0.051883 
2970.730689 0.048502 
2969.563578 0.044419 
2968.396466 0.039855 
2967.229354 0.035758 
2966.062243 0.033533 
2964.895131 0.033275 
2963.728019 0.035447 
2962.560907 0.039008 
2961.393796 0.043136 
2960.226684 0.048121 
2959.059572 0.054537 
2957.892460 0.062258 
2956.725349 0.070469 
2955.558237 0.078381 
2954.391125 0.084641 
2953.224013 0.089041 
2952.056902 0.091740 
2950.889790 0.092847 
2949.722678 0.093251 
2948.555566 0.095284 
2947.388455 0.098981 
2946.221343 0.101859 
2945.054231 0.103646 
2943.887119 0.108101 
2942.720008 0.114718 
2941.552896 0.122053 
2940.385784 0.129554 
2939.218673 0.135999 
2938.051561 0.142300 
2936.884449 0.148480 
2935.717337 0.154772 
2934.550226 0.162038 
2933.383114 0.172689 
2932.216002 0.185031 
2931.048890 0.195468 
2929.881779 0.204191 
2928.714667 0.212929 
2927.547555 0.221540 
2926.380443 0.229669 
2925.213332 0.236280 
2924.046220 0.241607 
2922.879108 0.248154 
2921.711996 0.252418 
2920.544885 0.243389 
2919.377773 0.220145 
2918.210661 0.193172 
2917.043550 0.171005 
2915.876438 0.154387 
2914.709326 0.141989 
2913.542214 0.131105 
2912.375103 0.119617 
2911.207991 0.110379 
2910.040879 0.105039 
2908.873767 0.104162 
2907.706656 0.107425 
2906.539544 0.116938 
2905.372432 0.131316 
2904.205320 0.144391 
2903.038209 0.152067 
2901.871097 0.153756 
2900.703985 0.151445 
2899.536873 0.150914 
2898.369762 0.160202 
2897.202650 0.178843 
2896.035538 0.199096 
2894.868427 0.216936 
2893.701315 0.233703 
2892.534203 0.252229 
2891.367091 0.279221 
2890.199980 0.323512 
2889.032868 0.380191 
2887.865756 0.425927 
2886.698644 0.415151 
2885.531533 0.336876 
2884.364421 0.248423 
2883.197309 0.184695 
2882.030197 0.145330 
2880.863086 0.123788 
2879.695974 0.114506 
2878.528862 0.113761 
2877.361750 0.117618 
2876.194639 0.126717 
2875.027527 0.141867 
2873.860415 0.163109 
2872.693303 0.186777 
2871.526192 0.202265 
2870.359080 0.181955 
2869.191968 0.131703 
2868.024857 0.090966 
2866.857745 0.067254 
2865.690633 0.054140 
2864.523521 0.046753 
2863.356410 0.042283 
2862.189298 0.039120 
2861.022186 0.036031 
2859.855074 0.032166 
2858.687963 0.028106 
2857.520851 0.024178 
2856.353739 0.020916 
2855.186627 0.018292 
2854.019516 0.016501 
2852.852404 0.015210 
2851.685292 0.014173 
2850.518180 0.013396 
2849.351069 0.012729 
2848.183957 0.012148 
2847.016845 0.011439 
2845.849734 0.010642 
2844.682622 0.009944 
2843.515510 0.010168 
2842.348398 0.010572 
2841.181287 0.011093 
2840.014175 0.011563 
2838.847063 0.012244 
2837.679951 0.013026 
2836.512840 0.014293 
2835.345728 0.015854 
2834.178616 0.017907 
2833.011504 0.020689 
2831.844393 0.024425 
2830.677281 0.029531 
2829.510169 0.036679 
2828.343057 0.048113 
2827.175946 0.067008 
2826.008834 0.103769 
2824.841722 0.181643 
2823.674611 0.345605 
2822.507499 0.548069 
2821.340387 0.505856 
2820.173275 0.317068 
2819.006164 0.209434 
2817.839052 0.183604 
2816.671940 0.238555 
2815.504828 0.427461 
2814.337717 0.656573 
2813.170605 0.488913 
2812.003493 0.241262 
2810.836381 0.124284 
2809.669270 0.072630 
2808.502158 0.045982 
2807.335046 0.031396 
2806.167934 0.022994 
2805.000823 0.017373 
2803.833711 0.013717 
2802.666599 0.010900 
2801.499488 0.008881 
2800.332376 0.007367 
2799.165264 0.006243 
2797.998152 0.005304 
2796.831041 0.004562 
2795.663929 0.004016 
2794.496817 0.003500 
2793.329705 0.003203 
2792.162594 0.002919 
2790.995482 0.002676 
2789.828370 0.002455 
2788.661258 0.002349 
2787.494147 0.002129 
2786.327035 0.002019 
2785.159923 0.001816 
2783.992811 0.001774 
2782.825700 0.001524 
2781.658588 0.001447 
2780.491476 0.001274 
2779.324364 0.001096 
2778.157253 0.000979 
2776.990141 0.000795 
2775.823029 0.000611 
2774.655918 0.000429 
2773.488806 0.000315 
2772.321694 0.000039 
2771.154582 0.000021 
2769.987471 -0.000081 
2768.820359 -0.000073 
2767.653247 -0.000123 
2766.486135 -0.000138 
2765.319024 -0.000323 
2764.151912 -0.000293 
2762.984800 -0.000271 
2761.817688 -0.000271 
2760.650577 -0.000273 
2759.483465 -0.000215 
2758.316353 -0.000184 
2757.149241 -0.000099 
2755.982130 0.000012 
2754.815018 -0.000115 
2753.647906 -0.000013 
2752.480795 -0.000114 
2751.313683 -0.000109 
2750.146571 -0.000193 
2748.979459 -0.000118 
2747.812348 -0.000282 
2746.645236 -0.000171 
2745.478124 -0.000248 
2744.311012 -0.000259 
2743.143901 -0.000243 
2741.976789 -0.000184 
2740.809677 -0.000010 
2739.642565 0.000141 
2738.475454 0.000317 
2737.308342 0.000421 
2736.141230 0.000645 
2734.974118 0.000743 
2733.807007 0.000866 
2732.639895 0.000892 
2731.472783 0.000815 
2730.305672 0.000564 
2729.138560 0.000396 
2727.971448 0.000185 
2726.804336 0.000132 
2725.637225 0.000136 
2724.470113 0.000198 
2723.303001 0.000372 
2722.135889 0.000673 
2720.968778 0.000986 
2719.801666 0.001227 
2718.634554 0.001593 
2717.467442 0.001790 
2716.300331 0.002236 
2715.133219 0.002614 
2713.966107 0.003119 
2712.798995 0.003449 
2711.631884 0.003660 
2710.464772 0.003498 
2709.297660 0.003308 
2708.130548 0.002937 
2706.963437 0.002811 
2705.796325 0.002717 
2704.629213 0.002798 
2703.462102 0.002809 
2702.294990 0.002731 
2701.127878 0.002577 
2699.960766 0.002115 
2698.793655 0.001817 
2697.626543 0.001486 
2696.459431 0.001390 
2695.292319 0.001134 
2694.125208 0.001017 
2692.958096 0.000815 
2691.790984 0.000700 
2690.623872 0.000669 
2689.456761 0.000549 
2688.289649 0.000408 
2687.122537 0.000224 
2685.955425 0.000044 
2684.788314 0.000010 
2683.621202 -0.000015 
2682.454090 -0.000074 
2681.286979 -0.000002 
2680.119867 -0.000111 
2678.952755 0.000001 
2677.785643 -0.000041 
2676.618532 0.000078 
2675.451420 0.000116 
2674.284308 0.000173 
2673.117196 0.000055 
2671.950085 0.000095 
2670.782973 0.000037 
2669.615861 0.000167 
2668.448749 0.000398 
2667.281638 0.000391 
2666.114526 0.000526 
2664.947414 0.000467 
2663.780302 0.000621 
2662.613191 0.000767 
2661.446079 0.000950 
2660.278967 0.001202 
2659.111856 0.001824 
2657.944744 0.002397 
2656.777632 0.002653 
2655.610520 0.002063 
2654.443409 0.001419 
2653.276297 0.001047 
2652.109185 0.000866 
2650.942073 0.000817 
2649.774962 0.000819 
2648.607850 0.000925 
2647.440738 0.000943 
2646.273626 0.001145 
2645.106515 0.001065 
2643.939403 0.000891 
2642.772291 0.000721 
2641.605179 0.000755 
2640.438068 0.000694 
2639.270956 0.000936 
2638.103844 0.001074 
2636.936733 0.001289 
2635.769621 0.001482 
2634.602509 0.001763 
2633.435397 0.001961 
2632.268286 0.002039 
2631.101174 0.002174 
2629.934062 0.002258 
2628.766950 0.002337 
2627.599839 0.002432 
2626.432727 0.002388 
2625.265615 0.002061 
2624.098503 0.001894 
2622.931392 0.001795 
2621.764280 0.001911 
2620.597168 0.001852 
2619.430056 0.001823 
2618.262945 0.001729 
2617.095833 0.001809 
2615.928721 0.001741 
2614.761609 0.001531 
2613.594498 0.001292 
2612.427386 0.001143 
2611.260274 0.001184 
2610.093163 0.001171 
2608.926051 0.001166 
2607.758939 0.001065 
2606.591827 0.001121 
2605.424716 0.001198 
2604.257604 0.001299 
2603.090492 0.001299 
2601.923380 0.001313 
2600.756269 0.001388 
2599.589157 0.001653 
2598.422045 0.001931 
2597.254933 0.001928 
2596.087822 0.001772 
2594.920710 0.001566 
2593.753598 0.001570 
2592.586486 0.001654 
2591.419375 0.001823 
2590.252263 0.001562 
2589.085151 0.000932 
2587.918040 0.000414 
2586.750928 0.000253 
2585.583816 0.000130 
2584.416704 0.000034 
2583.249593 -0.000054 
2582.082481 -0.000000 
2580.915369 0.000212 
2579.748257 0.000322 
2578.581146 0.000464 
2577.414034 0.000609 
2576.246922 0.000903 
2575.079810 0.001219 
2573.912699 0.001968 
2572.745587 0.003059 
2571.578475 0.004037 
2570.411363 0.003139 
2569.244252 0.001704 
2568.077140 0.000764 
2566.910028 0.000326 
2565.742917 0.000009 
2564.575805 -0.000092 
2563.408693 -0.000099 
2562.241581 -0.000145 
2561.074470 -0.000087 
2559.907358 -0.000170 
2558.740246 -0.000031 
2557.573134 -0.000125 
2556.406023 -0.000070 
2555.238911 -0.000156 
2554.071799 -0.000046 
2552.904687 -0.000126 
2551.737576 -0.000016 
2550.570464 -0.000071 
2549.403352 0.000013 
2548.236240 0.000080 
2547.069129 0.000241 
2545.902017 0.000420 
2544.734905 0.000575 
2543.567794 0.000592 
2542.400682 0.000597 
2541.233570 0.000667 
2540.066458 0.000596 
2538.899347 0.000725 
2537.732235 0.000904 
2536.565123 0.001126 
2535.398011 0.001300 
2534.230900 0.001473 
2533.063788 0.001154 
2531.896676 0.000675 
2530.729564 0.000274 
2529.562453 0.000124 
2528.395341 0.000029 
2527.228229 -0.000020 
2526.061117 0.000012 
2524.894006 0.000048 
2523.726894 0.000042 
2522.559782 0.000015 
2521.392670 0.000074 
2520.225559 0.000050 
2519.058447 0.000094 
2517.891335 0.000000 
2516.724224 0.000007 
2515.557112 0.000038 
2514.390000 0.000069 
2513.222888 0.000041 
2512.055777 0.000049 
2510.888665 0.000025 
2509.721553 0.000027 
2508.554441 0.000052 
2507.387330 0.000010 
2506.220218 0.000083 
2505.053106 0.000118 
2503.885994 0.000247 
2502.718883 0.000353 
2501.551771 0.000697 
2500.384659 0.000846 
2499.217547 0.001197 
2498.050436 0.001352 
2496.883324 0.001423 
2495.716212 0.001336 
2494.549101 0.001302 
2493.381989 0.001191 
2492.214877 0.001025 
2491.047765 0.000825 
2489.880654 0.000682 
2488.713542 0.000592 
2487.546430 0.000441 
2486.379318 0.000358 
2485.212207 0.000279 
2484.045095 0.000333 
2482.877983 0.000194 
2481.710871 0.000188 
2480.543760 0.000109 
2479.376648 0.000095 
2478.209536 0.000029 
2477.042424 0.000098 
2475.875313 0.000107 
2474.708201 0.000084 
2473.541089 0.000060 
2472.373978 0.000056 
2471.206866 0.000111 
2470.039754 -0.000020 
2468.872642 0.000047 
2467.705531 -0.000004 
2466.538419 0.000071 
2465.371307 -0.000072 
2464.204195 0.000015 
2463.037084 -0.000014 
2461.869972 -0.000049 
2460.702860 -0.000057 
2459.535748 0.000022 
2458.368637 -0.000032 
2457.201525 -0.000021 
2456.034413 0.000002 
2454.867301 0.000005 
2453.700190 0.000104 
2452.533078 0.000115 
2451.365966 0.000103 
2450.198854 -0.000022 
2449.031743 0.000047 
2447.864631 0.000025 
2446.697519 0.000136 
2445.530408 0.000092 
2444.363296 0.000107 
2443.196184 0.000062 
2442.029072 0.000101 
2440.861961 0.000125 
2439.694849 0.000129 
2438.527737 0.000172 
2437.360625 0.000174 
2436.193514 0.000269 
2435.026402 0.000265 
2433.859290 0.000334 
2432.692178 0.000342 
2431.525067 0.000497 
2430.357955 0.000570 
2429.190843 0.000881 
2428.023731 0.001090 
2426.856620 0.001333 
2425.689508 0.001309 
2424.522396 0.001419 
2423.355285 0.001241 
2422.188173 0.001310 
2421.021061 0.001342 
2419.853949 0.001547 
2418.686838 0.001801 
2417.519726 0.002083 
2416.352614 0.002577 
2415.185502 0.002959 
2414.018391 0.003569 
2412.851279 0.004275 
2411.684167 0.005369 
2410.517055 0.006795 
2409.349944 0.009107 
2408.182832 0.010866 
2407.015720 0.009806 
2405.848608 0.006881 
2404.681497 0.004771 
2403.514385 0.003232 
2402.347273 0.002355 
2401.180162 0.001808 
2400.013050 0.001441 
2398.845938 0.001320 
2397.678826 0.001228 
2396.511715 0.001102 
2395.344603 0.000861 
2394.177491 0.000780 
2393.010379 0.000723 
2391.843268 0.000781 
2390.676156 0.000717 
2389.509044 0.000681 
2388.341932 0.000618 
2387.174821 0.000672 
2386.007709 0.000675 
2384.840597 0.000649 
2383.673485 0.000598 
2382.506374 0.000573 
2381.339262 0.000562 
2380.172150 0.000441 
2379.005039 0.000501 
2377.837927 0.000382 
2376.670815 0.000455 
2375.503703 0.000335 
2374.336592 0.000246 
2373.169480 -0.000022 
2372.002368 -0.000218 
2370.835256 -0.000513 
2369.668145 -0.000679 
2368.501033 -0.000878 
2367.333921 -0.000943 
2366.166809 -0.000966 
2364.999698 -0.000950 
2363.832586 -0.000860 
2362.665474 -0.000802 
2361.498362 -0.000553 
2360.331251 -0.000448 
2359.164139 -0.000163 
2357.997027 -0.000056 
2356.829915 0.000160 
2355.662804 -0.000001 
2354.495692 0.000294 
2353.328580 0.000478 
2352.161469 0.000788 
2350.994357 0.000955 
2349.827245 0.001247 
2348.660133 0.001440 
2347.493022 0.001525 
2346.325910 0.001604 
2345.158798 0.001409 
2343.991686 0.000883 
2342.824575 0.000393 
2341.657463 0.000283 
2340.490351 -0.000059 
2339.323239 -0.000129 
2338.156128 -0.000042 
2336.989016 0.000192 
2335.821904 0.000565 
2334.654792 0.002080 
2333.487681 0.002775 
2332.320569 0.002130 
2331.153457 0.001403 
2329.986346 0.000902 
2328.819234 0.000786 
2327.652122 0.001004 
2326.485010 0.000975 
2325.317899 0.001032 
2324.150787 0.001158 
2322.983675 0.001330 
2321.816563 0.002704 
2320.649452 0.003806 
2319.482340 0.003295 
2318.315228 0.001719 
2317.148116 0.001259 
2315.981005 0.001216 
2314.813893 0.001009 
2313.646781 0.000866 
2312.479669 0.000833 
2311.312558 0.000896 
2310.145446 0.000917 
2308.978334 0.000920 
2307.811223 0.000947 
2306.644111 0.000991 
2305.476999 0.000756 
2304.309887 0.000529 
2303.142776 0.000292 
2301.975664 0.000258 
2300.808552 0.000069 
2299.641440 0.000152 
2298.474329 0.000097 
2297.307217 0.000138 
2296.140105 0.000048 
2294.972993 0.000113 
2293.805882 0.000060 
2292.638770 0.000092 
2291.471658 0.000149 
2290.304546 0.000056 
2289.137435 0.000037 
2287.970323 -0.000026 
2286.803211 0.000017 
2285.636099 -0.000130 
2284.468988 -0.000034 
2283.301876 -0.000218 
2282.134764 -0.000029 
2280.967653 -0.000165 
2279.800541 -0.000041 
2278.633429 -0.000104 
2277.466317 -0.000028 
2276.299206 -0.000167 
2275.132094 -0.000210 
2273.964982 -0.000139 
2272.797870 -0.000155 
2271.630759 -0.000081 
2270.463647 -0.000097 
2269.296535 -0.000077 
2268.129423 -0.000196 
2266.962312 -0.000018 
2265.795200 -0.000102 
2264.628088 0.000079 
2263.460976 -0.000036 
2262.293865 0.000067 
2261.126753 0.000036 
2259.959641 0.000224 
2258.792530 0.000149 
2257.625418 0.000205 
2256.458306 0.000205 
2255.291194 0.000178 
2254.124083 0.000360 
2252.956971 0.000436 
2251.789859 0.000547 
2250.622747 0.000498 
2249.455636 0.000963 
2248.288524 0.002120 
2247.121412 0.004287 
2245.954300 0.003428 
2244.787189 0.001889 
2243.620077 0.001113 
2242.452965 0.000811 
2241.285853 0.000560 
2240.118742 0.000623 
2238.951630 0.000711 
2237.784518 0.000765 
2236.617407 0.000834 
2235.450295 0.000880 
2234.283183 0.001080 
2233.116071 0.000966 
2231.948960 0.000940 
2230.781848 0.000591 
2229.614736 0.000622 
2228.447624 0.000394 
2227.280513 0.000503 
2226.113401 0.000307 
2224.946289 0.000425 
2223.779177 0.000264 
2222.612066 0.000298 
2221.444954 0.000282 
2220.277842 0.000310 
2219.110730 0.000295 
2217.943619 0.000271 
2216.776507 0.000383 
2215.609395 0.000280 
2214.442284 0.000350 
2213.275172 0.000216 
2212.108060 0.000346 
2210.940948 0.000160 
2209.773837 0.000277 
2208.606725 0.000145 
2207.439613 0.000296 
2206.272501 0.000130 
2205.105390 0.000221 
2203.938278 0.000179 
2202.771166 0.000191 
2201.604054 0.000147 
2200.436943 0.000044 
2199.269831 0.000110 
2198.102719 0.000007 
2196.935607 0.000075 
2195.768496 0.000023 
2194.601384 0.000358 
2193.434272 0.000498 
2192.267160 0.000912 
2191.100049 0.001013 
2189.932937 0.001400 
2188.765825 0.001450 
2187.598714 0.001659 
2186.431602 0.001722 
2185.264490 0.001917 
2184.097378 0.001996 
2182.930267 0.002123 
2181.763155 0.002332 
2180.596043 0.002569 
2179.428931 0.002915 
2178.261820 0.003204 
2177.094708 0.004214 
2175.927596 0.003938 
2174.760484 0.003269 
2173.593373 0.002633 
2172.426261 0.002571 
2171.259149 0.002334 
2170.092037 0.002456 
2168.924926 0.002603 
2167.757814 0.003181 
2166.590702 0.003745 
2165.423591 0.004381 
2164.256479 0.005274 
2163.089367 0.006612 
2161.922255 0.008428 
2160.755144 0.008676 
2159.588032 0.006838 
2158.420920 0.004215 
2157.253808 0.002786 
2156.086697 0.001703 
2154.919585 0.001419 
2153.752473 0.001000 
2152.585361 0.000898 
2151.418250 0.000662 
2150.251138 0.000650 
2149.084026 0.000531 
2147.916914 0.000482 
2146.749803 0.000570 
2145.582691 0.000648 
2144.415579 0.000553 
2143.248468 0.000386 
2142.081356 0.000424 
2140.914244 0.000239 
2139.747132 0.000278 
2138.580021 0.000071 
2137.412909 0.000204 
2136.245797 0.000092 
2135.078685 0.000334 
2133.911574 0.000214 
2132.744462 0.000248 
2131.577350 0.000119 
2130.410238 0.000152 
2129.243127 0.000054 
2128.076015 -0.000017 
2126.908903 -0.000003 
2125.741791 -0.000053 
2124.574680 -0.000016 
2123.407568 -0.000070 
2122.240456 0.000093 
2121.073344 -0.000117 
2119.906233 0.000056 
2118.739121 -0.000170 
2117.572009 -0.000013 
2116.404898 -0.000170 
2115.237786 -0.000023 
2114.070674 -0.000151 
2112.903562 -0.000025 
2111.736451 -0.000004 
2110.569339 0.000079 
2109.402227 0.000014 
2108.235115 -0.000007 
2107.068004 0.000067 
2105.900892 0.000107 
2104.733780 0.000375 
2103.566668 0.000444 
2102.399557 0.000693 
2101.232445 0.000631 
2100.065333 0.000964 
2098.898221 0.001013 
2097.731110 0.001420 
2096.563998 0.001701 
2095.396886 0.002270 
2094.229775 0.002772 
2093.062663 0.003641 
2091.895551 0.004893 
2090.728439 0.006220 
2089.561328 0.006360 
2088.394216 0.005271 
2087.227104 0.004830 
2086.059992 0.004850 
2084.892881 0.005429 
2083.725769 0.005671 
2082.558657 0.006504 
2081.391545 0.007796 
2080.224434 0.010721 
2079.057322 0.013269 
2077.890210 0.015699 
2076.723098 0.020318 
2075.555987 0.037843 
2074.388875 0.052523 
2073.221763 0.028242 
2072.054652 0.011872 
2070.887540 0.008615 
2069.720428 0.005628 
2068.553316 0.002895 
2067.386205 0.001882 
2066.219093 0.001275 
2065.051981 0.001060 
2063.884869 0.000723 
2062.717758 0.000872 
2061.550646 0.001094 
2060.383534 0.001864 
2059.216422 0.001175 
2058.049311 0.000531 
2056.882199 0.000232 
2055.715087 0.000267 
2054.547975 0.000194 
2053.380864 0.000062 
2052.213752 0.000083 
2051.046640 -0.000021 
2049.879529 0.000165 
2048.712417 0.000009 
2047.545305 0.000069 
2046.378193 -0.000094 
2045.211082 0.000090 
2044.043970 -0.000024 
2042.876858 0.000013 
2041.709746 -0.000102 
2040.542635 0.000102 
2039.375523 0.000052 
2038.208411 0.000064 
2037.041299 -0.000060 
2035.874188 -0.000051 
2034.707076 -0.000020 
2033.539964 -0.000097 
2032.372852 0.000081 
2031.205741 -0.000100 
2030.038629 0.000003 
2028.871517 -0.000082 
2027.704405 0.000161 
2026.537294 -0.000033 
2025.370182 0.000128 
2024.203070 0.000025 
2023.035959 0.000383 
2021.868847 0.000672 
2020.701735 0.001318 
2019.534623 0.001797 
2018.367512 0.001882 
2017.200400 0.002181 
2016.033288 0.002457 
2014.866176 0.002849 
2013.699065 0.003262 
2012.531953 0.004206 
2011.364841 0.004753 
2010.197729 0.005308 
2009.030618 0.005984 
2007.863506 0.007586 
2006.696394 0.008909 
2005.529282 0.009842 
2004.362171 0.010299 
2003.195059 0.012129 
2002.027947 0.024596 
2000.860836 0.066634 
1999.693724 0.067016 
1998.526612 0.026360 
1997.359500 0.010037 
1996.192389 0.004159 
1995.025277 0.002099 
1993.858165 0.001059 
1992.691053 0.000823 
1991.523942 0.000365 
1990.356830 0.000360 
1989.189718 0.000127 
1988.022606 0.000253 
1986.855495 0.000118 
1985.688383 0.000304 
1984.521271 0.000811 
1983.354159 0.002325 
1982.187048 0.001589 
1981.019936 0.000440 
1979.852824 0.000134 
1978.685713 -0.000061 
1977.518601 -0.000055 
1976.351489 -0.000209 
1975.184377 -0.000098 
1974.017266 -0.000189 
1972.850154 0.000028 
1971.683042 -0.000209 
1970.515930 -0.000008 
1969.348819 -0.000169 
1968.181707 -0.000031 
1967.014595 0.000066 
1965.847483 0.000109 
1964.680372 -0.000067 
1963.513260 -0.000105 
1962.346148 -0.000077 
1961.179036 -0.000143 
1960.011925 -0.000056 
1958.844813 -0.000136 
1957.677701 -0.000035 
1956.510589 -0.000241 
1955.343478 -0.000008 
1954.176366 -0.000052 
1953.009254 0.000058 
1951.842143 -0.000191 
1950.675031 0.000035 
1949.507919 -0.000094 
1948.340807 -0.000019 
1947.173696 -0.000059 
1946.006584 -0.000054 
1944.839472 0.000058 
1943.672360 0.000016 
1942.505249 0.000060 
1941.338137 -0.000033 
1940.171025 0.000137 
1939.003913 -0.000016 
1937.836802 0.000148 
1936.669690 -0.000021 
1935.502578 0.000140 
1934.335466 -0.000059 
1933.168355 0.000164 
1932.001243 -0.000006 
1930.834131 0.000080 
1929.667020 0.000003 
1928.499908 0.000070 
1927.332796 0.000029 
1926.165684 -0.000018 
1924.998573 0.000036 
1923.831461 -0.000025 
1922.664349 0.000025 
1921.497237 -0.000131 
1920.330126 0.000064 
1919.163014 -0.000067 
1917.995902 0.000096 
1916.828790 -0.000137 
1915.661679 0.000031 
1914.494567 -0.000144 
1913.327455 -0.000016 
1912.160343 -0.000159 
1910.993232 0.000012 
1909.826120 -0.000030 
1908.659008 -0.000012 
1907.491897 -0.000039 
1906.324785 -0.000063 
1905.157673 0.000008 
1903.990561 -0.000183 
1902.823450 -0.000079 
1901.656338 -0.000186 
1900.489226 0.000007 
1899.322114 -0.000175 
1898.155003 -0.000024 
1896.987891 -0.000182 
1895.820779 0.000031 
1894.653667 -0.000117 
1893.486556 -0.000063 
1892.319444 -0.000105 
1891.152332 0.000017 
1889.985220 0.000014 
1888.818109 -0.000008 
1887.650997 0.000059 
1886.483885 -0.000006 
1885.316774 0.000043 
1884.149662 -0.000056 
1882.982550 0.000106 
1881.815438 -0.000064 
1880.648327 0.000124 
1879.481215 -0.000004 
1878.314103 0.000127 
1877.146991 0.000044 
1875.979880 0.000116 
1874.812768 -0.000013 
1873.645656 0.000009 
1872.478544 0.000001 
1871.311433 -0.000039 
1870.144321 -0.000044 
1868.977209 -0.000101 
1867.810097 0.000091 
1866.642986 -0.000026 
1865.475874 0.000170 
1864.308762 -0.000094 
1863.141650 0.000128 
1861.974539 -0.000010 
1860.807427 0.000249 
1859.640315 0.000119 
1858.473204 0.000356 
1857.306092 0.000295 
1856.138980 0.000413 
1854.971868 0.000375 
1853.804757 0.000296 
1852.637645 0.000233 
1851.470533 0.000160 
1850.303421 0.000152 
1849.136310 -0.000051 
1847.969198 0.000086 
1846.802086 -0.000202 
1845.634974 -0.000056 
1844.467863 -0.000242 
1843.300751 0.000254 
1842.133639 0.000491 
1840.966527 0.000903 
1839.799416 0.001039 
1838.632304 0.001353 
1837.465192 0.001462 
1836.298081 0.002041 
1835.130969 0.002862 
1833.963857 0.003366 
1832.796745 0.003327 
1831.629634 0.003296 
1830.462522 0.005598 
1829.295410 0.007828 
1828.128298 0.004474 
1826.961187 0.003033 
1825.794075 0.003050 
1824.626963 0.001519 
1823.459851 0.000907 
1822.292740 0.000476 
1821.125628 0.000440 
1819.958516 0.000254 
1818.791404 0.000243 
1817.624293 0.000105 
1816.457181 0.000137 
1815.290069 0.000354 
1814.122958 0.000311 
1812.955846 0.000345 
1811.788734 0.000108 
1810.621622 0.000372 
1809.454511 0.000316 
1808.287399 0.000295 
1807.120287 -0.000000 
1805.953175 0.000122 
1804.786064 -0.000113 
1803.618952 0.000129 
1802.451840 -0.000057 
1801.284728 0.000003 
1800.117617 -0.000075 
1798.950505 -0.000056 
1797.783393 -0.000055 
1796.616281 -0.000158 
1795.449170 -0.000031 
1794.282058 -0.000138 
1793.114946 0.000004 
1791.947835 -0.000209 
1790.780723 -0.000010 
1789.613611 -0.000190 
1788.446499 0.000036 
1787.279388 -0.000131 
1786.112276 0.000024 
1784.945164 -0.000135 
1783.778052 0.000049 
1782.610941 -0.000015 
1781.443829 0.000043 
1780.276717 -0.000016 
1779.109605 0.000014 
1777.942494 0.000084 
1776.775382 -0.000005 
1775.608270 0.000073 
1774.441158 -0.000022 
1773.274047 0.000094 
1772.106935 -0.000101 
1770.939823 0.000186 
1769.772711 0.000002 
1768.605600 0.000177 
1767.438488 0.000032 
1766.271376 0.000294 
1765.104265 0.000169 
1763.937153 0.000270 
1762.770041 0.000276 
1761.602929 0.000274 
1760.435818 0.000327 
1759.268706 0.000371 
1758.101594 0.000528 
1756.934482 0.000366 
1755.767371 0.000611 
1754.600259 0.000458 
1753.433147 0.000691 
1752.266035 0.000495 
1751.098924 0.000636 
1749.931812 0.000583 
1748.764700 0.000766 
1747.597588 0.000677 
1746.430477 0.000813 
1745.263365 0.000760 
1744.096253 0.000932 
1742.929142 0.001023 
1741.762030 0.001069 
1740.594918 0.001259 
1739.427806 0.001176 
1738.260695 0.001534 
1737.093583 0.001465 
1735.926471 0.001727 
1734.759359 0.001531 
1733.592248 0.001816 
1732.425136 0.001925 
1731.258024 0.002317 
1730.090912 0.002264 
1728.923801 0.002490 
1727.756689 0.002530 
1726.589577 0.002669 
1725.422465 0.002677 
1724.255354 0.002682 
1723.088242 0.002802 
1721.921130 0.002733 
1720.754019 0.002901 
1719.586907 0.002614 
1718.419795 0.002624 
1717.252683 0.002245 
1716.085572 0.002567 
1714.918460 0.002256 
1713.751348 0.002491 
1712.584236 0.002320 
1711.417125 0.002546 
1710.250013 0.002358 
1709.082901 0.002476 
1707.915789 0.002407 
1706.748678 0.002445 
1705.581566 0.002489 
1704.414454 0.002415 
1703.247342 0.002576 
1702.080231 0.002523 
1700.913119 0.002653 
1699.746007 0.002495 
1698.578895 0.002968 
1697.411784 0.002788 
1696.244672 0.002899 
1695.077560 0.002769 
1693.910449 0.003275 
1692.743337 0.003179 
1691.576225 0.003413 
1690.409113 0.003366 
1689.242002 0.003445 
1688.074890 0.003475 
1686.907778 0.003488 
1685.740666 0.003452 
1684.573555 0.003109 
1683.406443 0.003424 
1682.239331 0.003357 
1681.072219 0.003618 
1679.905108 0.003421 
1678.737996 0.003667 
1677.570884 0.003408 
1676.403772 0.003558 
1675.236661 0.003269 
1674.069549 0.003469 
1672.902437 0.003388 
1671.735326 0.003392 
1670.568214 0.003311 
1669.401102 0.003230 
1668.233990 0.003263 
1667.066879 0.003182 
1665.899767 0.003259 
1664.732655 0.003017 
1663.565543 0.003070 
1662.398432 0.002825 
1661.231320 0.003002 
1660.064208 0.002774 
1658.897096 0.003030 
1657.729985 0.002894 
1656.562873 0.003081 
1655.395761 0.002851 
1654.228649 0.002802 
1653.061538 0.002511 
1651.894426 0.002645 
1650.727314 0.002866 
1649.560203 0.002828 
1648.393091 0.002870 
1647.225979 0.002649 
1646.058867 0.002740 
1644.891756 0.002618 
1643.724644 0.002766 
1642.557532 0.002512 
1641.390420 0.002705 
1640.223309 0.002372 
1639.056197 0.002629 
1637.889085 0.002503 
1636.721973 0.002550 
1635.554862 0.002310 
1634.387750 0.002368 
1633.220638 0.002353 
1632.053526 0.002309 
1630.886415 0.002384 
1629.719303 0.002336 
1628.552191 0.002585 
1627.385080 0.002482 
1626.217968 0.002805 
1625.050856 0.002596 
1623.883744 0.002791 
1622.716633 0.002633 
1621.549521 0.003024 
1620.382409 0.002954 
1619.215297 0.003229 
1618.048186 0.003078 
1616.881074 0.003041 
1615.713962 0.003088 
1614.546850 0.003222 
1613.379739 0.003257 
1612.212627 0.003241 
1611.045515 0.003441 
1609.878403 0.003427 
1608.711292 0.003726 
1607.544180 0.003715 
1606.377068 0.004114 
1605.209956 0.004068 
1604.042845 0.004498 
1602.875733 0.004442 
1601.708621 0.004751 
1600.541510 0.004660 
1599.374398 0.004903 
1598.207286 0.004995 
1597.040174 0.005261 
1595.873063 0.005662 
1594.705951 0.006116 
1593.538839 0.006899 
1592.371727 0.007502 
1591.204616 0.008399 
1590.037504 0.008661 
1588.870392 0.008965 
1587.703280 0.008468 
1586.536169 0.008084 
1585.369057 0.007106 
1584.201945 0.006516 
1583.034833 0.005717 
1581.867722 0.005385 
1580.700610 0.004913 
1579.533498 0.004684 
1578.366387 0.004406 
1577.199275 0.004140 
1576.032163 0.003981 
1574.865051 0.003945 
1573.697940 0.004073 
1572.530828 0.003823 
1571.363716 0.004056 
1570.196604 0.003820 
1569.029493 0.004043 
1567.862381 0.003882 
1566.695269 0.004144 
1565.528157 0.003967 
1564.361046 0.004236 
1563.193934 0.004185 
1562.026822 0.004301 
1560.859710 0.004201 
1559.692599 0.004119 
1558.525487 0.004211 
1557.358375 0.004330 
1556.191264 0.004623 
1555.024152 0.004420 
1553.857040 0.004488 
1552.689928 0.004396 
1551.522817 0.004782 
1550.355705 0.004705 
1549.188593 0.005109 
1548.021481 0.004935 
1546.854370 0.005034 
1545.687258 0.004698 
1544.520146 0.004827 
1543.353034 0.004611 
1542.185923 0.004424 
1541.018811 0.004173 
1539.851699 0.004051 
1538.684587 0.004373 
1537.517476 0.004812 
1536.350364 0.005159 
1535.183252 0.005101 
1534.016140 0.005200 
1532.849029 0.005078 
1531.681917 0.005433 
1530.514805 0.005325 
1529.347694 0.005606 
1528.180582 0.005479 
1527.013470 0.005658 
1525.846358 0.005505 
1524.679247 0.005616 
1523.512135 0.005652 
1522.345023 0.005785 
1521.177911 0.006106 
1520.010800 0.006427 
1518.843688 0.006811 
1517.676576 0.006816 
1516.509464 0.007192 
1515.342353 0.007163 
1514.175241 0.007541 
1513.008129 0.007393 
1511.841017 0.007726 
1510.673906 0.007717 
1509.506794 0.007949 
1508.339682 0.007840 
1507.172571 0.007895 
1506.005459 0.007878 
1504.838347 0.008037 
1503.671235 0.008303 
1502.504124 0.008392 
1501.337012 0.008732 
1500.169900 0.008908 
1499.002788 0.009448 
1497.835677 0.009685 
1496.668565 0.010419 
1495.501453 0.010892 
1494.334341 0.012176 
1493.167230 0.013199 
1492.000118 0.015201 
1490.833006 0.017544 
1489.665894 0.021216 
1488.498783 0.026540 
1487.331671 0.032949 
1486.164559 0.040020 
1484.997448 0.056467 
1483.830336 0.099098 
1482.663224 0.192062 
1481.496112 0.227377 
1480.329001 0.119043 
1479.161889 0.054556 
1477.994777 0.035473 
1476.827665 0.031535 
1475.660554 0.034688 
1474.493442 0.041620 
1473.326330 0.046579 
1472.159218 0.057904 
1470.992107 0.088121 
1469.824995 0.181944 
1468.657883 0.437870 
1467.490771 0.540542 
1466.323660 0.229470 
1465.156548 0.113420 
1463.989436 0.133721 
1462.822325 0.149268 
1461.655213 0.150677 
1460.488101 0.206778 
1459.320989 0.131284 
1458.153878 0.099788 
1456.986766 0.131844 
1455.819654 0.078940 
1454.652542 0.052025 
1453.485431 0.065835 
1452.318319 0.051875 
1451.151207 0.024780 
1449.984095 0.027640 
1448.816984 0.067088 
1447.649872 0.107085 
1446.482760 0.067105 
1445.315648 0.035546 
1444.148537 0.035303 
1442.981425 0.032075 
1441.814313 0.017078 
1440.647201 0.008860 
1439.480090 0.005708 
1438.312978 0.003594 
1437.145866 0.002516 
1435.978755 0.001633 
1434.811643 0.001563 
1433.644531 0.001626 
1432.477419 0.003489 
1431.310308 0.009917 
1430.143196 0.011511 
1428.976084 0.009178 
1427.808972 0.003467 
1426.641861 0.001159 
1425.474749 0.000135 
1424.307637 0.000094 
1423.140525 -0.000136 
1421.973414 0.000145 
1420.806302 -0.000022 
1419.639190 0.000242 
1418.472078 0.000181 
1417.304967 0.000557 
1416.137855 0.000497 
1414.970743 0.000702 
1413.803632 0.000567 
1412.636520 0.000522 
1411.469408 0.000452 
1410.302296 0.000468 
1409.135185 0.000537 
1407.968073 0.000399 
1406.800961 0.000562 
1405.633849 0.000301 
1404.466738 0.000543 
1403.299626 0.000309 
1402.132514 0.000494 
1400.965402 0.000224 
1399.798291 0.000367 
1398.631179 0.000099 
1397.464067 0.000218 
1396.296955 -0.000001 
1395.129844 -0.000070 
1393.962732 -0.000256 
1392.795620 -0.000213 
1391.628509 -0.000076 
1390.461397 -0.000134 
1389.294285 0.000056 
1388.127173 -0.000210 
1386.960062 -0.000014 
1385.792950 -0.000058 
1384.625838 0.000236 
1383.458726 -0.000055 
1382.291615 0.000008 
1381.124503 -0.000249 
1379.957391 -0.000130 
1378.790279 -0.000191 
1377.623168 -0.000088 
1376.456056 -0.000102 
1375.288944 -0.000065 
1374.121832 0.000069 
1372.954721 -0.000003 
1371.787609 0.000138 
1370.620497 -0.000001 
1369.453385 0.000266 
1368.286274 0.000080 
1367.119162 0.000382 
1365.952050 0.000207 
1364.784939 0.000556 
1363.617827 0.000282 
1362.450715 0.000487 
1361.283603 0.000349 
1360.116492 0.000549 
1358.949380 0.000495 
1357.782268 0.000599 
1356.615156 0.000585 
1355.448045 0.000612 
1354.280933 0.000684 
1353.113821 0.000618 
1351.946709 0.000880 
1350.779598 0.000745 
1349.612486 0.001000 
1348.445374 0.000821 
1347.278262 0.001197 
1346.111151 0.001034 
1344.944039 0.001311 
1343.776927 0.001267 
1342.609816 0.001659 
1341.442704 0.001598 
1340.275592 0.001709 
1339.108480 0.001831 
1337.941369 0.001949 
1336.774257 0.002077 
1335.607145 0.001998 
1334.440033 0.002109 
1333.272922 0.002021 
1332.105810 0.002227 
1330.938698 0.001996 
1329.771586 0.002235 
1328.604475 0.002036 
1327.437363 0.002307 
1326.270251 0.002114 
1325.103139 0.002321 
1323.936028 0.002205 
1322.768916 0.002330 
1321.601804 0.002290 
1320.434693 0.002264 
1319.267581 0.002368 
1318.100469 0.002319 
1316.933357 0.002444 
1315.766246 0.002351 
1314.599134 0.002649 
1313.432022 0.002466 
1312.264910 0.002779 
1311.097799 0.002564 
1309.930687 0.002871 
1308.763575 0.002697 
1307.596463 0.002946 
1306.429352 0.002922 
1305.262240 0.003204 
1304.095128 0.003078 
1302.928016 0.003156 
1301.760905 0.003227 
1300.593793 0.003232 
1299.426681 0.003358 
1298.259570 0.003302 
1297.092458 0.003567 
1295.925346 0.003441 
1294.758234 0.003781 
1293.591123 0.003623 
1292.424011 0.003964 
1291.256899 0.003810 
1290.089787 0.004166 
1288.922676 0.003992 
1287.755564 0.004318 
1286.588452 0.004251 
1285.421340 0.004492 
1284.254229 0.004518 
1283.087117 0.004668 
1281.920005 0.004793 
1280.752893 0.004908 
1279.585782 0.005171 
1278.418670 0.005101 
1277.251558 0.005426 
1276.084446 0.005367 
1274.917335 0.005740 
1273.750223 0.005657 
1272.583111 0.006034 
1271.416000 0.006029 
1270.248888 0.006468 
1269.081776 0.006533 
1267.914664 0.006930 
1266.747553 0.007132 
1265.580441 0.007528 
1264.413329 0.007887 
1263.246217 0.008302 
1262.079106 0.008916 
1260.911994 0.009469 
1259.744882 0.010389 
1258.577770 0.011263 
1257.410659 0.013018 
1256.243547 0.015027 
1255.076435 0.018778 
1253.909323 0.024597 
1252.742212 0.037200 
1251.575100 0.064912 
1250.407988 0.122818 
1249.240877 0.159422 
1248.073765 0.110160 
1246.906653 0.057646 
1245.739541 0.033045 
1244.572430 0.022888 
1243.405318 0.018471 
1242.238206 0.015914 
1241.071094 0.013180 
1239.903983 0.011888 
1238.736871 0.010969 
1237.569759 0.010828 
1236.402647 0.010383 
1235.235536 0.010574 
1234.068424 0.010361 
1232.901312 0.010619 
1231.734200 0.010621 
1230.567089 0.010920 
1229.399977 0.011036 
1228.232865 0.011323 
1227.065754 0.011628 
1225.898642 0.011701 
1224.731530 0.012091 
1223.564418 0.012238 
1222.397307 0.012650 
1221.230195 0.012701 
1220.063083 0.013294 
1218.895971 0.013395 
1217.728860 0.014030 
1216.561748 0.014167 
1215.394636 0.014778 
1214.227524 0.015032 
1213.060413 0.015640 
1211.893301 0.015947 
1210.726189 0.016486 
1209.559077 0.016966 
1208.391966 0.017459 
1207.224854 0.018008 
1206.057742 0.018516 
1204.890630 0.019358 
1203.723519 0.019849 
1202.556407 0.020799 
1201.389295 0.021407 
1200.222184 0.022396 
1199.055072 0.022975 
1197.887960 0.024126 
1196.720848 0.024783 
1195.553737 0.026023 
1194.386625 0.027025 
1193.219513 0.028370 
1192.052401 0.029828 
1190.885290 0.031547 
1189.718178 0.033658 
1188.551066 0.036262 
1187.383954 0.039807 
1186.216843 0.044473 
1185.049731 0.052198 
1183.882619 0.066253 
1182.715507 0.096966 
1181.548396 0.144573 
1180.381284 0.169553 
1179.214172 0.159978 
1178.047061 0.111782 
1176.879949 0.081796 
1175.712837 0.077608 
1174.545725 0.082913 
1173.378614 0.094666 
1172.211502 0.112457 
1171.044390 0.139904 
1169.877278 0.190091 
1168.710167 0.290795 
1167.543055 0.489944 
1166.375943 0.774452 
1165.208831 1.121305 
1164.041720 1.699214 
1162.874608 1.403556 
1161.707496 0.652597 
1160.540384 0.293621 
1159.373273 0.150379 
1158.206161 0.115915 
1157.039049 0.053922 
1155.871938 0.025794 
1154.704826 0.012756 
1153.537714 0.006415 
1152.370602 0.003664 
1151.203491 0.003260 
1150.036379 0.005069 
1148.869267 0.004761 
1147.702155 0.003507 
1146.535044 0.001016 
1145.367932 -0.000683 
1144.200820 -0.001656 
1143.033708 -0.001238 
1141.866597 -0.000719 
1140.699485 0.000767 
1139.532373 0.000958 
1138.365261 0.001277 
1137.198150 0.001644 
1136.031038 0.001968 
1134.863926 0.002529 
1133.696815 0.003127 
1132.529703 0.003933 
1131.362591 0.004529 
1130.195479 0.005395 
1129.028368 0.005921 
1127.861256 0.006882 
1126.694144 0.007405 
1125.527032 0.008454 
1124.359921 0.009069 
1123.192809 0.010437 
1122.025697 0.011885 
1120.858585 0.013125 
1119.691474 0.013958 
1118.524362 0.014632 
1117.357250 0.015553 
1116.190138 0.016914 
1115.023027 0.018632 
1113.855915 0.020426 
1112.688803 0.022732 
1111.521691 0.024930 
1110.354580 0.027934 
1109.187468 0.031136 
1108.020356 0.035311 
1106.853245 0.039912 
1105.686133 0.045977 
1104.519021 0.053219 
1103.351909 0.063255 
1102.184798 0.076327 
1101.017686 0.095831 
1099.850574 0.126168 
1098.683462 0.181158 
1097.516351 0.303078 
1096.349239 0.500337 
1095.182127 0.680108 
1094.015015 0.860513 
1092.847904 1.212743 
1091.680792 1.801115 
1090.513680 1.208336 
1089.346568 0.480605 
1088.179457 0.169612 
1087.012345 0.070403 
1085.845233 0.039584 
1084.678122 0.054493 
1083.511010 0.084613 
1082.343898 0.031578 
1081.176786 0.002523 
1080.009675 -0.004580 
1078.842563 -0.007599 
1077.675451 -0.009454 
1076.508339 -0.010401 
1075.341228 -0.010005 
1074.174116 -0.007708 
1073.007004 0.000550 
1071.839892 -0.005853 
1070.672781 -0.010189 
1069.505669 -0.010766 
1068.338557 -0.010345 
1067.171445 -0.010234 
1066.004334 -0.009711 
1064.837222 -0.009467 
1063.670110 -0.008969 
1062.502999 -0.008872 
1061.335887 -0.008659 
1060.168775 -0.008360 
1059.001663 -0.008302 
1057.834552 -0.008072 
1056.667440 -0.008222 
1055.500328 -0.007874 
1054.333216 -0.008026 
1053.166105 -0.007637 
1051.998993 -0.007735 
1050.831881 -0.007320 
1049.664769 -0.007429 
1048.497658 -0.007121 
1047.330546 -0.007137 
1046.163434 -0.006838 
1044.996322 -0.006671 
1043.829211 -0.006488 
1042.662099 -0.006289 
1041.494987 -0.006130 
1040.327875 -0.005790 
1039.160764 -0.005831 
1037.993652 -0.005449 
1036.826540 -0.005465 
1035.659429 -0.004978 
1034.492317 -0.005115 
1033.325205 -0.004681 
1032.158093 -0.004698 
1030.990982 -0.004189 
1029.823870 -0.004253 
1028.656758 -0.004020 
1027.489646 -0.003991 
1026.322535 -0.003779 
1025.155423 -0.003682 
1023.988311 -0.003534 
1022.821199 -0.003359 
1021.654088 -0.003412 
1020.486976 -0.003081 
1019.319864 -0.003181 
1018.152752 -0.002915 
1016.985641 -0.003083 
1015.818529 -0.002682 
1014.651417 -0.002827 
1013.484306 -0.002480 
1012.317194 -0.002613 
1011.150082 -0.002185 
1009.982970 -0.002208 
1008.815859 -0.001791 
1007.648747 -0.001669 
1006.481635 -0.001700 
1005.314523 -0.001520 
1004.147412 -0.001503 
1002.980300 -0.001192 
1001.813188 -0.001264 
1000.646076 -0.000925 
999.478965 -0.000991 
998.311853 -0.000538 
997.144741 -0.000686 
995.977629 -0.000290 
994.810518 -0.000538 
993.643406 -0.000284 
992.476294 -0.000436 
991.309183 -0.000220 
990.142071 -0.000259 
988.974959 -0.000068 
987.807847 -0.000008 
986.640736 0.000039 
985.473624 0.000313 
984.306512 0.000371 
983.139400 0.000629 
981.972289 0.000569 
980.805177 0.000971 
979.638065 0.000814 
978.470953 0.001212 
977.303842 0.001105 
976.136730 0.001480 
974.969618 0.001326 
973.802506 0.001554 
972.635395 0.001538 
971.468283 0.001830 
970.301171 0.001878 
969.134060 0.001973 
967.966948 0.002256 
966.799836 0.002369 
965.632724 0.002744 
964.465613 0.002824 
963.298501 0.003302 
962.131389 0.003265 
960.964277 0.003735 
959.797166 0.003698 
958.630054 0.004200 
957.462942 0.004275 
956.295830 0.004820 
955.128719 0.004976 
953.961607 0.005336 
952.794495 0.005597 
951.627383 0.006127 
950.460272 0.006484 
949.293160 0.006845 
948.126048 0.007419 
946.958936 0.007641 
945.791825 0.008343 
944.624713 0.008600 
943.457601 0.009500 
942.290490 0.009902 
941.123378 0.010948 
939.956266 0.011465 
938.789154 0.012523 
937.622043 0.013389 
936.454931 0.014681 
935.287819 0.015763 
934.120707 0.017445 
932.953596 0.019186 
931.786484 0.021333 
930.619372 0.023918 
929.452260 0.026959 
928.285149 0.031363 
927.118037 0.036930 
925.950925 0.045287 
924.783813 0.056599 
923.616702 0.074842 
922.449590 0.112928 
921.282478 0.205032 
920.115367 0.398695 
918.948255 0.688311 
917.781143 0.902485 
916.614031 0.667421 
915.446920 0.523429 
914.279808 0.557402 
913.112696 0.302582 
911.945584 0.064299 
910.778473 0.006902 
909.611361 0.003257 
908.444249 0.041260 
907.277137 0.051784 
906.110026 0.003218 
904.942914 -0.004969 
903.775802 -0.009605 
902.608690 -0.013241 
901.441579 -0.013046 
900.274467 -0.012713 
899.107355 -0.011838 
897.940244 -0.011365 
896.773132 -0.010923 
895.606020 -0.010279 
894.438908 -0.009747 
893.271797 -0.009212 
892.104685 -0.008880 
890.937573 -0.008241 
889.770461 -0.008060 
888.603350 -0.007324 
887.436238 -0.007184 
886.269126 -0.006483 
885.102014 -0.006353 
883.934903 -0.005820 
882.767791 -0.005695 
881.600679 -0.005257 
880.433567 -0.005072 
879.266456 -0.004728 
878.099344 -0.004404 
876.932232 -0.004162 
875.765121 -0.003903 
874.598009 -0.003866 
873.430897 -0.003425 
872.263785 -0.003433 
871.096674 -0.003064 
869.929562 -0.003110 
868.762450 -0.002746 
867.595338 -0.002924 
866.428227 -0.002419 
865.261115 -0.002505 
864.094003 -0.002174 
862.926891 -0.002238 
861.759780 -0.001930 
860.592668 -0.001856 
859.425556 -0.001634 
858.258444 -0.001520 
857.091333 -0.001413 
855.924221 -0.001012 
854.757109 -0.001198 
853.589997 -0.001052 
852.422886 -0.000924 
851.255774 -0.000768 
850.088662 -0.000958 
848.921551 -0.000621 
847.754439 -0.000705 
846.587327 -0.000427 
845.420215 -0.000545 
844.253104 -0.000330 
843.085992 -0.000379 
841.918880 -0.000206 
840.751768 -0.000214 
839.584657 -0.000175 
838.417545 -0.000057 
837.250433 -0.000086 
836.083321 0.000106 
834.916210 0.000053 
833.749098 0.000311 
832.581986 -0.000125 
831.414874 0.000205 
830.247763 0.000092 
829.080651 0.000305 
827.913539 0.000088 
826.746428 0.000243 
825.579316 0.000101 
824.412204 0.000245 
823.245092 0.000271 
822.077981 0.000319 
820.910869 0.000303 
819.743757 0.000219 
818.576645 0.000530 
817.409534 0.000332 
816.242422 0.000451 
815.075310 0.000262 
813.908198 0.000482 
812.741087 0.000203 
811.573975 0.000373 
810.406863 0.000122 
809.239751 0.000449 
808.072640 0.000157 
806.905528 0.000196 
805.738416 0.000199 
804.571305 0.000317 
803.404193 0.000240 
802.237081 0.000022 
801.069969 0.000135 
799.902858 0.000087 
798.735746 0.000069 
797.568634 -0.000245 
796.401522 0.000046 
795.234411 -0.000156 
794.067299 0.000022 
792.900187 -0.000145 
791.733075 -0.000049 
790.565964 -0.000178 
789.398852 -0.000026 
788.231740 -0.000393 
787.064628 -0.000143 
785.897517 -0.000188 
784.730405 -0.000169 
783.563293 -0.000043 
782.396181 -0.000158 
781.229070 -0.000022 
780.061958 -0.000250 
778.894846 -0.000046 
777.727735 -0.000234 
776.560623 -0.000069 
775.393511 -0.000275 
774.226399 -0.000132 
773.059288 -0.000420 
771.892176 -0.000186 
770.725064 -0.000351 
769.557952 -0.000162 
768.390841 -0.000136 
767.223729 -0.000109 
766.056617 -0.000208 
764.889505 -0.000254 
763.722394 -0.000093 
762.555282 -0.000190 
761.388170 0.000031 
760.221058 -0.000378 
759.053947 -0.000024 
757.886835 -0.000232 
756.719723 0.000080 
755.552612 -0.000121 
754.385500 0.000078 
753.218388 -0.000169 
752.051276 0.000046 
750.884165 -0.000079 
749.717053 -0.000097 
748.549941 -0.000075 
747.382829 -0.000174 
746.215718 -0.000057 
745.048606 -0.000293 
743.881494 -0.000122 
742.714382 -0.000329 
741.547271 0.000024 
740.380159 -0.000211 
739.213047 0.000010 
738.045935 -0.000272 
736.878824 -0.000163 
735.711712 -0.000210 
734.544600 -0.000019 
733.377489 -0.000172 
732.210377 -0.000120 
731.043265 -0.000201 
729.876153 -0.000074 
728.709042 -0.000095 
727.541930 -0.000236 
726.374818 -0.000031 
725.207706 -0.000224 
724.040595 -0.000051 
722.873483 -0.000229 
721.706371 0.000165 
720.539259 -0.000154 
719.372148 -0.000009 
718.205036 -0.000134 
717.037924 0.000294 
715.870812 0.000124 
714.703701 0.000203 
713.536589 -0.000003 
712.369477 -0.000003 
711.202366 0.000019 
710.035254 -0.000004 
708.868142 0.000030 
707.701030 -0.000067 
706.533919 0.000089 
705.366807 -0.000234 
704.199695 -0.000027 
703.032583 -0.000143 
701.865472 0.000079 
700.698360 -0.000286 
699.531248 -0.000064 
698.364136 -0.000294 
697.197025 -0.000247 
696.029913 -0.000442 
694.862801 -0.000427 
693.695689 -0.000467 
692.528578 -0.000684 
691.361466 -0.000641 
690.194354 -0.000970 
689.027242 -0.000912 
687.860131 -0.001091 
686.693019 -0.000884 
685.525907 -0.000961 
684.358796 -0.000263 
683.191684 -0.000984 
682.024572 -0.001174 
680.857460 -0.001607 
679.690349 -0.001474 
678.523237 -0.001621 
677.356125 -0.001690 
676.189013 -0.002000 
675.021902 -0.001787 
673.854790 -0.001975 
672.687678 -0.002154 
671.520566 -0.001787 
670.353455 -0.002087 
669.186343 -0.002337 
668.019231 -0.004340 
666.852119 -0.003633 
665.685008 -0.003151 
664.517896 -0.002458 
663.350784 -0.002385 
662.183673 -0.001858 
661.016561 -0.001863 
659.849449 -0.001742 
658.682337 -0.002297 
657.515226 -0.003030 
656.348114 -0.003805 
655.181002 -0.004381 
654.013890 -0.004698 
652.846779 -0.005031 
651.679667 -0.004587 
650.512555 -0.004017 
649.345443 -0.002516 
648.178332 -0.001700 
647.011220 -0.000700 
645.844108 -0.000610 
644.676996 -0.000701 
643.509885 -0.001874 
642.342773 -0.002968 
641.175661 -0.004422 
640.008550 -0.005528 
638.841438 -0.006384 
637.674326 -0.006603 
636.507214 -0.006731 
635.340103 -0.006226 
634.172991 -0.005031 
633.005879 -0.004079 
631.838767 -0.001901 
630.671656 -0.000700 
629.504544 0.000712 
628.337432 0.001504 
627.170320 0.002612 
626.003209 0.002751 
624.836097 0.002802 
623.668985 0.001815 
622.501873 0.000948 
621.334762 0.000095 
620.167650 -0.000337 
619.000538 -0.000816 
617.833426 -0.001132 
616.666315 -0.001191 
615.499203 -0.001570 
614.332091 -0.001526 
613.164980 -0.001906 
611.997868 -0.001884 
610.830756 -0.002432 
609.663644 -0.002409 
608.496533 -0.002767 
607.329421 -0.002483 
606.162309 -0.002943 
604.995197 -0.002740 
603.828086 -0.002603 
602.660974 -0.002418 
601.493862 -0.002376 
600.326750 -0.002134 
599.159639 -0.001777 
597.992527 -0.001471 
596.825415 -0.001230 
595.658303 -0.001464 
594.491192 -0.001401 
593.324080 -0.001796 
592.156968 -0.001659 
590.989857 -0.001998 
589.822745 -0.001265 
588.655633 -0.001064 
587.488521 -0.000725 
586.321410 -0.000234 
585.154298 0.000184 
583.987186 0.000776 
582.820074 0.001114 
581.652963 0.001304 
580.485851 0.001506 
579.318739 0.001823 
578.151627 0.001819 
576.984516 0.001737 
575.817404 0.001725 
574.650292 0.001721 
573.483180 0.001931 
572.316069 0.002158 
571.148957 0.001073 
569.981845 0.001332 
568.814734 0.001590 
567.647622 0.001220 
566.480510 0.001515 
565.313398 0.001740 
564.146287 0.002605 
562.979175 0.002751 
561.812063 0.001929 
560.644951 0.001806 
559.477840 0.001242 
558.310728 0.000892 
557.143616 0.001578 
555.976504 0.000708 
554.809393 0.000955 
553.642281 0.001936 
552.475169 0.000489 
551.308057 0.000215 
550.140946 0.001521 
548.973834 0.001932 
547.806722 0.000555 
546.639611 0.000030 
545.472499 0.000596 
544.305387 -0.000117 
543.138275 -0.000995 
541.971164 0.000073 
540.804052 -0.000925 
539.636940 -0.001375 
538.469828 -0.000866 
537.302717 -0.000121 
536.135605 -0.000149 
534.968493 0.000953 
533.801381 0.000697 
532.634270 0.000500 
531.467158 0.000525 
530.300046 0.001229 
529.132934 0.000900 
527.965823 -0.000439 
526.798711 0.000250 
525.631599 0.000913 
524.464487 0.001670 
523.297376 0.000114 
522.130264 -0.000737 
520.963152 0.000365 
519.796041 0.001163 
518.628929 0.001409 
517.461817 0.002278 
516.294705 0.002295 
515.127594 0.001435 
513.960482 -0.002465 
512.793370 -0.009843 
511.626258 -0.013834 
510.459147 -0.011017 
509.292035 -0.008389 
508.124923 -0.006878 
506.957811 -0.005303 
505.790700 -0.003158 
504.623588 -0.002248 
503.456476 -0.001156 
502.289364 0.000164 
501.122253 0.000139 
499.955141 0.001033 
