4000.123242 0.003216 
3998.956130 0.002587 
3997.789019 0.002148 
3996.621907 0.002029 
3995.454795 0.002375 
3994.287683 0.002412 
3993.120572 0.002698 
3991.953460 0.002794 
3990.786348 0.003034 
3989.619236 0.003217 
3988.452125 0.003627 
3987.285013 0.003697 
3986.117901 0.003902 
3984.950789 0.004394 
3983.783678 0.005420 
3982.616566 0.006045 
3981.449454 0.005632 
3980.282342 0.004954 
3979.115231 0.004452 
3977.948119 0.004277 
3976.781007 0.004569 
3975.613896 0.005958 
3974.446784 0.006877 
3973.279672 0.005669 
3972.112560 0.003781 
3970.945449 0.002853 
3969.778337 0.002284 
3968.611225 0.001988 
3967.444113 0.001909 
3966.277002 0.002056 
3965.109890 0.002259 
3963.942778 0.002176 
3962.775666 0.001978 
3961.608555 0.001514 
3960.441443 0.001394 
3959.274331 0.001205 
3958.107219 0.001545 
3956.940108 0.001659 
3955.772996 0.002060 
3954.605884 0.002412 
3953.438772 0.003286 
3952.271661 0.004409 
3951.104549 0.004349 
3949.937437 0.002828 
3948.770326 0.001812 
3947.603214 0.001111 
3946.436102 0.000817 
3945.268990 0.000575 
3944.101879 0.000410 
3942.934767 0.000327 
3941.767655 0.000123 
3940.600543 0.000106 
3939.433432 -0.000076 
3938.266320 0.000070 
3937.099208 -0.000058 
3935.932096 0.000047 
3934.764985 -0.000047 
3933.597873 -0.000020 
3932.430761 -0.000165 
3931.263649 0.000146 
3930.096538 -0.000200 
3928.929426 -0.000160 
3927.762314 -0.000068 
3926.595203 -0.000129 
3925.428091 -0.000010 
3924.260979 -0.000109 
3923.093867 -0.000085 
3921.926756 0.000046 
3920.759644 0.000201 
3919.592532 0.000215 
3918.425420 0.000598 
3917.258309 0.000663 
3916.091197 0.001118 
3914.924085 0.001658 
3913.756973 0.002729 
3912.589862 0.004017 
3911.422750 0.006279 
3910.255638 0.007645 
3909.088526 0.006561 
3907.921415 0.004907 
3906.754303 0.004297 
3905.587191 0.004635 
3904.420080 0.005361 
3903.252968 0.006203 
3902.085856 0.007359 
3900.918744 0.007833 
3899.751633 0.005827 
3898.584521 0.003978 
3897.417409 0.002601 
3896.250297 0.001735 
3895.083186 0.001023 
3893.916074 0.000768 
3892.748962 0.000629 
3891.581850 0.000453 
3890.414739 0.000325 
3889.247627 0.000279 
3888.080515 0.000149 
3886.913403 -0.000032 
3885.746292 -0.000198 
3884.579180 -0.000140 
3883.412068 0.000150 
3882.244957 0.000236 
3881.077845 0.000157 
3879.910733 0.000093 
3878.743621 0.000271 
3877.576510 0.000107 
3876.409398 0.000155 
3875.242286 0.000114 
3874.075174 0.000128 
3872.908063 0.000077 
3871.740951 0.000181 
3870.573839 0.000010 
3869.406727 -0.000133 
3868.239616 0.000161 
3867.072504 0.000126 
3865.905392 0.000141 
3864.738280 0.000102 
3863.571169 0.000222 
3862.404057 0.000157 
3861.236945 0.000349 
3860.069833 0.000250 
3858.902722 0.000268 
3857.735610 0.000247 
3856.568498 0.000295 
3855.401387 0.000186 
3854.234275 -0.000110 
3853.067163 0.000067 
3851.900051 0.000200 
3850.732940 0.000348 
3849.565828 0.000443 
3848.398716 0.000562 
3847.231604 0.000525 
3846.064493 0.000627 
3844.897381 0.000453 
3843.730269 0.000407 
3842.563157 0.000372 
3841.396046 0.000289 
3840.228934 0.000401 
3839.061822 0.000377 
3837.894710 0.000047 
3836.727599 -0.000087 
3835.560487 0.000021 
3834.393375 0.000010 
3833.226264 -0.000116 
3832.059152 -0.000207 
3830.892040 -0.000263 
3829.724928 -0.000485 
3828.557817 -0.000600 
3827.390705 -0.000785 
3826.223593 -0.000734 
3825.056481 -0.000764 
3823.889370 -0.000675 
3822.722258 -0.000860 
3821.555146 -0.000773 
3820.388034 -0.000821 
3819.220923 -0.000697 
3818.053811 -0.000470 
3816.886699 -0.000383 
3815.719587 -0.000693 
3814.552476 -0.000408 
3813.385364 -0.000189 
3812.218252 -0.000305 
3811.051141 -0.000089 
3809.884029 0.000016 
3808.716917 0.000017 
3807.549805 -0.000078 
3806.382694 0.000021 
3805.215582 0.000118 
3804.048470 0.000168 
3802.881358 -0.000049 
3801.714247 -0.000401 
3800.547135 -0.000694 
3799.380023 -0.000392 
3798.212911 -0.000455 
3797.045800 -0.000614 
3795.878688 -0.000701 
3794.711576 -0.000608 
3793.544464 -0.000450 
3792.377353 -0.000855 
3791.210241 -0.000680 
3790.043129 -0.000593 
3788.876017 -0.000556 
3787.708906 -0.000572 
3786.541794 -0.000213 
3785.374682 -0.000161 
3784.207571 -0.000003 
3783.040459 -0.000167 
3781.873347 -0.000230 
3780.706235 -0.000264 
3779.539124 -0.000133 
3778.372012 -0.000149 
3777.204900 -0.000285 
3776.037788 -0.000218 
3774.870677 -0.000113 
3773.703565 -0.000038 
3772.536453 -0.000129 
3771.369341 0.000132 
3770.202230 0.000238 
3769.035118 0.000256 
3767.868006 0.000257 
3766.700894 0.000225 
3765.533783 0.000159 
3764.366671 0.000390 
3763.199559 0.000452 
3762.032448 0.000422 
3760.865336 0.000313 
3759.698224 0.000294 
3758.531112 0.000408 
3757.364001 0.000406 
3756.196889 0.000342 
3755.029777 0.000352 
3753.862665 0.000515 
3752.695554 0.000355 
3751.528442 0.000512 
3750.361330 0.000633 
3749.194218 0.000648 
3748.027107 0.000876 
3746.859995 0.001061 
3745.692883 0.001007 
3744.525771 0.001014 
3743.358660 0.001673 
3742.191548 0.002360 
3741.024436 0.002701 
3739.857325 0.002972 
3738.690213 0.003302 
3737.523101 0.003010 
3736.355989 0.002799 
3735.188878 0.002335 
3734.021766 0.002253 
3732.854654 0.002523 
3731.687542 0.002876 
3730.520431 0.002831 
3729.353319 0.002747 
3728.186207 0.002599 
3727.019095 0.002196 
3725.851984 0.001366 
3724.684872 0.000812 
3723.517760 0.000693 
3722.350648 0.000634 
3721.183537 0.000565 
3720.016425 0.000484 
3718.849313 0.000430 
3717.682202 0.000374 
3716.515090 0.000457 
3715.347978 0.000323 
3714.180866 0.000284 
3713.013755 0.000234 
3711.846643 0.000288 
3710.679531 0.000262 
3709.512419 0.000281 
3708.345308 0.000306 
3707.178196 0.000214 
3706.011084 0.000155 
3704.843972 -0.000013 
3703.676861 0.000050 
3702.509749 0.000055 
3701.342637 -0.000037 
3700.175525 -0.000103 
3699.008414 -0.000009 
3697.841302 -0.000124 
3696.674190 0.000026 
3695.507078 -0.000057 
3694.339967 -0.000029 
3693.172855 -0.000052 
3692.005743 -0.000023 
3690.838632 -0.000084 
3689.671520 0.000000 
3688.504408 -0.000234 
3687.337296 -0.000044 
3686.170185 0.000170 
3685.003073 0.000086 
3683.835961 0.000133 
3682.668849 0.000105 
3681.501738 0.000219 
3680.334626 0.000109 
3679.167514 0.000083 
3678.000402 -0.000020 
3676.833291 -0.000004 
3675.666179 -0.000194 
3674.499067 0.000041 
3673.331955 -0.000047 
3672.164844 -0.000074 
3670.997732 -0.000088 
3669.830620 0.000009 
3668.663509 0.000037 
3667.496397 0.000079 
3666.329285 0.000211 
3665.162173 0.000127 
3663.995062 0.000181 
3662.827950 0.000066 
3661.660838 0.000016 
3660.493726 0.000032 
3659.326615 0.000273 
3658.159503 0.000034 
3656.992391 -0.000037 
3655.825279 -0.000199 
3654.658168 -0.000001 
3653.491056 0.000029 
3652.323944 0.000055 
3651.156832 0.000102 
3649.989721 -0.000073 
3648.822609 -0.000159 
3647.655497 -0.000063 
3646.488386 0.000017 
3645.321274 0.000033 
3644.154162 0.000074 
3642.987050 -0.000119 
3641.819939 -0.000043 
3640.652827 0.000026 
3639.485715 0.000011 
3638.318603 -0.000046 
3637.151492 -0.000071 
3635.984380 -0.000209 
3634.817268 -0.000194 
3633.650156 0.000016 
3632.483045 -0.000004 
3631.315933 0.000063 
3630.148821 -0.000026 
3628.981709 -0.000003 
3627.814598 -0.000155 
3626.647486 -0.000117 
3625.480374 -0.000134 
3624.313262 0.000092 
3623.146151 -0.000013 
3621.979039 -0.000059 
3620.811927 -0.000247 
3619.644816 -0.000230 
3618.477704 -0.000146 
3617.310592 0.000014 
3616.143480 0.000047 
3614.976369 0.000123 
3613.809257 0.000059 
3612.642145 0.000067 
3611.475033 0.000217 
3610.307922 0.000181 
3609.140810 0.000080 
3607.973698 -0.000141 
3606.806586 0.000116 
3605.639475 -0.000069 
3604.472363 -0.000106 
3603.305251 -0.000195 
3602.138139 -0.000116 
3600.971028 -0.000148 
3599.803916 -0.000088 
3598.636804 -0.000073 
3597.469693 -0.000068 
3596.302581 -0.000132 
3595.135469 -0.000215 
3593.968357 -0.000120 
3592.801246 -0.000186 
3591.634134 -0.000125 
3590.467022 -0.000269 
3589.299910 -0.000072 
3588.132799 -0.000337 
3586.965687 -0.000177 
3585.798575 -0.000231 
3584.631463 0.000012 
3583.464352 -0.000121 
3582.297240 -0.000033 
3581.130128 -0.000195 
3579.963016 -0.000027 
3578.795905 0.000059 
3577.628793 -0.000058 
3576.461681 0.000084 
3575.294570 0.000164 
3574.127458 0.000183 
3572.960346 -0.000025 
3571.793234 0.000105 
3570.626123 -0.000059 
3569.459011 0.000134 
3568.291899 0.000058 
3567.124787 0.000140 
3565.957676 -0.000035 
3564.790564 0.000131 
3563.623452 0.000045 
3562.456340 0.000152 
3561.289229 0.000102 
3560.122117 0.000110 
3558.955005 0.000125 
3557.787893 0.000118 
3556.620782 0.000124 
3555.453670 -0.000048 
3554.286558 0.000027 
3553.119447 -0.000141 
3551.952335 -0.000106 
3550.785223 -0.000034 
3549.618111 0.000010 
3548.451000 -0.000162 
3547.283888 0.000002 
3546.116776 -0.000178 
3544.949664 -0.000248 
3543.782553 -0.000286 
3542.615441 -0.000260 
3541.448329 -0.000181 
3540.281217 -0.000284 
3539.114106 -0.000326 
3537.946994 -0.000450 
3536.779882 -0.000172 
3535.612770 -0.000247 
3534.445659 -0.000254 
3533.278547 -0.000386 
3532.111435 -0.000271 
3530.944323 -0.000370 
3529.777212 -0.000190 
3528.610100 -0.000160 
3527.442988 -0.000079 
3526.275877 -0.000188 
3525.108765 -0.000097 
3523.941653 -0.000099 
3522.774541 -0.000258 
3521.607430 -0.000120 
3520.440318 -0.000090 
3519.273206 0.000004 
3518.106094 -0.000140 
3516.938983 -0.000034 
3515.771871 -0.000152 
3514.604759 -0.000080 
3513.437647 -0.000057 
3512.270536 0.000210 
3511.103424 0.000083 
3509.936312 0.000093 
3508.769200 0.000018 
3507.602089 0.000120 
3506.434977 0.000007 
3505.267865 -0.000008 
3504.100754 -0.000030 
3502.933642 -0.000057 
3501.766530 0.000077 
3500.599418 0.000020 
3499.432307 0.000080 
3498.265195 -0.000016 
3497.098083 0.000117 
3495.930971 -0.000032 
3494.763860 0.000050 
3493.596748 0.000036 
3492.429636 0.000131 
3491.262524 0.000125 
3490.095413 0.000234 
3488.928301 0.000184 
3487.761189 0.000322 
3486.594077 0.000258 
3485.426966 0.000217 
3484.259854 0.000281 
3483.092742 0.000095 
3481.925631 0.000085 
3480.758519 0.000000 
3479.591407 0.000065 
3478.424295 -0.000158 
3477.257184 -0.000071 
3476.090072 -0.000194 
3474.922960 -0.000041 
3473.755848 -0.000119 
3472.588737 0.000048 
3471.421625 -0.000064 
3470.254513 0.000022 
3469.087401 -0.000208 
3467.920290 -0.000288 
3466.753178 -0.000355 
3465.586066 -0.000423 
3464.418954 -0.000290 
3463.251843 -0.000322 
3462.084731 -0.000012 
3460.917619 -0.000090 
3459.750508 0.000113 
3458.583396 0.000103 
3457.416284 0.000302 
3456.249172 0.000274 
3455.082061 0.000321 
3453.914949 0.000138 
3452.747837 0.000224 
3451.580725 0.000217 
3450.413614 0.000177 
3449.246502 0.000097 
3448.079390 -0.000035 
3446.912278 -0.000060 
3445.745167 -0.000004 
3444.578055 0.000126 
3443.410943 0.000050 
3442.243831 0.000144 
3441.076720 0.000004 
3439.909608 0.000132 
3438.742496 0.000040 
3437.575384 0.000118 
3436.408273 0.000107 
3435.241161 0.000118 
3434.074049 -0.000011 
3432.906938 -0.000068 
3431.739826 -0.000133 
3430.572714 -0.000017 
3429.405602 0.000029 
3428.238491 -0.000156 
3427.071379 -0.000084 
3425.904267 -0.000183 
3424.737155 -0.000087 
3423.570044 -0.000264 
3422.402932 -0.000100 
3421.235820 -0.000129 
3420.068708 0.000006 
3418.901597 -0.000028 
3417.734485 -0.000042 
3416.567373 -0.000087 
3415.400261 0.000001 
3414.233150 -0.000063 
3413.066038 -0.000118 
3411.898926 -0.000031 
3410.731815 -0.000079 
3409.564703 -0.000035 
3408.397591 -0.000053 
3407.230479 -0.000006 
3406.063368 -0.000279 
3404.896256 -0.000193 
3403.729144 -0.000356 
3402.562032 -0.000209 
3401.394921 -0.000415 
3400.227809 -0.000306 
3399.060697 -0.000326 
3397.893585 -0.000117 
3396.726474 -0.000016 
3395.559362 0.000030 
3394.392250 0.000035 
3393.225138 0.000027 
3392.058027 0.000006 
3390.890915 -0.000073 
3389.723803 0.000156 
3388.556692 0.000009 
3387.389580 0.000154 
3386.222468 0.000065 
3385.055356 0.000119 
3383.888245 -0.000036 
3382.721133 0.000013 
3381.554021 -0.000085 
3380.386909 -0.000120 
3379.219798 -0.000189 
3378.052686 -0.000034 
3376.885574 -0.000102 
3375.718462 -0.000119 
3374.551351 -0.000053 
3373.384239 -0.000090 
3372.217127 -0.000202 
3371.050015 -0.000331 
3369.882904 -0.000242 
3368.715792 -0.000304 
3367.548680 -0.000186 
3366.381568 -0.000346 
3365.214457 -0.000196 
3364.047345 -0.000258 
3362.880233 -0.000100 
3361.713122 -0.000113 
3360.546010 -0.000002 
3359.378898 -0.000004 
3358.211786 0.000093 
3357.044675 0.000173 
3355.877563 0.000028 
3354.710451 0.000018 
3353.543339 -0.000018 
3352.376228 0.000067 
3351.209116 -0.000023 
3350.042004 0.000204 
3348.874892 0.000075 
3347.707781 0.000164 
3346.540669 0.000064 
3345.373557 0.000121 
3344.206445 -0.000027 
3343.039334 -0.000059 
3341.872222 -0.000048 
3340.705110 -0.000007 
3339.537999 -0.000123 
3338.370887 -0.000174 
3337.203775 -0.000056 
3336.036663 -0.000107 
3334.869552 -0.000136 
3333.702440 -0.000300 
3332.535328 -0.000101 
3331.368216 -0.000147 
3330.201105 -0.000005 
3329.033993 -0.000013 
3327.866881 0.000089 
3326.699769 -0.000036 
3325.532658 0.000153 
3324.365546 -0.000009 
3323.198434 -0.000030 
3322.031322 0.000073 
3320.864211 0.000092 
3319.697099 0.000121 
3318.529987 0.000150 
3317.362876 0.000475 
3316.195764 0.000386 
3315.028652 0.000607 
3313.861540 0.000625 
3312.694429 0.000329 
3311.527317 0.000122 
3310.360205 0.000224 
3309.193093 0.000126 
3308.025982 0.000174 
3306.858870 -0.000012 
3305.691758 0.000093 
3304.524646 0.000016 
3303.357535 -0.000014 
3302.190423 0.000032 
3301.023311 -0.000021 
3299.856199 0.000094 
3298.689088 -0.000023 
3297.521976 0.000022 
3296.354864 -0.000037 
3295.187753 0.000081 
3294.020641 -0.000124 
3292.853529 0.000133 
3291.686417 -0.000035 
3290.519306 -0.000039 
3289.352194 -0.000033 
3288.185082 0.000036 
3287.017970 -0.000017 
3285.850859 0.000010 
3284.683747 0.000053 
3283.516635 0.000137 
3282.349523 0.000158 
3281.182412 0.000112 
3280.015300 0.000160 
3278.848188 0.000183 
3277.681076 0.000254 
3276.513965 0.000201 
3275.346853 0.000313 
3274.179741 0.000096 
3273.012629 0.000232 
3271.845518 0.000027 
3270.678406 -0.000016 
3269.511294 -0.000090 
3268.344183 -0.000191 
3267.177071 -0.000312 
3266.009959 -0.000298 
3264.842847 -0.000308 
3263.675736 -0.000353 
3262.508624 -0.000312 
3261.341512 -0.000173 
3260.174400 -0.000007 
3259.007289 -0.000112 
3257.840177 0.000010 
3256.673065 -0.000075 
3255.505953 0.000072 
3254.338842 0.000062 
3253.171730 0.000093 
3252.004618 -0.000074 
3250.837506 -0.000128 
3249.670395 -0.000285 
3248.503283 -0.000358 
3247.336171 -0.000260 
3246.169060 -0.000400 
3245.001948 -0.000415 
3243.834836 -0.000481 
3242.667724 -0.000257 
3241.500613 -0.000249 
3240.333501 -0.000047 
3239.166389 0.000262 
3237.999277 0.000680 
3236.832166 0.000564 
3235.665054 0.000252 
3234.497942 -0.000076 
3233.330830 -0.000123 
3232.163719 -0.000226 
3230.996607 -0.000200 
3229.829495 -0.000093 
3228.662383 -0.000066 
3227.495272 0.000072 
3226.328160 0.000048 
3225.161048 0.000039 
3223.993937 -0.000132 
3222.826825 -0.000098 
3221.659713 -0.000161 
3220.492601 -0.000068 
3219.325490 -0.000139 
3218.158378 -0.000052 
3216.991266 -0.000325 
3215.824154 -0.000310 
3214.657043 -0.000326 
3213.489931 -0.000150 
3212.322819 -0.000068 
3211.155707 -0.000021 
3209.988596 0.000057 
3208.821484 -0.000048 
3207.654372 -0.000117 
3206.487260 -0.000108 
3205.320149 0.000000 
3204.153037 -0.000156 
3202.985925 -0.000109 
3201.818813 -0.000199 
3200.651702 -0.000143 
3199.484590 -0.000150 
3198.317478 -0.000031 
3197.150367 -0.000176 
3195.983255 -0.000139 
3194.816143 -0.000211 
3193.649031 -0.000140 
3192.481920 -0.000056 
3191.314808 -0.000119 
3190.147696 -0.000038 
3188.980584 -0.000049 
3187.813473 -0.000018 
3186.646361 -0.000159 
3185.479249 -0.000109 
3184.312137 -0.000088 
3183.145026 -0.000007 
3181.977914 -0.000139 
3180.810802 -0.000003 
3179.643690 -0.000114 
3178.476579 -0.000030 
3177.309467 -0.000031 
3176.142355 -0.000082 
3174.975244 -0.000179 
3173.808132 -0.000200 
3172.641020 -0.000129 
3171.473908 -0.000065 
3170.306797 -0.000092 
3169.139685 -0.000118 
3167.972573 0.000067 
3166.805461 -0.000003 
3165.638350 0.000078 
3164.471238 -0.000022 
3163.304126 0.000040 
3162.137014 -0.000043 
3160.969903 0.000020 
3159.802791 -0.000110 
3158.635679 -0.000042 
3157.468567 -0.000220 
3156.301456 -0.000166 
3155.134344 -0.000129 
3153.967232 -0.000127 
3152.800121 -0.000021 
3151.633009 0.000169 
3150.465897 0.000505 
3149.298785 0.000279 
3148.131674 0.000111 
3146.964562 -0.000166 
3145.797450 -0.000106 
3144.630338 -0.000232 
3143.463227 -0.000202 
3142.296115 -0.000174 
3141.129003 -0.000171 
3139.961891 -0.000240 
3138.794780 -0.000140 
3137.627668 -0.000143 
3136.460556 -0.000100 
3135.293444 -0.000131 
3134.126333 -0.000166 
3132.959221 -0.000091 
3131.792109 -0.000036 
3130.624998 -0.000009 
3129.457886 -0.000254 
3128.290774 -0.000157 
3127.123662 -0.000232 
3125.956551 -0.000182 
3124.789439 -0.000221 
3123.622327 -0.000173 
3122.455215 -0.000149 
3121.288104 -0.000199 
3120.120992 -0.000289 
3118.953880 -0.000281 
3117.786768 -0.000256 
3116.619657 -0.000242 
3115.452545 -0.000142 
3114.285433 -0.000118 
3113.118321 0.000017 
3111.951210 -0.000087 
3110.784098 0.000010 
3109.616986 0.000006 
3108.449874 0.000044 
3107.282763 0.000002 
3106.115651 0.000066 
3104.948539 0.000080 
3103.781428 -0.000008 
3102.614316 0.000010 
3101.447204 0.000028 
3100.280092 0.000093 
3099.112981 0.000070 
3097.945869 -0.000002 
3096.778757 -0.000040 
3095.611645 0.000206 
3094.444534 0.000082 
3093.277422 -0.000001 
3092.110310 -0.000112 
3090.943198 -0.000072 
3089.776087 -0.000251 
3088.608975 -0.000147 
3087.441863 -0.000254 
3086.274751 -0.000030 
3085.107640 -0.000056 
3083.940528 -0.000111 
3082.773416 -0.000135 
3081.606305 -0.000077 
3080.439193 -0.000016 
3079.272081 0.000026 
3078.104969 0.000103 
3076.937858 0.000172 
3075.770746 0.000140 
3074.603634 0.000006 
3073.436522 0.000090 
3072.269411 -0.000022 
3071.102299 -0.000078 
3069.935187 -0.000087 
3068.768075 0.000009 
3067.600964 0.000031 
3066.433852 0.000066 
3065.266740 0.000015 
3064.099628 0.000148 
3062.932517 0.000190 
3061.765405 0.000163 
3060.598293 0.000240 
3059.431182 0.000335 
3058.264070 0.000471 
3057.096958 0.000541 
3055.929846 0.000476 
3054.762735 0.000500 
3053.595623 0.000694 
3052.428511 0.000691 
3051.261399 0.000785 
3050.094288 0.000912 
3048.927176 0.001099 
3047.760064 0.001281 
3046.592952 0.001350 
3045.425841 0.001477 
3044.258729 0.001468 
3043.091617 0.001671 
3041.924505 0.001786 
3040.757394 0.001963 
3039.590282 0.001980 
3038.423170 0.002186 
3037.256058 0.002163 
3036.088947 0.002309 
3034.921835 0.002429 
3033.754723 0.002613 
3032.587612 0.002676 
3031.420500 0.002739 
3030.253388 0.002892 
3029.086276 0.003061 
3027.919165 0.003333 
3026.752053 0.003377 
3025.584941 0.003496 
3024.417829 0.003584 
3023.250718 0.003852 
3022.083606 0.003934 
3020.916494 0.004122 
3019.749382 0.004187 
3018.582271 0.004579 
3017.415159 0.004884 
3016.248047 0.005160 
3015.080935 0.005320 
3013.913824 0.005547 
3012.746712 0.005830 
3011.579600 0.006189 
3010.412489 0.006728 
3009.245377 0.007399 
3008.078265 0.008110 
3006.911153 0.008844 
3005.744042 0.009842 
3004.576930 0.010920 
3003.409818 0.012524 
3002.242706 0.014479 
3001.075595 0.017118 
2999.908483 0.020373 
2998.741371 0.024509 
2997.574259 0.030073 
2996.407148 0.038818 
2995.240036 0.053882 
2994.072924 0.081876 
2992.905812 0.138924 
2991.738701 0.243581 
2990.571589 0.326975 
2989.404477 0.265881 
2988.237366 0.190768 
2987.070254 0.192377 
2985.903142 0.296283 
2984.736030 0.444909 
2983.568919 0.384650 
2982.401807 0.253425 
2981.234695 0.184644 
2980.067583 0.144147 
2978.900472 0.098104 
2977.733360 0.071479 
2976.566248 0.064758 
2975.399136 0.066920 
2974.232025 0.065429 
2973.064913 0.058940 
2971.897801 0.051941 
2970.730689 0.044964 
2969.563578 0.038202 
2968.396466 0.033651 
2967.229354 0.031656 
2966.062243 0.032077 
2964.895131 0.034902 
2963.728019 0.039283 
2962.560907 0.044072 
2961.393796 0.050031 
2960.226684 0.057226 
2959.059572 0.065185 
2957.892460 0.073290 
2956.725349 0.080159 
2955.558237 0.085118 
2954.391125 0.088198 
2953.224013 0.090093 
2952.056902 0.090437 
2950.889790 0.091254 
2949.722678 0.094377 
2948.555566 0.099515 
2947.388455 0.102185 
2946.221343 0.103570 
2945.054231 0.108381 
2943.887119 0.114831 
2942.720008 0.121634 
2941.552896 0.129270 
2940.385784 0.136603 
2939.218673 0.142671 
2938.051561 0.147538 
2936.884449 0.152047 
2935.717337 0.157839 
2934.550226 0.166050 
2933.383114 0.175883 
2932.216002 0.184524 
2931.048890 0.194255 
2929.881779 0.205365 
2928.714667 0.216124 
2927.547555 0.225824 
2926.380443 0.233600 
2925.213332 0.237845 
2924.046220 0.243363 
2922.879108 0.251894 
2921.711996 0.250920 
2920.544885 0.231580 
2919.377773 0.204176 
2918.210661 0.181037 
2917.043550 0.163165 
2915.876438 0.149357 
2914.709326 0.137621 
2913.542214 0.126093 
2912.375103 0.115788 
2911.207991 0.109373 
2910.040879 0.107018 
2908.873767 0.109437 
2907.706656 0.117017 
2906.539544 0.130694 
2905.372432 0.145403 
2904.205320 0.155511 
2903.038209 0.159545 
2901.871097 0.158728 
2900.703985 0.157229 
2899.536873 0.159943 
2898.369762 0.171987 
2897.202650 0.189278 
2896.035538 0.206233 
2894.868427 0.220757 
2893.701315 0.233525 
2892.534203 0.248190 
2891.367091 0.273393 
2890.199980 0.315375 
2889.032868 0.368904 
2887.865756 0.423861 
2886.698644 0.438150 
2885.531533 0.367594 
2884.364421 0.266318 
2883.197309 0.191202 
2882.030197 0.146842 
2880.863086 0.124349 
2879.695974 0.115837 
2878.528862 0.115772 
2877.361750 0.120623 
2876.194639 0.130974 
2875.027527 0.145638 
2873.860415 0.163506 
2872.693303 0.183963 
2871.526192 0.199266 
2870.359080 0.176437 
2869.191968 0.127261 
2868.024857 0.091064 
2866.857745 0.066179 
2865.690633 0.050199 
2864.523521 0.041910 
2863.356410 0.037456 
2862.189298 0.034546 
2861.022186 0.031615 
2859.855074 0.027835 
2858.687963 0.023699 
2857.520851 0.019825 
2856.353739 0.016725 
2855.186627 0.014350 
2854.019516 0.012918 
2852.852404 0.011899 
2851.685292 0.011216 
2850.518180 0.010752 
2849.351069 0.010430 
2848.183957 0.010044 
2847.016845 0.009602 
2845.849734 0.009316 
2844.682622 0.009048 
2843.515510 0.009426 
2842.348398 0.009963 
2841.181287 0.010589 
2840.014175 0.011251 
2838.847063 0.012087 
2837.679951 0.012957 
2836.512840 0.014398 
2835.345728 0.016082 
2834.178616 0.018418 
2833.011504 0.021443 
2831.844393 0.025529 
2830.677281 0.031283 
2829.510169 0.040033 
2828.343057 0.054973 
2827.175946 0.082115 
2826.008834 0.142405 
2824.841722 0.281690 
2823.674611 0.531146 
2822.507499 0.608220 
2821.340387 0.378780 
2820.173275 0.214910 
2819.006164 0.151763 
2817.839052 0.146360 
2816.671940 0.201199 
2815.504828 0.389135 
2814.337717 0.700036 
2813.170605 0.538494 
2812.003493 0.233308 
2810.836381 0.104233 
2809.669270 0.055021 
2808.502158 0.032034 
2807.335046 0.020971 
2806.167934 0.013501 
2805.000823 0.008846 
2803.833711 0.006242 
2802.666599 0.004407 
2801.499488 0.003249 
2800.332376 0.002440 
2799.165264 0.001919 
2797.998152 0.001450 
2796.831041 0.001125 
2795.663929 0.000898 
2794.496817 0.000767 
2793.329705 0.000718 
2792.162594 0.000651 
2790.995482 0.000609 
2789.828370 0.000564 
2788.661258 0.000633 
2787.494147 0.000592 
2786.327035 0.000701 
2785.159923 0.000666 
2783.992811 0.000675 
2782.825700 0.000559 
2781.658588 0.000622 
2780.491476 0.000536 
2779.324364 0.000523 
2778.157253 0.000485 
2776.990141 0.000390 
2775.823029 0.000292 
2774.655918 0.000210 
2773.488806 0.000155 
2772.321694 -0.000012 
2771.154582 0.000030 
2769.987471 -0.000032 
2768.820359 -0.000004 
2767.653247 -0.000060 
2766.486135 0.000015 
2765.319024 -0.000078 
2764.151912 -0.000019 
2762.984800 0.000082 
2761.817688 0.000173 
2760.650577 0.000226 
2759.483465 0.000259 
2758.316353 0.000268 
2757.149241 0.000365 
2755.982130 0.000449 
2754.815018 0.000331 
2753.647906 0.000417 
2752.480795 0.000395 
2751.313683 0.000418 
2750.146571 0.000328 
2748.979459 0.000374 
2747.812348 0.000209 
2746.645236 0.000302 
2745.478124 0.000280 
2744.311012 0.000314 
2743.143901 0.000379 
2741.976789 0.000534 
2740.809677 0.000757 
2739.642565 0.000979 
2738.475454 0.001129 
2737.308342 0.001278 
2736.141230 0.001556 
2734.974118 0.001612 
2733.807007 0.001578 
2732.639895 0.001353 
2731.472783 0.001062 
2730.305672 0.000834 
2729.138560 0.000639 
2727.971448 0.000567 
2726.804336 0.000723 
2725.637225 0.000908 
2724.470113 0.001042 
2723.303001 0.001241 
2722.135889 0.001623 
2720.968778 0.001968 
2719.801666 0.002215 
2718.634554 0.002503 
2717.467442 0.002710 
2716.300331 0.003164 
2715.133219 0.003521 
2713.966107 0.003953 
2712.798995 0.004133 
2711.631884 0.004195 
2710.464772 0.003910 
2709.297660 0.003614 
2708.130548 0.003365 
2706.963437 0.003326 
2705.796325 0.003265 
2704.629213 0.003297 
2703.462102 0.003255 
2702.294990 0.002960 
2701.127878 0.002612 
2699.960766 0.002056 
2698.793655 0.001771 
2697.626543 0.001605 
2696.459431 0.001532 
2695.292319 0.001291 
2694.125208 0.001172 
2692.958096 0.000997 
2691.790984 0.000902 
2690.623872 0.000867 
2689.456761 0.000700 
2688.289649 0.000559 
2687.122537 0.000372 
2685.955425 0.000206 
2684.788314 0.000141 
2683.621202 0.000007 
2682.454090 -0.000052 
2681.286979 -0.000001 
2680.119867 -0.000115 
2678.952755 -0.000033 
2677.785643 -0.000039 
2676.618532 0.000084 
2675.451420 0.000140 
2674.284308 0.000271 
2673.117196 0.000146 
2671.950085 0.000161 
2670.782973 0.000174 
2669.615861 0.000299 
2668.448749 0.000450 
2667.281638 0.000488 
2666.114526 0.000587 
2664.947414 0.000590 
2663.780302 0.000786 
2662.613191 0.001093 
2661.446079 0.001523 
2660.278967 0.002229 
2659.111856 0.002903 
2657.944744 0.002667 
2656.777632 0.001720 
2655.610520 0.001000 
2654.443409 0.000720 
2653.276297 0.000672 
2652.109185 0.000662 
2650.942073 0.000717 
2649.774962 0.000801 
2648.607850 0.000949 
2647.440738 0.001044 
2646.273626 0.001051 
2645.106515 0.000804 
2643.939403 0.000712 
2642.772291 0.000649 
2641.605179 0.000692 
2640.438068 0.000672 
2639.270956 0.000946 
2638.103844 0.001130 
2636.936733 0.001421 
2635.769621 0.001604 
2634.602509 0.001823 
2633.435397 0.001994 
2632.268286 0.002082 
2631.101174 0.002212 
2629.934062 0.002315 
2628.766950 0.002408 
2627.599839 0.002452 
2626.432727 0.002182 
2625.265615 0.001836 
2624.098503 0.001794 
2622.931392 0.001857 
2621.764280 0.001962 
2620.597168 0.001890 
2619.430056 0.001929 
2618.262945 0.001888 
2617.095833 0.001961 
2615.928721 0.001772 
2614.761609 0.001455 
2613.594498 0.001206 
2612.427386 0.001139 
2611.260274 0.001211 
2610.093163 0.001225 
2608.926051 0.001163 
2607.758939 0.001033 
2606.591827 0.001147 
2605.424716 0.001231 
2604.257604 0.001265 
2603.090492 0.001215 
2601.923380 0.001356 
2600.756269 0.001580 
2599.589157 0.001973 
2598.422045 0.002085 
2597.254933 0.001879 
2596.087822 0.001595 
2594.920710 0.001438 
2593.753598 0.001566 
2592.586486 0.001796 
2591.419375 0.001931 
2590.252263 0.001533 
2589.085151 0.000846 
2587.918040 0.000422 
2586.750928 0.000297 
2585.583816 0.000171 
2584.416704 0.000069 
2583.249593 0.000010 
2582.082481 0.000096 
2580.915369 0.000251 
2579.748257 0.000368 
2578.581146 0.000553 
2577.414034 0.000703 
2576.246922 0.000928 
2575.079810 0.001271 
2573.912699 0.002076 
2572.745587 0.003542 
2571.578475 0.004758 
2570.411363 0.003275 
2569.244252 0.001444 
2568.077140 0.000576 
2566.910028 0.000255 
2565.742917 0.000004 
2564.575805 -0.000019 
2563.408693 0.000018 
2562.241581 -0.000045 
2561.074470 -0.000082 
2559.907358 -0.000125 
2558.740246 -0.000050 
2557.573134 -0.000108 
2556.406023 -0.000107 
2555.238911 -0.000117 
2554.071799 -0.000018 
2552.904687 -0.000061 
2551.737576 0.000051 
2550.570464 0.000032 
2549.403352 0.000097 
2548.236240 0.000103 
2547.069129 0.000254 
2545.902017 0.000410 
2544.734905 0.000559 
2543.567794 0.000645 
2542.400682 0.000715 
2541.233570 0.000673 
2540.066458 0.000597 
2538.899347 0.000798 
2537.732235 0.000945 
2536.565123 0.001131 
2535.398011 0.001279 
2534.230900 0.001387 
2533.063788 0.001083 
2531.896676 0.000686 
2530.729564 0.000304 
2529.562453 0.000155 
2528.395341 0.000016 
2527.228229 -0.000080 
2526.061117 -0.000012 
2524.894006 0.000042 
2523.726894 0.000029 
2522.559782 -0.000014 
2521.392670 0.000051 
2520.225559 0.000027 
2519.058447 0.000036 
2517.891335 0.000019 
2516.724224 0.000034 
2515.557112 -0.000001 
2514.390000 0.000077 
2513.222888 0.000009 
2512.055777 0.000011 
2510.888665 -0.000006 
2509.721553 -0.000008 
2508.554441 0.000020 
2507.387330 0.000026 
2506.220218 0.000063 
2505.053106 0.000144 
2503.885994 0.000342 
2502.718883 0.000594 
2501.551771 0.001023 
2500.384659 0.001259 
2499.217547 0.001477 
2498.050436 0.001409 
2496.883324 0.001433 
2495.716212 0.001328 
2494.549101 0.001275 
2493.381989 0.001106 
2492.214877 0.000862 
2491.047765 0.000656 
2489.880654 0.000489 
2488.713542 0.000420 
2487.546430 0.000299 
2486.379318 0.000296 
2485.212207 0.000222 
2484.045095 0.000257 
2482.877983 0.000205 
2481.710871 0.000209 
2480.543760 0.000132 
2479.376648 0.000107 
2478.209536 0.000027 
2477.042424 0.000084 
2475.875313 0.000106 
2474.708201 0.000098 
2473.541089 0.000092 
2472.373978 0.000108 
2471.206866 0.000139 
2470.039754 0.000116 
2468.872642 0.000025 
2467.705531 -0.000000 
2466.538419 0.000071 
2465.371307 -0.000014 
2464.204195 0.000024 
2463.037084 -0.000042 
2461.869972 -0.000061 
2460.702860 -0.000080 
2459.535748 0.000046 
2458.368637 0.000014 
2457.201525 0.000003 
2456.034413 -0.000050 
2454.867301 -0.000005 
2453.700190 0.000066 
2452.533078 0.000082 
2451.365966 0.000090 
2450.198854 0.000074 
2449.031743 0.000126 
2447.864631 0.000055 
2446.697519 0.000165 
2445.530408 0.000132 
2444.363296 0.000139 
2443.196184 0.000112 
2442.029072 0.000160 
2440.861961 0.000152 
2439.694849 0.000186 
2438.527737 0.000152 
2437.360625 0.000202 
2436.193514 0.000358 
2435.026402 0.000365 
2433.859290 0.000420 
2432.692178 0.000481 
2431.525067 0.000718 
2430.357955 0.000861 
2429.190843 0.001115 
2428.023731 0.001288 
2426.856620 0.001399 
2425.689508 0.001367 
2424.522396 0.001359 
2423.355285 0.001153 
2422.188173 0.001187 
2421.021061 0.001308 
2419.853949 0.001582 
2418.686838 0.001897 
2417.519726 0.002272 
2416.352614 0.002755 
2415.185502 0.003231 
2414.018391 0.004009 
2412.851279 0.004987 
2411.684167 0.006395 
2410.517055 0.008386 
2409.349944 0.010949 
2408.182832 0.010994 
2407.015720 0.008099 
2405.848608 0.005601 
2404.681497 0.004208 
2403.514385 0.002866 
2402.347273 0.002019 
2401.180162 0.001482 
2400.013050 0.001233 
2398.845938 0.001143 
2397.678826 0.001055 
2396.511715 0.000880 
2395.344603 0.000697 
2394.177491 0.000705 
2393.010379 0.000679 
2391.843268 0.000704 
2390.676156 0.000658 
2389.509044 0.000684 
2388.341932 0.000614 
2387.174821 0.000586 
2386.007709 0.000592 
2384.840597 0.000573 
2383.673485 0.000525 
2382.506374 0.000545 
2381.339262 0.000552 
2380.172150 0.000480 
2379.005039 0.000494 
2377.837927 0.000419 
2376.670815 0.000459 
2375.503703 0.000379 
2374.336592 0.000234 
2373.169480 -0.000022 
2372.002368 -0.000145 
2370.835256 -0.000439 
2369.668145 -0.000613 
2368.501033 -0.000767 
2367.333921 -0.000776 
2366.166809 -0.000674 
2364.999698 -0.000475 
2363.832586 -0.000239 
2362.665474 -0.000275 
2361.498362 -0.000119 
2360.331251 0.000001 
2359.164139 0.000173 
2357.997027 0.000179 
2356.829915 0.000175 
2355.662804 0.000069 
2354.495692 0.000376 
2353.328580 0.000563 
2352.161469 0.000786 
2350.994357 0.000913 
2349.827245 0.001214 
2348.660133 0.001489 
2347.493022 0.001607 
2346.325910 0.001571 
2345.158798 0.001383 
2343.991686 0.001036 
2342.824575 0.000814 
2341.657463 0.001079 
2340.490351 0.001399 
2339.323239 0.001582 
2338.156128 0.001451 
2336.989016 0.001546 
2335.821904 0.001895 
2334.654792 0.003289 
2333.487681 0.003128 
2332.320569 0.002022 
2331.153457 0.001293 
2329.986346 0.000964 
2328.819234 0.000803 
2327.652122 0.000950 
2326.485010 0.000985 
2325.317899 0.001107 
2324.150787 0.001319 
2322.983675 0.001805 
2321.816563 0.003596 
2320.649452 0.004075 
2319.482340 0.002512 
2318.315228 0.001330 
2317.148116 0.001254 
2315.981005 0.001312 
2314.813893 0.001083 
2313.646781 0.000918 
2312.479669 0.000897 
2311.312558 0.000906 
2310.145446 0.000925 
2308.978334 0.000944 
2307.811223 0.001097 
2306.644111 0.001008 
2305.476999 0.000693 
2304.309887 0.000424 
2303.142776 0.000198 
2301.975664 0.000149 
2300.808552 -0.000015 
2299.641440 0.000077 
2298.474329 0.000024 
2297.307217 0.000116 
2296.140105 0.000010 
2294.972993 0.000089 
2293.805882 0.000055 
2292.638770 0.000101 
2291.471658 0.000118 
2290.304546 0.000061 
2289.137435 0.000015 
2287.970323 -0.000056 
2286.803211 -0.000062 
2285.636099 -0.000130 
2284.468988 -0.000056 
2283.301876 -0.000168 
2282.134764 -0.000085 
2280.967653 -0.000127 
2279.800541 0.000031 
2278.633429 -0.000057 
2277.466317 -0.000067 
2276.299206 -0.000180 
2275.132094 -0.000121 
2273.964982 -0.000059 
2272.797870 -0.000040 
2271.630759 -0.000031 
2270.463647 -0.000084 
2269.296535 -0.000066 
2268.129423 -0.000144 
2266.962312 -0.000058 
2265.795200 -0.000027 
2264.628088 0.000133 
2263.460976 0.000006 
2262.293865 0.000098 
2261.126753 0.000067 
2259.959641 0.000224 
2258.792530 0.000198 
2257.625418 0.000284 
2256.458306 0.000227 
2255.291194 0.000331 
2254.124083 0.000458 
2252.956971 0.000574 
2251.789859 0.000659 
2250.622747 0.000629 
2249.455636 0.001131 
2248.288524 0.002621 
2247.121412 0.004538 
2245.954300 0.003094 
2244.787189 0.001920 
2243.620077 0.001425 
2242.452965 0.001000 
2241.285853 0.000630 
2240.118742 0.000689 
2238.951630 0.000757 
2237.784518 0.000850 
2236.617407 0.000924 
2235.450295 0.001012 
2234.283183 0.001213 
2233.116071 0.001175 
2231.948960 0.000987 
2230.781848 0.000616 
2229.614736 0.000578 
2228.447624 0.000364 
2227.280513 0.000470 
2226.113401 0.000330 
2224.946289 0.000420 
2223.779177 0.000296 
2222.612066 0.000298 
2221.444954 0.000282 
2220.277842 0.000334 
2219.110730 0.000298 
2217.943619 0.000329 
2216.776507 0.000356 
2215.609395 0.000332 
2214.442284 0.000372 
2213.275172 0.000267 
2212.108060 0.000331 
2210.940948 0.000187 
2209.773837 0.000295 
2208.606725 0.000181 
2207.439613 0.000295 
2206.272501 0.000159 
2205.105390 0.000275 
2203.938278 0.000176 
2202.771166 0.000199 
2201.604054 0.000115 
2200.436943 0.000090 
2199.269831 0.000033 
2198.102719 -0.000024 
2196.935607 0.000074 
2195.768496 0.000135 
2194.601384 0.000475 
2193.434272 0.000671 
2192.267160 0.001020 
2191.100049 0.001168 
2189.932937 0.001529 
2188.765825 0.001569 
2187.598714 0.001816 
2186.431602 0.001895 
2185.264490 0.002058 
2184.097378 0.002060 
2182.930267 0.002218 
2181.763155 0.002387 
2180.596043 0.002663 
2179.428931 0.002923 
2178.261820 0.003114 
2177.094708 0.004066 
2175.927596 0.004200 
2174.760484 0.003491 
2173.593373 0.002790 
2172.426261 0.002644 
2171.259149 0.002333 
2170.092037 0.002559 
2168.924926 0.002826 
2167.757814 0.003514 
2166.590702 0.004141 
2165.423591 0.004931 
2164.256479 0.005957 
2163.089367 0.007611 
2161.922255 0.009238 
2160.755144 0.008582 
2159.588032 0.006116 
2158.420920 0.003933 
2157.253808 0.002623 
2156.086697 0.001527 
2154.919585 0.001174 
2153.752473 0.000817 
2152.585361 0.000743 
2151.418250 0.000539 
2150.251138 0.000540 
2149.084026 0.000421 
2147.916914 0.000450 
2146.749803 0.000557 
2145.582691 0.000577 
2144.415579 0.000479 
2143.248468 0.000367 
2142.081356 0.000384 
2140.914244 0.000173 
2139.747132 0.000237 
2138.580021 0.000131 
2137.412909 0.000236 
2136.245797 0.000117 
2135.078685 0.000350 
2133.911574 0.000278 
2132.744462 0.000261 
2131.577350 0.000147 
2130.410238 0.000147 
2129.243127 0.000018 
2128.076015 -0.000018 
2126.908903 -0.000023 
2125.741791 -0.000052 
2124.574680 -0.000019 
2123.407568 -0.000014 
2122.240456 0.000012 
2121.073344 -0.000153 
2119.906233 -0.000013 
2118.739121 -0.000199 
2117.572009 -0.000055 
2116.404898 -0.000137 
2115.237786 0.000006 
2114.070674 -0.000157 
2112.903562 -0.000002 
2111.736451 0.000048 
2110.569339 0.000080 
2109.402227 -0.000002 
2108.235115 0.000026 
2107.068004 0.000145 
2105.900892 0.000223 
2104.733780 0.000457 
2103.566668 0.000572 
2102.399557 0.000821 
2101.232445 0.000775 
2100.065333 0.001034 
2098.898221 0.001199 
2097.731110 0.001654 
2096.563998 0.002026 
2095.396886 0.002588 
2094.229775 0.003145 
2093.062663 0.004186 
2091.895551 0.005499 
2090.728439 0.006517 
2089.561328 0.006139 
2088.394216 0.005001 
2087.227104 0.004709 
2086.059992 0.004879 
2084.892881 0.005546 
2083.725769 0.005993 
2082.558657 0.006991 
2081.391545 0.008578 
2080.224434 0.011533 
2079.057322 0.013993 
2077.890210 0.016589 
2076.723098 0.021690 
2075.555987 0.039660 
2074.388875 0.048005 
2073.221763 0.022756 
2072.054652 0.011489 
2070.887540 0.012303 
2069.720428 0.008818 
2068.553316 0.003954 
2067.386205 0.002052 
2066.219093 0.001257 
2065.051981 0.000960 
2063.884869 0.000642 
2062.717758 0.000881 
2061.550646 0.001260 
2060.383534 0.001733 
2059.216422 0.000779 
2058.049311 0.000356 
2056.882199 0.000241 
2055.715087 0.000301 
2054.547975 0.000170 
2053.380864 0.000085 
2052.213752 0.000038 
2051.046640 0.000003 
2049.879529 0.000124 
2048.712417 -0.000000 
2047.545305 0.000043 
2046.378193 -0.000065 
2045.211082 0.000095 
2044.043970 -0.000006 
2042.876858 0.000015 
2041.709746 -0.000068 
2040.542635 0.000091 
2039.375523 0.000057 
2038.208411 0.000104 
2037.041299 -0.000052 
2035.874188 -0.000011 
2034.707076 0.000009 
2033.539964 -0.000035 
2032.372852 0.000047 
2031.205741 -0.000067 
2030.038629 0.000032 
2028.871517 -0.000023 
2027.704405 0.000122 
2026.537294 -0.000014 
2025.370182 0.000160 
2024.203070 0.000137 
2023.035959 0.000486 
2021.868847 0.000798 
2020.701735 0.001415 
2019.534623 0.001799 
2018.367512 0.001984 
2017.200400 0.002334 
2016.033288 0.002709 
2014.866176 0.003182 
2013.699065 0.003750 
2012.531953 0.004708 
2011.364841 0.005249 
2010.197729 0.005736 
2009.030618 0.006485 
2007.863506 0.008002 
2006.696394 0.009478 
2005.529282 0.010632 
2004.362171 0.011149 
2003.195059 0.012493 
2002.027947 0.022025 
2000.860836 0.064258 
1999.693724 0.073568 
1998.526612 0.032803 
1997.359500 0.013291 
1996.192389 0.004421 
1995.025277 0.001686 
1993.858165 0.000666 
1992.691053 0.000432 
1991.523942 0.000170 
1990.356830 0.000241 
1989.189718 0.000044 
1988.022606 0.000200 
1986.855495 0.000079 
1985.688383 0.000226 
1984.521271 0.000774 
1983.354159 0.002330 
1982.187048 0.001592 
1981.019936 0.000575 
1979.852824 0.000254 
1978.685713 -0.000026 
1977.518601 -0.000082 
1976.351489 -0.000196 
1975.184377 -0.000081 
1974.017266 -0.000146 
1972.850154 0.000002 
1971.683042 -0.000214 
1970.515930 -0.000047 
1969.348819 -0.000205 
1968.181707 -0.000054 
1967.014595 0.000066 
1965.847483 0.000136 
1964.680372 -0.000053 
1963.513260 -0.000079 
1962.346148 -0.000109 
1961.179036 -0.000134 
1960.011925 -0.000060 
1958.844813 -0.000079 
1957.677701 -0.000070 
1956.510589 -0.000202 
1955.343478 -0.000031 
1954.176366 -0.000025 
1953.009254 0.000022 
1951.842143 -0.000171 
1950.675031 -0.000022 
1949.507919 -0.000100 
1948.340807 0.000009 
1947.173696 -0.000033 
1946.006584 0.000021 
1944.839472 0.000013 
1943.672360 0.000003 
1942.505249 0.000013 
1941.338137 -0.000039 
1940.171025 0.000103 
1939.003913 0.000020 
1937.836802 0.000126 
1936.669690 -0.000027 
1935.502578 0.000092 
1934.335466 -0.000070 
1933.168355 0.000124 
1932.001243 -0.000010 
1930.834131 0.000038 
1929.667020 -0.000041 
1928.499908 0.000048 
1927.332796 -0.000006 
1926.165684 -0.000014 
1924.998573 0.000027 
1923.831461 -0.000008 
1922.664349 0.000010 
1921.497237 -0.000101 
1920.330126 -0.000020 
1919.163014 -0.000066 
1917.995902 0.000052 
1916.828790 -0.000088 
1915.661679 0.000045 
1914.494567 -0.000108 
1913.327455 -0.000018 
1912.160343 -0.000113 
1910.993232 0.000058 
1909.826120 -0.000021 
1908.659008 -0.000024 
1907.491897 -0.000101 
1906.324785 -0.000059 
1905.157673 -0.000035 
1903.990561 -0.000138 
1902.823450 -0.000052 
1901.656338 -0.000128 
1900.489226 0.000007 
1899.322114 -0.000080 
1898.155003 0.000055 
1896.987891 -0.000100 
1895.820779 0.000064 
1894.653667 -0.000057 
1893.486556 0.000017 
1892.319444 -0.000035 
1891.152332 0.000073 
1889.985220 0.000023 
1888.818109 0.000070 
1887.650997 0.000084 
1886.483885 0.000089 
1885.316774 0.000083 
1884.149662 0.000008 
1882.982550 0.000121 
1881.815438 0.000013 
1880.648327 0.000131 
1879.481215 -0.000018 
1878.314103 0.000138 
1877.146991 0.000076 
1875.979880 0.000115 
1874.812768 -0.000026 
1873.645656 0.000032 
1872.478544 0.000017 
1871.311433 0.000002 
1870.144321 -0.000034 
1868.977209 -0.000047 
1867.810097 0.000090 
1866.642986 0.000011 
1865.475874 0.000173 
1864.308762 -0.000012 
1863.141650 0.000143 
1861.974539 0.000063 
1860.807427 0.000292 
1859.640315 0.000233 
1858.473204 0.000431 
1857.306092 0.000374 
1856.138980 0.000490 
1854.971868 0.000408 
1853.804757 0.000380 
1852.637645 0.000304 
1851.470533 0.000211 
1850.303421 0.000109 
1849.136310 -0.000018 
1847.969198 0.000015 
1846.802086 -0.000204 
1845.634974 -0.000101 
1844.467863 -0.000181 
1843.300751 0.000419 
1842.133639 0.000797 
1840.966527 0.001215 
1839.799416 0.001319 
1838.632304 0.001558 
1837.465192 0.001682 
1836.298081 0.002255 
1835.130969 0.003012 
1833.963857 0.003491 
1832.796745 0.003388 
1831.629634 0.003350 
1830.462522 0.004953 
1829.295410 0.007713 
1828.128298 0.005041 
1826.961187 0.003684 
1825.794075 0.003554 
1824.626963 0.001793 
1823.459851 0.000871 
1822.292740 0.000380 
1821.125628 0.000311 
1819.958516 0.000125 
1818.791404 0.000165 
1817.624293 0.000046 
1816.457181 0.000106 
1815.290069 0.000295 
1814.122958 0.000281 
1812.955846 0.000279 
1811.788734 0.000162 
1810.621622 0.000364 
1809.454511 0.000366 
1808.287399 0.000325 
1807.120287 0.000074 
1805.953175 0.000156 
1804.786064 -0.000073 
1803.618952 0.000081 
1802.451840 -0.000065 
1801.284728 -0.000041 
1800.117617 -0.000137 
1798.950505 -0.000080 
1797.783393 -0.000074 
1796.616281 -0.000121 
1795.449170 -0.000022 
1794.282058 -0.000121 
1793.114946 -0.000067 
1791.947835 -0.000246 
1790.780723 -0.000065 
1789.613611 -0.000138 
1788.446499 0.000034 
1787.279388 -0.000112 
1786.112276 0.000015 
1784.945164 -0.000099 
1783.778052 0.000030 
1782.610941 -0.000013 
1781.443829 -0.000014 
1780.276717 -0.000088 
1779.109605 0.000000 
1777.942494 0.000058 
1776.775382 0.000014 
1775.608270 0.000102 
1774.441158 0.000004 
1773.274047 0.000030 
1772.106935 -0.000118 
1770.939823 0.000124 
1769.772711 -0.000008 
1768.605600 0.000088 
1767.438488 0.000003 
1766.271376 0.000225 
1765.104265 0.000160 
1763.937153 0.000285 
1762.770041 0.000250 
1761.602929 0.000281 
1760.435818 0.000379 
1759.268706 0.000430 
1758.101594 0.000513 
1756.934482 0.000350 
1755.767371 0.000512 
1754.600259 0.000477 
1753.433147 0.000628 
1752.266035 0.000416 
1751.098924 0.000480 
1749.931812 0.000455 
1748.764700 0.000651 
1747.597588 0.000637 
1746.430477 0.000757 
1745.263365 0.000739 
1744.096253 0.000976 
1742.929142 0.001086 
1741.762030 0.001213 
1740.594918 0.001298 
1739.427806 0.001263 
1738.260695 0.001575 
1737.093583 0.001567 
1735.926471 0.001762 
1734.759359 0.001620 
1733.592248 0.001847 
1732.425136 0.002061 
1731.258024 0.002375 
1730.090912 0.002297 
1728.923801 0.002466 
1727.756689 0.002449 
1726.589577 0.002622 
1725.422465 0.002589 
1724.255354 0.002544 
1723.088242 0.002576 
1721.921130 0.002542 
1720.754019 0.002534 
1719.586907 0.002245 
1718.419795 0.002150 
1717.252683 0.001824 
1716.085572 0.002103 
1714.918460 0.001845 
1713.751348 0.002005 
1712.584236 0.001870 
1711.417125 0.002105 
1710.250013 0.001981 
1709.082901 0.002097 
1707.915789 0.002020 
1706.748678 0.002060 
1705.581566 0.002069 
1704.414454 0.002058 
1703.247342 0.002231 
1702.080231 0.002195 
1700.913119 0.002216 
1699.746007 0.002050 
1698.578895 0.002541 
1697.411784 0.002436 
1696.244672 0.002446 
1695.077560 0.002381 
1693.910449 0.002848 
1692.743337 0.002800 
1691.576225 0.002962 
1690.409113 0.002894 
1689.242002 0.002950 
1688.074890 0.002874 
1686.907778 0.002884 
1685.740666 0.002717 
1684.573555 0.002348 
1683.406443 0.002662 
1682.239331 0.002643 
1681.072219 0.002831 
1679.905108 0.002677 
1678.737996 0.002815 
1677.570884 0.002559 
1676.403772 0.002656 
1675.236661 0.002363 
1674.069549 0.002544 
1672.902437 0.002506 
1671.735326 0.002551 
1670.568214 0.002435 
1669.401102 0.002351 
1668.233990 0.002405 
1667.066879 0.002412 
1665.899767 0.002437 
1664.732655 0.002258 
1663.565543 0.002238 
1662.398432 0.002033 
1661.231320 0.002237 
1660.064208 0.002070 
1658.897096 0.002236 
1657.729985 0.002110 
1656.562873 0.002246 
1655.395761 0.002037 
1654.228649 0.001944 
1653.061538 0.001633 
1651.894426 0.001831 
1650.727314 0.002049 
1649.560203 0.002055 
1648.393091 0.002082 
1647.225979 0.001939 
1646.058867 0.001995 
1644.891756 0.001981 
1643.724644 0.002189 
1642.557532 0.002017 
1641.390420 0.002214 
1640.223309 0.002022 
1639.056197 0.002214 
1637.889085 0.002077 
1636.721973 0.002039 
1635.554862 0.001702 
1634.387750 0.001711 
1633.220638 0.001720 
1632.053526 0.001754 
1630.886415 0.001786 
1629.719303 0.001741 
1628.552191 0.001872 
1627.385080 0.001757 
1626.217968 0.001939 
1625.050856 0.001819 
1623.883744 0.001931 
1622.716633 0.001865 
1621.549521 0.002183 
1620.382409 0.002135 
1619.215297 0.002336 
1618.048186 0.002199 
1616.881074 0.002142 
1615.713962 0.002190 
1614.546850 0.002353 
1613.379739 0.002379 
1612.212627 0.002413 
1611.045515 0.002605 
1609.878403 0.002671 
1608.711292 0.003000 
1607.544180 0.003041 
1606.377068 0.003426 
1605.209956 0.003492 
1604.042845 0.003785 
1602.875733 0.003717 
1601.708621 0.003948 
1600.541510 0.003816 
1599.374398 0.003965 
1598.207286 0.004074 
1597.040174 0.004432 
1595.873063 0.004896 
1594.705951 0.005538 
1593.538839 0.006463 
1592.371727 0.007279 
1591.204616 0.008131 
1590.037504 0.008379 
1588.870392 0.008420 
1587.703280 0.007725 
1586.536169 0.007116 
1585.369057 0.006138 
1584.201945 0.005494 
1583.034833 0.004699 
1581.867722 0.004309 
1580.700610 0.003851 
1579.533498 0.003658 
1578.366387 0.003410 
1577.199275 0.003138 
1576.032163 0.002879 
1574.865051 0.002951 
1573.697940 0.003108 
1572.530828 0.002928 
1571.363716 0.003091 
1570.196604 0.002887 
1569.029493 0.003047 
1567.862381 0.003003 
1566.695269 0.003178 
1565.528157 0.003038 
1564.361046 0.003300 
1563.193934 0.003252 
1562.026822 0.003454 
1560.859710 0.003329 
1559.692599 0.003217 
1558.525487 0.003279 
1557.358375 0.003455 
1556.191264 0.003739 
1555.024152 0.003535 
1553.857040 0.003542 
1552.689928 0.003506 
1551.522817 0.003734 
1550.355705 0.003624 
1549.188593 0.003910 
1548.021481 0.003782 
1546.854370 0.003840 
1545.687258 0.003546 
1544.520146 0.003648 
1543.353034 0.003425 
1542.185923 0.003269 
1541.018811 0.003109 
1539.851699 0.002995 
1538.684587 0.003153 
1537.517476 0.003643 
1536.350364 0.003935 
1535.183252 0.003906 
1534.016140 0.003976 
1532.849029 0.003980 
1531.681917 0.004277 
1530.514805 0.004275 
1529.347694 0.004512 
1528.180582 0.004387 
1527.013470 0.004588 
1525.846358 0.004474 
1524.679247 0.004638 
1523.512135 0.004736 
1522.345023 0.004934 
1521.177911 0.005192 
1520.010800 0.005566 
1518.843688 0.005955 
1517.676576 0.006029 
1516.509464 0.006398 
1515.342353 0.006499 
1514.175241 0.006837 
1513.008129 0.006783 
1511.841017 0.006985 
1510.673906 0.006918 
1509.506794 0.007008 
1508.339682 0.006846 
1507.172571 0.006809 
1506.005459 0.006774 
1504.838347 0.007060 
1503.671235 0.007412 
1502.504124 0.007624 
1501.337012 0.007996 
1500.169900 0.008337 
1499.002788 0.008907 
1497.835677 0.009403 
1496.668565 0.010311 
1495.501453 0.011277 
1494.334341 0.013128 
1493.167230 0.015549 
1492.000118 0.019735 
1490.833006 0.023655 
1489.665894 0.028632 
1488.498783 0.033387 
1487.331671 0.041128 
1486.164559 0.061146 
1484.997448 0.101234 
1483.830336 0.191840 
1482.663224 0.232139 
1481.496112 0.113797 
1480.329001 0.050334 
1479.161889 0.033513 
1477.994777 0.029789 
1476.827665 0.036408 
1475.660554 0.051203 
1474.493442 0.057007 
1473.326330 0.057039 
1472.159218 0.074784 
1470.992107 0.127792 
1469.824995 0.310040 
1468.657883 0.579774 
1467.490771 0.334398 
1466.323660 0.138593 
1465.156548 0.111692 
1463.989436 0.144896 
1462.822325 0.129821 
1461.655213 0.162359 
1460.488101 0.210369 
1459.320989 0.128136 
1458.153878 0.147382 
1456.986766 0.140832 
1455.819654 0.070035 
1454.652542 0.056460 
1453.485431 0.067075 
1452.318319 0.044416 
1451.151207 0.021283 
1449.984095 0.027283 
1448.816984 0.062565 
1447.649872 0.100538 
1446.482760 0.072600 
1445.315648 0.042152 
1444.148537 0.041660 
1442.981425 0.039198 
1441.814313 0.023647 
1440.647201 0.012919 
1439.480090 0.006754 
1438.312978 0.003140 
1437.145866 0.001498 
1435.978755 0.000638 
1434.811643 0.000720 
1433.644531 0.000950 
1432.477419 0.003730 
1431.310308 0.010110 
1430.143196 0.011477 
1428.976084 0.011398 
1427.808972 0.005169 
1426.641861 0.002306 
1425.474749 0.000330 
1424.307637 -0.000202 
1423.140525 -0.000352 
1421.973414 -0.000003 
1420.806302 -0.000009 
1419.639190 0.000167 
1418.472078 0.000181 
1417.304967 0.000453 
1416.137855 0.000350 
1414.970743 0.000508 
1413.803632 0.000426 
1412.636520 0.000393 
1411.469408 0.000295 
1410.302296 0.000362 
1409.135185 0.000427 
1407.968073 0.000352 
1406.800961 0.000468 
1405.633849 0.000296 
1404.466738 0.000424 
1403.299626 0.000283 
1402.132514 0.000420 
1400.965402 0.000222 
1399.798291 0.000254 
1398.631179 0.000072 
1397.464067 0.000139 
1396.296955 -0.000043 
1395.129844 -0.000053 
1393.962732 -0.000201 
1392.795620 -0.000127 
1391.628509 -0.000067 
1390.461397 -0.000085 
1389.294285 0.000011 
1388.127173 -0.000182 
1386.960062 -0.000025 
1385.792950 -0.000030 
1384.625838 0.000168 
1383.458726 -0.000036 
1382.291615 0.000038 
1381.124503 -0.000177 
1379.957391 -0.000072 
1378.790279 -0.000181 
1377.623168 -0.000104 
1376.456056 -0.000069 
1375.288944 -0.000054 
1374.121832 0.000009 
1372.954721 0.000002 
1371.787609 0.000121 
1370.620497 0.000004 
1369.453385 0.000155 
1368.286274 0.000079 
1367.119162 0.000306 
1365.952050 0.000201 
1364.784939 0.000444 
1363.617827 0.000246 
1362.450715 0.000440 
1361.283603 0.000305 
1360.116492 0.000422 
1358.949380 0.000354 
1357.782268 0.000446 
1356.615156 0.000433 
1355.448045 0.000460 
1354.280933 0.000565 
1353.113821 0.000579 
1351.946709 0.000715 
1350.779598 0.000641 
1349.612486 0.000835 
1348.445374 0.000795 
1347.278262 0.001068 
1346.111151 0.000944 
1344.944039 0.001200 
1343.776927 0.001205 
1342.609816 0.001584 
1341.442704 0.001567 
1340.275592 0.001728 
1339.108480 0.001843 
1337.941369 0.001989 
1336.774257 0.002063 
1335.607145 0.001979 
1334.440033 0.002016 
1333.272922 0.001922 
1332.105810 0.002014 
1330.938698 0.001818 
1329.771586 0.001920 
1328.604475 0.001795 
1327.437363 0.002006 
1326.270251 0.001774 
1325.103139 0.001888 
1323.936028 0.001795 
1322.768916 0.001878 
1321.601804 0.001798 
1320.434693 0.001870 
1319.267581 0.001943 
1318.100469 0.001938 
1316.933357 0.002057 
1315.766246 0.002012 
1314.599134 0.002159 
1313.432022 0.002059 
1312.264910 0.002291 
1311.097799 0.002153 
1309.930687 0.002431 
1308.763575 0.002302 
1307.596463 0.002518 
1306.429352 0.002517 
1305.262240 0.002708 
1304.095128 0.002620 
1302.928016 0.002749 
1301.760905 0.002735 
1300.593793 0.002746 
1299.426681 0.002906 
1298.259570 0.002915 
1297.092458 0.003104 
1295.925346 0.003029 
1294.758234 0.003319 
1293.591123 0.003228 
1292.424011 0.003468 
1291.256899 0.003395 
1290.089787 0.003747 
1288.922676 0.003663 
1287.755564 0.003874 
1286.588452 0.003810 
1285.421340 0.004081 
1284.254229 0.004105 
1283.087117 0.004250 
1281.920005 0.004362 
1280.752893 0.004509 
1279.585782 0.004690 
1278.418670 0.004709 
1277.251558 0.004981 
1276.084446 0.004980 
1274.917335 0.005305 
1273.750223 0.005298 
1272.583111 0.005683 
1271.416000 0.005729 
1270.248888 0.006097 
1269.081776 0.006238 
1267.914664 0.006633 
1266.747553 0.006847 
1265.580441 0.007228 
1264.413329 0.007600 
1263.246217 0.008040 
1262.079106 0.008552 
1260.911994 0.009170 
1259.744882 0.010169 
1258.577770 0.011213 
1257.410659 0.013118 
1256.243547 0.015679 
1255.076435 0.020416 
1253.909323 0.029038 
1252.742212 0.050054 
1251.575100 0.099771 
1250.407988 0.167433 
1249.240877 0.150933 
1248.073765 0.080960 
1246.906653 0.042704 
1245.739541 0.026005 
1244.572430 0.018938 
1243.405318 0.015789 
1242.238206 0.013272 
1241.071094 0.011053 
1239.903983 0.010097 
1238.736871 0.009433 
1237.569759 0.009390 
1236.402647 0.009127 
1235.235536 0.009374 
1234.068424 0.009325 
1232.901312 0.009610 
1231.734200 0.009637 
1230.567089 0.009925 
1229.399977 0.010079 
1228.232865 0.010365 
1227.065754 0.010667 
1225.898642 0.010836 
1224.731530 0.011155 
1223.564418 0.011417 
1222.397307 0.011776 
1221.230195 0.011933 
1220.063083 0.012443 
1218.895971 0.012574 
1217.728860 0.013155 
1216.561748 0.013442 
1215.394636 0.014093 
1214.227524 0.014417 
1213.060413 0.014998 
1211.893301 0.015356 
1210.726189 0.015920 
1209.559077 0.016461 
1208.391966 0.016942 
1207.224854 0.017542 
1206.057742 0.018167 
1204.890630 0.018902 
1203.723519 0.019516 
1202.556407 0.020400 
1201.389295 0.021045 
1200.222184 0.021922 
1199.055072 0.022500 
1197.887960 0.023487 
1196.720848 0.024237 
1195.553737 0.025424 
1194.386625 0.026399 
1193.219513 0.027772 
1192.052401 0.029219 
1190.885290 0.030982 
1189.718178 0.033248 
1188.551066 0.036129 
1187.383954 0.040135 
1186.216843 0.045945 
1185.049731 0.056560 
1183.882619 0.080881 
1182.715507 0.132747 
1181.548396 0.171696 
1180.381284 0.169032 
1179.214172 0.127748 
1178.047061 0.084227 
1176.879949 0.072175 
1175.712837 0.073934 
1174.545725 0.081499 
1173.378614 0.094644 
1172.211502 0.113859 
1171.044390 0.144986 
1169.877278 0.207186 
1168.710167 0.338743 
1167.543055 0.560491 
1166.375943 0.839723 
1165.208831 1.245413 
1164.041720 1.760716 
1162.874608 1.286615 
1161.707496 0.727428 
1160.540384 0.394661 
1159.373273 0.186176 
1158.206161 0.108276 
1157.039049 0.043310 
1155.871938 0.024411 
1154.704826 0.009495 
1153.537714 0.003385 
1152.370602 0.001730 
1151.203491 0.002849 
1150.036379 0.004717 
1148.869267 0.004551 
1147.702155 0.003960 
1146.535044 0.000221 
1145.367932 -0.002226 
1144.200820 -0.003152 
1143.033708 -0.002706 
1141.866597 -0.002048 
1140.699485 -0.000447 
1139.532373 -0.000109 
1138.365261 0.000207 
1137.198150 0.000759 
1136.031038 0.001030 
1134.863926 0.001664 
1133.696815 0.002308 
1132.529703 0.003179 
1131.362591 0.003825 
1130.195479 0.004723 
1129.028368 0.005346 
1127.861256 0.006260 
1126.694144 0.006840 
1125.527032 0.007883 
1124.359921 0.008589 
1123.192809 0.009893 
1122.025697 0.011384 
1120.858585 0.012677 
1119.691474 0.013604 
1118.524362 0.014523 
1117.357250 0.015406 
1116.190138 0.016790 
1115.023027 0.018414 
1113.855915 0.020199 
1112.688803 0.022564 
1111.521691 0.024835 
1110.354580 0.027691 
1109.187468 0.030883 
1108.020356 0.035069 
1106.853245 0.039774 
1105.686133 0.045936 
1104.519021 0.053488 
1103.351909 0.064000 
1102.184798 0.078652 
1101.017686 0.101500 
1099.850574 0.137442 
1098.683462 0.204607 
1097.516351 0.359061 
1096.349239 0.573023 
1095.182127 0.762620 
1094.015015 0.964221 
1092.847904 1.304446 
1091.680792 1.840463 
1090.513680 1.219966 
1089.346568 0.461334 
1088.179457 0.146897 
1087.012345 0.055125 
1085.845233 0.029164 
1084.678122 0.047950 
1083.511010 0.082146 
1082.343898 0.028282 
1081.176786 -0.001072 
1080.009675 -0.007601 
1078.842563 -0.009513 
1077.675451 -0.010831 
1076.508339 -0.011492 
1075.341228 -0.010858 
1074.174116 -0.009035 
1073.007004 0.000195 
1071.839892 -0.004222 
1070.672781 -0.010209 
1069.505669 -0.010947 
1068.338557 -0.010518 
1067.171445 -0.010394 
1066.004334 -0.009899 
1064.837222 -0.009583 
1063.670110 -0.009026 
1062.502999 -0.008973 
1061.335887 -0.008738 
1060.168775 -0.008478 
1059.001663 -0.008328 
1057.834552 -0.008082 
1056.667440 -0.008096 
1055.500328 -0.007831 
1054.333216 -0.007853 
1053.166105 -0.007484 
1051.998993 -0.007462 
1050.831881 -0.007035 
1049.664769 -0.007076 
1048.497658 -0.006791 
1047.330546 -0.006675 
1046.163434 -0.006298 
1044.996322 -0.006104 
1043.829211 -0.005820 
1042.662099 -0.005595 
1041.494987 -0.005378 
1040.327875 -0.005034 
1039.160764 -0.004864 
1037.993652 -0.004507 
1036.826540 -0.004394 
1035.659429 -0.003972 
1034.492317 -0.003947 
1033.325205 -0.003540 
1032.158093 -0.003458 
1030.990982 -0.003015 
1029.823870 -0.002920 
1028.656758 -0.002686 
1027.489646 -0.002600 
1026.322535 -0.002358 
1025.155423 -0.002289 
1023.988311 -0.002147 
1022.821199 -0.002033 
1021.654088 -0.002015 
1020.486976 -0.001734 
1019.319864 -0.001803 
1018.152752 -0.001571 
1016.985641 -0.001671 
1015.818529 -0.001373 
1014.651417 -0.001364 
1013.484306 -0.001048 
1012.317194 -0.001083 
1011.150082 -0.000657 
1009.982970 -0.000495 
1008.815859 -0.000029 
1007.648747 -0.000050 
1006.481635 -0.000028 
1005.314523 0.000124 
1004.147412 0.000193 
1002.980300 0.000481 
1001.813188 0.000512 
1000.646076 0.000731 
999.478965 0.000674 
998.311853 0.001011 
997.144741 0.000801 
995.977629 0.001041 
994.810518 0.000884 
993.643406 0.001162 
992.476294 0.001127 
991.309183 0.001334 
990.142071 0.001390 
988.974959 0.001624 
987.807847 0.001728 
986.640736 0.001862 
985.473624 0.002149 
984.306512 0.002245 
983.139400 0.002521 
981.972289 0.002561 
980.805177 0.002895 
979.638065 0.002800 
978.470953 0.003109 
977.303842 0.003051 
976.136730 0.003361 
974.969618 0.003260 
973.802506 0.003476 
972.635395 0.003457 
971.468283 0.003860 
970.301171 0.003921 
969.134060 0.004068 
967.966948 0.004377 
966.799836 0.004545 
965.632724 0.004819 
964.465613 0.004913 
963.298501 0.005333 
962.131389 0.005395 
960.964277 0.005767 
959.797166 0.005836 
958.630054 0.006323 
957.462942 0.006459 
956.295830 0.006968 
955.128719 0.007175 
953.961607 0.007531 
952.794495 0.007732 
951.627383 0.008260 
950.460272 0.008581 
949.293160 0.008990 
948.126048 0.009518 
946.958936 0.009843 
945.791825 0.010462 
944.624713 0.010798 
943.457601 0.011619 
942.290490 0.012108 
941.123378 0.013117 
939.956266 0.013723 
938.789154 0.014732 
937.622043 0.015666 
936.454931 0.016996 
935.287819 0.018187 
934.120707 0.019899 
932.953596 0.021679 
931.786484 0.023872 
930.619372 0.026606 
929.452260 0.030065 
928.285149 0.035088 
927.118037 0.042540 
925.950925 0.054112 
924.783813 0.069034 
923.616702 0.096023 
922.449590 0.163229 
921.282478 0.294412 
920.115367 0.485835 
918.948255 0.778291 
917.781143 0.939599 
916.614031 0.660795 
915.446920 0.402379 
914.279808 0.498642 
913.112696 0.369751 
911.945584 0.081917 
910.778473 0.005157 
909.611361 0.000716 
908.444249 0.036681 
907.277137 0.053728 
906.110026 0.007541 
904.942914 -0.003032 
903.775802 -0.008238 
902.608690 -0.011730 
901.441579 -0.011743 
900.274467 -0.011360 
899.107355 -0.010499 
897.940244 -0.009982 
896.773132 -0.009500 
895.606020 -0.008908 
894.438908 -0.008310 
893.271797 -0.007851 
892.104685 -0.007597 
890.937573 -0.007053 
889.770461 -0.006793 
888.603350 -0.006186 
887.436238 -0.005956 
886.269126 -0.005439 
885.102014 -0.005275 
883.934903 -0.004837 
882.767791 -0.004699 
881.600679 -0.004316 
880.433567 -0.004082 
879.266456 -0.003793 
878.099344 -0.003521 
876.932232 -0.003304 
875.765121 -0.003139 
874.598009 -0.003167 
873.430897 -0.002791 
872.263785 -0.002692 
871.096674 -0.002355 
869.929562 -0.002408 
868.762450 -0.002116 
867.595338 -0.002211 
866.428227 -0.001886 
865.261115 -0.001927 
864.094003 -0.001741 
862.926891 -0.001614 
861.759780 -0.001450 
860.592668 -0.001452 
859.425556 -0.001214 
858.258444 -0.001101 
857.091333 -0.000973 
855.924221 -0.000643 
854.757109 -0.000728 
853.589997 -0.000555 
852.422886 -0.000371 
851.255774 -0.000309 
850.088662 -0.000539 
848.921551 -0.000383 
847.754439 -0.000426 
846.587327 -0.000262 
845.420215 -0.000354 
844.253104 -0.000151 
843.085992 -0.000381 
841.918880 -0.000185 
840.751768 -0.000110 
839.584657 -0.000122 
838.417545 -0.000107 
837.250433 -0.000049 
836.083321 0.000089 
834.916210 0.000103 
833.749098 0.000298 
832.581986 0.000033 
831.414874 0.000254 
830.247763 0.000115 
829.080651 0.000327 
827.913539 0.000177 
826.746428 0.000289 
825.579316 0.000278 
824.412204 0.000374 
823.245092 0.000323 
822.077981 0.000390 
820.910869 0.000366 
819.743757 0.000295 
818.576645 0.000440 
817.409534 0.000374 
816.242422 0.000525 
815.075310 0.000344 
813.908198 0.000493 
812.741087 0.000312 
811.573975 0.000457 
810.406863 0.000246 
809.239751 0.000495 
808.072640 0.000068 
806.905528 0.000176 
805.738416 0.000283 
804.571305 0.000274 
803.404193 0.000195 
802.237081 0.000109 
801.069969 0.000147 
799.902858 0.000186 
798.735746 0.000133 
797.568634 -0.000025 
796.401522 0.000166 
795.234411 -0.000045 
794.067299 0.000150 
792.900187 -0.000104 
791.733075 0.000067 
790.565964 -0.000052 
789.398852 0.000046 
788.231740 -0.000272 
787.064628 -0.000171 
785.897517 -0.000196 
784.730405 -0.000127 
783.563293 -0.000033 
782.396181 -0.000110 
781.229070 -0.000023 
780.061958 -0.000273 
778.894846 -0.000062 
777.727735 -0.000137 
776.560623 -0.000100 
775.393511 -0.000271 
774.226399 -0.000174 
773.059288 -0.000351 
771.892176 -0.000315 
770.725064 -0.000471 
769.557952 -0.000246 
768.390841 -0.000264 
767.223729 -0.000187 
766.056617 -0.000318 
764.889505 -0.000337 
763.722394 -0.000230 
762.555282 -0.000339 
761.388170 -0.000244 
760.221058 -0.000401 
759.053947 -0.000172 
757.886835 -0.000278 
756.719723 -0.000157 
755.552612 -0.000238 
754.385500 -0.000092 
753.218388 -0.000330 
752.051276 -0.000194 
750.884165 -0.000172 
749.717053 -0.000180 
748.549941 -0.000191 
747.382829 -0.000338 
746.215718 -0.000295 
745.048606 -0.000460 
743.881494 -0.000279 
742.714382 -0.000520 
741.547271 -0.000301 
740.380159 -0.000343 
739.213047 -0.000208 
738.045935 -0.000553 
736.878824 -0.000429 
735.711712 -0.000444 
734.544600 -0.000345 
733.377489 -0.000470 
732.210377 -0.000441 
731.043265 -0.000375 
729.876153 -0.000213 
728.709042 -0.000298 
727.541930 -0.000441 
726.374818 -0.000268 
725.207706 -0.000410 
724.040595 -0.000365 
722.873483 -0.000386 
721.706371 -0.000093 
720.539259 -0.000317 
719.372148 -0.000180 
718.205036 -0.000234 
717.037924 -0.000011 
715.870812 -0.000123 
714.703701 -0.000081 
713.536589 -0.000280 
712.369477 -0.000129 
711.202366 -0.000081 
710.035254 -0.000082 
708.868142 -0.000138 
707.701030 -0.000252 
706.533919 -0.000088 
705.366807 -0.000245 
704.199695 -0.000022 
703.032583 -0.000126 
701.865472 0.000070 
700.698360 -0.000079 
699.531248 0.000128 
698.364136 -0.000015 
697.197025 0.000069 
696.029913 -0.000051 
694.862801 -0.000102 
693.695689 -0.000051 
692.528578 -0.000156 
691.361466 -0.000144 
690.194354 -0.000267 
689.027242 -0.000193 
687.860131 -0.000351 
686.693019 -0.000108 
685.525907 -0.000008 
684.358796 0.000678 
683.191684 0.000131 
682.024572 -0.000055 
680.857460 -0.000441 
679.690349 -0.000257 
678.523237 -0.000274 
677.356125 -0.000259 
676.189013 -0.000362 
675.021902 -0.000065 
673.854790 -0.000287 
672.687678 -0.000584 
671.520566 -0.000119 
670.353455 -0.000317 
669.186343 -0.000830 
668.019231 -0.002368 
666.852119 -0.001777 
665.685008 -0.001093 
664.517896 -0.000592 
663.350784 -0.000623 
662.183673 -0.000273 
661.016561 -0.000311 
659.849449 -0.000158 
658.682337 -0.000488 
657.515226 -0.000787 
656.348114 -0.001220 
655.181002 -0.001452 
654.013890 -0.001568 
652.846779 -0.001757 
651.679667 -0.001344 
650.512555 -0.001025 
649.345443 -0.000309 
648.178332 0.000075 
647.011220 0.000551 
645.844108 0.000476 
644.676996 0.000414 
643.509885 -0.000290 
642.342773 -0.000918 
641.175661 -0.001657 
640.008550 -0.002050 
638.841438 -0.002515 
637.674326 -0.002387 
636.507214 -0.002432 
635.340103 -0.002292 
634.172991 -0.001810 
633.005879 -0.001429 
631.838767 -0.000263 
630.671656 0.000181 
629.504544 0.000901 
628.337432 0.000988 
627.170320 0.001679 
626.003209 0.001752 
624.836097 0.001883 
623.668985 0.001320 
622.501873 0.000885 
621.334762 0.000576 
620.167650 0.000622 
619.000538 0.000521 
617.833426 0.000265 
616.666315 0.000444 
615.499203 0.000280 
614.332091 0.000464 
613.164980 0.000448 
611.997868 0.000356 
610.830756 -0.000182 
609.663644 0.000014 
608.496533 -0.000349 
607.329421 -0.000144 
606.162309 -0.000249 
604.995197 -0.000153 
603.828086 -0.000207 
602.660974 0.000006 
601.493862 -0.000160 
600.326750 0.000021 
599.159639 0.000240 
597.992527 0.000300 
596.825415 -0.000017 
595.658303 -0.000347 
594.491192 -0.000199 
593.324080 -0.000468 
592.156968 -0.000349 
590.989857 -0.000491 
589.822745 -0.000070 
588.655633 -0.000221 
587.488521 -0.000113 
586.321410 -0.000081 
585.154298 -0.000079 
583.987186 -0.000098 
582.820074 0.000094 
581.652963 0.000182 
580.485851 0.000424 
579.318739 0.000927 
578.151627 0.000929 
576.984516 0.000701 
575.817404 0.000423 
574.650292 -0.000049 
573.483180 0.000112 
572.316069 0.000171 
571.148957 0.000154 
569.981845 -0.000051 
568.814734 -0.000417 
567.647622 0.000130 
566.480510 0.000025 
565.313398 -0.000337 
564.146287 0.001394 
562.979175 0.001732 
561.812063 0.000641 
560.644951 -0.000261 
559.477840 -0.000190 
558.310728 -0.000307 
557.143616 -0.000320 
555.976504 -0.001297 
554.809393 -0.001720 
553.642281 -0.002237 
552.475169 -0.000493 
551.308057 -0.000120 
550.140946 -0.000063 
548.973834 0.000026 
547.806722 -0.001346 
546.639611 -0.001909 
545.472499 -0.001894 
544.305387 -0.002252 
543.138275 -0.001416 
541.971164 0.000070 
540.804052 0.000415 
539.636940 0.000930 
538.469828 -0.000159 
537.302717 0.000370 
536.135605 -0.000595 
534.968493 0.000104 
533.801381 0.000845 
532.634270 0.000635 
531.467158 0.000586 
530.300046 0.000987 
529.132934 0.001080 
527.965823 -0.000195 
526.798711 -0.000300 
525.631599 0.000026 
524.464487 0.000651 
523.297376 -0.000185 
522.130264 0.000191 
520.963152 0.001123 
519.796041 0.002012 
518.628929 0.001671 
517.461817 0.001906 
516.294705 0.002497 
515.127594 0.001779 
513.960482 -0.001006 
512.793370 -0.005442 
511.626258 -0.006156 
510.459147 -0.004140 
509.292035 -0.003001 
508.124923 -0.003200 
506.957811 -0.002865 
505.790700 -0.001743 
504.623588 -0.001375 
503.456476 0.000468 
502.289364 0.000357 
501.122253 0.000345 
499.955141 0.002402 
