3999.700000 0.000000 
3998.533071 0.000435 
3997.366142 0.000435 
3996.199213 0.000435 
3995.032284 0.000435 
3993.865355 0.000420 
3992.698426 0.000097 
3991.531497 0.000231 
3990.364568 0.000276 
3989.197639 0.000047 
3988.030710 0.000435 
3986.863781 0.000435 
3985.696852 0.000435 
3984.529923 0.000111 
3983.362994 0.000408 
3982.196065 0.000050 
3981.029136 0.000435 
3979.862207 0.000435 
3978.695278 0.000435 
3977.528349 0.000435 
3976.361420 0.000435 
3975.194491 0.000259 
3974.027563 0.000249 
3972.860634 0.000435 
3971.693705 0.000003 
3970.526776 0.000435 
3969.359847 0.000435 
3968.192918 0.000435 
3967.025989 0.000435 
3965.859060 0.000020 
3964.692131 0.000435 
3963.525202 0.000435 
3962.358273 0.000435 
3961.191344 0.000435 
3960.024415 0.000037 
3958.857486 0.000435 
3957.690557 0.000435 
3956.523628 0.000435 
3955.356699 0.000435 
3954.189770 0.000000 
3953.022841 0.000164 
3951.855912 0.000435 
3950.688983 0.000082 
3949.522054 0.000425 
3948.355125 0.000435 
3947.188196 0.000256 
3946.021267 0.000000 
3944.854338 0.000368 
3943.687409 0.000006 
3942.520480 0.000313 
3941.353551 0.000000 
3940.186622 0.000310 
3939.019693 0.000052 
3937.852764 0.000435 
3936.685835 0.000435 
3935.518906 0.000435 
3934.351977 0.000435 
3933.185048 0.000435 
3932.018119 0.000079 
3930.851190 0.000283 
3929.684261 0.000249 
3928.517332 0.000435 
3927.350403 0.000435 
3926.183474 0.000435 
3925.016546 0.000435 
3923.849617 0.000435 
3922.682688 0.000435 
3921.515759 0.000435 
3920.348830 0.000435 
3919.181901 0.000233 
3918.014972 0.000298 
3916.848043 0.000435 
3915.681114 0.000435 
3914.514185 0.000435 
3913.347256 0.000195 
3912.180327 0.000313 
3911.013398 0.000435 
3909.846469 0.000368 
3908.679540 0.000155 
3907.512611 0.000179 
3906.345682 0.000328 
3905.178753 0.000009 
3904.011824 0.000353 
3902.844895 0.000000 
3901.677966 0.000000 
3900.511037 0.000343 
3899.344108 0.000435 
3898.177179 0.000435 
3897.010250 0.000435 
3895.843321 0.000435 
3894.676392 0.000435 
3893.509463 0.000039 
3892.342534 0.000435 
3891.175605 0.000435 
3890.008676 0.000435 
3888.841747 0.000435 
3887.674818 0.000381 
3886.507889 0.000000 
3885.340960 0.000000 
3884.174031 0.000351 
3883.007102 0.000435 
3881.840173 0.000077 
3880.673244 0.000435 
3879.506315 0.000435 
3878.339386 0.000435 
3877.172457 0.000435 
3876.005529 0.000341 
3874.838600 0.000201 
3873.671671 0.000435 
3872.504742 0.000435 
3871.337813 0.000000 
3870.170884 0.000111 
3869.003955 0.000435 
3867.837026 0.000435 
3866.670097 0.000030 
3865.503168 0.000047 
3864.336239 0.000435 
3863.169310 0.000435 
3862.002381 0.000435 
3860.835452 0.000435 
3859.668523 0.000371 
3858.501594 0.000000 
3857.334665 0.000246 
3856.167736 0.000081 
3855.000807 0.000000 
3853.833878 0.000000 
3852.666949 0.000000 
3851.500020 0.000290 
3850.333091 0.000058 
3849.166162 0.000435 
3847.999233 0.000304 
3846.832304 0.000203 
3845.665375 0.000435 
3844.498446 0.000435 
3843.331517 0.000402 
3842.164588 0.000000 
3840.997659 0.000243 
3839.830730 0.000435 
3838.663801 0.000028 
3837.496872 0.000000 
3836.329943 0.000000 
3835.163014 0.000260 
3833.996085 0.000085 
3832.829156 0.000000 
3831.662227 0.000435 
3830.495298 0.000435 
3829.328369 0.000435 
3828.161440 0.000070 
3826.994512 0.000435 
3825.827583 0.000435 
3824.660654 0.000435 
3823.493725 0.000128 
3822.326796 0.000000 
3821.159867 0.000000 
3819.992938 0.000134 
3818.826009 0.000435 
3817.659080 0.000113 
3816.492151 0.000000 
3815.325222 0.000435 
3814.158293 0.000435 
3812.991364 0.000435 
3811.824435 0.000435 
3810.657506 0.000435 
3809.490577 0.000435 
3808.323648 0.000253 
3807.156719 0.000000 
3805.989790 0.000352 
3804.822861 0.000435 
3803.655932 0.000329 
3802.489003 0.000000 
3801.322074 0.000295 
3800.155145 0.000435 
3798.988216 0.000049 
3797.821287 0.000314 
3796.654358 0.000000 
3795.487429 0.000000 
3794.320500 0.000425 
3793.153571 0.000000 
3791.986642 0.000151 
3790.819713 0.000435 
3789.652784 0.000110 
3788.485855 0.000006 
3787.318926 0.000435 
3786.151997 0.000435 
3784.985068 0.000168 
3783.818139 0.000340 
3782.651210 0.000414 
3781.484281 0.000000 
3780.317352 0.000210 
3779.150423 0.000435 
3777.983494 0.000435 
3776.816566 0.000435 
3775.649637 0.000314 
3774.482708 0.000225 
3773.315779 0.000435 
3772.148850 0.000435 
3770.981921 0.000051 
3769.814992 0.000297 
3768.648063 0.000240 
3767.481134 0.000435 
3766.314205 0.000435 
3765.147276 0.000361 
3763.980347 0.000183 
3762.813418 0.000435 
3761.646489 0.000435 
3760.479560 0.000426 
3759.312631 0.000091 
3758.145702 0.000435 
3756.978773 0.000435 
3755.811844 0.000435 
3754.644915 0.000435 
3753.477986 0.000328 
3752.311057 0.000213 
3751.144128 0.000435 
3749.977199 0.000034 
3748.810270 0.000435 
3747.643341 0.000435 
3746.476412 0.000435 
3745.309483 0.000101 
3744.142554 0.000416 
3742.975625 0.000435 
3741.808696 0.000435 
3740.641767 0.000435 
3739.474838 0.000435 
3738.307909 0.000435 
3737.140980 0.000435 
3735.974051 0.000435 
3734.807122 0.000435 
3733.640193 0.000435 
3732.473264 0.000435 
3731.306335 0.000435 
3730.139406 0.000435 
3728.972477 0.000435 
3727.805549 0.000435 
3726.638620 0.000435 
3725.471691 0.000435 
3724.304762 0.000435 
3723.137833 0.000435 
3721.970904 0.000435 
3720.803975 0.000435 
3719.637046 0.000435 
3718.470117 0.000435 
3717.303188 0.000781 
3716.136259 0.000869 
3714.969330 0.000869 
3713.802401 0.000869 
3712.635472 0.001142 
3711.468543 0.001668 
3710.301614 0.003049 
3709.134685 0.009749 
3707.967756 0.009415 
3706.800827 0.002662 
3705.633898 0.000986 
3704.466969 0.000869 
3703.300040 0.000739 
3702.133111 0.000435 
3700.966182 0.000435 
3699.799253 0.000435 
3698.632324 0.000435 
3697.465395 0.000289 
3696.298466 0.000242 
3695.131537 0.000435 
3693.964608 0.000435 
3692.797679 0.000000 
3691.630750 0.000178 
3690.463821 0.000435 
3689.296892 0.000086 
3688.129963 0.000030 
3686.963034 0.000435 
3685.796105 0.000435 
3684.629176 0.000435 
3683.462247 0.000435 
3682.295318 0.000046 
3681.128389 0.000435 
3679.961460 0.000435 
3678.794532 0.000435 
3677.627603 0.000435 
3676.460674 0.000000 
3675.293745 0.000148 
3674.126816 0.000435 
3672.959887 0.000113 
3671.792958 0.000003 
3670.626029 0.000435 
3669.459100 0.000435 
3668.292171 0.000435 
3667.125242 0.000435 
3665.958313 0.000435 
3664.791384 0.000435 
3663.624455 0.000435 
3662.457526 0.000435 
3661.290597 0.000435 
3660.123668 0.000435 
3658.956739 0.000435 
3657.789810 0.000435 
3656.622881 0.000435 
3655.455952 0.000435 
3654.289023 0.000435 
3653.122094 0.000435 
3651.955165 0.000435 
3650.788236 0.000435 
3649.621307 0.000010 
3648.454378 0.000000 
3647.287449 0.000179 
3646.120520 0.000435 
3644.953591 0.000435 
3643.786662 0.000435 
3642.619733 0.000435 
3641.452804 0.000435 
3640.285875 0.000435 
3639.118946 0.000435 
3637.952017 0.000435 
3636.785088 0.000435 
3635.618159 0.000435 
3634.451230 0.000435 
3633.284301 0.000435 
3632.117372 0.000395 
3630.950443 0.000152 
3629.783515 0.000435 
3628.616586 0.000105 
3627.449657 0.000413 
3626.282728 0.000435 
3625.115799 0.000435 
3623.948870 0.000435 
3622.781941 0.000435 
3621.615012 0.000435 
3620.448083 0.000435 
3619.281154 0.000435 
3618.114225 0.000435 
3616.947296 0.000435 
3615.780367 0.000435 
3614.613438 0.000435 
3613.446509 0.000435 
3612.279580 0.000435 
3611.112651 0.000435 
3609.945722 0.000026 
3608.778793 0.000435 
3607.611864 0.000435 
3606.444935 0.000435 
3605.278006 0.000435 
3604.111077 0.000517 
3602.944148 0.000869 
3601.777219 0.001883 
3600.610290 0.006430 
3599.443361 0.002824 
3598.276432 0.000772 
3597.109503 0.000435 
3595.942574 0.000435 
3594.775645 0.000076 
3593.608716 0.000000 
3592.441787 0.000435 
3591.274858 0.000250 
3590.107929 0.000000 
3588.941000 0.000000 
3587.774071 0.000000 
3586.607142 0.000000 
3585.440213 0.000222 
3584.273284 0.000435 
3583.106355 0.000435 
3581.939426 0.000365 
3580.772497 0.000000 
3579.605569 0.000239 
3578.438640 0.000435 
3577.271711 0.000435 
3576.104782 0.000435 
3574.937853 0.000260 
3573.770924 0.000274 
3572.603995 0.000089 
3571.437066 0.000435 
3570.270137 0.000335 
3569.103208 0.000192 
3567.936279 0.000435 
3566.769350 0.000074 
3565.602421 0.000435 
3564.435492 0.000320 
3563.268563 0.000000 
3562.101634 0.000000 
3560.934705 0.000418 
3559.767776 0.000435 
3558.600847 0.000290 
3557.433918 0.000246 
3556.266989 0.000435 
3555.100060 0.000435 
3553.933131 0.000073 
3552.766202 0.000435 
3551.599273 0.000174 
3550.432344 0.000000 
3549.265415 0.000435 
3548.098486 0.000435 
3546.931557 0.000257 
3545.764628 0.000000 
3544.597699 0.000388 
3543.430770 0.000000 
3542.263841 0.000114 
3541.096912 0.000435 
3539.929983 0.000435 
3538.763054 0.000435 
3537.596125 0.000045 
3536.429196 0.000304 
3535.262267 0.000234 
3534.095338 0.000435 
3532.928409 0.000014 
3531.761480 0.000000 
3530.594552 0.000000 
3529.427623 0.000000 
3528.260694 0.000000 
3527.093765 0.000432 
3525.926836 0.000084 
3524.759907 0.000244 
3523.592978 0.000264 
3522.426049 0.000061 
3521.259120 0.000417 
3520.092191 0.000000 
3518.925262 0.000000 
3517.758333 0.000279 
3516.591404 0.000044 
3515.424475 0.000435 
3514.257546 0.000435 
3513.090617 0.000213 
3511.923688 0.000000 
3510.756759 0.000000 
3509.589830 0.000053 
3508.422901 0.000271 
3507.255972 0.000000 
3506.089043 0.000344 
3504.922114 0.000010 
3503.755185 0.000435 
3502.588256 0.000435 
3501.421327 0.000435 
3500.254398 0.000435 
3499.087469 0.000000 
3497.920540 0.000122 
3496.753611 0.000241 
3495.586682 0.000000 
3494.419753 0.000000 
3493.252824 0.000435 
3492.085895 0.000435 
3490.918966 0.000435 
3489.752037 0.000122 
3488.585108 0.000000 
3487.418179 0.000000 
3486.251250 0.000152 
3485.084321 0.000435 
3483.917392 0.000435 
3482.750463 0.000022 
3481.583535 0.000435 
3480.416606 0.000435 
3479.249677 0.000435 
3478.082748 0.000435 
3476.915819 0.000435 
3475.748890 0.000435 
3474.581961 0.000435 
3473.415032 0.000435 
3472.248103 0.000435 
3471.081174 0.000435 
3469.914245 0.000435 
3468.747316 0.000435 
3467.580387 0.000435 
3466.413458 0.000435 
3465.246529 0.000435 
3464.079600 0.000435 
3462.912671 0.000435 
3461.745742 0.000435 
3460.578813 0.000435 
3459.411884 0.000435 
3458.244955 0.000435 
3457.078026 0.000435 
3455.911097 0.000435 
3454.744168 0.000435 
3453.577239 0.000435 
3452.410310 0.000435 
3451.243381 0.000435 
3450.076452 0.000435 
3448.909523 0.000435 
3447.742594 0.000435 
3446.575665 0.000435 
3445.408736 0.000435 
3444.241807 0.000435 
3443.074878 0.000435 
3441.907949 0.000435 
3440.741020 0.000435 
3439.574091 0.000435 
3438.407162 0.000435 
3437.240233 0.000435 
3436.073304 0.000435 
3434.906375 0.000435 
3433.739446 0.000435 
3432.572518 0.000435 
3431.405589 0.000435 
3430.238660 0.000435 
3429.071731 0.000435 
3427.904802 0.000435 
3426.737873 0.000435 
3425.570944 0.000435 
3424.404015 0.000435 
3423.237086 0.000435 
3422.070157 0.000435 
3420.903228 0.000435 
3419.736299 0.000435 
3418.569370 0.000435 
3417.402441 0.000435 
3416.235512 0.000435 
3415.068583 0.000435 
3413.901654 0.000435 
3412.734725 0.000435 
3411.567796 0.000435 
3410.400867 0.000435 
3409.233938 0.000435 
3408.067009 0.000435 
3406.900080 0.000435 
3405.733151 0.000435 
3404.566222 0.000435 
3403.399293 0.000435 
3402.232364 0.000435 
3401.065435 0.000435 
3399.898506 0.000435 
3398.731577 0.000435 
3397.564648 0.000435 
3396.397719 0.000435 
3395.230790 0.000435 
3394.063861 0.000435 
3392.896932 0.000435 
3391.730003 0.000435 
3390.563074 0.000435 
3389.396145 0.000435 
3388.229216 0.000435 
3387.062287 0.000435 
3385.895358 0.000435 
3384.728429 0.000435 
3383.561501 0.000435 
3382.394572 0.000435 
3381.227643 0.000435 
3380.060714 0.000435 
3378.893785 0.000435 
3377.726856 0.000435 
3376.559927 0.000435 
3375.392998 0.000435 
3374.226069 0.000435 
3373.059140 0.000435 
3371.892211 0.000435 
3370.725282 0.000435 
3369.558353 0.000435 
3368.391424 0.000435 
3367.224495 0.000435 
3366.057566 0.000435 
3364.890637 0.000435 
3363.723708 0.000435 
3362.556779 0.000172 
3361.389850 0.000000 
3360.222921 0.000000 
3359.055992 0.000106 
3357.889063 0.000435 
3356.722134 0.000435 
3355.555205 0.000068 
3354.388276 0.000000 
3353.221347 0.000121 
3352.054418 0.000435 
3350.887489 0.000125 
3349.720560 0.000000 
3348.553631 0.000435 
3347.386702 0.000299 
3346.219773 0.000232 
3345.052844 0.000110 
3343.885915 0.000398 
3342.718986 0.000079 
3341.552057 0.000435 
3340.385128 0.000435 
3339.218199 0.000435 
3338.051270 0.000435 
3336.884341 0.000435 
3335.717412 0.000250 
3334.550483 0.000000 
3333.383555 0.000000 
3332.216626 0.000036 
3331.049697 0.000435 
3329.882768 0.000435 
3328.715839 0.000435 
3327.548910 0.000065 
3326.381981 0.000384 
3325.215052 0.000138 
3324.048123 0.000435 
3322.881194 0.000122 
3321.714265 0.000000 
3320.547336 0.000000 
3319.380407 0.000154 
3318.213478 0.000435 
3317.046549 0.000435 
3315.879620 0.000426 
3314.712691 0.000081 
3313.545762 0.000435 
3312.378833 0.000435 
3311.211904 0.000054 
3310.044975 0.000435 
3308.878046 0.000435 
3307.711117 0.000435 
3306.544188 0.000150 
3305.377259 0.000000 
3304.210330 0.000039 
3303.043401 0.000311 
3301.876472 0.000228 
3300.709543 0.000435 
3299.542614 0.000021 
3298.375685 0.000000 
3297.208756 0.000000 
3296.041827 0.000243 
3294.874898 0.000435 
3293.707969 0.000003 
3292.541040 0.000358 
3291.374111 0.000000 
3290.207182 0.000258 
3289.040253 0.000435 
3287.873324 0.000423 
3286.706395 0.000000 
3285.539466 0.000200 
3284.372538 0.000162 
3283.205609 0.000384 
3282.038680 0.000435 
3280.871751 0.000435 
3279.704822 0.000435 
3278.537893 0.000435 
3277.370964 0.000435 
3276.204035 0.000046 
3275.037106 0.000435 
3273.870177 0.000435 
3272.703248 0.000098 
3271.536319 0.000419 
3270.369390 0.000372 
3269.202461 0.000000 
3268.035532 0.000246 
3266.868603 0.000081 
3265.701674 0.000434 
3264.534745 0.000320 
3263.367816 0.000000 
3262.200887 0.000290 
3261.033958 0.000058 
3259.867029 0.000000 
3258.700100 0.000000 
3257.533171 0.000000 
3256.366242 0.000306 
3255.199313 0.000043 
3254.032384 0.000000 
3252.865455 0.000146 
3251.698526 0.000435 
3250.531597 0.000435 
3249.364668 0.000028 
3248.197739 0.000435 
3247.030810 0.000435 
3245.863881 0.000435 
3244.696952 0.000435 
3243.530023 0.000435 
3242.363094 0.000103 
3241.196165 0.000435 
3240.029236 0.000435 
3238.862307 0.000071 
3237.695378 0.000000 
3236.528449 0.000118 
3235.361521 0.000435 
3234.194592 0.000435 
3233.027663 0.000435 
3231.860734 0.000374 
3230.693805 0.000133 
3229.526876 0.000435 
3228.359947 0.000113 
3227.193018 0.000000 
3226.026089 0.000359 
3224.859160 0.000000 
3223.692231 0.000245 
3222.525302 0.000435 
3221.358373 0.000435 
3220.191444 0.000435 
3219.024515 0.000254 
3217.857586 0.000279 
3216.690657 0.000435 
3215.523728 0.000033 
3214.356799 0.000435 
3213.189870 0.000435 
3212.022941 0.000435 
3210.856012 0.000435 
3209.689083 0.000435 
3208.522154 0.000301 
3207.355225 0.000000 
3206.188296 0.000000 
3205.021367 0.000425 
3203.854438 0.000435 
3202.687509 0.000435 
3201.520580 0.000435 
3200.353651 0.000110 
3199.186722 0.000435 
3198.019793 0.000357 
3196.852864 0.000168 
3195.685935 0.000435 
3194.519006 0.000435 
3193.352077 0.000021 
3192.185148 0.000435 
3191.018219 0.000435 
3189.851290 0.000435 
3188.684361 0.000435 
3187.517432 0.000000 
3186.350504 0.000000 
3185.183575 0.000000 
3184.016646 0.000297 
3182.849717 0.000024 
3181.682788 0.000384 
3180.515859 0.000000 
3179.348930 0.000240 
3178.182001 0.000435 
3177.015072 0.000007 
3175.848143 0.000362 
3174.681214 0.000182 
3173.514285 0.000435 
3172.347356 0.000071 
3171.180427 0.000000 
3170.013498 0.000000 
3168.846569 0.000197 
3167.679640 0.000165 
3166.512711 0.000381 
3165.345782 0.000435 
3164.178853 0.000295 
3163.011924 0.000212 
3161.844995 0.000118 
3160.678066 0.000401 
3159.511137 0.000000 
3158.344208 0.000000 
3157.177279 0.000000 
3156.010350 0.000000 
3154.843421 0.000416 
3153.676492 0.000000 
3152.509563 0.000000 
3151.342634 0.000242 
3150.175705 0.000435 
3149.008776 0.000004 
3147.841847 0.000435 
3146.674918 0.000435 
3145.507989 0.000149 
3144.341060 0.000000 
3143.174131 0.000013 
3142.007202 0.000308 
3140.840273 0.000000 
3139.673344 0.000303 
3138.506415 0.000046 
3137.339486 0.000000 
3136.172558 0.000000 
3135.005629 0.000000 
3133.838700 0.000331 
3132.671771 0.000435 
3131.504842 0.000350 
3130.337913 0.000000 
3129.170984 0.000000 
3128.004055 0.000346 
3126.837126 0.000016 
3125.670197 0.000100 
3124.503268 0.000262 
3123.336339 0.000000 
3122.169410 0.000000 
3121.002481 0.000434 
3119.835552 0.000320 
3118.668623 0.000000 
3117.501694 0.000000 
3116.334765 0.000376 
3115.167836 0.000378 
3114.000907 0.000000 
3112.833978 0.000225 
3111.667049 0.000116 
3110.500120 0.000391 
3109.333191 0.000435 
3108.166262 0.000435 
3106.999333 0.000435 
3105.832404 0.000101 
3104.665475 0.000000 
3103.498546 0.000088 
3102.331617 0.000257 
3101.164688 0.000276 
3099.997759 0.000435 
3098.830830 0.000000 
3097.663901 0.000000 
3096.496972 0.000000 
3095.330043 0.000291 
3094.163114 0.000435 
3092.996185 0.000045 
3091.829256 0.000435 
3090.662327 0.000223 
3089.495398 0.000307 
3088.328469 0.000435 
3087.161541 0.000375 
3085.994612 0.000148 
3084.827683 0.000186 
3083.660754 0.000322 
3082.493825 0.000435 
3081.326896 0.000435 
3080.159967 0.000435 
3078.993038 0.000171 
3077.826109 0.000337 
3076.659180 0.000018 
3075.492251 0.000435 
3074.325322 0.000229 
3073.158393 0.000279 
3071.991464 0.000435 
3070.824535 0.000000 
3069.657606 0.000117 
3068.490677 0.000213 
3067.323748 0.000294 
3066.156819 0.000027 
3064.989890 0.000387 
3063.822961 0.000134 
3062.656032 0.000435 
3061.489103 0.000435 
3060.322174 0.000435 
3059.155245 0.000435 
3057.988316 0.000256 
3056.821387 0.000000 
3055.654458 0.000360 
3054.487529 0.000005 
3053.320600 0.000435 
3052.153671 0.000435 
3050.986742 0.000168 
3049.819813 0.000000 
3048.652884 0.000000 
3047.485955 0.000103 
3046.319026 0.000435 
3045.152097 0.000435 
3043.985168 0.000435 
3042.818239 0.000040 
3041.651310 0.000283 
3040.484381 0.000000 
3039.317452 0.000000 
3038.150524 0.000413 
3036.983595 0.000435 
3035.816666 0.000268 
3034.649737 0.000239 
3033.482808 0.000435 
3032.315879 0.000435 
3031.148950 0.000000 
3029.982021 0.000000 
3028.815092 0.000000 
3027.648163 0.000000 
3026.481234 0.000435 
3025.314305 0.000435 
3024.147376 0.000435 
3022.980447 0.000136 
3021.813518 0.000386 
3020.646589 0.000435 
3019.479660 0.000435 
3018.312731 0.000199 
3017.145802 0.000328 
3015.978873 0.000435 
3014.811944 0.000435 
3013.645015 0.000435 
3012.478086 0.000435 
3011.311157 0.000435 
3010.144228 0.000019 
3008.977299 0.000338 
3007.810370 0.000000 
3006.643441 0.000269 
3005.476512 0.000435 
3004.309583 0.000435 
3003.142654 0.000323 
3001.975725 0.000205 
3000.808796 0.000435 
2999.641867 0.000062 
2998.474938 0.000381 
2997.308009 0.000000 
2996.141080 0.000222 
2994.974151 0.000435 
2993.807222 0.000435 
2992.640293 0.000366 
2991.473364 0.000142 
2990.306435 0.000196 
2989.139507 0.000331 
2987.972578 0.000012 
2986.805649 0.000435 
2985.638720 0.000260 
2984.471791 0.000000 
2983.304862 0.000000 
2982.137933 0.000000 
2980.971004 0.000100 
2979.804075 0.000244 
2978.637146 0.000000 
2977.470217 0.000361 
2976.303288 0.000042 
2975.136359 0.000435 
2973.969430 0.000227 
2972.802501 0.000000 
2971.635572 0.000418 
2970.468643 0.000057 
2969.301714 0.000291 
2968.134785 0.000246 
2966.967856 0.000117 
2965.800927 0.000000 
2964.633998 0.000072 
2963.467069 0.000435 
2962.300140 0.000435 
2961.133211 0.000435 
2959.966282 0.000420 
2958.799353 0.000097 
2957.632424 0.000435 
2956.465495 0.000159 
2955.298566 0.000000 
2954.131637 0.000435 
2952.964708 0.000321 
2951.797779 0.000218 
2950.630850 0.000435 
2949.463921 0.000435 
2948.296992 0.000435 
2947.130063 0.000305 
2945.963134 0.000234 
2944.796205 0.000435 
2943.629276 0.000014 
2942.462347 0.000435 
2941.295418 0.000435 
2940.128489 0.000435 
2938.961561 0.000435 
2937.794632 0.000435 
2936.627703 0.000435 
2935.460774 0.000244 
2934.293845 0.000264 
2933.126916 0.000435 
2931.959987 0.000017 
2930.793058 0.000435 
2929.626129 0.000435 
2928.459200 0.000435 
2927.292271 0.000435 
2926.125342 0.000435 
2924.958413 0.000435 
2923.791484 0.000214 
2922.624555 0.000326 
2921.457626 0.000435 
2920.290697 0.000000 
2919.123768 0.000000 
2917.956839 0.000236 
2916.789910 0.000435 
2915.622981 0.000435 
2914.456052 0.000000 
2913.289123 0.000179 
2912.122194 0.000156 
2910.955265 0.000367 
2909.788336 0.000435 
2908.621407 0.000314 
2907.454478 0.000194 
2906.287549 0.000435 
2905.120620 0.000052 
2903.953691 0.000413 
2902.786762 0.000136 
2901.619833 0.000435 
2900.452904 0.000435 
2899.285975 0.000435 
2898.119046 0.000356 
2896.952117 0.000000 
2895.785188 0.000249 
2894.618259 0.000435 
2893.451330 0.000435 
2892.284401 0.000435 
2891.117472 0.000435 
2889.950544 0.000169 
2888.783615 0.000355 
2887.616686 0.000007 
2886.449757 0.000435 
2885.282828 0.000435 
2884.115899 0.000435 
2882.948970 0.000435 
2881.782041 0.000435 
2880.615112 0.000435 
2879.448183 0.000435 
2878.281254 0.000435 
2877.114325 0.000435 
2875.947396 0.000435 
2874.780467 0.000435 
2873.613538 0.000435 
2872.446609 0.000435 
2871.279680 0.000435 
2870.112751 0.000435 
2868.945822 0.000435 
2867.778893 0.000435 
2866.611964 0.000435 
2865.445035 0.000435 
2864.278106 0.000435 
2863.111177 0.000435 
2861.944248 0.000435 
2860.777319 0.000077 
2859.610390 0.000435 
2858.443461 0.000323 
2857.276532 0.000205 
2856.109603 0.000435 
2854.942674 0.000435 
2853.775745 0.000435 
2852.608816 0.000294 
2851.441887 0.000243 
2850.274958 0.000435 
2849.108029 0.000435 
2847.941100 0.000435 
2846.774171 0.000278 
2845.607242 0.000258 
2844.440313 0.000435 
2843.273384 0.000435 
2842.106455 0.000435 
2840.939527 0.000435 
2839.772598 0.000435 
2838.605669 0.000435 
2837.438740 0.000435 
2836.271811 0.000435 
2835.104882 0.000435 
2833.937953 0.000435 
2832.771024 0.000435 
2831.604095 0.000435 
2830.437166 0.000435 
2829.270237 0.000435 
2828.103308 0.000435 
2826.936379 0.000435 
2825.769450 0.000435 
2824.602521 0.000435 
2823.435592 0.000435 
2822.268663 0.000435 
2821.101734 0.000435 
2819.934805 0.000435 
2818.767876 0.000435 
2817.600947 0.000435 
2816.434018 0.000435 
2815.267089 0.000435 
2814.100160 0.000435 
2812.933231 0.000435 
2811.766302 0.000435 
2810.599373 0.000435 
2809.432444 0.000435 
2808.265515 0.000435 
2807.098586 0.000435 
2805.931657 0.000435 
2804.764728 0.000435 
2803.597799 0.000435 
2802.430870 0.000435 
2801.263941 0.000435 
2800.097012 0.000095 
2798.930083 0.000422 
2797.763154 0.000435 
2796.596225 0.000435 
2795.429296 0.000435 
2794.262367 0.000435 
2793.095438 0.000435 
2791.928510 0.000435 
2790.761581 0.000244 
2789.594652 0.000293 
2788.427723 0.000435 
2787.260794 0.000416 
2786.093865 0.000133 
2784.926936 0.000435 
2783.760007 0.000435 
2782.593078 0.000435 
2781.426149 0.000435 
2780.259220 0.000435 
2779.092291 0.000435 
2777.925362 0.000098 
2776.758433 0.000410 
2775.591504 0.000435 
2774.424575 0.000435 
2773.257646 0.000435 
2772.090717 0.000435 
2770.923788 0.000435 
2769.756859 0.000435 
2768.589930 0.000435 
2767.423001 0.000435 
2766.256072 0.000435 
2765.089143 0.000048 
2763.922214 0.000435 
2762.755285 0.000435 
2761.588356 0.000435 
2760.421427 0.000435 
2759.254498 0.000435 
2758.087569 0.000435 
2756.920640 0.000435 
2755.753711 0.000435 
2754.586782 0.000435 
2753.419853 0.000435 
2752.252924 0.000435 
2751.085995 0.000435 
2749.919066 0.000435 
2748.752137 0.000435 
2747.585208 0.000435 
2746.418279 0.000435 
2745.251350 0.000435 
2744.084421 0.000435 
2742.917492 0.000435 
2741.750564 0.000326 
2740.583635 0.000201 
2739.416706 0.000435 
2738.249777 0.000435 
2737.082848 0.000435 
2735.915919 0.000435 
2734.748990 0.000195 
2733.582061 0.000312 
2732.415132 0.000435 
2731.248203 0.000435 
2730.081274 0.000435 
2728.914345 0.000435 
2727.747416 0.000435 
2726.580487 0.000435 
2725.413558 0.000435 
2724.246629 0.000435 
2723.079700 0.000435 
2721.912771 0.000435 
2720.745842 0.000435 
2719.578913 0.000328 
2718.411984 0.000212 
2717.245055 0.000435 
2716.078126 0.000435 
2714.911197 0.000435 
2713.744268 0.000311 
2712.577339 0.000227 
2711.410410 0.000435 
2710.243481 0.000435 
2709.076552 0.000435 
2707.909623 0.000265 
2706.742694 0.000242 
2705.575765 0.000435 
2704.408836 0.000435 
2703.241907 0.000435 
2702.074978 0.000435 
2700.908049 0.000435 
2699.741120 0.000435 
2698.574191 0.000435 
2697.407262 0.000342 
2696.240333 0.000200 
2695.073404 0.000435 
2693.906475 0.000435 
2692.739547 0.000435 
2691.572618 0.000293 
2690.405689 0.000215 
2689.238760 0.000435 
2688.071831 0.000435 
2686.904902 0.000435 
2685.737973 0.000435 
2684.571044 0.000435 
2683.404115 0.000099 
2682.237186 0.000419 
2681.070257 0.000435 
2679.903328 0.000435 
2678.736399 0.000435 
2677.569470 0.000074 
2676.402541 0.000434 
2675.235612 0.000435 
2674.068683 0.000435 
2672.901754 0.000435 
2671.734825 0.000435 
2670.567896 0.000016 
2669.400967 0.000435 
2668.234038 0.000435 
2667.067109 0.000435 
2665.900180 0.000435 
2664.733251 0.000435 
2663.566322 0.000435 
2662.399393 0.000435 
2661.232464 0.000435 
2660.065535 0.000435 
2658.898606 0.000435 
2657.731677 0.000435 
2656.564748 0.000435 
2655.397819 0.000435 
2654.230890 0.000435 
2653.063961 0.000435 
2651.897032 0.000435 
2650.730103 0.000435 
2649.563174 0.000435 
2648.396245 0.000435 
2647.229316 0.000435 
2646.062387 0.000435 
2644.895458 0.000435 
2643.728530 0.000435 
2642.561601 0.000435 
2641.394672 0.000435 
2640.227743 0.000435 
2639.060814 0.000435 
2637.893885 0.000435 
2636.726956 0.000435 
2635.560027 0.000435 
2634.393098 0.000435 
2633.226169 0.000098 
2632.059240 0.000435 
2630.892311 0.000435 
2629.725382 0.000435 
2628.558453 0.000435 
2627.391524 0.000435 
2626.224595 0.000435 
2625.057666 0.000435 
2623.890737 0.000435 
2622.723808 0.000435 
2621.556879 0.000435 
2620.389950 0.000435 
2619.223021 0.000435 
2618.056092 0.000435 
2616.889163 0.000435 
2615.722234 0.000435 
2614.555305 0.000435 
2613.388376 0.000435 
2612.221447 0.000435 
2611.054518 0.000435 
2609.887589 0.000435 
2608.720660 0.000435 
2607.553731 0.000435 
2606.386802 0.000435 
2605.219873 0.000435 
2604.052944 0.000435 
2602.886015 0.000435 
2601.719086 0.000435 
2600.552157 0.000153 
2599.385228 0.000394 
2598.218299 0.000435 
2597.051370 0.000435 
2595.884441 0.000435 
2594.717513 0.000435 
2593.550584 0.000024 
2592.383655 0.000435 
2591.216726 0.000435 
2590.049797 0.000435 
2588.882868 0.000435 
2587.715939 0.000435 
2586.549010 0.000435 
2585.382081 0.000435 
2584.215152 0.000435 
2583.048223 0.000435 
2581.881294 0.000435 
2580.714365 0.000435 
2579.547436 0.000435 
2578.380507 0.000435 
2577.213578 0.000435 
2576.046649 0.000435 
2574.879720 0.000435 
2573.712791 0.000435 
2572.545862 0.000435 
2571.378933 0.000435 
2570.212004 0.000435 
2569.045075 0.000435 
2567.878146 0.000435 
2566.711217 0.000435 
2565.544288 0.000435 
2564.377359 0.000435 
2563.210430 0.000435 
2562.043501 0.000435 
2560.876572 0.000435 
2559.709643 0.000435 
2558.542714 0.000435 
2557.375785 0.000435 
2556.208856 0.000435 
2555.041927 0.000435 
2553.874998 0.000435 
2552.708069 0.000435 
2551.541140 0.000435 
2550.374211 0.000435 
2549.207282 0.000047 
2548.040353 0.000435 
2546.873424 0.000435 
2545.706495 0.000435 
2544.539567 0.000435 
2543.372638 0.000435 
2542.205709 0.000435 
2541.038780 0.000435 
2539.871851 0.000435 
2538.704922 0.000435 
2537.537993 0.000435 
2536.371064 0.000435 
2535.204135 0.000435 
2534.037206 0.000435 
2532.870277 0.000435 
2531.703348 0.000435 
2530.536419 0.000435 
2529.369490 0.000435 
2528.202561 0.000435 
2527.035632 0.000435 
2525.868703 0.000435 
2524.701774 0.000435 
2523.534845 0.000435 
2522.367916 0.000435 
2521.200987 0.000435 
2520.034058 0.000435 
2518.867129 0.000435 
2517.700200 0.000435 
2516.533271 0.000435 
2515.366342 0.000435 
2514.199413 0.000435 
2513.032484 0.000435 
2511.865555 0.000435 
2510.698626 0.000435 
2509.531697 0.000435 
2508.364768 0.000435 
2507.197839 0.000435 
2506.030910 0.000435 
2504.863981 0.000435 
2503.697052 0.000435 
2502.530123 0.000305 
2501.363194 0.000234 
2500.196265 0.000435 
2499.029336 0.000435 
2497.862407 0.000435 
2496.695478 0.000435 
2495.528550 0.000435 
2494.361621 0.000435 
2493.194692 0.000435 
2492.027763 0.000435 
2490.860834 0.000435 
2489.693905 0.000435 
2488.526976 0.000435 
2487.360047 0.000435 
2486.193118 0.000435 
2485.026189 0.000435 
2483.859260 0.000435 
2482.692331 0.000435 
2481.525402 0.000435 
2480.358473 0.000435 
2479.191544 0.000435 
2478.024615 0.000435 
2476.857686 0.000435 
2475.690757 0.000435 
2474.523828 0.000435 
2473.356899 0.000435 
2472.189970 0.000435 
2471.023041 0.000435 
2469.856112 0.000435 
2468.689183 0.000613 
2467.522254 0.000618 
2466.355325 0.000435 
2465.188396 0.000440 
2464.021467 0.000783 
2462.854538 0.000628 
2461.687609 0.000869 
2460.520680 0.000869 
2459.353751 0.000869 
2458.186822 0.000869 
2457.019893 0.000869 
2455.852964 0.000869 
2454.686035 0.000472 
2453.519106 0.000869 
2452.352177 0.000718 
2451.185248 0.000658 
2450.018319 0.000540 
2448.851390 0.000435 
2447.684461 0.000813 
2446.517533 0.000601 
2445.350604 0.000631 
2444.183675 0.000435 
2443.016746 0.000435 
2441.849817 0.000435 
2440.682888 0.000616 
2439.515959 0.000587 
2438.349030 0.000435 
2437.182101 0.000435 
2436.015172 0.000559 
2434.848243 0.000673 
2433.681314 0.000435 
2432.514385 0.000435 
2431.347456 0.000435 
2430.180527 0.000435 
2429.013598 0.000435 
2427.846669 0.000435 
2426.679740 0.000435 
2425.512811 0.000435 
2424.345882 0.000435 
2423.178953 0.000435 
2422.012024 0.000435 
2420.845095 0.000435 
2419.678166 0.000435 
2418.511237 0.000435 
2417.344308 0.000435 
2416.177379 0.000435 
2415.010450 0.000435 
2413.843521 0.000435 
2412.676592 0.000435 
2411.509663 0.000735 
2410.342734 0.000869 
2409.175805 0.000489 
2408.008876 0.000869 
2406.841947 0.000648 
2405.675018 0.000750 
2404.508089 0.000482 
2403.341160 0.000869 
2402.174231 0.000869 
2401.007302 0.000869 
2399.840373 0.000539 
2398.673444 0.000869 
2397.506516 0.000869 
2396.339587 0.000869 
2395.172658 0.000869 
2394.005729 0.000869 
2392.838800 0.000869 
2391.671871 0.000869 
2390.504942 0.000869 
2389.338013 0.000869 
2388.171084 0.000869 
2387.004155 0.000911 
2385.837226 0.001305 
2384.670297 0.001767 
2383.503368 0.004313 
2382.336439 0.006934 
2381.169510 0.007005 
2380.002581 0.007151 
2378.835652 0.007446 
2377.668723 0.007770 
2376.501794 0.007889 
2375.334865 0.008331 
2374.167936 0.008331 
2373.001007 0.008331 
2371.834078 0.008331 
2370.667149 0.008789 
2369.500220 0.009316 
2368.333291 0.009661 
2367.166362 0.009942 
2365.999433 0.010501 
2364.832504 0.010610 
2363.665575 0.011441 
2362.498646 0.011665 
2361.331717 0.012186 
2360.164788 0.013164 
2358.997859 0.013768 
2357.830930 0.014843 
2356.664001 0.016198 
2355.497072 0.017884 
2354.330143 0.020825 
2353.163214 0.024210 
2351.996285 0.029400 
2350.829356 0.036490 
2349.662427 0.047413 
2348.495498 0.064101 
2347.328570 0.096716 
2346.161641 0.160172 
2344.994712 0.251809 
2343.827783 0.333293 
2342.660854 0.291950 
2341.493925 0.184928 
2340.326996 0.115823 
2339.160067 0.073329 
2337.993138 0.049791 
2336.826209 0.036031 
2335.659280 0.026683 
2334.492351 0.020423 
2333.325422 0.015477 
2332.158493 0.012044 
2330.991564 0.009394 
2329.824635 0.006784 
2328.657706 0.005444 
2327.490777 0.004897 
2326.323848 0.002666 
2325.156919 0.001741 
2323.989990 0.001562 
2322.823061 0.001305 
2321.656132 0.000937 
2320.489203 0.001300 
2319.322274 0.000869 
2318.155345 0.000869 
2316.988416 0.000869 
2315.821487 0.000869 
2314.654558 0.000869 
2313.487629 0.000869 
2312.320700 0.000638 
2311.153771 0.000759 
2309.986842 0.000473 
2308.819913 0.000435 
2307.652984 0.000435 
2306.486055 0.000435 
2305.319126 0.000435 
2304.152197 0.000435 
2302.985268 0.000435 
2301.818339 0.000435 
2300.651410 0.000435 
2299.484481 0.000435 
2298.317553 0.000435 
2297.150624 0.000435 
2295.983695 0.000435 
2294.816766 0.000435 
2293.649837 0.000435 
2292.482908 0.000435 
2291.315979 0.000435 
2290.149050 0.000435 
2288.982121 0.000435 
2287.815192 0.000435 
2286.648263 0.001001 
2285.481334 0.001880 
2284.314405 0.004306 
2283.147476 0.009789 
2281.980547 0.005183 
2280.813618 0.002096 
2279.646689 0.001399 
2278.479760 0.000869 
2277.312831 0.000527 
2276.145902 0.000435 
2274.978973 0.000435 
2273.812044 0.000435 
2272.645115 0.000435 
2271.478186 0.000435 
2270.311257 0.000435 
2269.144328 0.000435 
2267.977399 0.000435 
2266.810470 0.000435 
2265.643541 0.000435 
2264.476612 0.000435 
2263.309683 0.000435 
2262.142754 0.000435 
2260.975825 0.000435 
2259.808896 0.000435 
2258.641967 0.000435 
2257.475038 0.000435 
2256.308109 0.000435 
2255.141180 0.000435 
2253.974251 0.000435 
2252.807322 0.000435 
2251.640393 0.000435 
2250.473464 0.000435 
2249.306536 0.000435 
2248.139607 0.000435 
2246.972678 0.000435 
2245.805749 0.000435 
2244.638820 0.000435 
2243.471891 0.000435 
2242.304962 0.000435 
2241.138033 0.000435 
2239.971104 0.000435 
2238.804175 0.000435 
2237.637246 0.000435 
2236.470317 0.000063 
2235.303388 0.000435 
2234.136459 0.000435 
2232.969530 0.000435 
2231.802601 0.000435 
2230.635672 0.000435 
2229.468743 0.000435 
2228.301814 0.000435 
2227.134885 0.000435 
2225.967956 0.000435 
2224.801027 0.000435 
2223.634098 0.000435 
2222.467169 0.000435 
2221.300240 0.000435 
2220.133311 0.000435 
2218.966382 0.000435 
2217.799453 0.000435 
2216.632524 0.000435 
2215.465595 0.000435 
2214.298666 0.000435 
2213.131737 0.000435 
2211.964808 0.000435 
2210.797879 0.000435 
2209.630950 0.000435 
2208.464021 0.000332 
2207.297092 0.000175 
2206.130163 0.000435 
2204.963234 0.000435 
2203.796305 0.000435 
2202.629376 0.000435 
2201.462447 0.000435 
2200.295519 0.000435 
2199.128590 0.000435 
2197.961661 0.000435 
2196.794732 0.000435 
2195.627803 0.000435 
2194.460874 0.000435 
2193.293945 0.000435 
2192.127016 0.000435 
2190.960087 0.000435 
2189.793158 0.000435 
2188.626229 0.000435 
2187.459300 0.000435 
2186.292371 0.000435 
2185.125442 0.000435 
2183.958513 0.000435 
2182.791584 0.000435 
2181.624655 0.000435 
2180.457726 0.000435 
2179.290797 0.000435 
2178.123868 0.000435 
2176.956939 0.000435 
2175.790010 0.000435 
2174.623081 0.000435 
2173.456152 0.000435 
2172.289223 0.000435 
2171.122294 0.000053 
2169.955365 0.000435 
2168.788436 0.000435 
2167.621507 0.000435 
2166.454578 0.000435 
2165.287649 0.000435 
2164.120720 0.000435 
2162.953791 0.000435 
2161.786862 0.000435 
2160.619933 0.000435 
2159.453004 0.000435 
2158.286075 0.000435 
2157.119146 0.000435 
2155.952217 0.000435 
2154.785288 0.000435 
2153.618359 0.000435 
2152.451430 0.000435 
2151.284502 0.000435 
2150.117573 0.000435 
2148.950644 0.000435 
2147.783715 0.000435 
2146.616786 0.000435 
2145.449857 0.000435 
2144.282928 0.000123 
2143.115999 0.000427 
2141.949070 0.000435 
2140.782141 0.000435 
2139.615212 0.000435 
2138.448283 0.000435 
2137.281354 0.000435 
2136.114425 0.000435 
2134.947496 0.000435 
2133.780567 0.000435 
2132.613638 0.000435 
2131.446709 0.000435 
2130.279780 0.000435 
2129.112851 0.000435 
2127.945922 0.000435 
2126.778993 0.000435 
2125.612064 0.000435 
2124.445135 0.000435 
2123.278206 0.000435 
2122.111277 0.000435 
2120.944348 0.000435 
2119.777419 0.000435 
2118.610490 0.000435 
2117.443561 0.000435 
2116.276632 0.000435 
2115.109703 0.000435 
2113.942774 0.000435 
2112.775845 0.000435 
2111.608916 0.000435 
2110.441987 0.000435 
2109.275058 0.000011 
2108.108129 0.000435 
2106.941200 0.000435 
2105.774271 0.000435 
2104.607342 0.000435 
2103.440413 0.000435 
2102.273484 0.000435 
2101.106556 0.000435 
2099.939627 0.000435 
2098.772698 0.000435 
2097.605769 0.000435 
2096.438840 0.000435 
2095.271911 0.000435 
2094.104982 0.000435 
2092.938053 0.000435 
2091.771124 0.000435 
2090.604195 0.000435 
2089.437266 0.000435 
2088.270337 0.000435 
2087.103408 0.000435 
2085.936479 0.000435 
2084.769550 0.000435 
2083.602621 0.000435 
2082.435692 0.000435 
2081.268763 0.000435 
2080.101834 0.000435 
2078.934905 0.000233 
2077.767976 0.000000 
2076.601047 0.000391 
2075.434118 0.000435 
2074.267189 0.000290 
2073.100260 0.000242 
2071.933331 0.000435 
2070.766402 0.000435 
2069.599473 0.000435 
2068.432544 0.000435 
2067.265615 0.000435 
2066.098686 0.000435 
2064.931757 0.000435 
2063.764828 0.000435 
2062.597899 0.000435 
2061.430970 0.000435 
2060.264041 0.000435 
2059.097112 0.000435 
2057.930183 0.000435 
2056.763254 0.000435 
2055.596325 0.000129 
2054.429396 0.000379 
2053.262467 0.000435 
2052.095539 0.000435 
2050.928610 0.000207 
2049.761681 0.000321 
2048.594752 0.000435 
2047.427823 0.000435 
2046.260894 0.000435 
2045.093965 0.000435 
2043.927036 0.000435 
2042.760107 0.000435 
2041.593178 0.000435 
2040.426249 0.000435 
2039.259320 0.000435 
2038.092391 0.000435 
2036.925462 0.000435 
2035.758533 0.000435 
2034.591604 0.000435 
2033.424675 0.000435 
2032.257746 0.000435 
2031.090817 0.000435 
2029.923888 0.000435 
2028.756959 0.000435 
2027.590030 0.000435 
2026.423101 0.000435 
2025.256172 0.000435 
2024.089243 0.000435 
2022.922314 0.000435 
2021.755385 0.000435 
2020.588456 0.000435 
2019.421527 0.000435 
2018.254598 0.000435 
2017.087669 0.000435 
2015.920740 0.000435 
2014.753811 0.000435 
2013.586882 0.000435 
2012.419953 0.000435 
2011.253024 0.000435 
2010.086095 0.000042 
2008.919166 0.000435 
2007.752237 0.000435 
2006.585308 0.000435 
2005.418379 0.000435 
2004.251450 0.000435 
2003.084522 0.000435 
2001.917593 0.000435 
2000.750664 0.000435 
1999.583735 0.000435 
1998.416806 0.000435 
1997.249877 0.000435 
1996.082948 0.000435 
1994.916019 0.000435 
1993.749090 0.000435 
1992.582161 0.000008 
1991.415232 0.000435 
1990.248303 0.000435 
1989.081374 0.000435 
1987.914445 0.000435 
1986.747516 0.000410 
1985.580587 0.000139 
1984.413658 0.000435 
1983.246729 0.000435 
1982.079800 0.000435 
1980.912871 0.000435 
1979.745942 0.000435 
1978.579013 0.000435 
1977.412084 0.000435 
1976.245155 0.000435 
1975.078226 0.000339 
1973.911297 0.000169 
1972.744368 0.000435 
1971.577439 0.000435 
1970.410510 0.000435 
1969.243581 0.000435 
1968.076652 0.000435 
1966.909723 0.000435 
1965.742794 0.000435 
1964.575865 0.000435 
1963.408936 0.000435 
1962.242007 0.000435 
1961.075078 0.000435 
1959.908149 0.000435 
1958.741220 0.000000 
1957.574291 0.000142 
1956.407362 0.000435 
1955.240433 0.000435 
1954.073505 0.000435 
1952.906576 0.000435 
1951.739647 0.000435 
1950.572718 0.000435 
1949.405789 0.000435 
1948.238860 0.000435 
1947.071931 0.000435 
1945.905002 0.000435 
1944.738073 0.000435 
1943.571144 0.000435 
1942.404215 0.000435 
1941.237286 0.000435 
1940.070357 0.000435 
1938.903428 0.000435 
1937.736499 0.000435 
1936.569570 0.000435 
1935.402641 0.000435 
1934.235712 0.000435 
1933.068783 0.000435 
1931.901854 0.000044 
1930.734925 0.000435 
1929.567996 0.000435 
1928.401067 0.000435 
1927.234138 0.000435 
1926.067209 0.000014 
1924.900280 0.000435 
1923.733351 0.000435 
1922.566422 0.000435 
1921.399493 0.000435 
1920.232564 0.000435 
1919.065635 0.000435 
1917.898706 0.000435 
1916.731777 0.000435 
1915.564848 0.000435 
1914.397919 0.000435 
1913.230990 0.000435 
1912.064061 0.000435 
1910.897132 0.000435 
1909.730203 0.000435 
1908.563274 0.000435 
1907.396345 0.000435 
1906.229416 0.000435 
1905.062487 0.000435 
1903.895559 0.000435 
1902.728630 0.000435 
1901.561701 0.000435 
1900.394772 0.000435 
1899.227843 0.000435 
1898.060914 0.000435 
1896.893985 0.000335 
1895.727056 0.000206 
1894.560127 0.000435 
1893.393198 0.000435 
1892.226269 0.000435 
1891.059340 0.000435 
1889.892411 0.000435 
1888.725482 0.000435 
1887.558553 0.000435 
1886.391624 0.000435 
1885.224695 0.000435 
1884.057766 0.000435 
1882.890837 0.000435 
1881.723908 0.000435 
1880.556979 0.000435 
1879.390050 0.000435 
1878.223121 0.000435 
1877.056192 0.000435 
1875.889263 0.000435 
1874.722334 0.000435 
1873.555405 0.000435 
1872.388476 0.000435 
1871.221547 0.000435 
1870.054618 0.000022 
1868.887689 0.000435 
1867.720760 0.000435 
1866.553831 0.000123 
1865.386902 0.000397 
1864.219973 0.000039 
1863.053044 0.000435 
1861.886115 0.000435 
1860.719186 0.000435 
1859.552257 0.000435 
1858.385328 0.000435 
1857.218399 0.000435 
1856.051470 0.000435 
1854.884542 0.000435 
1853.717613 0.000435 
1852.550684 0.000327 
1851.383755 0.000181 
1850.216826 0.000435 
1849.049897 0.000435 
1847.882968 0.000435 
1846.716039 0.000435 
1845.549110 0.000435 
1844.382181 0.000435 
1843.215252 0.000435 
1842.048323 0.000435 
1840.881394 0.000435 
1839.714465 0.000435 
1838.547536 0.000435 
1837.380607 0.000435 
1836.213678 0.000081 
1835.046749 0.000435 
1833.879820 0.000435 
1832.712891 0.000435 
1831.545962 0.000435 
1830.379033 0.000096 
1829.212104 0.000435 
1828.045175 0.000435 
1826.878246 0.000078 
1825.711317 0.000039 
1824.544388 0.000435 
1823.377459 0.000435 
1822.210530 0.000435 
1821.043601 0.000435 
1819.876672 0.000435 
1818.709743 0.000435 
1817.542814 0.000214 
1816.375885 0.000315 
1815.208956 0.000435 
1814.042027 0.000366 
1812.875098 0.000157 
1811.708169 0.000435 
1810.541240 0.000435 
1809.374311 0.000435 
1808.207382 0.000435 
1807.040453 0.000261 
1805.873525 0.000273 
1804.706596 0.000435 
1803.539667 0.000435 
1802.372738 0.000435 
1801.205809 0.000435 
1800.038880 0.000435 
1798.871951 0.000435 
1797.705022 0.000435 
1796.538093 0.000435 
1795.371164 0.000435 
1794.204235 0.000435 
1793.037306 0.000018 
1791.870377 0.000379 
1790.703448 0.000143 
1789.536519 0.000435 
1788.369590 0.000435 
1787.202661 0.000435 
1786.035732 0.000435 
1784.868803 0.000275 
1783.701874 0.000260 
1782.534945 0.000435 
1781.368016 0.000435 
1780.201087 0.000435 
1779.034158 0.000435 
1777.867229 0.000435 
1776.700300 0.000435 
1775.533371 0.000435 
1774.366442 0.000322 
1773.199513 0.000218 
1772.032584 0.000435 
1770.865655 0.000435 
1769.698726 0.000386 
1768.531797 0.000160 
1767.364868 0.000435 
1766.197939 0.000435 
1765.031010 0.000435 
1763.864081 0.000435 
1762.697152 0.000260 
1761.530223 0.000248 
1760.363294 0.000435 
1759.196365 0.000435 
1758.029436 0.000353 
1756.862508 0.000190 
1755.695579 0.000435 
1754.528650 0.000435 
1753.361721 0.000435 
1752.194792 0.000302 
1751.027863 0.000205 
1749.860934 0.000435 
1748.694005 0.000041 
1747.527076 0.000435 
1746.360147 0.000435 
1745.193218 0.000435 
1744.026289 0.000109 
1742.859360 0.000000 
1741.692431 0.000052 
1740.525502 0.000435 
1739.358573 0.000435 
1738.191644 0.000435 
1737.024715 0.000435 
1735.857786 0.000330 
1734.690857 0.000000 
1733.523928 0.000278 
1732.356999 0.000435 
1731.190070 0.000430 
1730.023141 0.000120 
1728.856212 0.000435 
1727.689283 0.000435 
1726.522354 0.000435 
1725.355425 0.000435 
1724.188496 0.000435 
1723.021567 0.000435 
1721.854638 0.000435 
1720.687709 0.000435 
1719.520780 0.000357 
1718.353851 0.000000 
1717.186922 0.000248 
1716.019993 0.000096 
1714.853064 0.000000 
1713.686135 0.000093 
1712.519206 0.000269 
1711.352277 0.000265 
1710.185348 0.000435 
1709.018419 0.000435 
1707.851490 0.000435 
1706.684562 0.000435 
1705.517633 0.000138 
1704.350704 0.000369 
1703.183775 0.000384 
1702.016846 0.000000 
1700.849917 0.000000 
1699.682988 0.000312 
1698.516059 0.000435 
1697.349130 0.000000 
1696.182201 0.000000 
1695.015272 0.000254 
1693.848343 0.000435 
1692.681414 0.000435 
1691.514485 0.000435 
1690.347556 0.000435 
1689.180627 0.000435 
1688.013698 0.000093 
1686.846769 0.000412 
1685.679840 0.000000 
1684.512911 0.000000 
1683.345982 0.000284 
1682.179053 0.000435 
1681.012124 0.000435 
1679.845195 0.000435 
1678.678266 0.000435 
1677.511337 0.000435 
1676.344408 0.000435 
1675.177479 0.000053 
1674.010550 0.000435 
1672.843621 0.000435 
1671.676692 0.000435 
1670.509763 0.000435 
1669.342834 0.000068 
1668.175905 0.000435 
1667.008976 0.000435 
1665.842047 0.000435 
1664.675118 0.000435 
1663.508189 0.000435 
1662.341260 0.000435 
1661.174331 0.000435 
1660.007402 0.000435 
1658.840473 0.000435 
1657.673545 0.000435 
1656.506616 0.000435 
1655.339687 0.000148 
1654.172758 0.000000 
1653.005829 0.000046 
1651.838900 0.000435 
1650.671971 0.000435 
1649.505042 0.000435 
1648.338113 0.000435 
1647.171184 0.000373 
1646.004255 0.000172 
1644.837326 0.000435 
1643.670397 0.000435 
1642.503468 0.000435 
1641.336539 0.000435 
1640.169610 0.000435 
1639.002681 0.000435 
1637.835752 0.000435 
1636.668823 0.000000 
1635.501894 0.000130 
1634.334965 0.000435 
1633.168036 0.000435 
1632.001107 0.000435 
1630.834178 0.000435 
1629.667249 0.000435 
1628.500320 0.000435 
1627.333391 0.000435 
1626.166462 0.000435 
1624.999533 0.000435 
1623.832604 0.000435 
1622.665675 0.000435 
1621.498746 0.000435 
1620.331817 0.000435 
1619.164888 0.000333 
1617.997959 0.000000 
1616.831030 0.000275 
1615.664101 0.000435 
1614.497172 0.000435 
1613.330243 0.000435 
1612.163314 0.000435 
1610.996385 0.000143 
1609.829456 0.000000 
1608.662528 0.000435 
1607.495599 0.000303 
1606.328670 0.000228 
1605.161741 0.000435 
1603.994812 0.000435 
1602.827883 0.000435 
1601.660954 0.000288 
1600.494025 0.000245 
1599.327096 0.000099 
1598.160167 0.000409 
1596.993238 0.000435 
1595.826309 0.000435 
1594.659380 0.000435 
1593.492451 0.000435 
1592.325522 0.000435 
1591.158593 0.000435 
1589.991664 0.000435 
1588.824735 0.000435 
1587.657806 0.000069 
1586.490877 0.000435 
1585.323948 0.000435 
1584.157019 0.000435 
1582.990090 0.000435 
1581.823161 0.000435 
1580.656232 0.000435 
1579.489303 0.000300 
1578.322374 0.000231 
1577.155445 0.000111 
1575.988516 0.000000 
1574.821587 0.000000 
1573.654658 0.000167 
1572.487729 0.000435 
1571.320800 0.000435 
1570.153871 0.000000 
1568.986942 0.000093 
1567.820013 0.000435 
1566.653084 0.000154 
1565.486155 0.000000 
1564.319226 0.000435 
1563.152297 0.000435 
1561.985368 0.000435 
1560.818439 0.000139 
1559.651511 0.000000 
1558.484582 0.000000 
1557.317653 0.000136 
1556.150724 0.000196 
1554.983795 0.000000 
1553.816866 0.000427 
1552.649937 0.000435 
1551.483008 0.000282 
1550.316079 0.000000 
1549.149150 0.000000 
1547.982221 0.000427 
1546.815292 0.000089 
1545.648363 0.000435 
1544.481434 0.000166 
1543.314505 0.000000 
1542.147576 0.000000 
1540.980647 0.000000 
1539.813718 0.000000 
1538.646789 0.000000 
1537.479860 0.000000 
1536.312931 0.000435 
1535.146002 0.000312 
1533.979073 0.000000 
1532.812144 0.000332 
1531.645215 0.000435 
1530.478286 0.000435 
1529.311357 0.000435 
1528.144428 0.000435 
1526.977499 0.000435 
1525.810570 0.000005 
1524.643641 0.000359 
1523.476712 0.000000 
1522.309783 0.000000 
1521.142854 0.000000 
1519.975925 0.000435 
1518.808996 0.000435 
1517.642067 0.000236 
1516.475138 0.000302 
1515.308209 0.000435 
1514.141280 0.000028 
1512.974351 0.000293 
1511.807422 0.000000 
1510.640493 0.000000 
1509.473565 0.000000 
1508.306636 0.000000 
1507.139707 0.000000 
1505.972778 0.000000 
1504.805849 0.000000 
1503.638920 0.000418 
1502.471991 0.000435 
1501.305062 0.000435 
1500.138133 0.000435 
1498.971204 0.000074 
1497.804275 0.000000 
1496.637346 0.000114 
1495.470417 0.000435 
1494.303488 0.000435 
1493.136559 0.000435 
1491.969630 0.000435 
1490.802701 0.000306 
1489.635772 0.000000 
1488.468843 0.000000 
1487.301914 0.000391 
1486.134985 0.000435 
1484.968056 0.000435 
1483.801127 0.000435 
1482.634198 0.000435 
1481.467269 0.000029 
1480.300340 0.000348 
1479.133411 0.000159 
1477.966482 0.000177 
1476.799553 0.000000 
1475.632624 0.000435 
1474.465695 0.000333 
1473.298766 0.000000 
1472.131837 0.000000 
1470.964908 0.000363 
1469.797979 0.000000 
1468.631050 0.000000 
1467.464121 0.000211 
1466.297192 0.000435 
1465.130263 0.000057 
1463.963334 0.000435 
1462.796405 0.000435 
1461.629476 0.000435 
1460.462548 0.000435 
1459.295619 0.000000 
1458.128690 0.000000 
1456.961761 0.000000 
1455.794832 0.000263 
1454.627903 0.000099 
1453.460974 0.000435 
1452.294045 0.000435 
1451.127116 0.000435 
1449.960187 0.000157 
1448.793258 0.000351 
1447.626329 0.000403 
1446.459400 0.000000 
1445.292471 0.000221 
1444.125542 0.000435 
1442.958613 0.000435 
1441.791684 0.000435 
1440.624755 0.000302 
1439.457826 0.000236 
1438.290897 0.000435 
1437.123968 0.000012 
1435.957039 0.000062 
1434.790110 0.000435 
1433.623181 0.000184 
1432.456252 0.000359 
1431.289323 0.000000 
1430.122394 0.000086 
1428.955465 0.000242 
1427.788536 0.000266 
1426.621607 0.000435 
1425.454678 0.000435 
1424.287749 0.000435 
1423.120820 0.000435 
1421.953891 0.000435 
1420.786962 0.000042 
1419.620033 0.000000 
1418.453104 0.000119 
1417.286175 0.000435 
1416.119246 0.000106 
1414.952317 0.000412 
1413.785388 0.000435 
1412.618459 0.000269 
1411.451531 0.000000 
1410.284602 0.000346 
1409.117673 0.000008 
1407.950744 0.000072 
1406.783815 0.000435 
1405.616886 0.000181 
1404.449957 0.000363 
1403.283028 0.000435 
1402.116099 0.000435 
1400.949170 0.000435 
1399.782241 0.000136 
1398.615312 0.000000 
1397.448383 0.000025 
1396.281454 0.000435 
1395.114525 0.000435 
1393.947596 0.000435 
1392.780667 0.000435 
1391.613738 0.000042 
1390.446809 0.000281 
1389.279880 0.000000 
1388.112951 0.000000 
1386.946022 0.000000 
1385.779093 0.000000 
1384.612164 0.000000 
1383.445235 0.000000 
1382.278306 0.000000 
1381.111377 0.000000 
1379.944448 0.000111 
1378.777519 0.000435 
1377.610590 0.000435 
1376.443661 0.000435 
1375.276732 0.000435 
1374.109803 0.000435 
1372.942874 0.000435 
1371.775945 0.000435 
1370.609016 0.000435 
1369.442087 0.000435 
1368.275158 0.000435 
1367.108229 0.000435 
1365.941300 0.000435 
1364.774371 0.000435 
1363.607442 0.000435 
1362.440514 0.000435 
1361.273585 0.000435 
1360.106656 0.000435 
1358.939727 0.000435 
1357.772798 0.000435 
1356.605869 0.000435 
1355.438940 0.000435 
1354.272011 0.000435 
1353.105082 0.000435 
1351.938153 0.000435 
1350.771224 0.000435 
1349.604295 0.000435 
1348.437366 0.000435 
1347.270437 0.000435 
1346.103508 0.000306 
1344.936579 -0.000447 
1343.769650 -0.000234 
1342.602721 0.000000 
1341.435792 0.000000 
1340.268863 0.000160 
1339.101934 0.000175 
1337.935005 0.000333 
1336.768076 0.000435 
1335.601147 0.000435 
1334.434218 0.000258 
1333.267289 0.000275 
1332.100360 0.000435 
1330.933431 0.000435 
1329.766502 0.000435 
1328.599573 0.000435 
1327.432644 0.000435 
1326.265715 0.000435 
1325.098786 0.000435 
1323.931857 0.000435 
1322.764928 0.000435 
1321.597999 0.000130 
1320.431070 0.000000 
1319.264141 0.000000 
1318.097212 0.000000 
1316.930283 0.000000 
1315.763354 0.000320 
1314.596425 0.000002 
1313.429496 0.000353 
1312.262568 0.000190 
1311.095639 0.000435 
1309.928710 0.000062 
1308.761781 0.000017 
1307.594852 0.000435 
1306.427923 0.000435 
1305.260994 0.000435 
1304.094065 0.000045 
1302.927136 0.000435 
1301.760207 0.000435 
1300.593278 0.000435 
1299.426349 0.000435 
1298.259420 0.000435 
1297.092491 0.000383 
1295.925562 0.000163 
1294.758633 0.000200 
1293.591704 0.000000 
1292.424775 0.000424 
1291.257846 0.000366 
1290.090917 0.000178 
1288.923988 0.000435 
1287.757059 0.000435 
1286.590130 0.000435 
1285.423201 0.000435 
1284.256272 0.000435 
1283.089343 0.000435 
1281.922414 0.000053 
1280.755485 0.000435 
1279.588556 0.000435 
1278.421627 0.000435 
1277.254698 0.000435 
1276.087769 0.000435 
1274.920840 0.000435 
1273.753911 0.000435 
1272.586982 0.000435 
1271.420053 0.000435 
1270.253124 0.000435 
1269.086195 0.000435 
1267.919266 0.000435 
1266.752337 0.000170 
1265.585408 0.000354 
1264.418479 0.000435 
1263.251551 0.000435 
1262.084622 0.000435 
1260.917693 0.000435 
1259.750764 0.000435 
1258.583835 0.000435 
1257.416906 0.000435 
1256.249977 0.000435 
1255.083048 0.000435 
1253.916119 0.000435 
1252.749190 0.000066 
1251.582261 0.000435 
1250.415332 0.000435 
1249.248403 0.000435 
1248.081474 0.000435 
1246.914545 0.000435 
1245.747616 0.000435 
1244.580687 0.000435 
1243.413758 0.000435 
1242.246829 0.000435 
1241.079900 0.000435 
1239.912971 0.000435 
1238.746042 0.000435 
1237.579113 0.000435 
1236.412184 0.000435 
1235.245255 -0.000228 
1234.078326 -0.000947 
1232.911397 0.000734 
1231.744468 0.000498 
1230.577539 0.000435 
1229.410610 0.000435 
1228.243681 0.000435 
1227.076752 0.000435 
1225.909823 0.000435 
1224.742894 0.000000 
1223.575965 0.000157 
1222.409036 0.000435 
1221.242107 0.000435 
1220.075178 0.000000 
1218.908249 0.000000 
1217.741320 0.000173 
1216.574391 0.000435 
1215.407462 0.000435 
1214.240534 0.000435 
1213.073605 0.000435 
1211.906676 0.000435 
1210.739747 0.000435 
1209.572818 0.000035 
1208.405889 0.000435 
1207.238960 0.000435 
1206.072031 0.000205 
1204.905102 0.000000 
1203.738173 0.000417 
1202.571244 0.000379 
1201.404315 0.000143 
1200.237386 0.000435 
1199.070457 0.000435 
1197.903528 0.000435 
1196.736599 0.000435 
1195.569670 0.000435 
1194.402741 0.000435 
1193.235812 0.000435 
1192.068883 0.000435 
1190.901954 0.000435 
1189.735025 0.000233 
1188.568096 0.000275 
1187.401167 0.000435 
1186.234238 0.000406 
1185.067309 0.000112 
1183.900380 0.000435 
1182.733451 0.000435 
1181.566522 0.000435 
1180.399593 0.000049 
1179.232664 0.000435 
1178.065735 0.000435 
1176.898806 0.000435 
1175.731877 0.000435 
1174.564948 0.000435 
1173.398019 0.000435 
1172.231090 0.000435 
1171.064161 0.000435 
1169.897232 0.000435 
1168.730303 0.000353 
1167.563374 0.000190 
1166.396445 0.000435 
1165.229517 0.000435 
1164.062588 0.000435 
1162.895659 0.000435 
1161.728730 0.000435 
1160.561801 0.000435 
1159.394872 0.000041 
1158.227943 0.000435 
1157.061014 0.000435 
1155.894085 0.000435 
1154.727156 0.000435 
1153.560227 0.000435 
1152.393298 0.000435 
1151.226369 0.000435 
1150.059440 0.000435 
1148.892511 0.000435 
1147.725582 0.000435 
1146.558653 0.000435 
1145.391724 0.000435 
1144.224795 0.000435 
1143.057866 0.000435 
1141.890937 0.000004 
1140.724008 0.000435 
1139.557079 0.000242 
1138.390150 0.000295 
1137.223221 0.000435 
1136.056292 0.000435 
1134.889363 0.000435 
1133.722434 0.000435 
1132.555505 0.000435 
1131.388576 0.000435 
1130.221647 0.000435 
1129.054718 0.000435 
1127.887789 0.000187 
1126.720860 0.000339 
1125.553931 0.000435 
1124.387002 0.000093 
1123.220073 0.000435 
1122.053144 0.000435 
1120.886215 0.000435 
1119.719286 0.000435 
1118.552357 0.000327 
1117.385428 0.000200 
1116.218499 0.000435 
1115.051571 0.000435 
1113.884642 0.000435 
1112.717713 0.000435 
1111.550784 0.000218 
1110.383855 0.000000 
1109.216926 0.000000 
1108.049997 0.000370 
1106.883068 0.000153 
1105.716139 0.000435 
1104.549210 0.000108 
1103.382281 0.000427 
1102.215352 0.000080 
1101.048423 0.000435 
1099.881494 0.000166 
1098.714565 0.000342 
1097.547636 0.000435 
1096.380707 0.000435 
1095.213778 0.000435 
1094.046849 0.000151 
1092.879920 0.000396 
1091.712991 0.000435 
1090.546062 0.000312 
1089.379133 0.000227 
1088.212204 0.000435 
1087.045275 0.000022 
1085.878346 0.000435 
1084.711417 0.000435 
1083.544488 0.000435 
1082.377559 0.000435 
1081.210630 0.000435 
1080.043701 0.000435 
1078.876772 0.000435 
1077.709843 0.000178 
1076.542914 0.000000 
1075.375985 0.000435 
1074.209056 0.000435 
1073.042127 0.000435 
1071.875198 0.000435 
1070.708269 0.000052 
1069.541340 0.000435 
1068.374411 0.000435 
1067.207482 0.000435 
1066.040554 0.000435 
1064.873625 0.000435 
1063.706696 0.000000 
1062.539767 0.000000 
1061.372838 0.000000 
1060.205909 0.000335 
1059.038980 0.000435 
1057.872051 0.000062 
1056.705122 0.000435 
1055.538193 0.000435 
1054.371264 0.000083 
1053.204335 0.000433 
1052.037406 0.000435 
1050.870477 0.000435 
1049.703548 0.000435 
1048.536619 0.000435 
1047.369690 0.000000 
1046.202761 0.000129 
1045.035832 0.000233 
1043.868903 0.000305 
1042.701974 0.000044 
1041.535045 0.000435 
1040.368116 0.000291 
1039.201187 0.000217 
1038.034258 0.000435 
1036.867329 0.000029 
1035.700400 0.000048 
1034.533471 0.000435 
1033.366542 0.000435 
1032.199613 0.000435 
1031.032684 0.000014 
1029.865755 0.000435 
1028.698826 0.000435 
1027.531897 0.000160 
1026.364968 0.000363 
1025.198039 0.000435 
1024.031110 0.000435 
1022.864181 0.000435 
1021.697252 0.000435 
1020.530323 0.000435 
1019.363394 0.000435 
1018.196465 0.000435 
1017.029537 0.000208 
1015.862608 0.000000 
1014.695679 0.000393 
1013.528750 0.000000 
1012.361821 0.000000 
1011.194892 0.000244 
1010.027963 0.000435 
1008.861034 0.000027 
1007.694105 0.000090 
1006.527176 0.000435 
1005.360247 0.000435 
1004.193318 0.000435 
1003.026389 0.000032 
1001.859460 0.000435 
1000.692531 0.000435 
999.525602 0.000435 
998.358673 0.000435 
997.191744 0.000000 
996.024815 0.000000 
994.857886 0.000000 
993.690957 0.000309 
992.524028 0.000435 
991.357099 0.000435 
990.190170 0.000435 
989.023241 0.000435 
987.856312 0.000435 
986.689383 0.000435 
985.522454 0.000435 
984.355525 0.000435 
983.188596 0.000435 
982.021667 0.000435 
980.854738 0.000435 
979.687809 0.000435 
978.520880 0.000435 
977.353951 0.000435 
976.187022 0.000435 
975.020093 0.000435 
973.853164 0.000435 
972.686235 0.000435 
971.519306 0.000435 
970.352377 0.000435 
969.185448 0.000435 
968.018520 0.000435 
966.851591 0.000435 
965.684662 0.000435 
964.517733 0.000435 
963.350804 0.000435 
962.183875 0.000435 
961.016946 0.000180 
959.850017 0.000349 
958.683088 0.000432 
957.516159 0.000096 
956.349230 0.000435 
955.182301 0.000435 
954.015372 0.000435 
952.848443 0.000435 
951.681514 0.000435 
950.514585 0.000435 
949.347656 0.000435 
948.180727 0.000435 
947.013798 0.000435 
945.846869 0.000435 
944.679940 0.000435 
943.513011 0.000435 
942.346082 0.000025 
941.179153 0.000435 
940.012224 0.000275 
938.845295 0.000251 
937.678366 0.000435 
936.511437 0.000435 
935.344508 0.000346 
934.177579 0.000180 
933.010650 0.000435 
931.843721 0.000073 
930.676792 0.000435 
929.509863 0.000435 
928.342934 0.000435 
927.176005 0.000435 
926.009076 0.000435 
924.842147 0.000435 
923.675218 0.000301 
922.508289 0.000225 
921.341360 0.000435 
920.174431 0.000435 
919.007503 0.000371 
917.840574 0.000154 
916.673645 0.000190 
915.506716 0.000337 
914.339787 0.000004 
913.172858 0.000435 
912.005929 0.000435 
910.839000 0.000435 
909.672071 0.000435 
908.505142 0.000016 
907.338213 0.000330 
906.171284 0.000000 
905.004355 0.000288 
903.837426 0.000053 
902.670497 0.000435 
901.503568 0.000435 
900.336639 0.000435 
899.169710 0.000125 
898.002781 0.000402 
896.835852 0.000435 
895.668923 0.000435 
894.501994 0.000435 
893.335065 0.000435 
892.168136 0.000435 
891.001207 0.000355 
889.834278 0.000000 
888.667349 0.000261 
887.500420 0.000435 
886.333491 0.000428 
885.166562 0.000101 
883.999633 0.000435 
882.832704 0.000435 
881.665775 0.000061 
880.498846 0.000403 
879.331917 0.000000 
878.164988 0.000213 
876.998059 0.000435 
875.831130 0.000037 
874.664201 0.000435 
873.497272 0.000435 
872.330343 0.000435 
871.163414 0.000109 
869.996485 0.000418 
868.829557 0.000435 
867.662628 0.000269 
866.495699 0.000258 
865.328770 0.000435 
864.161841 0.000004 
862.994912 0.000435 
861.827983 0.000435 
860.661054 0.000435 
859.494125 0.000435 
858.327196 0.000435 
857.160267 0.000435 
855.993338 0.000435 
854.826409 0.000435 
853.659480 0.000435 
852.492551 0.000000 
851.325622 0.000138 
850.158693 0.000206 
848.991764 0.000321 
847.824835 0.000020 
846.657906 0.000366 
845.490977 0.000161 
844.324048 0.000183 
843.157119 0.000342 
841.990190 0.000435 
840.823261 0.000435 
839.656332 0.000252 
838.489403 0.000274 
837.322474 0.000069 
836.155545 0.000000 
834.988616 0.000000 
833.821687 0.000203 
832.654758 0.000141 
831.487829 0.000386 
830.320900 0.000044 
829.153971 0.000301 
827.987042 0.000226 
826.820113 0.000435 
825.653184 0.000028 
824.486255 0.000000 
823.319326 0.000154 
822.152397 0.000189 
820.985468 0.000337 
819.818540 0.000435 
818.651611 0.000435 
817.484682 0.000435 
816.317753 0.000435 
815.150824 0.000435 
813.983895 0.000419 
812.816966 0.000000 
811.650037 0.000199 
810.483108 0.000145 
809.316179 0.000382 
808.149250 0.000398 
806.982321 0.000000 
805.815392 0.000220 
804.648463 0.000125 
803.481534 0.000403 
802.314605 0.000435 
801.147676 0.000435 
799.980747 0.000435 
798.813818 0.000435 
797.646889 0.000435 
796.479960 0.000000 
795.313031 0.000000 
794.146102 0.000000 
792.979173 0.000355 
791.812244 0.000435 
790.645315 0.000435 
789.478386 0.000435 
788.311457 0.000435 
787.144528 0.000435 
785.977599 0.000033 
784.810670 0.000435 
783.643741 0.000435 
782.476812 0.000435 
781.309883 0.000036 
780.142954 0.000053 
778.976025 0.000435 
777.809096 0.000435 
776.642167 0.000435 
775.475238 0.000435 
774.308309 0.000435 
773.141380 0.000435 
771.974451 0.000435 
770.807523 0.000435 
769.640594 0.000000 
768.473665 0.000097 
767.306736 0.000248 
766.139807 0.000278 
764.972878 0.000435 
763.805949 0.000406 
762.639020 0.000118 
761.472091 0.000435 
760.305162 0.000435 
759.138233 0.000044 
757.971304 0.000435 
756.804375 0.000435 
755.637446 0.000435 
754.470517 0.000435 
753.303588 0.000020 
752.136659 0.000069 
750.969730 0.000435 
749.802801 0.000183 
748.635872 0.000343 
747.468943 0.000435 
746.302014 0.000435 
745.135085 0.000252 
743.968156 0.000000 
742.801227 0.000366 
741.634298 0.000435 
740.467369 0.000435 
739.300440 0.000435 
738.133511 0.000138 
736.966582 0.000000 
735.799653 0.000435 
734.632724 0.000435 
733.465795 0.000209 
732.298866 0.000318 
731.131937 0.000028 
729.965008 0.000066 
728.798079 0.000435 
727.631150 0.000435 
726.464221 0.000435 
725.297292 0.000435 
724.130363 0.000435 
722.963434 0.000435 
721.796506 0.000435 
720.629577 0.000435 
719.462648 0.000017 
718.295719 0.000325 
717.128790 0.000200 
715.961861 0.000435 
714.794932 0.000052 
713.628003 0.000435 
712.461074 0.000435 
711.294145 0.000215 
710.127216 0.000311 
708.960287 0.000032 
707.793358 0.000000 
706.626429 0.000151 
705.459500 0.000435 
704.292571 0.000435 
703.125642 0.000011 
701.958713 0.000435 
700.791784 0.000435 
699.624855 0.000435 
698.457926 0.000080 
697.290997 0.000435 
696.124068 0.000435 
694.957139 0.000435 
693.790210 0.000435 
692.623281 0.000435 
691.456352 0.000000 
690.289423 0.000126 
689.122494 0.000435 
687.955565 0.000435 
686.788636 0.000435 
685.621707 0.000435 
684.454778 0.000435 
683.287849 0.000435 
682.120920 0.000435 
680.953991 0.000015 
679.787062 0.000078 
678.620133 0.001106 
677.453204 0.002177 
676.286275 0.002177 
675.119346 0.002182 
673.952417 0.002614 
672.785488 0.002614 
671.618560 0.002614 
670.451631 0.002987 
669.284702 0.003051 
668.117773 0.003170 
666.950844 0.003700 
665.783915 0.004231 
664.616986 0.005564 
663.450057 0.007904 
662.283128 0.014385 
661.116199 0.035031 
659.949270 0.070445 
658.782341 0.032244 
657.615412 0.012190 
656.448483 0.015991 
655.281554 0.053940 
654.114625 0.044975 
652.947696 0.009202 
651.780767 0.002768 
650.613838 0.001372 
649.446909 0.000595 
648.279980 0.000801 
647.113051 0.000435 
645.946122 0.000435 
644.779193 0.000435 
643.612264 0.000435 
642.445335 0.000435 
641.278406 0.000869 
640.111477 0.001140 
638.944548 0.001741 
637.777619 0.000785 
636.610690 0.000435 
635.443761 0.000369 
634.276832 0.000158 
633.109903 0.000186 
631.942974 0.000339 
630.776045 0.000435 
629.609116 0.000086 
628.442187 0.000435 
627.275258 0.000166 
626.108329 0.000363 
624.941400 0.000418 
623.774471 0.000110 
622.607543 0.000435 
621.440614 0.000435 
620.273685 0.000052 
619.106756 0.000397 
617.939827 0.000131 
616.772898 0.000435 
615.605969 0.000121 
614.439040 0.000000 
613.272111 0.000062 
612.105182 0.000435 
610.938253 0.000435 
609.771324 0.000435 
608.604395 0.000435 
607.437466 0.000352 
606.270537 0.000000 
605.103608 0.000266 
603.936679 0.000435 
602.769750 0.000421 
601.602821 0.000103 
600.435892 0.000435 
599.268963 0.000435 
598.102034 0.000435 
596.935105 0.000401 
595.768176 0.000126 
594.601247 0.000435 
593.434318 0.000435 
592.267389 0.000435 
591.100460 0.000054 
589.933531 0.000287 
588.766602 0.000239 
587.599673 0.000435 
586.432744 0.000435 
585.265815 0.000791 
584.098886 0.000435 
582.931957 0.000435 
581.765028 0.000435 
580.598099 0.000425 
579.431170 0.000099 
578.264241 0.000435 
577.097312 0.000153 
575.930383 0.000743 
574.763454 0.000435 
573.596526 0.000435 
572.429597 0.000222 
571.262668 0.000607 
570.095739 0.000474 
568.928810 0.000435 
567.761881 0.000435 
566.594952 0.000435 
565.428023 0.000435 
564.261094 0.000435 
563.094165 0.000074 
561.927236 0.000435 
560.760307 0.000180 
559.593378 0.000347 
558.426449 0.000433 
557.259520 0.000094 
556.092591 0.000435 
554.925662 0.000159 
553.758733 -0.000367 
552.591804 0.000843 
551.424875 0.000435 
550.257946 0.000435 
549.091017 0.000136 
547.924088 0.000388 
546.757159 0.000000 
545.590230 0.000271 
544.423301 0.000640 
543.256372 0.000435 
542.089443 0.000435 
540.922514 0.000502 
539.755585 0.000551 
538.588656 0.000000 
537.421727 0.000000 
536.254798 0.000865 
535.087869 0.000344 
533.920940 0.000000 
532.754011 0.000272 
531.587082 0.000435 
530.420153 0.000036 
529.253224 0.000759 
528.086295 0.000435 
526.919366 0.000143 
525.752437 0.000000 
524.585509 0.000000 
523.418580 0.000000 
522.251651 0.000446 
521.084722 0.000555 
519.917793 0.000839 
518.750864 0.000807 
517.583935 0.000435 
516.417006 0.000680 
515.250077 -0.000138 
514.083148 0.000423 
512.916219 0.000435 
511.749290 0.000610 
510.582361 0.000603 
509.415432 0.000791 
508.248503 0.000449 
507.081574 0.000662 
505.914645 0.000197 
504.747716 0.000435 
503.580787 0.001196 
502.413858 0.000069 
501.246929 0.000613 
500.080000 0.000869 
