3999.200000 0.000435 
3998.033238 0.000435 
3996.866475 0.000435 
3995.699713 0.000435 
3994.532951 0.000064 
3993.366189 0.000016 
3992.199426 0.000435 
3991.032664 0.000231 
3989.865902 0.000306 
3988.699140 0.000043 
3987.532377 0.000402 
3986.365615 0.000145 
3985.198853 0.000217 
3984.032091 0.000000 
3982.865328 0.000406 
3981.698566 0.000386 
3980.531804 0.000160 
3979.365042 0.000176 
3978.198279 0.000348 
3977.031517 0.000435 
3975.864755 0.000000 
3974.697993 0.000000 
3973.531230 0.000275 
3972.364468 0.000435 
3971.197706 0.000000 
3970.030944 0.000117 
3968.864181 0.000435 
3967.697419 0.000435 
3966.530657 0.000435 
3965.363895 0.000435 
3964.197132 0.000303 
3963.030370 0.000227 
3961.863608 0.000435 
3960.696846 0.000435 
3959.530083 0.000000 
3958.363321 0.000000 
3957.196559 0.000243 
3956.029797 0.000100 
3954.863034 0.000407 
3953.696272 0.000435 
3952.529510 0.000274 
3951.362748 0.000259 
3950.195985 0.000435 
3949.029223 0.000435 
3947.862461 0.000331 
3946.695699 0.000195 
3945.528936 0.000143 
3944.362174 0.000364 
3943.195412 0.000389 
3942.028650 0.000000 
3940.861887 0.000212 
3939.695125 0.000435 
3938.528363 0.000435 
3937.361601 0.000060 
3936.194838 0.000435 
3935.028076 0.000435 
3933.861314 0.000435 
3932.694552 0.000435 
3931.527789 0.000435 
3930.361027 0.000271 
3929.194265 0.000000 
3928.027503 0.000000 
3926.860740 0.000017 
3925.693978 0.000435 
3924.527216 0.000435 
3923.360453 0.000435 
3922.193691 0.000435 
3921.026929 0.000435 
3919.860167 0.000435 
3918.693404 0.000435 
3917.526642 0.000435 
3916.359880 0.000435 
3915.193118 0.000046 
3914.026355 0.000302 
3912.859593 0.000235 
3911.692831 0.000127 
3910.526069 0.000422 
3909.359306 0.000435 
3908.192544 0.000435 
3907.025782 0.000435 
3905.859020 0.000435 
3904.692257 0.000435 
3903.525495 0.000519 
3902.358733 0.000678 
3901.191971 0.000435 
3900.025208 0.000435 
3898.858446 0.000435 
3897.691684 0.000435 
3896.524922 0.000435 
3895.358159 0.000435 
3894.191397 0.000435 
3893.024635 0.000467 
3891.857873 0.000752 
3890.691110 0.000435 
3889.524348 0.000108 
3888.357586 0.000409 
3887.190824 0.000487 
3886.024061 0.000706 
3884.857299 0.000435 
3883.690537 0.000435 
3882.523775 0.000435 
3881.357012 0.000435 
3880.190250 0.000435 
3879.023488 0.000435 
3877.856726 0.000435 
3876.689963 0.000435 
3875.523201 0.000435 
3874.356439 0.000435 
3873.189677 0.000435 
3872.022914 0.000435 
3870.856152 0.001258 
3869.689390 0.000435 
3868.522628 0.000435 
3867.355865 0.000435 
3866.189103 0.000831 
3865.022341 0.000435 
3863.855579 0.000435 
3862.688816 0.000435 
3861.522054 0.000435 
3860.355292 0.000435 
3859.188530 0.000435 
3858.021767 0.000435 
3856.855005 0.000435 
3855.688243 0.001494 
3854.521480 0.001309 
3853.354718 0.000975 
3852.187956 0.000943 
3851.021194 0.000435 
3849.854431 0.000435 
3848.687669 0.000435 
3847.520907 0.000435 
3846.354145 0.000650 
3845.187382 0.000869 
3844.020620 0.000869 
3842.853858 0.000869 
3841.687096 0.000733 
3840.520333 0.000666 
3839.353571 0.001191 
3838.186809 0.000907 
3837.020047 0.000869 
3835.853284 0.000719 
3834.686522 0.000435 
3833.519760 0.000774 
3832.352998 0.000849 
3831.186235 0.000435 
3830.019473 0.000618 
3828.852711 0.000869 
3827.685949 0.000869 
3826.519186 0.000869 
3825.352424 0.000869 
3824.185662 0.000869 
3823.018900 0.001163 
3821.852137 0.001300 
3820.685375 0.000869 
3819.518613 0.000869 
3818.351851 0.000869 
3817.185088 0.001492 
3816.018326 0.000887 
3814.851564 0.000869 
3813.684802 0.000869 
3812.518039 0.000869 
3811.351277 0.000869 
3810.184515 0.000869 
3809.017753 0.000948 
3807.850990 0.001300 
3806.684228 0.001035 
3805.517466 0.000869 
3804.350704 0.001300 
3803.183941 0.001406 
3802.017179 0.001528 
3800.850417 0.001300 
3799.683655 0.000909 
3798.516892 0.001300 
3797.350130 0.001300 
3796.183368 0.001078 
3795.016606 0.000869 
3793.849843 0.000869 
3792.683081 0.000920 
3791.516319 0.001300 
3790.349557 0.001300 
3789.182794 0.001300 
3788.016032 0.001300 
3786.849270 0.001300 
3785.682508 0.001300 
3784.515745 0.001300 
3783.348983 0.001300 
3782.182221 0.001300 
3781.015458 0.001390 
3779.848696 0.001740 
3778.681934 0.001468 
3777.515172 0.001684 
3776.348409 0.001323 
3775.181647 0.001633 
3774.014885 0.001300 
3772.848123 0.001619 
3771.681360 0.001740 
3770.514598 0.002138 
3769.347836 0.001740 
3768.181074 0.001740 
3767.014311 0.001740 
3765.847549 0.001740 
3764.680787 0.001740 
3763.514025 0.001740 
3762.347262 0.001740 
3761.180500 0.002092 
3760.013738 0.002180 
3758.846976 0.001740 
3757.680213 0.001925 
3756.513451 0.002180 
3755.346689 0.002180 
3754.179927 0.002199 
3753.013164 0.002800 
3751.846402 0.002180 
3750.679640 0.002780 
3749.512878 0.002278 
3748.346115 0.002180 
3747.179353 0.002180 
3746.012591 0.003033 
3744.845829 0.002971 
3743.679066 0.002610 
3742.512304 0.002610 
3741.345542 0.002610 
3740.178780 0.002610 
3739.012017 0.002610 
3737.845255 0.003030 
3736.678493 0.002707 
3735.511731 0.002879 
3734.344968 0.002610 
3733.178206 0.002972 
3732.011444 0.002615 
3730.844682 0.002610 
3729.677919 0.002610 
3728.511157 0.002913 
3727.344395 0.003050 
3726.177633 0.003050 
3725.010870 0.003050 
3723.844108 0.003050 
3722.677346 0.003050 
3721.510584 0.003050 
3720.343821 0.003050 
3719.177059 0.003050 
3718.010297 0.003050 
3716.843535 0.003050 
3715.676772 0.003456 
3714.510010 0.003134 
3713.343248 0.003664 
3712.176485 0.003656 
3711.009723 0.003490 
3709.842961 0.003490 
3708.676199 0.003490 
3707.509436 0.003490 
3706.342674 0.003490 
3705.175912 0.003853 
3704.009150 0.003930 
3702.842387 0.003930 
3701.675625 0.003930 
3700.508863 0.003930 
3699.342101 0.003930 
3698.175338 0.003984 
3697.008576 0.004360 
3695.841814 0.004360 
3694.675052 0.004360 
3693.508289 0.004360 
3692.341527 0.004800 
3691.174765 0.004641 
3690.008003 0.004881 
3688.841240 0.004906 
3687.674478 0.004800 
3686.507716 0.004800 
3685.340954 0.004976 
3684.174191 0.005240 
3683.007429 0.005240 
3681.840667 0.005680 
3680.673905 0.005680 
3679.507142 0.005897 
3678.340380 0.006120 
3677.173618 0.006928 
3676.006856 0.006560 
3674.840093 0.006560 
3673.673331 0.006560 
3672.506569 0.006865 
3671.339807 0.007430 
3670.173044 0.006622 
3669.006282 0.006827 
3667.839520 0.006560 
3666.672758 0.006560 
3665.505995 0.006560 
3664.339233 0.006560 
3663.172471 0.006560 
3662.005709 0.006560 
3660.838946 0.006932 
3659.672184 0.006572 
3658.505422 0.007000 
3657.338660 0.007208 
3656.171897 0.007136 
3655.005135 0.007403 
3653.838373 0.007450 
3652.671611 0.007594 
3651.504848 0.007890 
3650.338086 0.008537 
3649.171324 0.008361 
3648.004562 0.008330 
3646.837799 0.008330 
3645.671037 0.008330 
3644.504275 0.008670 
3643.337513 0.008770 
3642.170750 0.008770 
3641.003988 0.008948 
3639.837226 0.009220 
3638.670463 0.009220 
3637.503701 0.009658 
3636.336939 0.009660 
3635.170177 0.009853 
3634.003414 0.010110 
3632.836652 0.010490 
3631.669890 0.010565 
3630.503128 0.011131 
3629.336365 0.011440 
3628.169603 0.011132 
3627.002841 0.011395 
3625.836079 0.011440 
3624.669316 0.011589 
3623.502554 0.011890 
3622.335792 0.012226 
3621.169030 0.012330 
3620.002267 0.013141 
3618.835505 0.012944 
3617.668743 0.013230 
3616.501981 0.013230 
3615.335218 0.013664 
3614.168456 0.014120 
3613.001694 0.014319 
3611.834932 0.014570 
3610.668169 0.014944 
3609.501407 0.015064 
3608.334645 0.015470 
3607.167883 0.015470 
3606.001120 0.015784 
3604.834358 0.015920 
3603.667596 0.016370 
3602.500834 0.016505 
3601.334071 0.017058 
3600.167309 0.017280 
3599.000547 0.017685 
3597.833785 0.017805 
3596.667022 0.018346 
3595.500260 0.018630 
3594.333498 0.018983 
3593.166736 0.019105 
3591.999973 0.019632 
3590.833211 0.020000 
3589.666449 0.020285 
3588.499687 0.020818 
3587.332924 0.021360 
3586.166162 0.021360 
3584.999400 0.021565 
3583.832638 0.022127 
3582.665875 0.022697 
3581.499113 0.022776 
3580.332351 0.023327 
3579.165589 0.023896 
3577.998826 0.024110 
3576.832064 0.024554 
3575.665302 0.025092 
3574.498540 0.025490 
3573.331777 0.025751 
3572.165015 0.026288 
3570.998253 0.026871 
3569.831490 0.027409 
3568.664728 0.027971 
3567.497966 0.028537 
3566.331204 0.029121 
3565.164441 0.029206 
3563.997679 0.029756 
3562.830917 0.030336 
3561.664155 0.030879 
3560.497392 0.031469 
3559.330630 0.032013 
3558.163868 0.032573 
3556.997106 0.033156 
3555.830343 0.033705 
3554.663581 0.034297 
3553.496819 0.034854 
3552.330057 0.035444 
3551.163294 0.036245 
3549.996532 0.036680 
3548.829770 0.037602 
3547.663008 0.038173 
3546.496245 0.038770 
3545.329483 0.039598 
3544.162721 0.040395 
3542.995959 0.040962 
3541.829196 0.041620 
3540.662434 0.042600 
3539.495672 0.043160 
3538.328910 0.044172 
3537.162147 0.044811 
3535.995385 0.045572 
3534.828623 0.046466 
3533.661861 0.047067 
3532.495098 0.047644 
3531.328336 0.048699 
3530.161574 0.049478 
3528.994812 0.050615 
3527.828049 0.051466 
3526.661287 0.052510 
3525.494525 0.053607 
3524.327763 0.054405 
3523.161000 0.055613 
3521.994238 0.056413 
3520.827476 0.057473 
3519.660714 0.058347 
3518.493951 0.059683 
3517.327189 0.060616 
3516.160427 0.061820 
3514.993665 0.062491 
3513.826902 0.064266 
3512.660140 0.065220 
3511.493378 0.066181 
3510.326616 0.067401 
3509.159853 0.068683 
3507.993091 0.069873 
3506.826329 0.071117 
3505.659567 0.072740 
3504.492804 0.074074 
3503.326042 0.075381 
3502.159280 0.076591 
3500.992518 0.078150 
3499.825755 0.079643 
3498.658993 0.080859 
3497.492231 0.082710 
3496.325468 0.083943 
3495.158706 0.085556 
3493.991944 0.087047 
3492.825182 0.088920 
3491.658419 0.090297 
3490.491657 0.092000 
3489.324895 0.093677 
3488.158133 0.095109 
3486.991370 0.097087 
3485.824608 0.098840 
3484.657846 0.100436 
3483.491084 0.102050 
3482.324321 0.104305 
3481.157559 0.105918 
3479.990797 0.107924 
3478.824035 0.109665 
3477.657272 0.111388 
3476.490510 0.113526 
3475.323748 0.115501 
3474.156986 0.117562 
3472.990223 0.119315 
3471.823461 0.121096 
3470.656699 0.123285 
3469.489937 0.125306 
3468.323174 0.127413 
3467.156412 0.129556 
3465.989650 0.131765 
3464.822888 0.133257 
3463.656125 0.135382 
3462.489363 0.137594 
3461.322601 0.139683 
3460.155839 0.141948 
3458.989076 0.144081 
3457.822314 0.146066 
3456.655552 0.147906 
3455.488790 0.150049 
3454.322027 0.152385 
3453.155265 0.154549 
3451.988503 0.156791 
3450.821741 0.159101 
3449.654978 0.160933 
3448.488216 0.163695 
3447.321454 0.165319 
3446.154692 0.167705 
3444.987929 0.169951 
3443.821167 0.171808 
3442.654405 0.174018 
3441.487643 0.176179 
3440.320880 0.177808 
3439.154118 0.180182 
3437.987356 0.182302 
3436.820594 0.183936 
3435.653831 0.186214 
3434.487069 0.188121 
3433.320307 0.190112 
3432.153545 0.192352 
3430.986782 0.193991 
3429.820020 0.195959 
3428.653258 0.197979 
3427.486495 0.199686 
3426.319733 0.201999 
3425.152971 0.203657 
3423.986209 0.205395 
3422.819446 0.207023 
3421.652684 0.209354 
3420.485922 0.211142 
3419.319160 0.212939 
3418.152397 0.214596 
3416.985635 0.216356 
3415.818873 0.218070 
3414.652111 0.219757 
3413.485348 0.220900 
3412.318586 0.222148 
3411.151824 0.225600 
3409.985062 0.226887 
3408.818299 0.228543 
3407.651537 0.230396 
3406.484775 0.231784 
3405.318013 0.233265 
3404.151250 0.235004 
3402.984488 0.236893 
3401.817726 0.238647 
3400.650964 0.240501 
3399.484201 0.242322 
3398.317439 0.243347 
3397.150677 0.245271 
3395.983915 0.246736 
3394.817152 0.248177 
3393.650390 0.250028 
3392.483628 0.251068 
3391.316866 0.253029 
3390.150103 0.254535 
3388.983341 0.256048 
3387.816579 0.257179 
3386.649817 0.258969 
3385.483054 0.260141 
3384.316292 0.261220 
3383.149530 0.261813 
3381.982768 0.262744 
3380.816005 0.266296 
3379.649243 0.267891 
3378.482481 0.268876 
3377.315719 0.270491 
3376.148956 0.271650 
3374.982194 0.272181 
3373.815432 0.274786 
3372.648670 0.276795 
3371.481907 0.278041 
3370.315145 0.279910 
3369.148383 0.281088 
3367.981621 0.282716 
3366.814858 0.284304 
3365.648096 0.285546 
3364.481334 0.287551 
3363.314572 0.289306 
3362.147809 0.290819 
3360.981047 0.292191 
3359.814285 0.294113 
3358.647523 0.295981 
3357.480760 0.297320 
3356.313998 0.298940 
3355.147236 0.300602 
3353.980473 0.302787 
3352.813711 0.303966 
3351.646949 0.306080 
3350.480187 0.307695 
3349.313424 0.309422 
3348.146662 0.311675 
3346.979900 0.313798 
3345.813138 0.315588 
3344.646375 0.317227 
3343.479613 0.319500 
3342.312851 0.321559 
3341.146089 0.322906 
3339.979326 0.325178 
3338.812564 0.326692 
3337.645802 0.328736 
3336.479040 0.330906 
3335.312277 0.332847 
3334.145515 0.334522 
3332.978753 0.336867 
3331.811991 0.339107 
3330.645228 0.341367 
3329.478466 0.343749 
3328.311704 0.345995 
3327.144942 0.347595 
3325.978179 0.349733 
3324.811417 0.352051 
3323.644655 0.354492 
3322.477893 0.356176 
3321.311130 0.358286 
3320.144368 0.360634 
3318.977606 0.362832 
3317.810844 0.364493 
3316.644081 0.366992 
3315.477319 0.368481 
3314.310557 0.370793 
3313.143795 0.372997 
3311.977032 0.374737 
3310.810270 0.377306 
3309.643508 0.378775 
3308.476746 0.381052 
3307.309983 0.382360 
3306.143221 0.384169 
3304.976459 0.385952 
3303.809697 0.387210 
3302.642934 0.389615 
3301.476172 0.391313 
3300.309410 0.392540 
3299.142648 0.394383 
3297.975885 0.395799 
3296.809123 0.397174 
3295.642361 0.398439 
3294.475599 0.399786 
3293.308836 0.401091 
3292.142074 0.401351 
3290.975312 0.403757 
3289.808550 0.404500 
3288.641787 0.405342 
3287.475025 0.405610 
3286.308263 0.406710 
3285.141501 0.407108 
3283.974738 0.407820 
3282.807976 0.408707 
3281.641214 0.408940 
3280.474451 0.409190 
3279.307689 0.410050 
3278.140927 0.410050 
3276.974165 0.410050 
3275.807402 0.410050 
3274.640640 0.410050 
3273.473878 0.410050 
3272.307116 0.410050 
3271.140353 0.410050 
3269.973591 0.408940 
3268.806829 0.408940 
3267.640067 0.408940 
3266.473304 0.408126 
3265.306542 0.407820 
3264.139780 0.406710 
3262.973018 0.406350 
3261.806255 0.405610 
3260.639493 0.404766 
3259.472731 0.404470 
3258.305969 0.403187 
3257.139206 0.401863 
3255.972444 0.401210 
3254.805682 0.400344 
3253.638920 0.398963 
3252.472157 0.397694 
3251.305395 0.396382 
3250.138633 0.395056 
3248.971871 0.393804 
3247.805108 0.392438 
3246.638346 0.391193 
3245.471584 0.389901 
3244.304822 0.388603 
3243.138059 0.387265 
3241.971297 0.386024 
3240.804535 0.384411 
3239.637773 0.382410 
3238.471010 0.381192 
3237.304248 0.379865 
3236.137486 0.377621 
3234.970724 0.375996 
3233.803961 0.374076 
3232.637199 0.372874 
3231.470437 0.371550 
3230.303675 0.369350 
3229.136912 0.367620 
3227.970150 0.365894 
3226.803388 0.363741 
3225.636626 0.362383 
3224.469863 0.360257 
3223.303101 0.358536 
3222.136339 0.356226 
3220.969577 0.354656 
3219.802814 0.352525 
3218.636052 0.351068 
3217.469290 0.348660 
3216.302528 0.347006 
3215.135765 0.344929 
3213.969003 0.342663 
3212.802241 0.340280 
3211.635478 0.338599 
3210.468716 0.336654 
3209.301954 0.334424 
3208.135192 0.332208 
3206.968429 0.329882 
3205.801667 0.327723 
3204.634905 0.325416 
3203.468143 0.323252 
3202.301380 0.321078 
3201.134618 0.318818 
3199.967856 0.315954 
3198.801094 0.313541 
3197.634331 0.311450 
3196.467569 0.309212 
3195.300807 0.306712 
3194.134045 0.304095 
3192.967282 0.302017 
3191.800520 0.299874 
3190.633758 0.296940 
3189.466996 0.294480 
3188.300233 0.291958 
3187.133471 0.289125 
3185.966709 0.286762 
3184.799947 0.284162 
3183.633184 0.281592 
3182.466422 0.279286 
3181.299660 0.276539 
3180.132898 0.273438 
3178.966135 0.270947 
3177.799373 0.268415 
3176.632611 0.265520 
3175.465849 0.262720 
3174.299086 0.259717 
3173.132324 0.256961 
3171.965562 0.254060 
3170.798800 0.251270 
3169.632037 0.248334 
3168.465275 0.245653 
3167.298513 0.242860 
3166.131751 0.240106 
3164.964988 0.237467 
3163.798226 0.233880 
3162.631464 0.231282 
3161.464702 0.228571 
3160.297939 0.225330 
3159.131177 0.222638 
3157.964415 0.219724 
3156.797653 0.216569 
3155.630890 0.213480 
3154.464128 0.210768 
3153.297366 0.207394 
3152.130604 0.204761 
3150.963841 0.201727 
3149.797079 0.198727 
3148.630317 0.196127 
3147.463555 0.192772 
3146.296792 0.189828 
3145.130030 0.187026 
3143.963268 0.183798 
3142.796506 0.181302 
3141.629743 0.178044 
3140.462981 0.174900 
3139.296219 0.172109 
3138.129456 0.169360 
3136.962694 0.166125 
3135.795932 0.163292 
3134.629170 0.160746 
3133.462407 0.157676 
3132.295645 0.154767 
3131.128883 0.151635 
3129.962121 0.148915 
3128.795358 0.146427 
3127.628596 0.143465 
3126.461834 0.140426 
3125.295072 0.138219 
3124.128309 0.135365 
3122.961547 0.132445 
3121.794785 0.129703 
3120.628023 0.127314 
3119.461260 0.124620 
3118.294498 0.121849 
3117.127736 0.119351 
3115.960974 0.116935 
3114.794211 0.114627 
3113.627449 0.111951 
3112.460687 0.109402 
3111.293925 0.107115 
3110.127162 0.104342 
3108.960400 0.102305 
3107.793638 0.100228 
3106.626876 0.097769 
3105.460113 0.095521 
3104.293351 0.093297 
3103.126589 0.091393 
3101.959827 0.089342 
3100.793064 0.086974 
3099.626302 0.085119 
3098.459540 0.083125 
3097.292778 0.081263 
3096.126015 0.079293 
3094.959253 0.077472 
3093.792491 0.075534 
3092.625729 0.073700 
3091.458966 0.072389 
3090.292204 0.070466 
3089.125442 0.068681 
3087.958680 0.067198 
3086.791917 0.065492 
3085.625155 0.064197 
3084.458393 0.062538 
3083.291631 0.060966 
3082.124868 0.059605 
3080.958106 0.058444 
3079.791344 0.057194 
3078.624582 0.055802 
3077.457819 0.054321 
3076.291057 0.053149 
3075.124295 0.051998 
3073.957533 0.050764 
3072.790770 0.049626 
3071.624008 0.048421 
3070.457246 0.047266 
3069.290483 0.046182 
3068.123721 0.045395 
3066.956959 0.044211 
3065.790197 0.043441 
3064.623434 0.042412 
3063.456672 0.041679 
3062.289910 0.040570 
3061.123148 0.039702 
3059.956385 0.039125 
3058.789623 0.038089 
3057.622861 0.037027 
3056.456099 0.036471 
3055.289336 0.035891 
3054.122574 0.034915 
3052.955812 0.034262 
3051.789050 0.033714 
3050.622287 0.032891 
3049.455525 0.032100 
3048.288763 0.031561 
3047.122001 0.030966 
3045.955238 0.030421 
3044.788476 0.029853 
3043.621714 0.029292 
3042.454952 0.028746 
3041.288189 0.028163 
3040.121427 0.027602 
3038.954665 0.027033 
3037.787903 0.026496 
3036.621140 0.025914 
3035.454378 0.025377 
3034.287616 0.024819 
3033.120854 0.024258 
3031.954091 0.024110 
3030.787329 0.023598 
3029.620567 0.023061 
3028.453805 0.022507 
3027.287042 0.021952 
3026.120280 0.021415 
3024.953518 0.021294 
3023.786756 0.020910 
3022.619993 0.020643 
3021.453231 0.020114 
3020.286469 0.019540 
3019.119707 0.019459 
3017.952944 0.018913 
3016.786182 0.018630 
3015.619420 0.018279 
3014.452658 0.017730 
3013.285895 0.017634 
3012.119133 0.017280 
3010.952371 0.016982 
3009.785609 0.016413 
3008.618846 0.016333 
3007.452084 0.015920 
3006.285322 0.015688 
3005.118560 0.015470 
3003.951797 0.015046 
3002.785035 0.014968 
3001.618273 0.014570 
3000.451511 0.014323 
2999.284748 0.014120 
2998.117986 0.013689 
2996.951224 0.013613 
2995.784461 0.013230 
2994.617699 0.012968 
2993.450937 0.012780 
2992.284175 0.012330 
2991.117412 0.012241 
2989.950650 0.011890 
2988.783888 0.011613 
2987.617126 0.011440 
2986.450363 0.011418 
2985.283601 0.011000 
2984.116839 0.010783 
2982.950077 0.010550 
2981.783314 0.010550 
2980.616552 0.010110 
2979.449790 0.010110 
2978.283028 0.009877 
2977.116265 0.009660 
2975.949503 0.009242 
2974.782741 0.009220 
2973.615979 0.009047 
2972.449216 0.008770 
2971.282454 0.008770 
2970.115692 0.008337 
2968.948930 0.008330 
2967.782167 0.008146 
2966.615405 0.007890 
2965.448643 0.007890 
2964.281881 0.007881 
2963.115118 0.007450 
2961.948356 0.007247 
2960.781594 0.007000 
2959.614832 0.007000 
2958.448069 0.006975 
2957.281307 0.006560 
2956.114545 0.006346 
2954.947783 0.006120 
2953.781020 0.006120 
2952.614258 0.006120 
2951.447496 0.006120 
2950.280734 0.005866 
2949.113971 0.005680 
2947.947209 0.005680 
2946.780447 0.005680 
2945.613685 0.005680 
2944.446922 0.005410 
2943.280160 0.005240 
2942.113398 0.005240 
2940.946636 0.005129 
2939.779873 0.004800 
2938.613111 0.004800 
2937.446349 0.004800 
2936.279587 0.004747 
2935.112824 0.004360 
2933.946062 0.004360 
2932.779300 0.004360 
2931.612538 0.004360 
2930.445775 0.004294 
2929.279013 0.003930 
2928.112251 0.003930 
2926.945488 0.003930 
2925.778726 0.003525 
2924.611964 0.003847 
2923.445202 0.003490 
2922.278439 0.003490 
2921.111677 0.003490 
2919.944915 0.003466 
2918.778153 0.003148 
2917.611390 0.003300 
2916.444628 0.003050 
2915.277866 0.003050 
2914.111104 0.003050 
2912.944341 0.003050 
2911.777579 0.003050 
2910.610817 0.002747 
2909.444055 0.002987 
2908.277292 0.002610 
2907.110530 0.002610 
2905.943768 0.002610 
2904.777006 0.002610 
2903.610243 0.002610 
2902.443481 0.002610 
2901.276719 0.002610 
2900.109957 0.002610 
2898.943194 0.002285 
2897.776432 0.002180 
2896.609670 0.002180 
2895.442908 0.002180 
2894.276145 0.002180 
2893.109383 0.002180 
2891.942621 0.002180 
2890.775859 0.002180 
2889.609096 0.002180 
2888.442334 0.001891 
2887.275572 0.002143 
2886.108810 0.001740 
2884.942047 0.001740 
2883.775285 0.001740 
2882.608523 0.001740 
2881.441761 0.001740 
2880.274998 0.001740 
2879.108236 0.001740 
2877.941474 0.001740 
2876.774712 0.001740 
2875.607949 0.001303 
2874.441187 0.001300 
2873.274425 0.001487 
2872.107663 0.001479 
2870.940900 0.001300 
2869.774138 0.001300 
2868.607376 0.001300 
2867.440614 0.001502 
2866.273851 0.001464 
2865.107089 0.001300 
2863.940327 0.001300 
2862.773565 0.001300 
2861.606802 0.001300 
2860.440040 0.001300 
2859.273278 0.001300 
2858.106516 0.001300 
2856.939753 0.001300 
2855.772991 0.001300 
2854.606229 0.001300 
2853.439466 0.001300 
2852.272704 0.001300 
2851.105942 0.001300 
2849.939180 0.001300 
2848.772417 0.000952 
2847.605655 0.000869 
2846.438893 0.000869 
2845.272131 0.000869 
2844.105368 0.000869 
2842.938606 0.000869 
2841.771844 0.000883 
2840.605082 0.001300 
2839.438319 0.001300 
2838.271557 0.001300 
2837.104795 0.000915 
2835.938033 0.001300 
2834.771270 0.001300 
2833.604508 0.001063 
2832.437746 0.001198 
2831.270984 0.001300 
2830.104221 0.001300 
2828.937459 0.001300 
2827.770697 0.001047 
2826.603935 0.001212 
2825.437172 0.001300 
2824.270410 0.001300 
2823.103648 0.001300 
2821.936886 0.001300 
2820.770123 0.001300 
2819.603361 0.001300 
2818.436599 0.000983 
2817.269837 0.001300 
2816.103074 0.001000 
2814.936312 0.000869 
2813.769550 0.000869 
2812.602788 0.000869 
2811.436025 0.000869 
2810.269263 0.000869 
2809.102501 0.000869 
2807.935739 0.000869 
2806.768976 0.001012 
2805.602214 0.001062 
2804.435452 0.000869 
2803.268690 0.000869 
2802.101927 0.000869 
2800.935165 0.000869 
2799.768403 0.000869 
2798.601641 0.000869 
2797.434878 0.000869 
2796.268116 0.000869 
2795.101354 0.000869 
2793.934592 0.000869 
2792.767829 0.000869 
2791.601067 0.000869 
2790.434305 0.000869 
2789.267543 0.000869 
2788.100780 0.000869 
2786.934018 0.000869 
2785.767256 0.000869 
2784.600493 0.000869 
2783.433731 0.000869 
2782.266969 0.000869 
2781.100207 0.000869 
2779.933444 0.000869 
2778.766682 0.000869 
2777.599920 0.000869 
2776.433158 0.000536 
2775.266395 0.000855 
2774.099633 0.000531 
2772.932871 0.000869 
2771.766109 0.000594 
2770.599346 0.000821 
2769.432584 0.000464 
2768.265822 0.000756 
2767.099060 0.000435 
2765.932297 0.000725 
2764.765535 0.000466 
2763.598773 0.000435 
2762.432011 0.000435 
2761.265248 0.000435 
2760.098486 0.000435 
2758.931724 0.000435 
2757.764962 0.000435 
2756.598199 0.000435 
2755.431437 0.000435 
2754.264675 0.000435 
2753.097913 0.000435 
2751.931150 0.000435 
2750.764388 0.000435 
2749.597626 0.000435 
2748.430864 0.000435 
2747.264101 0.000435 
2746.097339 0.000435 
2744.930577 0.000435 
2743.763815 0.000435 
2742.597052 0.000435 
2741.430290 0.000435 
2740.263528 0.000435 
2739.096766 0.000435 
2737.930003 0.000435 
2736.763241 0.000435 
2735.596479 0.000435 
2734.429717 0.000435 
2733.262954 0.000435 
2732.096192 0.000435 
2730.929430 0.000435 
2729.762668 0.000435 
2728.595905 0.000435 
2727.429143 0.000435 
2726.262381 0.000435 
2725.095619 0.000435 
2723.928856 0.000317 
2722.762094 0.000190 
2721.595332 0.000435 
2720.428570 0.000435 
2719.261807 0.000416 
2718.095045 0.000133 
2716.928283 0.000435 
2715.761521 0.000435 
2714.594758 0.000435 
2713.427996 0.000000 
2712.261234 0.000000 
2711.094471 0.000244 
2709.927709 0.000099 
2708.760947 0.000000 
2707.594185 0.000089 
2706.427422 0.000273 
2705.260660 0.000260 
2704.093898 0.000435 
2702.927136 0.000012 
2701.760373 0.000000 
2700.593611 0.000000 
2699.426849 0.000000 
2698.260087 0.000000 
2697.093324 0.000388 
2695.926562 0.000000 
2694.759800 0.000000 
2693.593038 0.000000 
2692.426275 0.000000 
2691.259513 0.000000 
2690.092751 0.000134 
2688.925989 0.000206 
2687.759226 0.000000 
2686.592464 0.000000 
2685.425702 0.000076 
2684.258940 0.000435 
2683.092177 0.000170 
2681.925415 0.000000 
2680.758653 0.000417 
2679.591891 0.000000 
2678.425128 0.000181 
2677.258366 0.000156 
2676.091604 0.000000 
2674.924842 0.000000 
2673.758079 0.000000 
2672.591317 0.000000 
2671.424555 0.000293 
2670.257793 0.000028 
2669.091030 0.000000 
2667.924268 0.000133 
2666.757506 0.000435 
2665.590744 0.000126 
2664.423981 0.000000 
2663.257219 0.000435 
2662.090457 0.000435 
2660.923695 0.000435 
2659.756932 0.000435 
2658.590170 0.000435 
2657.423408 0.000435 
2656.256646 0.000435 
2655.089883 0.000435 
2653.923121 0.000435 
2652.756359 0.000435 
2651.589597 0.000435 
2650.422834 0.000435 
2649.256072 0.000435 
2648.089310 0.000435 
2646.922548 0.000435 
2645.755785 0.000435 
2644.589023 0.000435 
2643.422261 0.000435 
2642.255498 0.000435 
2641.088736 0.000435 
2639.921974 0.000435 
2638.755212 0.000435 
2637.588449 0.000435 
2636.421687 0.000435 
2635.254925 0.000435 
2634.088163 0.000435 
2632.921400 0.000435 
2631.754638 0.000435 
2630.587876 0.000435 
2629.421114 0.000435 
2628.254351 0.000435 
2627.087589 0.000435 
2625.920827 0.000435 
2624.754065 0.000435 
2623.587302 0.000435 
2622.420540 0.000435 
2621.253778 0.000435 
2620.087016 0.000435 
2618.920253 0.000435 
2617.753491 0.000435 
2616.586729 0.000435 
2615.419967 0.000435 
2614.253204 0.000435 
2613.086442 0.000435 
2611.919680 0.000600 
2610.752918 0.000605 
2609.586155 0.000788 
2608.419393 0.000443 
2607.252631 0.000542 
2606.085869 0.000869 
2604.919106 0.000869 
2603.752344 0.000869 
2602.585582 0.000869 
2601.418820 0.000869 
2600.252057 0.000869 
2599.085295 0.000869 
2597.918533 0.000869 
2596.751771 0.000869 
2595.585008 0.000869 
2594.418246 0.000869 
2593.251484 0.000869 
2592.084722 0.000869 
2590.917959 0.000869 
2589.751197 0.000869 
2588.584435 0.000869 
2587.417673 0.000869 
2586.250910 0.000869 
2585.084148 0.000869 
2583.917386 0.000869 
2582.750624 0.000869 
2581.583861 0.000869 
2580.417099 0.000869 
2579.250337 0.000869 
2578.083575 0.000869 
2576.916812 0.000869 
2575.750050 0.000869 
2574.583288 0.001300 
2573.416526 0.001300 
2572.249763 0.001300 
2571.083001 0.000991 
2569.916239 0.001292 
2568.749476 0.001235 
2567.582714 0.001021 
2566.415952 0.001300 
2565.249190 0.001300 
2564.082427 0.001300 
2562.915665 0.001300 
2561.748903 0.001300 
2560.582141 0.001300 
2559.415378 0.001300 
2558.248616 0.001300 
2557.081854 0.001300 
2555.915092 0.001300 
2554.748329 0.001300 
2553.581567 0.001300 
2552.414805 0.001300 
2551.248043 0.001300 
2550.081280 0.001300 
2548.914518 0.001300 
2547.747756 0.001300 
2546.580994 0.001300 
2545.414231 0.001300 
2544.247469 0.001300 
2543.080707 0.001300 
2541.913945 0.001300 
2540.747182 0.001740 
2539.580420 0.001740 
2538.413658 0.001740 
2537.246896 0.001740 
2536.080133 0.001740 
2534.913371 0.001740 
2533.746609 0.001740 
2532.579847 0.001740 
2531.413084 0.001740 
2530.246322 0.001740 
2529.079560 0.001740 
2527.912798 0.001740 
2526.746035 0.001740 
2525.579273 0.001740 
2524.412511 0.001740 
2523.245749 0.001740 
2522.078986 0.001740 
2520.912224 0.001740 
2519.745462 0.001740 
2518.578700 0.001740 
2517.411937 0.001740 
2516.245175 0.001740 
2515.078413 0.001740 
2513.911651 0.001740 
2512.744888 0.001740 
2511.578126 0.001926 
2510.411364 0.002180 
2509.244602 0.002180 
2508.077839 0.001751 
2506.911077 0.002180 
2505.744315 0.002180 
2504.577553 0.002180 
2503.410790 0.002180 
2502.244028 0.002180 
2501.077266 0.002180 
2499.910504 0.002180 
2498.743741 0.002180 
2497.576979 0.002180 
2496.410217 0.002180 
2495.243454 0.002180 
2494.076692 0.002180 
2492.909930 0.002180 
2491.743168 0.002180 
2490.576405 0.002180 
2489.409643 0.002180 
2488.242881 0.002180 
2487.076119 0.002180 
2485.909356 0.002180 
2484.742594 0.002610 
2483.575832 0.002428 
2482.409070 0.002462 
2481.242307 0.002610 
2480.075545 0.002610 
2478.908783 0.002610 
2477.742021 0.002610 
2476.575258 0.002610 
2475.408496 0.002610 
2474.241734 0.002610 
2473.074972 0.002610 
2471.908209 0.002610 
2470.741447 0.002610 
2469.574685 0.002610 
2468.407923 0.002610 
2467.241160 0.002610 
2466.074398 0.002885 
2464.907636 0.002701 
2463.740874 0.002610 
2462.574111 0.002709 
2461.407349 0.003050 
2460.240587 0.003050 
2459.073825 0.003050 
2457.907062 0.003050 
2456.740300 0.003050 
2455.573538 0.003050 
2454.406776 0.003050 
2453.240013 0.003050 
2452.073251 0.003050 
2450.906489 0.003050 
2449.739727 0.003050 
2448.572964 0.003050 
2447.406202 0.003050 
2446.239440 0.003050 
2445.072678 0.003050 
2443.905915 0.003050 
2442.739153 0.003050 
2441.572391 0.003050 
2440.405629 0.003050 
2439.238866 0.003227 
2438.072104 0.003214 
2436.905342 0.003050 
2435.738580 0.003490 
2434.571817 0.003490 
2433.405055 0.003490 
2432.238293 0.003490 
2431.071531 0.003490 
2429.904768 0.003490 
2428.738006 0.003490 
2427.571244 0.003490 
2426.404481 0.003490 
2425.237719 0.003490 
2424.070957 0.003490 
2422.904195 0.003490 
2421.737432 0.003490 
2420.570670 0.003490 
2419.403908 0.003490 
2418.237146 0.003490 
2417.070383 0.003490 
2415.903621 0.003490 
2414.736859 0.003490 
2413.570097 0.003490 
2412.403334 0.003490 
2411.236572 0.003490 
2410.069810 0.003490 
2408.903048 0.003490 
2407.736285 0.003930 
2406.569523 0.003930 
2405.402761 0.003930 
2404.235999 0.003930 
2403.069236 0.003930 
2401.902474 0.003930 
2400.735712 0.003930 
2399.568950 0.003930 
2398.402187 0.003930 
2397.235425 0.003930 
2396.068663 0.003930 
2394.901901 0.003930 
2393.735138 0.003930 
2392.568376 0.003930 
2391.401614 0.003930 
2390.234852 0.003930 
2389.068089 0.003930 
2387.901327 0.003930 
2386.734565 0.004302 
2385.567803 0.004360 
2384.401040 0.004360 
2383.234278 0.004360 
2382.067516 0.004360 
2380.900754 0.004360 
2379.733991 0.004360 
2378.567229 0.004360 
2377.400467 0.004360 
2376.233705 0.004360 
2375.066942 0.004360 
2373.900180 0.004360 
2372.733418 0.004360 
2371.566656 0.004360 
2370.399893 0.004360 
2369.233131 0.004785 
2368.066369 0.004800 
2366.899607 0.004800 
2365.732844 0.004800 
2364.566082 0.004800 
2363.399320 0.004800 
2362.232558 0.004800 
2361.065795 0.004800 
2359.899033 0.004800 
2358.732271 0.004800 
2357.565509 0.004800 
2356.398746 0.004800 
2355.231984 0.005029 
2354.065222 0.005240 
2352.898459 0.005240 
2351.731697 0.005240 
2350.564935 0.005240 
2349.398173 0.005240 
2348.231410 0.005240 
2347.064648 0.005240 
2345.897886 0.005240 
2344.731124 0.005240 
2343.564361 0.005240 
2342.397599 0.005240 
2341.230837 0.005270 
2340.064075 0.005680 
2338.897312 0.005680 
2337.730550 0.005680 
2336.563788 0.005680 
2335.397026 0.005680 
2334.230263 0.005680 
2333.063501 0.005680 
2331.896739 0.005680 
2330.729977 0.005680 
2329.563214 0.005680 
2328.396452 0.005680 
2327.229690 0.005680 
2326.062928 0.006004 
2324.896165 0.006120 
2323.729403 0.006120 
2322.562641 0.006120 
2321.395879 0.006120 
2320.229116 0.006120 
2319.062354 0.006120 
2317.895592 0.006120 
2316.728830 0.006120 
2315.562067 0.006120 
2314.395305 0.006120 
2313.228543 0.006120 
2312.061781 0.006120 
2310.895018 0.006342 
2309.728256 0.006560 
2308.561494 0.006560 
2307.394732 0.006560 
2306.227969 0.006560 
2305.061207 0.006560 
2303.894445 0.006560 
2302.727683 0.006560 
2301.560920 0.006560 
2300.394158 0.006560 
2299.227396 0.006560 
2298.060634 0.006560 
2296.893871 0.007000 
2295.727109 0.007000 
2294.560347 0.007000 
2293.393585 0.007000 
2292.226822 0.007000 
2291.060060 0.007000 
2289.893298 0.007000 
2288.726536 0.007000 
2287.559773 0.007320 
2286.393011 0.007042 
2285.226249 0.007450 
2284.059486 0.007450 
2282.892724 0.007450 
2281.725962 0.007450 
2280.559200 0.007450 
2279.392437 0.007503 
2278.225675 0.007890 
2277.058913 0.007890 
2275.892151 0.007890 
2274.725388 0.007890 
2273.558626 0.007890 
2272.391864 0.007890 
2271.225102 0.007890 
2270.058339 0.007890 
2268.891577 0.008330 
2267.724815 0.008330 
2266.558053 0.008330 
2265.391290 0.008330 
2264.224528 0.008330 
2263.057766 0.008330 
2261.891004 0.008330 
2260.724241 0.008563 
2259.557479 0.008770 
2258.390717 0.008770 
2257.223955 0.008770 
2256.057192 0.008770 
2254.890430 0.008770 
2253.723668 0.008770 
2252.556906 0.009194 
2251.390143 0.009220 
2250.223381 0.009220 
2249.056619 0.009220 
2247.889857 0.009220 
2246.723094 0.009220 
2245.556332 0.009220 
2244.389570 0.009220 
2243.222808 0.009220 
2242.056045 0.009220 
2240.889283 0.009611 
2239.722521 0.009342 
2238.555759 0.009660 
2237.388996 0.009660 
2236.222234 0.009660 
2235.055472 0.009660 
2233.888710 0.009660 
2232.721947 0.009660 
2231.555185 0.009660 
2230.388423 0.009660 
2229.221661 0.009660 
2228.054898 0.009660 
2226.888136 0.009660 
2225.721374 0.009660 
2224.554612 0.009660 
2223.387849 0.009660 
2222.221087 0.009660 
2221.054325 0.009660 
2219.887563 0.009660 
2218.720800 0.009660 
2217.554038 0.009660 
2216.387276 0.009660 
2215.220514 0.009660 
2214.053751 0.009660 
2212.886989 0.009660 
2211.720227 0.009660 
2210.553464 0.009660 
2209.386702 0.009660 
2208.219940 0.009660 
2207.053178 0.009660 
2205.886415 0.009660 
2204.719653 0.009660 
2203.552891 0.009331 
2202.386129 0.009220 
2201.219366 0.009220 
2200.052604 0.009220 
2198.885842 0.009220 
2197.719080 0.009220 
2196.552317 0.009199 
2195.385555 0.008770 
2194.218793 0.008770 
2193.052031 0.008770 
2191.885268 0.008770 
2190.718506 0.008770 
2189.551744 0.008770 
2188.384982 0.008543 
2187.218219 0.008330 
2186.051457 0.008330 
2184.884695 0.008330 
2183.717933 0.008330 
2182.551170 0.008089 
2181.384408 0.007890 
2180.217646 0.007890 
2179.050884 0.007890 
2177.884121 0.007890 
2176.717359 0.007634 
2175.550597 0.007450 
2174.383835 0.007450 
2173.217072 0.007450 
2172.050310 0.007248 
2170.883548 0.007000 
2169.716786 0.007000 
2168.550023 0.007000 
2167.383261 0.007000 
2166.216499 0.007000 
2165.049737 0.006682 
2163.882974 0.006560 
2162.716212 0.006560 
2161.549450 0.006560 
2160.382688 0.006560 
2159.215925 0.006226 
2158.049163 0.006120 
2156.882401 0.006120 
2155.715639 0.006120 
2154.548876 0.005851 
2153.382114 0.005680 
2152.215352 0.005680 
2151.048590 0.005680 
2149.881827 0.005680 
2148.715065 0.005394 
2147.548303 0.005240 
2146.381541 0.005240 
2145.214778 0.005240 
2144.048016 0.005240 
2142.881254 0.005240 
2141.714491 0.004850 
2140.547729 0.004800 
2139.380967 0.004800 
2138.214205 0.004800 
2137.047442 0.004800 
2135.880680 0.004800 
2134.713918 0.004360 
2133.547156 0.004360 
2132.380393 0.004360 
2131.213631 0.004360 
2130.046869 0.004360 
2128.880107 0.004265 
2127.713344 0.003930 
2126.546582 0.003930 
2125.379820 0.003930 
2124.213058 0.003930 
2123.046295 0.003930 
2121.879533 0.003930 
2120.712771 0.003628 
2119.546009 0.003490 
2118.379246 0.003490 
2117.212484 0.003490 
2116.045722 0.003490 
2114.878960 0.003490 
2113.712197 0.003490 
2112.545435 0.003050 
2111.378673 0.003050 
2110.211911 0.003050 
2109.045148 0.003050 
2107.878386 0.003050 
2106.711624 0.003050 
2105.544862 0.003050 
2104.378099 0.003050 
2103.211337 0.002703 
2102.044575 0.002610 
2100.877813 0.002610 
2099.711050 0.002610 
2098.544288 0.002610 
2097.377526 0.002610 
2096.210764 0.002610 
2095.044001 0.002610 
2093.877239 0.002610 
2092.710477 0.002314 
2091.543715 0.002180 
2090.376952 0.002557 
2089.210190 0.002180 
2088.043428 0.002180 
2086.876666 0.002180 
2085.709903 0.002180 
2084.543141 0.002180 
2083.376379 0.002180 
2082.209617 0.002180 
2081.042854 0.002180 
2079.876092 0.001751 
2078.709330 0.002087 
2077.542568 0.001740 
2076.375805 0.001740 
2075.209043 0.001740 
2074.042281 0.001740 
2072.875519 0.001740 
2071.708756 0.001740 
2070.541994 0.001740 
2069.375232 0.001740 
2068.208469 0.001740 
2067.041707 0.001740 
2065.874945 0.001740 
2064.708183 0.001402 
2063.541420 0.001722 
2062.374658 0.001300 
2061.207896 0.001300 
2060.041134 0.001300 
2058.874371 0.001300 
2057.707609 0.001300 
2056.540847 0.001300 
2055.374085 0.001300 
2054.207322 0.001300 
2053.040560 0.001300 
2051.873798 0.001300 
2050.707036 0.001300 
2049.540273 0.001300 
2048.373511 0.001300 
2047.206749 0.001300 
2046.039987 0.001300 
2044.873224 0.001300 
2043.706462 0.001088 
2042.539700 0.000869 
2041.372938 0.000869 
2040.206175 0.000869 
2039.039413 0.000869 
2037.872651 0.000869 
2036.705889 0.000869 
2035.539126 0.000869 
2034.372364 0.000869 
2033.205602 0.000869 
2032.038840 0.000869 
2030.872077 0.000869 
2029.705315 0.000869 
2028.538553 0.000869 
2027.371791 0.000869 
2026.205028 0.000869 
2025.038266 0.000869 
2023.871504 0.000869 
2022.704742 0.000869 
2021.537979 0.000646 
2020.371217 0.000751 
2019.204455 0.000869 
2018.037693 0.000799 
2016.870930 0.000435 
2015.704168 0.000435 
2014.537406 0.000435 
2013.370644 0.000435 
2012.203881 0.000435 
2011.037119 0.000435 
2009.870357 0.000435 
2008.703595 0.000435 
2007.536832 0.000435 
2006.370070 0.000435 
2005.203308 0.000435 
2004.036546 0.000435 
2002.869783 0.000435 
2001.703021 0.000435 
2000.536259 0.000435 
1999.369496 0.000435 
1998.202734 0.000435 
1997.035972 0.000435 
1995.869210 0.000435 
1994.702447 0.000435 
1993.535685 0.000435 
1992.368923 0.000435 
1991.202161 0.000435 
1990.035398 0.000435 
1988.868636 0.000435 
1987.701874 0.000435 
1986.535112 0.000435 
1985.368349 0.000435 
1984.201587 0.000435 
1983.034825 0.000435 
1981.868063 0.000435 
1980.701300 0.000049 
1979.534538 0.000435 
1978.367776 0.000435 
1977.201014 0.000435 
1976.034251 0.000435 
1974.867489 0.000435 
1973.700727 0.000435 
1972.533965 0.000435 
1971.367202 0.000435 
1970.200440 0.000435 
1969.033678 0.000435 
1967.866916 0.000370 
1966.700153 0.000174 
1965.533391 0.000435 
1964.366629 0.000435 
1963.199867 0.000434 
1962.033104 0.000000 
1960.866342 0.000188 
1959.699580 0.000174 
1958.532818 0.000000 
1957.366055 0.000000 
1956.199293 0.000000 
1955.032531 0.000000 
1953.865769 0.000276 
1952.699006 0.000048 
1951.532244 0.000033 
1950.365482 0.000289 
1949.198720 0.000218 
1948.031957 0.000435 
1946.865195 0.000028 
1945.698433 0.000435 
1944.531671 0.000274 
1943.364908 0.000233 
1942.198146 0.000435 
1941.031384 0.000014 
1939.864622 0.000435 
1938.697859 0.000435 
1937.531097 0.000160 
1936.364335 0.000363 
1935.197573 0.000000 
1934.030810 0.000117 
1932.864048 0.000435 
1931.697286 0.000144 
1930.530524 0.000000 
1929.363761 0.000000 
1928.196999 0.000132 
1927.030237 0.000230 
1925.863474 0.000000 
1924.696712 0.000392 
1923.529950 0.000435 
1922.363188 0.000288 
1921.196425 0.000243 
1920.029663 0.000435 
1918.862901 0.000435 
1917.696139 0.000435 
1916.529376 0.000435 
1915.362614 0.000435 
1914.195852 0.000435 
1913.029090 0.000435 
1911.862327 0.000331 
1910.695565 0.000176 
1909.528803 0.000435 
1908.362041 0.000435 
1907.195278 0.000000 
1906.028516 0.000000 
1904.861754 0.000212 
1903.694992 0.000435 
1902.528229 0.000435 
1901.361467 0.000435 
1900.194705 0.000435 
1899.027943 0.000435 
1897.861180 0.000435 
1896.694418 0.000435 
1895.527656 0.000435 
1894.360894 0.000435 
1893.194131 0.000435 
1892.027369 0.000435 
1890.860607 0.000435 
1889.693845 0.000435 
1888.527082 0.000435 
1887.360320 0.000435 
1886.193558 0.000435 
1885.026796 0.000435 
1883.860033 0.000435 
1882.693271 0.000435 
1881.526509 0.000435 
1880.359747 0.000435 
1879.192984 0.000435 
1878.026222 0.000435 
1876.859460 0.000670 
1875.692698 0.000562 
1874.525935 0.000435 
1873.359173 0.000435 
1872.192411 0.000583 
1871.025649 0.000620 
1869.858886 0.000757 
1868.692124 0.000869 
1867.525362 0.000869 
1866.358600 0.000869 
1865.191837 0.000869 
1864.025075 0.000869 
1862.858313 0.000869 
1861.691551 0.000869 
1860.524788 0.000869 
1859.358026 0.000869 
1858.191264 0.000869 
1857.024502 0.000869 
1855.857739 0.000869 
1854.690977 0.000869 
1853.524215 0.000869 
1852.357452 0.000869 
1851.190690 0.000869 
1850.023928 0.000869 
1848.857166 0.001103 
1847.690403 0.000961 
1846.523641 0.001290 
1845.356879 0.001370 
1844.190117 0.001560 
1843.023354 0.001300 
1841.856592 0.001300 
1840.689830 0.001300 
1839.523068 0.001300 
1838.356305 0.001300 
1837.189543 0.001300 
1836.022781 0.001300 
1834.856019 0.001300 
1833.689256 0.001300 
1832.522494 0.001300 
1831.355732 0.001615 
1830.188970 0.001740 
1829.022207 0.001740 
1827.855445 0.001740 
1826.688683 0.001740 
1825.521921 0.001740 
1824.355158 0.001740 
1823.188396 0.001740 
1822.021634 0.001740 
1820.854872 0.001740 
1819.688109 0.001740 
1818.521347 0.002171 
1817.354585 0.001848 
1816.187823 0.002180 
1815.021060 0.002180 
1813.854298 0.002180 
1812.687536 0.002180 
1811.520774 0.002180 
1810.354011 0.002372 
1809.187249 0.002610 
1808.020487 0.002610 
1806.853725 0.002610 
1805.686962 0.002610 
1804.520200 0.002610 
1803.353438 0.002610 
1802.186676 0.003012 
1801.019913 0.003050 
1799.853151 0.003050 
1798.686389 0.003050 
1797.519627 0.003050 
1796.352864 0.003050 
1795.186102 0.003050 
1794.019340 0.003217 
1792.852578 0.003490 
1791.685815 0.003490 
1790.519053 0.003490 
1789.352291 0.003490 
1788.185529 0.003693 
1787.018766 0.003930 
1785.852004 0.003930 
1784.685242 0.003930 
1783.518479 0.003930 
1782.351717 0.004144 
1781.184955 0.004360 
1780.018193 0.004360 
1778.851430 0.004360 
1777.684668 0.004360 
1776.517906 0.004616 
1775.351144 0.004800 
1774.184381 0.004814 
1773.017619 0.005600 
1771.850857 0.005240 
1770.684095 0.005240 
1769.517332 0.005240 
1768.350570 0.005680 
1767.183808 0.005680 
1766.017046 0.005680 
1764.850283 0.005966 
1763.683521 0.006120 
1762.516759 0.006560 
1761.349997 0.006560 
1760.183234 0.006560 
1759.016472 0.006861 
1757.849710 0.007000 
1756.682948 0.007053 
1755.516185 0.007450 
1754.349423 0.007692 
1753.182661 0.007890 
1752.015899 0.008754 
1750.849136 0.008330 
1749.682374 0.008485 
1748.515612 0.008770 
1747.348850 0.009146 
1746.182087 0.009220 
1745.015325 0.009310 
1743.848563 0.009863 
1742.681801 0.010110 
1741.515038 0.010494 
1740.348276 0.011000 
1739.181514 0.011000 
1738.014752 0.011214 
1736.847989 0.011440 
1735.681227 0.012250 
1734.514465 0.012818 
1733.347703 0.013104 
1732.180940 0.012780 
1731.014178 0.013123 
1729.847416 0.013659 
1728.680654 0.013738 
1727.513891 0.014294 
1726.347129 0.014570 
1725.180367 0.014930 
1724.013605 0.015464 
1722.846842 0.015547 
1721.680080 0.016109 
1720.513318 0.016370 
1719.346556 0.017132 
1718.179793 0.017730 
1717.013031 0.017730 
1715.846269 0.017934 
1714.679507 0.018490 
1713.512744 0.018630 
1712.345982 0.018658 
1711.179220 0.019234 
1710.012457 0.019540 
1708.845695 0.019874 
1707.678933 0.020000 
1706.512171 0.020450 
1705.345408 0.020613 
1704.178646 0.020910 
1703.011884 0.020910 
1701.845122 0.021340 
1700.678359 0.022178 
1699.511597 0.021820 
1698.344835 0.021820 
1697.178073 0.022198 
1696.011310 0.023180 
1694.844548 0.022280 
1693.677786 0.022280 
1692.511024 0.022280 
1691.344261 0.022665 
1690.177499 0.022730 
1689.010737 0.022730 
1687.843975 0.022730 
1686.677212 0.022730 
1685.510450 0.023958 
1684.343688 0.023190 
1683.176926 0.023041 
1682.010163 0.022730 
1680.843401 0.023078 
1679.676639 0.022765 
1678.509877 0.022730 
1677.343114 0.022730 
1676.176352 0.023265 
1675.009590 0.022923 
1673.842828 0.022730 
1672.676065 0.022730 
1671.509303 0.022730 
1670.342541 0.023032 
1669.175779 0.022811 
1668.009016 0.022689 
1666.842254 0.022280 
1665.675492 0.022280 
1664.508730 0.022280 
1663.341967 0.022666 
1662.175205 0.022280 
1661.008443 0.022146 
1659.841681 0.021820 
1658.674918 0.021820 
1657.508156 0.021820 
1656.341394 0.021820 
1655.174632 0.021986 
1654.007869 0.022819 
1652.841107 0.022841 
1651.674345 0.021360 
1650.507583 0.021360 
1649.340820 0.021360 
1648.174058 0.021360 
1647.007296 0.021360 
1645.840534 0.021333 
1644.673771 0.020910 
1643.507009 0.020910 
1642.340247 0.020607 
1641.173484 0.020450 
1640.006722 0.020450 
1638.839960 0.020450 
1637.673198 0.020450 
1636.506435 0.020769 
1635.339673 0.020470 
1634.172911 0.019942 
1633.006149 0.019540 
1631.839386 0.019540 
1630.672624 0.019540 
1629.505862 0.019540 
1628.339100 0.019540 
1627.172337 0.019348 
1626.005575 0.019090 
1624.838813 0.019090 
1623.672051 0.019527 
1622.505288 0.018990 
1621.338526 0.018630 
1620.171764 0.018630 
1619.005002 0.018630 
1617.838239 0.018686 
1616.671477 0.019309 
1615.504715 0.018630 
1614.337953 0.018630 
1613.171190 0.018212 
1612.004428 0.018180 
1610.837666 0.018017 
1609.670904 0.017968 
1608.504141 0.017832 
1607.337379 0.017730 
1606.170617 0.017730 
1605.003855 0.017730 
1603.837092 0.017730 
1602.670330 0.017730 
1601.503568 0.017730 
1600.336806 0.017280 
1599.170043 0.017280 
1598.003281 0.017280 
1596.836519 0.017280 
1595.669757 0.017280 
1594.502994 0.017280 
1593.336232 0.017067 
1592.169470 0.016820 
1591.002708 0.016820 
1589.835945 0.016820 
1588.669183 0.016820 
1587.502421 0.016820 
1586.335659 0.016488 
1585.168896 0.016370 
1584.002134 0.016370 
1582.835372 0.016370 
1581.668610 0.016370 
1580.501847 0.016370 
1579.335085 0.015936 
1578.168323 0.016370 
1577.001561 0.016733 
1575.834798 0.016426 
1574.668036 0.015920 
1573.501274 0.015920 
1572.334512 0.015920 
1571.167749 0.015920 
1570.000987 0.015920 
1568.834225 0.015530 
1567.667462 0.015470 
1566.500700 0.015470 
1565.333938 0.015470 
1564.167176 0.015470 
1563.000413 0.015065 
1561.833651 0.015170 
1560.666889 0.015920 
1559.500127 0.015920 
1558.333364 0.015575 
1557.166602 0.015050 
1555.999840 0.015020 
1554.833078 0.015020 
1553.666315 0.014735 
1552.499553 0.014570 
1551.332791 0.014570 
1550.166029 0.014570 
1548.999266 0.014570 
1547.832504 0.014570 
1546.665742 0.014570 
1545.498980 0.014525 
1544.332217 0.014120 
1543.165455 0.014337 
1541.998693 0.014254 
1540.831931 0.014988 
1539.665168 0.014959 
1538.498406 0.014419 
1537.331644 0.013870 
1536.164882 0.014003 
1534.998119 0.013681 
1533.831357 0.014046 
1532.664595 0.013680 
1531.497833 0.013680 
1530.331070 0.013680 
1529.164308 0.013680 
1527.997546 0.013680 
1526.830784 0.013680 
1525.664021 0.013680 
1524.497259 0.013279 
1523.330497 0.013649 
1522.163735 0.013464 
1520.996972 0.013899 
1519.830210 0.013379 
1518.663448 0.013230 
1517.496686 0.013230 
1516.329923 0.013230 
1515.163161 0.012988 
1513.996399 0.012780 
1512.829637 0.013215 
1511.662874 0.012780 
1510.496112 0.012780 
1509.329350 0.012780 
1508.162588 0.013149 
1506.995825 0.013232 
1505.829063 0.013424 
1504.662301 0.012330 
1503.495539 0.012330 
1502.328776 0.012330 
1501.162014 0.012330 
1499.995252 0.012432 
1498.828489 0.012568 
1497.661727 0.012330 
1496.494965 0.012737 
1495.328203 0.012295 
1494.161440 0.011890 
1492.994678 0.011890 
1491.827916 0.011890 
1490.661154 0.011890 
1489.494391 0.011890 
1488.327629 0.011890 
1487.160867 0.011890 
1485.994105 0.011890 
1484.827342 0.011452 
1483.660580 0.011440 
1482.493818 0.011440 
1481.327056 0.011440 
1480.160293 0.011440 
1478.993531 0.011440 
1477.826769 0.011440 
1476.660007 0.011440 
1475.493244 0.011440 
1474.326482 0.011440 
1473.159720 0.011440 
1471.992958 0.011305 
1470.826195 0.011000 
1469.659433 0.011000 
1468.492671 0.011000 
1467.325909 0.011000 
1466.159146 0.011000 
1464.992384 0.011000 
1463.825622 0.011000 
1462.658860 0.011000 
1461.492097 0.010906 
1460.325335 0.010719 
1459.158573 0.011000 
1457.991811 0.011000 
1456.825048 0.011429 
1455.658286 0.010550 
1454.491524 0.010550 
1453.324762 0.010550 
1452.157999 0.010550 
1450.991237 0.010550 
1449.824475 0.010550 
1448.657713 0.010550 
1447.490950 0.010238 
1446.324188 0.010495 
1445.157426 0.010110 
1443.990664 0.010110 
1442.823901 0.010110 
1441.657139 0.010110 
1440.490377 0.010110 
1439.323615 0.010110 
1438.156852 0.010278 
1436.990090 0.010550 
1435.823328 0.010208 
1434.656566 0.010110 
1433.489803 0.010110 
1432.323041 0.009922 
1431.156279 0.009950 
1429.989517 0.009745 
1428.822754 0.009660 
1427.655992 0.009660 
1426.489230 0.009660 
1425.322467 0.009660 
1424.155705 0.009660 
1422.988943 0.009660 
1421.822181 0.009524 
1420.655418 0.009460 
1419.488656 0.009660 
1418.321894 0.009231 
1417.155132 0.009220 
1415.988369 0.009220 
1414.821607 0.009220 
1413.654845 0.009220 
1412.488083 0.009220 
1411.321320 0.009220 
1410.154558 0.009220 
1408.987796 0.008945 
1407.821034 0.008770 
1406.654271 0.008770 
1405.487509 0.008770 
1404.320747 0.008770 
1403.153985 0.008770 
1401.987222 0.008770 
1400.820460 0.008770 
1399.653698 0.008770 
1398.486936 0.008770 
1397.320173 0.008471 
1396.153411 0.008330 
1394.986649 0.008715 
1393.819887 0.008330 
1392.653124 0.008330 
1391.486362 0.008330 
1390.319600 0.008330 
1389.152838 0.008330 
1387.986075 0.008330 
1386.819313 0.008074 
1385.652551 0.007890 
1384.485789 0.007890 
1383.319026 0.007890 
1382.152264 0.007890 
1380.985502 0.007890 
1379.818740 0.007890 
1378.651977 0.007890 
1377.485215 0.007890 
1376.318453 0.007678 
1375.151691 0.007767 
1373.984928 0.007890 
1372.818166 0.007850 
1371.651404 0.007450 
1370.484642 0.007450 
1369.317879 0.007450 
1368.151117 0.007450 
1366.984355 0.007450 
1365.817593 0.007450 
1364.650830 0.007450 
1363.484068 0.007450 
1362.317306 0.007450 
1361.150544 0.007338 
1359.983781 0.007000 
1358.817019 0.007000 
1357.650257 0.007000 
1356.483494 0.007000 
1355.316732 0.007000 
1354.149970 0.007000 
1352.983208 0.007000 
1351.816445 0.007000 
1350.649683 0.007000 
1349.482921 0.006860 
1348.316159 0.006560 
1347.149396 0.006560 
1345.982634 0.006560 
1344.815872 0.006479 
1343.649110 0.006120 
1342.482347 0.006373 
1341.315585 0.006560 
1340.148823 0.006560 
1338.982061 0.006120 
1337.815298 0.006120 
1336.648536 0.006120 
1335.481774 0.006120 
1334.315012 0.006120 
1333.148249 0.006120 
1331.981487 0.006120 
1330.814725 0.006120 
1329.647963 0.006120 
1328.481200 0.006120 
1327.314438 0.006120 
1326.147676 0.005899 
1324.980914 0.005680 
1323.814151 0.005680 
1322.647389 0.005680 
1321.480627 0.005680 
1320.313865 0.005680 
1319.147102 0.005680 
1317.980340 0.005240 
1316.813578 0.005240 
1315.646816 0.005240 
1314.480053 0.005240 
1313.313291 0.005240 
1312.146529 0.005240 
1310.979767 0.005240 
1309.813004 0.005240 
1308.646242 0.005240 
1307.479480 0.005240 
1306.312718 0.005240 
1305.145955 0.005116 
1303.979193 0.004800 
1302.812431 0.004800 
1301.645669 0.004800 
1300.478906 0.004800 
1299.312144 0.004800 
1298.145382 0.004800 
1296.978620 0.004800 
1295.811857 0.004800 
1294.645095 0.004800 
1293.478333 0.004800 
1292.311571 0.004541 
1291.144808 0.004360 
1289.978046 0.004360 
1288.811284 0.004360 
1287.644522 0.004360 
1286.477759 0.004360 
1285.310997 0.004360 
1284.144235 0.004360 
1282.977472 0.004360 
1281.810710 0.004150 
1280.643948 0.003930 
1279.477186 0.003930 
1278.310423 0.003930 
1277.143661 0.003930 
1275.976899 0.003930 
1274.810137 0.003930 
1273.643374 0.003930 
1272.476612 0.003930 
1271.309850 0.003758 
1270.143088 0.003735 
1268.976325 0.003576 
1267.809563 0.003490 
1266.642801 0.003490 
1265.476039 0.003490 
1264.309276 0.003490 
1263.142514 0.003490 
1261.975752 0.003490 
1260.808990 0.003490 
1259.642227 0.003490 
1258.475465 0.003185 
1257.308703 0.003050 
1256.141941 0.003050 
1254.975178 0.003050 
1253.808416 0.003050 
1252.641654 0.003050 
1251.474892 0.003050 
1250.308129 0.003050 
1249.141367 0.003050 
1247.974605 0.003050 
1246.807843 0.003050 
1245.641080 0.003050 
1244.474318 0.002610 
1243.307556 0.002783 
1242.140794 0.002777 
1240.974031 0.002610 
1239.807269 0.002610 
1238.640507 0.002610 
1237.473745 0.002610 
1236.306982 0.002610 
1235.140220 0.001862 
1233.973458 0.000908 
1232.806696 0.002306 
1231.639933 0.002610 
1230.473171 0.002297 
1229.306409 0.002564 
1228.139647 0.002180 
1226.972884 0.002180 
1225.806122 0.002180 
1224.639360 0.002180 
1223.472598 0.002180 
1222.305835 0.002180 
1221.139073 0.002180 
1219.972311 0.002180 
1218.805549 0.002180 
1217.638786 0.002180 
1216.472024 0.002080 
1215.305262 0.001933 
1214.138499 0.002180 
1212.971737 0.002180 
1211.804975 0.001740 
1210.638213 0.001740 
1209.471450 0.001740 
1208.304688 0.001740 
1207.137926 0.001740 
1205.971164 0.001740 
1204.804401 0.001740 
1203.637639 0.001740 
1202.470877 0.001740 
1201.304115 0.001740 
1200.137352 0.001740 
1198.970590 0.001740 
1197.803828 0.001740 
1196.637066 0.001740 
1195.470303 0.001740 
1194.303541 0.001740 
1193.136779 0.001740 
1191.970017 0.001740 
1190.803254 0.001389 
1189.636492 0.001328 
1188.469730 0.001627 
1187.302968 0.001300 
1186.136205 0.001300 
1184.969443 0.001300 
1183.802681 0.001300 
1182.635919 0.001300 
1181.469156 0.001300 
1180.302394 0.001300 
1179.135632 0.001300 
1177.968870 0.001300 
1176.802107 0.001300 
1175.635345 0.001300 
1174.468583 0.001300 
1173.301821 0.001300 
1172.135058 0.001300 
1170.968296 0.001300 
1169.801534 0.001042 
1168.634772 0.000869 
1167.468009 0.001300 
1166.301247 0.001300 
1165.134485 0.001100 
1163.967723 0.000869 
1162.800960 0.000869 
1161.634198 0.000869 
1160.467436 0.000869 
1159.300674 0.000869 
1158.133911 0.001188 
1156.967149 0.000898 
1155.800387 0.000869 
1154.633625 0.000869 
1153.466862 0.000869 
1152.300100 0.000869 
1151.133338 0.000869 
1149.966576 0.000869 
1148.799813 0.000869 
1147.633051 0.000869 
1146.466289 0.000869 
1145.299527 0.000869 
1144.132764 0.000869 
1142.966002 0.000869 
1141.799240 0.000869 
1140.632477 0.000869 
1139.465715 0.000869 
1138.298953 0.000869 
1137.132191 0.000869 
1135.965428 0.000869 
1134.798666 0.000869 
1133.631904 0.000837 
1132.465142 0.000580 
1131.298379 0.000869 
1130.131617 0.000869 
1128.964855 0.000869 
1127.798093 0.000869 
1126.631330 0.000869 
1125.464568 0.000869 
1124.297806 0.000869 
1123.131044 0.000869 
1121.964281 0.000869 
1120.797519 0.000869 
1119.630757 0.000869 
1118.463995 0.000869 
1117.297232 0.000869 
1116.130470 0.000869 
1114.963708 0.000659 
1113.796946 0.000740 
1112.630183 0.000491 
1111.463421 0.000810 
1110.296659 0.000435 
1109.129897 0.000435 
1107.963134 0.000435 
1106.796372 0.000435 
1105.629610 0.000435 
1104.462848 0.000435 
1103.296085 0.000678 
1102.129323 0.000534 
1100.962561 0.000869 
1099.795799 0.000869 
1098.629036 0.000869 
1097.462274 0.000869 
1096.295512 0.000869 
1095.128750 0.000435 
1093.961987 0.000538 
1092.795225 0.000674 
1091.628463 0.000727 
1090.461701 0.000505 
1089.294938 0.000824 
1088.128176 0.000553 
1086.961414 0.000869 
1085.794652 0.000869 
1084.627889 0.000869 
1083.461127 0.000435 
1082.294365 0.000582 
1081.127603 0.000620 
1079.960840 0.000756 
1078.794078 0.000435 
1077.627316 0.000435 
1076.460554 0.000435 
1075.293791 0.000435 
1074.127029 0.000435 
1072.960267 0.000435 
1071.793505 0.000435 
1070.626742 0.000435 
1069.459980 0.000435 
1068.293218 0.000435 
1067.126455 0.000435 
1065.959693 0.000435 
1064.792931 0.000435 
1063.626169 0.000435 
1062.459406 0.000435 
1061.292644 0.000435 
1060.125882 0.000435 
1058.959120 0.000435 
1057.792357 0.000435 
1056.625595 0.000435 
1055.458833 0.000435 
1054.292071 0.000435 
1053.125308 0.000435 
1051.958546 0.000435 
1050.791784 0.000435 
1049.625022 0.000435 
1048.458259 0.000435 
1047.291497 0.000435 
1046.124735 0.000435 
1044.957973 0.000435 
1043.791210 0.000435 
1042.624448 0.000435 
1041.457686 0.000124 
1040.290924 0.000395 
1039.124161 0.000435 
1037.957399 0.000435 
1036.790637 0.000435 
1035.623875 0.000435 
1034.457112 0.000435 
1033.290350 0.000435 
1032.123588 0.000435 
1030.956826 0.000435 
1029.790063 0.000435 
1028.623301 0.000435 
1027.456539 0.000435 
1026.289777 0.000435 
1025.123014 0.000435 
1023.956252 0.000435 
1022.789490 0.000435 
1021.622728 0.000555 
1020.455965 0.000676 
1019.289203 0.000730 
1018.122441 0.000869 
1016.955679 0.000869 
1015.788916 0.000869 
1014.622154 0.000869 
1013.455392 0.000869 
1012.288630 0.000869 
1011.121867 0.000792 
1009.955105 0.000585 
1008.788343 0.000869 
1007.621581 0.000869 
1006.454818 0.000869 
1005.288056 0.000869 
1004.121294 0.000869 
1002.954532 0.000869 
1001.787769 0.000869 
1000.621007 0.001291 
999.454245 0.000971 
998.287482 0.001108 
997.120720 0.001152 
995.953958 0.001300 
994.787196 0.001300 
993.620433 0.001300 
992.453671 0.001300 
991.286909 0.001610 
990.120147 0.001740 
988.953384 0.001740 
987.786622 0.001740 
986.619860 0.001740 
985.453098 0.002070 
984.286335 0.002180 
983.119573 0.002252 
981.952811 0.002610 
980.786049 0.002610 
979.619286 0.002610 
978.452524 0.003050 
977.285762 0.003050 
976.119000 0.003238 
974.952237 0.003490 
973.785475 0.003490 
972.618713 0.003930 
971.451951 0.003930 
970.285188 0.004136 
969.118426 0.004360 
967.951664 0.004754 
966.784902 0.004848 
965.618139 0.005240 
964.451377 0.005473 
963.284615 0.005680 
962.117853 0.006098 
960.951090 0.006560 
959.784328 0.006721 
958.617566 0.007000 
957.450804 0.007352 
956.284041 0.007888 
955.117279 0.008330 
953.950517 0.008513 
952.783755 0.009051 
951.616992 0.009220 
950.450230 0.009679 
949.283468 0.010222 
948.116706 0.010758 
946.949943 0.011000 
945.783181 0.011388 
944.616419 0.011932 
943.449657 0.012466 
942.282894 0.013011 
941.116132 0.013555 
939.949370 0.014089 
938.782608 0.014634 
937.615845 0.015177 
936.449083 0.015724 
935.282321 0.016267 
934.115559 0.016813 
932.948796 0.017365 
931.782034 0.017910 
930.615272 0.018454 
929.448510 0.019005 
928.281747 0.019554 
927.114985 0.020220 
925.948223 0.021112 
924.781460 0.021663 
923.614698 0.022220 
922.447936 0.022765 
921.281174 0.023454 
920.114411 0.024338 
918.947649 0.024894 
917.780887 0.025451 
916.614125 0.026010 
915.447362 0.026565 
914.280600 0.027378 
913.113838 0.028148 
911.947076 0.028702 
910.780313 0.029270 
909.613551 0.029829 
908.446789 0.030675 
907.280027 0.031428 
906.113264 0.031988 
904.946502 0.032659 
903.779740 0.033594 
902.612978 0.034162 
901.446215 0.034729 
900.279453 0.035300 
899.112691 0.035999 
897.945929 0.036912 
896.779166 0.037485 
895.612404 0.038055 
894.445642 0.038683 
893.278880 0.039684 
892.112117 0.040259 
890.945355 0.040837 
889.778593 0.041416 
888.611831 0.041988 
887.445068 0.042745 
886.278306 0.043628 
885.111544 0.044209 
883.944782 0.044788 
882.778019 0.045381 
881.611257 0.045962 
880.444495 0.046543 
879.277733 0.047532 
878.110970 0.047739 
876.944208 0.048785 
875.777446 0.049379 
874.610684 0.049965 
873.443921 0.050552 
872.277159 0.051147 
871.110397 0.051741 
869.943635 0.052333 
868.776872 0.052925 
867.610110 0.053519 
866.443348 0.054110 
865.276586 0.054703 
864.109823 0.055301 
862.943061 0.055897 
861.776299 0.056502 
860.609537 0.056606 
859.442774 0.057202 
858.276012 0.057800 
857.109250 0.058402 
855.942487 0.058990 
854.775725 0.059108 
853.608963 0.059704 
852.442201 0.060312 
851.275438 0.060915 
850.108676 0.061064 
848.941914 0.062125 
847.775152 0.062480 
846.608389 0.062835 
845.441627 0.063447 
844.274865 0.063555 
843.108103 0.064161 
841.941340 0.064490 
840.774578 0.064877 
839.607816 0.065000 
838.441054 0.065590 
837.274291 0.066010 
836.107529 0.066308 
834.940767 0.066510 
833.774005 0.067028 
832.607242 0.067530 
831.440480 0.067748 
830.273718 0.068030 
829.106956 0.068030 
827.940193 0.068572 
826.773431 0.069050 
825.606669 0.069050 
824.439907 0.069406 
823.273144 0.069560 
822.106382 0.070070 
820.939620 0.070070 
819.772858 0.070342 
818.606095 0.070580 
817.439333 0.070580 
816.272571 0.071090 
815.105809 0.071090 
813.939046 0.071388 
812.772284 0.071600 
811.605522 0.071600 
810.438760 0.071600 
809.271997 0.071819 
808.105235 0.072120 
806.938473 0.072120 
805.771711 0.072120 
804.604948 0.072120 
803.438186 0.072360 
802.271424 0.072630 
801.104662 0.072630 
799.937899 0.072169 
798.771137 0.072471 
797.604375 0.072386 
796.437613 0.072630 
795.270850 0.072630 
794.104088 0.072197 
792.937326 0.072630 
791.770564 0.072341 
790.603801 0.072120 
789.437039 0.072120 
788.270277 0.072017 
787.103515 0.071813 
785.936752 0.071799 
784.769990 0.071600 
783.603228 0.071600 
782.436465 0.071600 
781.269703 0.071369 
780.102941 0.071090 
778.936179 0.071090 
777.769416 0.071047 
776.602654 0.070580 
775.435892 0.070580 
774.269130 0.070217 
773.102367 0.070070 
771.935605 0.069560 
770.768843 0.069560 
769.602081 0.069280 
768.435318 0.069050 
767.268556 0.068555 
766.101794 0.068446 
764.935032 0.067835 
763.768269 0.067530 
762.601507 0.067530 
761.434745 0.067007 
760.267983 0.066510 
759.101220 0.066289 
757.934458 0.065678 
756.767696 0.065500 
755.600934 0.064964 
754.434171 0.064490 
753.267409 0.064244 
752.100647 0.063990 
750.933885 0.063534 
749.767122 0.062921 
748.600360 0.062480 
747.433598 0.062211 
746.266836 0.061607 
745.100073 0.061001 
743.933311 0.060898 
742.766549 0.060291 
741.599787 0.059686 
740.433024 0.059089 
739.266262 0.058986 
738.099500 0.057990 
736.932738 0.057782 
735.765975 0.057183 
734.599213 0.056586 
733.432451 0.055986 
732.265689 0.055388 
731.098926 0.055020 
729.932164 0.054684 
728.765402 0.054093 
727.598640 0.053499 
726.431877 0.052908 
725.265115 0.052315 
724.098353 0.051364 
722.931591 0.051100 
721.764828 0.050536 
720.598066 0.049946 
719.431304 0.049640 
718.264542 0.048877 
717.097779 0.048184 
715.931017 0.047596 
714.764255 0.047210 
713.597492 0.046906 
712.430730 0.045921 
711.263968 0.045262 
710.097206 0.044670 
708.930443 0.044090 
707.763681 0.043510 
706.596919 0.042928 
705.430157 0.042346 
704.263394 0.041910 
703.096632 0.041427 
701.929870 0.040615 
700.763108 0.040045 
699.596345 0.039464 
698.429583 0.038888 
697.262821 0.038580 
696.096059 0.038212 
694.929296 0.037179 
693.762534 0.036680 
692.595772 0.036494 
691.429010 0.035926 
690.262247 0.035358 
689.095485 0.034776 
687.928723 0.033860 
686.761961 0.033650 
685.595198 0.033082 
684.428436 0.032513 
683.261674 0.031947 
682.094912 0.031387 
680.928149 0.030819 
679.761387 0.030258 
678.594625 0.029691 
677.427863 0.029190 
676.261100 0.028881 
675.094338 0.028011 
673.927576 0.027800 
672.760814 0.026909 
671.594051 0.026331 
670.427289 0.025950 
669.260527 0.026223 
668.093765 0.027522 
666.927002 0.024564 
665.760240 0.024110 
664.593478 0.023912 
663.426716 0.023356 
662.259953 0.022801 
661.093191 0.022677 
659.926429 0.021820 
658.759667 0.021599 
657.592904 0.021051 
656.426142 0.020496 
655.259380 0.020403 
654.092618 0.020000 
652.925855 0.019522 
651.759093 0.019090 
650.592331 0.018655 
649.425569 0.018180 
648.258806 0.018015 
647.092044 0.017471 
645.925282 0.016918 
644.758520 0.016820 
643.591757 0.016278 
642.424995 0.015920 
641.258233 0.015638 
640.091470 0.015095 
638.924708 0.015020 
637.757946 0.014907 
636.591184 0.014362 
635.424421 0.013824 
634.257659 0.013680 
633.090897 0.013230 
631.924135 0.013093 
630.757372 0.012780 
629.590610 0.012456 
628.423848 0.011919 
627.257086 0.011890 
626.090323 0.011890 
624.923561 0.011639 
623.756799 0.011103 
622.590037 0.010559 
621.423274 0.010465 
620.256512 0.010110 
619.089750 0.009836 
617.922988 0.009660 
616.756225 0.009649 
615.589463 0.009220 
614.422701 0.009220 
613.255939 0.008923 
612.089176 0.008770 
610.922414 0.008735 
609.755652 0.008204 
608.588890 0.007890 
607.422127 0.007890 
606.255365 0.007489 
605.088603 0.007450 
603.921841 0.007450 
602.755078 0.007204 
601.588316 0.007000 
600.421554 0.006574 
599.254792 0.006484 
598.088029 0.006120 
596.921267 0.005859 
595.754505 0.006032 
594.587743 0.006114 
593.420980 0.005680 
592.254218 0.005680 
591.087456 0.005398 
589.920694 0.005240 
588.753931 0.005214 
587.587169 0.004800 
586.420407 0.004800 
585.253645 0.004800 
584.086882 0.004404 
582.920120 0.003979 
581.753358 0.004360 
580.586596 0.004132 
579.419833 0.003930 
578.253071 0.003930 
577.086309 0.003860 
575.919547 0.003490 
574.752784 0.003235 
573.586022 0.003050 
572.419260 0.003050 
571.252497 0.003050 
570.085735 0.003050 
568.918973 0.003050 
567.752211 0.002684 
566.585448 0.002610 
565.418686 0.002610 
564.251924 0.002815 
563.085162 0.002753 
561.918399 0.002610 
560.751637 0.001780 
559.584875 0.002046 
558.418113 0.001965 
557.251350 0.001860 
556.084588 0.001740 
554.917826 0.002116 
553.751064 0.001585 
552.584301 0.001548 
551.417539 0.001400 
550.250777 0.001300 
549.084015 0.001217 
547.917252 0.000869 
546.750490 0.001404 
545.583728 0.001025 
544.416966 0.001285 
543.250203 0.000869 
542.083441 0.001063 
540.916679 0.000729 
539.749917 0.000815 
538.583154 0.000869 
537.416392 0.000869 
536.249630 0.000434 
535.082868 0.000616 
533.916105 0.000469 
532.749343 0.000869 
531.582581 0.000576 
530.415819 0.000237 
529.249056 0.000766 
528.082294 0.000449 
526.915532 0.000435 
525.748770 0.000266 
524.582007 0.000000 
523.415245 0.000000 
522.248483 -0.000429 
521.081721 0.000000 
519.914958 0.000570 
518.748196 0.000739 
517.581434 0.000063 
516.414672 0.000059 
515.247909 0.000632 
514.081147 0.000210 
512.914385 0.000435 
511.747623 -0.000347 
510.580860 0.000000 
509.414098 0.000000 
508.247336 -0.000232 
507.080574 0.000533 
505.913811 0.000040 
504.747049 -0.000365 
503.580287 0.000163 
502.413525 -0.000326 
501.246762 0.000168 
500.080000 0.000000 
