3999.200000 0.000435 
3997.883212 0.000435 
3996.566424 0.000435 
3995.249636 0.000435 
3993.932848 0.000435 
3992.616060 0.000435 
3991.299272 0.000435 
3989.982484 0.000435 
3988.665697 0.000435 
3987.348909 0.000313 
3986.032121 0.000000 
3984.715333 0.000428 
3983.398545 0.000000 
3982.081757 0.000312 
3980.764969 0.000435 
3979.448181 0.000216 
3978.131393 0.000377 
3976.814605 0.000345 
3975.497817 0.000262 
3974.181029 0.000435 
3972.864241 0.000435 
3971.547453 0.000435 
3970.230666 0.000030 
3968.913878 0.000435 
3967.597090 0.000435 
3966.280302 0.000435 
3964.963514 0.000435 
3963.646726 0.000435 
3962.329938 0.000435 
3961.013150 0.000435 
3959.696362 0.000433 
3958.379574 0.000000 
3957.062786 0.000000 
3955.745998 0.000435 
3954.429210 0.000435 
3953.112422 0.000435 
3951.795635 0.000435 
3950.478847 0.000435 
3949.162059 0.000435 
3947.845271 0.000324 
3946.528483 0.000276 
3945.211695 0.000435 
3943.894907 0.000435 
3942.578119 0.000435 
3941.261331 0.000019 
3939.944543 0.000435 
3938.627755 0.000435 
3937.310967 0.000000 
3935.994179 0.000244 
3934.677391 0.000435 
3933.360604 0.000435 
3932.043816 0.000435 
3930.727028 0.000435 
3929.410240 0.000435 
3928.093452 0.000128 
3926.776664 0.000054 
3925.459876 0.000435 
3924.143088 0.000069 
3922.826300 0.000435 
3921.509512 0.000435 
3920.192724 0.000435 
3918.875936 0.000435 
3917.559148 0.000435 
3916.242360 0.000435 
3914.925573 0.000435 
3913.608785 0.000435 
3912.291997 0.000435 
3910.975209 0.000435 
3909.658421 0.000435 
3908.341633 0.000435 
3907.024845 0.000435 
3905.708057 0.000435 
3904.391269 0.000435 
3903.074481 0.000737 
3901.757693 0.000435 
3900.440905 0.000435 
3899.124117 0.000435 
3897.807329 0.000435 
3896.490542 0.000435 
3895.173754 0.000435 
3893.856966 0.000435 
3892.540178 0.000678 
3891.223390 0.000446 
3889.906602 0.000435 
3888.589814 0.000435 
3887.273026 0.000448 
3885.956238 0.000676 
3884.639450 0.000435 
3883.322662 0.000435 
3882.005874 0.000435 
3880.689086 0.000435 
3879.372298 0.000435 
3878.055511 0.000435 
3876.738723 0.000435 
3875.421935 0.000435 
3874.105147 0.000435 
3872.788359 0.000435 
3871.471571 0.000621 
3870.154783 0.000509 
3868.837995 0.000435 
3867.521207 0.000435 
3866.204419 0.000824 
3864.887631 0.000435 
3863.570843 0.000435 
3862.254055 0.000435 
3860.937267 0.000435 
3859.620479 0.000435 
3858.303692 0.000435 
3856.986904 0.000435 
3855.670116 0.001153 
3854.353328 0.001230 
3853.036540 0.000869 
3851.719752 0.000487 
3850.402964 0.000435 
3849.086176 0.000435 
3847.769388 0.000435 
3846.452600 0.000602 
3845.135812 0.000869 
3843.819024 0.000474 
3842.502236 0.000869 
3841.185448 0.000869 
3839.868661 0.000969 
3838.551873 0.001064 
3837.235085 0.000451 
3835.918297 0.000747 
3834.601509 0.000435 
3833.284721 0.000869 
3831.967933 0.000869 
3830.651145 0.000544 
3829.334357 0.000869 
3828.017569 0.000869 
3826.700781 0.000869 
3825.383993 0.000869 
3824.067205 0.000869 
3822.750417 0.001278 
3821.433630 0.001173 
3820.116842 0.000869 
3818.800054 0.000869 
3817.483266 0.001232 
3816.166478 0.001030 
3814.849690 0.000869 
3813.532902 0.000869 
3812.216114 0.000869 
3810.899326 0.000965 
3809.582538 0.001034 
3808.265750 0.001272 
3806.948962 0.001300 
3805.632174 0.001300 
3804.315386 0.001300 
3802.998599 0.001496 
3801.681811 0.001380 
3800.365023 0.001300 
3799.048235 0.001300 
3797.731447 0.001300 
3796.414659 0.001300 
3795.097871 0.001300 
3793.781083 0.001300 
3792.464295 0.001300 
3791.147507 0.001300 
3789.830719 0.001300 
3788.513931 0.001300 
3787.197143 0.001300 
3785.880355 0.001300 
3784.563568 0.001300 
3783.246780 0.001300 
3781.929992 0.001300 
3780.613204 0.001587 
3779.296416 0.001300 
3777.979628 0.001457 
3776.662840 0.001740 
3775.346052 0.001714 
3774.029264 0.001300 
3772.712476 0.001685 
3771.395688 0.001830 
3770.078900 0.001925 
3768.762112 0.001740 
3767.445324 0.001865 
3766.128537 0.001885 
3764.811749 0.001740 
3763.494961 0.001740 
3762.178173 0.001740 
3760.861385 0.002180 
3759.544597 0.002180 
3758.227809 0.002180 
3756.911021 0.002180 
3755.594233 0.002180 
3754.277445 0.002180 
3752.960657 0.002755 
3751.643869 0.002180 
3750.327081 0.002987 
3749.010293 0.002180 
3747.693506 0.002180 
3746.376718 0.002341 
3745.059930 0.003060 
3743.743142 0.002610 
3742.426354 0.002610 
3741.109566 0.002610 
3739.792778 0.002610 
3738.475990 0.002753 
3737.159202 0.002737 
3735.842414 0.003025 
3734.525626 0.002610 
3733.208838 0.002958 
3731.892050 0.002997 
3730.575262 0.002841 
3729.258474 0.002639 
3727.941687 0.003050 
3726.624899 0.003050 
3725.308111 0.003050 
3723.991323 0.003050 
3722.674535 0.003050 
3721.357747 0.003050 
3720.040959 0.003050 
3718.724171 0.003050 
3717.407383 0.003405 
3716.090595 0.003050 
3714.773807 0.003454 
3713.457019 0.003609 
3712.140231 0.003640 
3710.823443 0.003920 
3709.506656 0.003757 
3708.189868 0.003802 
3706.873080 0.003930 
3705.556292 0.003930 
3704.239504 0.003930 
3702.922716 0.004006 
3701.605928 0.004360 
3700.289140 0.004360 
3698.972352 0.004360 
3697.655564 0.004360 
3696.338776 0.004360 
3695.021988 0.004526 
3693.705200 0.004800 
3692.388412 0.004800 
3691.071625 0.004800 
3689.754837 0.005172 
3688.438049 0.005161 
3687.121261 0.005055 
3685.804473 0.005240 
3684.487685 0.005240 
3683.170897 0.005548 
3681.854109 0.005680 
3680.537321 0.005857 
3679.220533 0.006120 
3677.903745 0.006655 
3676.586957 0.007219 
3675.270169 0.007000 
3673.953381 0.007000 
3672.636594 0.007254 
3671.319806 0.007880 
3670.003018 0.007450 
3668.686230 0.007450 
3667.369442 0.007450 
3666.052654 0.007450 
3664.735866 0.007450 
3663.419078 0.007450 
3662.102290 0.007450 
3660.785502 0.007848 
3659.468714 0.007450 
3658.151926 0.007450 
3656.835138 0.007875 
3655.518350 0.007890 
3654.201563 0.007890 
3652.884775 0.007941 
3651.567987 0.008330 
3650.251199 0.008696 
3648.934411 0.008403 
3647.617623 0.008770 
3646.300835 0.008374 
3644.984047 0.008770 
3643.667259 0.009055 
3642.350471 0.009220 
3641.033683 0.009220 
3639.716895 0.009220 
3638.400107 0.009705 
3637.083319 0.010110 
3635.766532 0.010110 
3634.449744 0.010183 
3633.132956 0.010550 
3631.816168 0.010948 
3630.499380 0.011132 
3629.182592 0.011718 
3627.865804 0.011440 
3626.549016 0.011615 
3625.232228 0.011890 
3623.915440 0.012330 
3622.598652 0.012330 
3621.281864 0.012698 
3619.965076 0.013230 
3618.648288 0.013230 
3617.331501 0.013230 
3616.014713 0.013806 
3614.697925 0.014120 
3613.381137 0.014570 
3612.064349 0.014570 
3610.747561 0.014909 
3609.430773 0.015470 
3608.113985 0.015689 
3606.797197 0.015920 
3605.480409 0.016370 
3604.163621 0.016638 
3602.846833 0.016820 
3601.530045 0.017280 
3600.213257 0.017589 
3598.896469 0.017732 
3597.579682 0.018369 
3596.262894 0.018630 
3594.946106 0.019090 
3593.629318 0.019325 
3592.312530 0.019948 
3590.995742 0.020450 
3589.678954 0.020736 
3588.362166 0.021332 
3587.045378 0.021820 
3585.728590 0.022129 
3584.411802 0.022320 
3583.095014 0.022937 
3581.778226 0.023190 
3580.461438 0.023721 
3579.144651 0.024365 
3577.827863 0.024971 
3576.511075 0.025163 
3575.194287 0.025769 
3573.877499 0.026420 
3572.560711 0.026870 
3571.243923 0.027548 
3569.927135 0.027867 
3568.610347 0.028720 
3567.293559 0.029099 
3565.976771 0.029755 
3564.659983 0.030368 
3563.343195 0.031027 
3562.026407 0.031646 
3560.709620 0.032288 
3559.392832 0.032923 
3558.076044 0.033559 
3556.759256 0.034208 
3555.442468 0.034830 
3554.125680 0.035493 
3552.808892 0.036153 
3551.492104 0.037160 
3550.175316 0.037708 
3548.858528 0.038552 
3547.541740 0.039188 
3546.224952 0.040171 
3544.908164 0.040956 
3543.591376 0.041632 
3542.274589 0.042258 
3540.957801 0.043418 
3539.641013 0.044271 
3538.324225 0.045212 
3537.007437 0.045965 
3535.690649 0.047019 
3534.373861 0.047655 
3533.057073 0.048828 
3531.740285 0.049790 
3530.423497 0.050685 
3529.106709 0.051975 
3527.789921 0.052957 
3526.473133 0.054102 
3525.156345 0.055018 
3523.839558 0.056372 
3522.522770 0.057636 
3521.205982 0.058584 
3519.889194 0.059985 
3518.572406 0.060808 
3517.255618 0.062196 
3515.938830 0.063551 
3514.622042 0.064914 
3513.305254 0.066303 
3511.988466 0.067208 
3510.671678 0.068809 
3509.354890 0.070487 
3508.038102 0.071870 
3506.721314 0.072958 
3505.404527 0.074683 
3504.087739 0.076081 
3502.770951 0.077890 
3501.454163 0.079403 
3500.137375 0.080886 
3498.820587 0.082674 
3497.503799 0.084278 
3496.187011 0.085946 
3494.870223 0.087697 
3493.553435 0.089670 
3492.236647 0.091508 
3490.919859 0.093109 
3489.603071 0.095173 
3488.286283 0.096986 
3486.969495 0.098754 
3485.652708 0.100914 
3484.335920 0.102754 
3483.019132 0.104880 
3481.702344 0.107163 
3480.385556 0.109437 
3479.068768 0.111256 
3477.751980 0.113475 
3476.435192 0.115844 
3475.118404 0.117563 
3473.801616 0.119947 
3472.484828 0.122249 
3471.168040 0.124615 
3469.851252 0.126505 
3468.534464 0.128752 
3467.217677 0.131205 
3465.900889 0.133708 
3464.584101 0.136052 
3463.267313 0.138528 
3461.950525 0.140919 
3460.633737 0.142801 
3459.316949 0.145297 
3458.000161 0.147655 
3456.683373 0.149691 
3455.366585 0.152122 
3454.049797 0.154903 
3452.733009 0.157479 
3451.416221 0.159856 
3450.099433 0.162415 
3448.782646 0.165043 
3447.465858 0.166923 
3446.149070 0.169640 
3444.832282 0.172182 
3443.515494 0.174810 
3442.198706 0.176853 
3440.881918 0.179021 
3439.565130 0.181420 
3438.248342 0.183650 
3436.931554 0.186357 
3435.614766 0.188276 
3434.297978 0.190511 
3432.981190 0.193302 
3431.664402 0.195389 
3430.347615 0.197685 
3429.030827 0.199513 
3427.714039 0.201778 
3426.397251 0.203985 
3425.080463 0.206552 
3423.763675 0.208501 
3422.446887 0.210354 
3421.130099 0.212355 
3419.813311 0.214333 
3418.496523 0.216248 
3417.179735 0.218534 
3415.862947 0.220894 
3414.546159 0.222695 
3413.229371 0.223300 
3411.912584 0.226539 
3410.595796 0.228857 
3409.279008 0.230799 
3407.962220 0.232896 
3406.645432 0.234625 
3405.328644 0.236229 
3404.011856 0.238218 
3402.695068 0.240342 
3401.378280 0.242331 
3400.061492 0.243725 
3398.744704 0.245740 
3397.427916 0.247903 
3396.111128 0.249712 
3394.794340 0.251303 
3393.477553 0.252625 
3392.160765 0.254732 
3390.843977 0.256300 
3389.527189 0.258333 
3388.210401 0.260027 
3386.893613 0.261846 
3385.576825 0.263165 
3384.260037 0.264400 
3382.943249 0.265165 
3381.626461 0.267536 
3380.309673 0.270338 
3378.992885 0.271656 
3377.676097 0.273151 
3376.359309 0.274090 
3375.042522 0.275297 
3373.725734 0.278234 
3372.408946 0.280489 
3371.092158 0.281692 
3369.775370 0.283373 
3368.458582 0.284781 
3367.141794 0.286811 
3365.825006 0.288491 
3364.508218 0.290808 
3363.191430 0.292352 
3361.874642 0.293990 
3360.557854 0.295986 
3359.241066 0.297671 
3357.924278 0.299192 
3356.607490 0.301284 
3355.290703 0.302960 
3353.973915 0.305436 
3352.657127 0.307452 
3351.340339 0.309327 
3350.023551 0.310826 
3348.706763 0.313252 
3347.389975 0.315710 
3346.073187 0.317361 
3344.756399 0.319744 
3343.439611 0.321440 
3342.122823 0.323817 
3340.806035 0.325747 
3339.489247 0.327920 
3338.172459 0.330427 
3336.855672 0.332310 
3335.538884 0.334484 
3334.222096 0.336258 
3332.905308 0.338909 
3331.588520 0.341442 
3330.271732 0.344067 
3328.954944 0.345767 
3327.638156 0.348314 
3326.321368 0.350355 
3325.004580 0.352611 
3323.687792 0.354984 
3322.371004 0.357003 
3321.054216 0.359810 
3319.737428 0.362024 
3318.420641 0.364278 
3317.103853 0.366750 
3315.787065 0.368784 
3314.470277 0.370518 
3313.153489 0.372987 
3311.836701 0.375026 
3310.519913 0.376916 
3309.203125 0.379233 
3307.886337 0.380693 
3306.569549 0.383137 
3305.252761 0.384572 
3303.935973 0.386932 
3302.619185 0.388578 
3301.302397 0.389979 
3299.985610 0.391485 
3298.668822 0.392898 
3297.352034 0.394390 
3296.035246 0.395841 
3294.718458 0.397318 
3293.401670 0.398810 
3292.084882 0.399169 
3290.768094 0.400700 
3289.451306 0.402238 
3288.134518 0.402592 
3286.817730 0.403400 
3285.500942 0.404499 
3284.184154 0.404500 
3282.867366 0.404500 
3281.550579 0.405610 
3280.233791 0.405610 
3278.917003 0.405610 
3277.600215 0.405610 
3276.283427 0.405610 
3274.966639 0.405610 
3273.649851 0.405610 
3272.333063 0.404870 
3271.016275 0.404500 
3269.699487 0.404500 
3268.382699 0.403711 
3267.065911 0.403253 
3265.749123 0.402300 
3264.432335 0.401370 
3263.115548 0.401009 
3261.798760 0.399513 
3260.481972 0.399030 
3259.165184 0.397578 
3257.848396 0.396150 
3256.531608 0.395696 
3255.214820 0.394278 
3253.898032 0.392778 
3252.581244 0.391344 
3251.264456 0.389892 
3249.947668 0.388437 
3248.630880 0.387021 
3247.314092 0.385539 
3245.997304 0.384152 
3244.680517 0.381618 
3243.363729 0.380168 
3242.046941 0.378765 
3240.730153 0.376939 
3239.413365 0.374910 
3238.096577 0.373424 
3236.779789 0.371079 
3235.463001 0.369736 
3234.146213 0.367284 
3232.829425 0.365383 
3231.512637 0.363524 
3230.195849 0.361834 
3228.879061 0.359083 
3227.562273 0.357457 
3226.245485 0.355115 
3224.928698 0.353068 
3223.611910 0.350486 
3222.295122 0.348711 
3220.978334 0.346874 
3219.661546 0.344402 
3218.344758 0.341768 
3217.027970 0.340107 
3215.711182 0.337455 
3214.394394 0.334973 
3213.077606 0.333251 
3211.760818 0.330793 
3210.444030 0.328196 
3209.127242 0.325742 
3207.810454 0.323225 
3206.493667 0.320740 
3205.176879 0.318311 
3203.860091 0.315798 
3202.543303 0.313438 
3201.226515 0.310915 
3199.909727 0.308442 
3198.592939 0.306083 
3197.276151 0.303696 
3195.959363 0.300576 
3194.642575 0.298129 
3193.325787 0.295234 
3192.008999 0.292616 
3190.692211 0.289948 
3189.375423 0.287141 
3188.058636 0.283931 
3186.741848 0.281669 
3185.425060 0.278748 
3184.108272 0.275554 
3182.791484 0.272849 
3181.474696 0.270313 
3180.157908 0.267027 
3178.841120 0.264306 
3177.524332 0.261284 
3176.207544 0.258160 
3174.890756 0.255434 
3173.573968 0.252529 
3172.257180 0.249380 
3170.940392 0.246203 
3169.623605 0.242960 
3168.306817 0.239970 
3166.990029 0.236795 
3165.673241 0.233824 
3164.356453 0.230759 
3163.039665 0.227767 
3161.722877 0.224584 
3160.406089 0.221064 
3159.089301 0.218206 
3157.772513 0.214469 
3156.455725 0.211489 
3155.138937 0.208559 
3153.822149 0.205100 
3152.505361 0.201642 
3151.188574 0.198636 
3149.871786 0.195258 
3148.554998 0.191939 
3147.238210 0.188800 
3145.921422 0.185733 
3144.604634 0.182242 
3143.287846 0.179376 
3141.971058 0.175716 
3140.654270 0.172862 
3139.337482 0.169254 
3138.020694 0.166451 
3136.703906 0.162931 
3135.387118 0.159998 
3134.070330 0.156696 
3132.753543 0.153424 
3131.436755 0.149997 
3130.119967 0.147326 
3128.803179 0.144023 
3127.486391 0.141197 
3126.169603 0.137919 
3124.852815 0.134783 
3123.536027 0.131454 
3122.219239 0.128943 
3120.902451 0.125720 
3119.585663 0.122605 
3118.268875 0.120061 
3116.952087 0.116915 
3115.635299 0.114478 
3114.318512 0.111301 
3113.001724 0.108650 
3111.684936 0.105765 
3110.368148 0.103049 
3109.051360 0.100292 
3107.734572 0.097900 
3106.417784 0.095258 
3105.100996 0.092592 
3103.784208 0.090315 
3102.467420 0.087820 
3101.150632 0.085423 
3099.833844 0.083091 
3098.517056 0.080604 
3097.200268 0.078484 
3095.883480 0.076314 
3094.566693 0.074273 
3093.249905 0.072091 
3091.933117 0.070070 
3090.616329 0.067903 
3089.299541 0.065905 
3087.982753 0.063797 
3086.665965 0.062279 
3085.349177 0.060479 
3084.032389 0.058687 
3082.715601 0.056718 
3081.398813 0.055415 
3080.082025 0.053532 
3078.765237 0.052242 
3077.448449 0.050881 
3076.131662 0.049540 
3074.814874 0.047765 
3073.498086 0.046432 
3072.181298 0.045152 
3070.864510 0.043796 
3069.547722 0.042532 
3068.230934 0.041654 
3066.914146 0.040342 
3065.597358 0.039049 
3064.280570 0.038243 
3062.963782 0.037284 
3061.646994 0.036182 
3060.330206 0.035298 
3059.013418 0.034430 
3057.696631 0.033294 
3056.379843 0.032431 
3055.063055 0.031552 
3053.746267 0.030788 
3052.429479 0.029805 
3051.112691 0.029196 
3049.795903 0.028534 
3048.479115 0.027928 
3047.162327 0.027267 
3045.845539 0.026452 
3044.528751 0.025556 
3043.211963 0.025317 
3041.895175 0.024312 
3040.578387 0.024110 
3039.261600 0.023494 
3037.944812 0.022889 
3036.628024 0.022247 
3035.311236 0.021641 
3033.994448 0.021007 
3032.677660 0.020450 
3031.360872 0.020230 
3030.044084 0.019606 
3028.727296 0.019090 
3027.410508 0.018819 
3026.093720 0.018222 
3024.776932 0.018035 
3023.460144 0.017410 
3022.143356 0.017254 
3020.826569 0.016633 
3019.509781 0.016014 
3018.192993 0.015866 
3016.876205 0.015470 
3015.559417 0.015092 
3014.242629 0.014570 
3012.925841 0.014312 
3011.609053 0.014120 
3010.292265 0.013680 
3008.975477 0.013354 
3007.658689 0.013209 
3006.341901 0.012780 
3005.025113 0.012431 
3003.708325 0.012246 
3002.391538 0.011890 
3001.074750 0.011890 
2999.757962 0.011440 
2998.441174 0.011167 
2997.124386 0.011000 
2995.807598 0.010854 
2994.490810 0.010550 
2993.174022 0.010110 
2991.857234 0.009911 
2990.540446 0.009660 
2989.223658 0.009582 
2987.906870 0.009220 
2986.590082 0.008811 
2985.273294 0.008770 
2983.956507 0.008487 
2982.639719 0.008330 
2981.322931 0.008330 
2980.006143 0.007991 
2978.689355 0.007841 
2977.372567 0.007450 
2976.055779 0.007450 
2974.738991 0.007369 
2973.422203 0.007000 
2972.105415 0.007000 
2970.788627 0.006560 
2969.471839 0.006560 
2968.155051 0.006120 
2966.838263 0.006120 
2965.521475 0.006120 
2964.204688 0.006073 
2962.887900 0.005680 
2961.571112 0.005680 
2960.254324 0.005240 
2958.937536 0.005240 
2957.620748 0.004810 
2956.303960 0.004800 
2954.987172 0.004800 
2953.670384 0.004800 
2952.353596 0.004631 
2951.036808 0.004360 
2949.720020 0.004360 
2948.403232 0.004360 
2947.086444 0.003971 
2945.769657 0.003930 
2944.452869 0.003930 
2943.136081 0.003930 
2941.819293 0.003930 
2940.502505 0.003930 
2939.185717 0.003490 
2937.868929 0.003490 
2936.552141 0.003490 
2935.235353 0.003490 
2933.918565 0.003255 
2932.601777 0.003050 
2931.284989 0.003050 
2929.968201 0.003050 
2928.651413 0.003050 
2927.334626 0.002889 
2926.017838 0.002610 
2924.701050 0.002610 
2923.384262 0.002610 
2922.067474 0.002610 
2920.750686 0.002610 
2919.433898 0.002610 
2918.117110 0.002230 
2916.800322 0.002180 
2915.483534 0.002180 
2914.166746 0.002180 
2912.849958 0.002180 
2911.533170 0.002180 
2910.216382 0.002180 
2908.899595 0.002180 
2907.582807 0.001820 
2906.266019 0.002077 
2904.949231 0.001740 
2903.632443 0.001740 
2902.315655 0.001740 
2900.998867 0.001740 
2899.682079 0.001740 
2898.365291 0.001740 
2897.048503 0.001740 
2895.731715 0.001740 
2894.414927 0.001527 
2893.098139 0.001653 
2891.781351 0.001644 
2890.464564 0.001300 
2889.147776 0.001300 
2887.830988 0.001300 
2886.514200 0.001300 
2885.197412 0.001300 
2883.880624 0.001300 
2882.563836 0.001300 
2881.247048 0.001300 
2879.930260 0.001300 
2878.613472 0.001300 
2877.296684 0.001300 
2875.979896 0.001300 
2874.663108 0.001300 
2873.346320 0.001300 
2872.029533 0.001300 
2870.712745 0.000869 
2869.395957 0.000869 
2868.079169 0.001214 
2866.762381 0.001300 
2865.445593 0.001083 
2864.128805 0.000869 
2862.812017 0.000869 
2861.495229 0.000869 
2860.178441 0.000869 
2858.861653 0.000869 
2857.544865 0.000869 
2856.228077 0.000869 
2854.911289 0.000869 
2853.594502 0.000869 
2852.277714 0.000869 
2850.960926 0.000869 
2849.644138 0.000869 
2848.327350 0.000869 
2847.010562 0.000869 
2845.693774 0.000869 
2844.376986 0.000869 
2843.060198 0.000869 
2841.743410 0.000869 
2840.426622 0.000869 
2839.109834 0.000869 
2837.793046 0.000869 
2836.476258 0.000869 
2835.159470 0.000869 
2833.842683 0.000869 
2832.525895 0.000869 
2831.209107 0.000869 
2829.892319 0.000869 
2828.575531 0.000869 
2827.258743 0.000869 
2825.941955 0.000869 
2824.625167 0.000869 
2823.308379 0.000869 
2821.991591 0.000869 
2820.674803 0.000869 
2819.358015 0.000869 
2818.041227 0.000869 
2816.724439 0.000869 
2815.407652 0.000869 
2814.090864 0.000869 
2812.774076 0.000869 
2811.457288 0.000869 
2810.140500 0.000869 
2808.823712 0.000869 
2807.506924 0.000869 
2806.190136 0.000869 
2804.873348 0.000869 
2803.556560 0.000869 
2802.239772 0.000869 
2800.922984 0.000869 
2799.606196 0.000869 
2798.289408 0.000869 
2796.972621 0.000869 
2795.655833 0.000869 
2794.339045 0.000869 
2793.022257 0.000869 
2791.705469 0.000869 
2790.388681 0.000869 
2789.071893 0.000869 
2787.755105 0.000869 
2786.438317 0.000869 
2785.121529 0.000869 
2783.804741 0.000869 
2782.487953 0.000869 
2781.171165 0.000869 
2779.854377 0.000763 
2778.537590 0.000706 
2777.220802 0.000869 
2775.904014 0.000869 
2774.587226 0.000869 
2773.270438 0.000435 
2771.953650 0.000435 
2770.636862 0.000803 
2769.320074 0.000435 
2768.003286 0.000435 
2766.686498 0.000435 
2765.369710 0.000435 
2764.052922 0.000435 
2762.736134 0.000435 
2761.419346 0.000435 
2760.102559 0.000435 
2758.785771 0.000435 
2757.468983 0.000435 
2756.152195 0.000435 
2754.835407 0.000435 
2753.518619 0.000435 
2752.201831 0.000435 
2750.885043 0.000435 
2749.568255 0.000435 
2748.251467 0.000435 
2746.934679 0.000435 
2745.617891 0.000435 
2744.301103 0.000435 
2742.984315 0.000435 
2741.667528 0.000435 
2740.350740 0.000435 
2739.033952 0.000435 
2737.717164 0.000435 
2736.400376 0.000435 
2735.083588 0.000435 
2733.766800 0.000435 
2732.450012 0.000435 
2731.133224 0.000435 
2729.816436 0.000435 
2728.499648 0.000435 
2727.182860 0.000435 
2725.866072 0.000435 
2724.549284 0.000435 
2723.232496 0.000435 
2721.915709 0.000435 
2720.598921 0.000435 
2719.282133 0.000435 
2717.965345 0.000435 
2716.648557 0.000435 
2715.331769 0.000435 
2714.014981 0.000435 
2712.698193 0.000435 
2711.381405 0.000435 
2710.064617 0.000435 
2708.747829 0.000435 
2707.431041 0.000435 
2706.114253 0.000435 
2704.797465 0.000435 
2703.480678 0.000435 
2702.163890 0.000079 
2700.847102 0.000435 
2699.530314 0.000435 
2698.213526 0.000435 
2696.896738 0.000435 
2695.579950 0.000435 
2694.263162 0.000435 
2692.946374 0.000435 
2691.629586 0.000435 
2690.312798 0.000435 
2688.996010 0.000435 
2687.679222 0.000435 
2686.362434 0.000435 
2685.045647 0.000435 
2683.728859 0.000014 
2682.412071 0.000309 
2681.095283 0.000292 
2679.778495 0.000435 
2678.461707 0.000435 
2677.144919 0.000106 
2675.828131 0.000435 
2674.511343 0.000435 
2673.194555 0.000435 
2671.877767 0.000435 
2670.560979 0.000435 
2669.244191 0.000435 
2667.927403 0.000435 
2666.610616 0.000435 
2665.293828 0.000435 
2663.977040 0.000435 
2662.660252 0.000435 
2661.343464 0.000435 
2660.026676 0.000435 
2658.709888 0.000435 
2657.393100 0.000435 
2656.076312 0.000435 
2654.759524 0.000435 
2653.442736 0.000435 
2652.125948 0.000435 
2650.809160 0.000435 
2649.492372 0.000435 
2648.175585 0.000435 
2646.858797 0.000435 
2645.542009 0.000435 
2644.225221 0.000435 
2642.908433 0.000435 
2641.591645 0.000435 
2640.274857 0.000435 
2638.958069 0.000435 
2637.641281 0.000435 
2636.324493 0.000435 
2635.007705 0.000435 
2633.690917 0.000435 
2632.374129 0.000435 
2631.057341 0.000435 
2629.740554 0.000435 
2628.423766 0.000435 
2627.106978 0.000435 
2625.790190 0.000435 
2624.473402 0.000435 
2623.156614 0.000435 
2621.839826 0.000435 
2620.523038 0.000642 
2619.206250 0.000524 
2617.889462 0.000435 
2616.572674 0.000435 
2615.255886 0.000842 
2613.939098 0.000743 
2612.622310 0.000729 
2611.305523 0.000869 
2609.988735 0.000869 
2608.671947 0.000869 
2607.355159 0.000869 
2606.038371 0.000869 
2604.721583 0.000869 
2603.404795 0.000869 
2602.088007 0.000869 
2600.771219 0.000869 
2599.454431 0.000869 
2598.137643 0.000869 
2596.820855 0.000869 
2595.504067 0.000869 
2594.187279 0.000869 
2592.870491 0.000869 
2591.553704 0.000869 
2590.236916 0.000869 
2588.920128 0.000869 
2587.603340 0.000869 
2586.286552 0.000869 
2584.969764 0.000869 
2583.652976 0.001179 
2582.336188 0.000869 
2581.019400 0.000869 
2579.702612 0.001213 
2578.385824 0.000869 
2577.069036 0.000869 
2575.752248 0.001234 
2574.435460 0.001300 
2573.118673 0.001300 
2571.801885 0.001300 
2570.485097 0.001300 
2569.168309 0.001300 
2567.851521 0.001300 
2566.534733 0.001300 
2565.217945 0.001300 
2563.901157 0.001300 
2562.584369 0.001300 
2561.267581 0.001300 
2559.950793 0.001300 
2558.634005 0.001300 
2557.317217 0.001300 
2556.000429 0.001300 
2554.683642 0.001300 
2553.366854 0.001300 
2552.050066 0.001300 
2550.733278 0.001300 
2549.416490 0.001300 
2548.099702 0.001300 
2546.782914 0.001300 
2545.466126 0.001300 
2544.149338 0.001586 
2542.832550 0.001314 
2541.515762 0.001740 
2540.198974 0.001740 
2538.882186 0.001740 
2537.565398 0.001740 
2536.248611 0.001740 
2534.931823 0.001740 
2533.615035 0.001740 
2532.298247 0.001740 
2530.981459 0.001740 
2529.664671 0.001740 
2528.347883 0.001740 
2527.031095 0.001740 
2525.714307 0.001740 
2524.397519 0.001740 
2523.080731 0.001740 
2521.763943 0.001740 
2520.447155 0.001740 
2519.130367 0.001740 
2517.813580 0.001740 
2516.496792 0.001740 
2515.180004 0.001740 
2513.863216 0.001756 
2512.546428 0.002007 
2511.229640 0.002079 
2509.912852 0.002098 
2508.596064 0.001740 
2507.279276 0.002141 
2505.962488 0.002180 
2504.645700 0.002180 
2503.328912 0.002180 
2502.012124 0.002180 
2500.695336 0.002180 
2499.378549 0.002180 
2498.061761 0.002180 
2496.744973 0.002180 
2495.428185 0.002180 
2494.111397 0.002180 
2492.794609 0.002180 
2491.477821 0.002180 
2490.161033 0.002180 
2488.844245 0.002180 
2487.527457 0.002340 
2486.210669 0.002610 
2484.893881 0.002610 
2483.577093 0.002610 
2482.260305 0.002257 
2480.943518 0.002610 
2479.626730 0.002610 
2478.309942 0.002610 
2476.993154 0.002610 
2475.676366 0.002610 
2474.359578 0.002610 
2473.042790 0.002610 
2471.726002 0.002610 
2470.409214 0.002610 
2469.092426 0.002610 
2467.775638 0.002973 
2466.458850 0.002610 
2465.142062 0.002610 
2463.825274 0.002610 
2462.508486 0.002738 
2461.191699 0.003050 
2459.874911 0.003039 
2458.558123 0.002777 
2457.241335 0.003050 
2455.924547 0.003050 
2454.607759 0.003050 
2453.290971 0.003050 
2451.974183 0.003050 
2450.657395 0.003050 
2449.340607 0.003050 
2448.023819 0.003050 
2446.707031 0.003050 
2445.390243 0.003050 
2444.073455 0.003050 
2442.756668 0.003050 
2441.439880 0.003050 
2440.123092 0.003050 
2438.806304 0.003050 
2437.489516 0.003153 
2436.172728 0.003490 
2434.855940 0.003490 
2433.539152 0.003490 
2432.222364 0.003490 
2430.905576 0.003490 
2429.588788 0.003490 
2428.272000 0.003490 
2426.955212 0.003490 
2425.638424 0.003490 
2424.321637 0.003490 
2423.004849 0.003490 
2421.688061 0.003490 
2420.371273 0.003490 
2419.054485 0.003490 
2417.737697 0.003490 
2416.420909 0.003490 
2415.104121 0.003490 
2413.787333 0.003490 
2412.470545 0.003490 
2411.153757 0.003490 
2409.836969 0.003490 
2408.520181 0.003490 
2407.203393 0.003782 
2405.886606 0.003930 
2404.569818 0.003930 
2403.253030 0.003930 
2401.936242 0.003930 
2400.619454 0.003930 
2399.302666 0.003930 
2397.985878 0.003930 
2396.669090 0.003930 
2395.352302 0.003930 
2394.035514 0.003930 
2392.718726 0.003930 
2391.401938 0.003930 
2390.085150 0.003930 
2388.768362 0.003930 
2387.451575 0.003930 
2386.134787 0.003930 
2384.817999 0.004304 
2383.501211 0.004360 
2382.184423 0.004360 
2380.867635 0.004360 
2379.550847 0.004360 
2378.234059 0.004360 
2376.917271 0.004360 
2375.600483 0.004360 
2374.283695 0.004360 
2372.966907 0.004360 
2371.650119 0.004360 
2370.333331 0.004360 
2369.016544 0.004800 
2367.699756 0.004800 
2366.382968 0.004800 
2365.066180 0.004800 
2363.749392 0.004800 
2362.432604 0.004800 
2361.115816 0.004800 
2359.799028 0.004800 
2358.482240 0.004800 
2357.165452 0.004800 
2355.848664 0.004800 
2354.531876 0.005240 
2353.215088 0.005240 
2351.898300 0.005240 
2350.581513 0.005240 
2349.264725 0.005240 
2347.947937 0.005240 
2346.631149 0.005240 
2345.314361 0.005240 
2343.997573 0.005240 
2342.680785 0.005240 
2341.363997 0.005240 
2340.047209 0.005351 
2338.730421 0.005680 
2337.413633 0.005680 
2336.096845 0.005680 
2334.780057 0.005680 
2333.463269 0.005680 
2332.146481 0.005680 
2330.829694 0.005680 
2329.512906 0.005680 
2328.196118 0.005680 
2326.879330 0.005680 
2325.562542 0.005796 
2324.245754 0.006120 
2322.928966 0.006120 
2321.612178 0.006120 
2320.295390 0.006120 
2318.978602 0.006120 
2317.661814 0.006120 
2316.345026 0.006120 
2315.028238 0.006120 
2313.711450 0.006120 
2312.394663 0.006120 
2311.077875 0.006120 
2309.761087 0.006401 
2308.444299 0.006560 
2307.127511 0.006560 
2305.810723 0.006560 
2304.493935 0.006560 
2303.177147 0.006560 
2301.860359 0.006560 
2300.543571 0.006560 
2299.226783 0.006560 
2297.909995 0.006560 
2296.593207 0.006560 
2295.276419 0.006865 
2293.959632 0.007000 
2292.642844 0.007000 
2291.326056 0.007000 
2290.009268 0.007000 
2288.692480 0.007000 
2287.375692 0.007000 
2286.058904 0.007000 
2284.742116 0.007279 
2283.425328 0.007450 
2282.108540 0.007450 
2280.791752 0.007450 
2279.474964 0.007450 
2278.158176 0.007450 
2276.841388 0.007450 
2275.524601 0.007527 
2274.207813 0.007890 
2272.891025 0.007890 
2271.574237 0.007890 
2270.257449 0.007890 
2268.940661 0.007890 
2267.623873 0.007890 
2266.307085 0.008195 
2264.990297 0.008330 
2263.673509 0.008330 
2262.356721 0.008330 
2261.039933 0.008330 
2259.723145 0.008330 
2258.406357 0.008330 
2257.089570 0.008467 
2255.772782 0.008770 
2254.455994 0.008770 
2253.139206 0.008770 
2251.822418 0.008770 
2250.505630 0.008770 
2249.188842 0.008770 
2247.872054 0.008770 
2246.555266 0.008842 
2245.238478 0.008967 
2243.921690 0.009209 
2242.604902 0.009220 
2241.288114 0.009220 
2239.971326 0.009220 
2238.654539 0.009220 
2237.337751 0.009220 
2236.020963 0.009220 
2234.704175 0.009220 
2233.387387 0.009220 
2232.070599 0.009559 
2230.753811 0.009487 
2229.437023 0.009660 
2228.120235 0.009660 
2226.803447 0.009660 
2225.486659 0.009660 
2224.169871 0.009660 
2222.853083 0.009660 
2221.536295 0.009660 
2220.219508 0.009660 
2218.902720 0.009660 
2217.585932 0.009660 
2216.269144 0.009660 
2214.952356 0.009660 
2213.635568 0.009660 
2212.318780 0.009360 
2211.001992 0.009220 
2209.685204 0.009220 
2208.368416 0.009220 
2207.051628 0.009220 
2205.734840 0.009220 
2204.418052 0.009220 
2203.101264 0.009220 
2201.784476 0.009220 
2200.467689 0.009220 
2199.150901 0.009220 
2197.834113 0.008887 
2196.517325 0.008770 
2195.200537 0.008770 
2193.883749 0.008770 
2192.566961 0.008770 
2191.250173 0.008770 
2189.933385 0.008389 
2188.616597 0.008330 
2187.299809 0.008330 
2185.983021 0.008330 
2184.666233 0.008167 
2183.349445 0.007890 
2182.032658 0.007890 
2180.715870 0.007890 
2179.399082 0.007890 
2178.082294 0.007794 
2176.765506 0.007685 
2175.448718 0.007474 
2174.131930 0.007450 
2172.815142 0.007450 
2171.498354 0.007000 
2170.181566 0.007000 
2168.864778 0.007000 
2167.547990 0.007000 
2166.231202 0.007000 
2164.914414 0.006616 
2163.597627 0.006560 
2162.280839 0.006560 
2160.964051 0.006560 
2159.647263 0.006436 
2158.330475 0.006120 
2157.013687 0.006120 
2155.696899 0.006120 
2154.380111 0.005768 
2153.063323 0.005680 
2151.746535 0.005680 
2150.429747 0.005680 
2149.112959 0.005680 
2147.796171 0.005414 
2146.479383 0.005240 
2145.162596 0.005240 
2143.845808 0.005240 
2142.529020 0.005209 
2141.212232 0.004990 
2139.895444 0.004886 
2138.578656 0.004800 
2137.261868 0.004800 
2135.945080 0.004800 
2134.628292 0.004680 
2133.311504 0.004360 
2131.994716 0.004360 
2130.677928 0.004360 
2129.361140 0.004360 
2128.044352 0.004333 
2126.727565 0.003930 
2125.410777 0.003930 
2124.093989 0.003930 
2122.777201 0.003930 
2121.460413 0.003930 
2120.143625 0.003930 
2118.826837 0.003650 
2117.510049 0.003490 
2116.193261 0.003490 
2114.876473 0.003490 
2113.559685 0.003490 
2112.242897 0.003490 
2110.926109 0.003490 
2109.609321 0.003050 
2108.292534 0.003050 
2106.975746 0.003050 
2105.658958 0.003050 
2104.342170 0.003050 
2103.025382 0.003050 
2101.708594 0.003050 
2100.391806 0.002738 
2099.075018 0.002610 
2097.758230 0.002610 
2096.441442 0.002610 
2095.124654 0.002610 
2093.807866 0.002610 
2092.491078 0.002610 
2091.174290 0.002610 
2089.857503 0.002610 
2088.540715 0.002180 
2087.223927 0.002180 
2085.907139 0.002180 
2084.590351 0.002180 
2083.273563 0.002180 
2081.956775 0.002180 
2080.639987 0.002180 
2079.323199 0.002180 
2078.006411 0.002180 
2076.689623 0.001740 
2075.372835 0.001740 
2074.056047 0.001740 
2072.739259 0.001740 
2071.422471 0.001740 
2070.105684 0.001740 
2068.788896 0.001740 
2067.472108 0.001740 
2066.155320 0.001740 
2064.838532 0.001740 
2063.521744 0.001740 
2062.204956 0.001596 
2060.888168 0.001300 
2059.571380 0.001300 
2058.254592 0.001300 
2056.937804 0.001300 
2055.621016 0.001300 
2054.304228 0.001300 
2052.987440 0.001300 
2051.670653 0.001300 
2050.353865 0.001300 
2049.037077 0.001300 
2047.720289 0.001300 
2046.403501 0.001300 
2045.086713 0.000918 
2043.769925 0.001300 
2042.453137 0.001300 
2041.136349 0.000869 
2039.819561 0.000869 
2038.502773 0.000869 
2037.185985 0.000869 
2035.869197 0.000869 
2034.552409 0.000869 
2033.235622 0.000869 
2031.918834 0.000869 
2030.602046 0.000869 
2029.285258 0.000869 
2027.968470 0.000869 
2026.651682 0.000869 
2025.334894 0.000869 
2024.018106 0.000869 
2022.701318 0.000869 
2021.384530 0.000869 
2020.067742 0.000869 
2018.750954 0.000869 
2017.434166 0.000536 
2016.117378 0.000435 
2014.800591 0.000435 
2013.483803 0.000435 
2012.167015 0.000435 
2010.850227 0.000435 
2009.533439 0.000435 
2008.216651 0.000435 
2006.899863 0.000435 
2005.583075 0.000435 
2004.266287 0.000435 
2002.949499 0.000435 
2001.632711 0.000435 
2000.315923 0.000435 
1998.999135 0.000435 
1997.682347 0.000435 
1996.365560 0.000435 
1995.048772 0.000435 
1993.731984 0.000435 
1992.415196 0.000435 
1991.098408 0.000435 
1989.781620 0.000435 
1988.464832 0.000435 
1987.148044 0.000435 
1985.831256 0.000435 
1984.514468 0.000435 
1983.197680 0.000435 
1981.880892 0.000435 
1980.564104 0.000435 
1979.247316 0.000435 
1977.930529 0.000435 
1976.613741 0.000435 
1975.296953 0.000435 
1973.980165 0.000078 
1972.663377 0.000435 
1971.346589 0.000435 
1970.029801 0.000056 
1968.713013 0.000435 
1967.396225 0.000435 
1966.079437 0.000435 
1964.762649 0.000435 
1963.445861 0.000435 
1962.129073 0.000000 
1960.812285 0.000000 
1959.495497 0.000000 
1958.178710 0.000338 
1956.861922 0.000000 
1955.545134 0.000413 
1954.228346 0.000316 
1952.911558 0.000284 
1951.594770 0.000000 
1950.277982 0.000183 
1948.961194 0.000113 
1947.644406 0.000000 
1946.327618 0.000000 
1945.010830 0.000000 
1943.694042 0.000089 
1942.377254 0.000435 
1941.060466 0.000435 
1939.743679 0.000435 
1938.426891 0.000435 
1937.110103 0.000039 
1935.793315 0.000435 
1934.476527 0.000085 
1933.159739 0.000061 
1931.842951 0.000214 
1930.526163 0.000000 
1929.209375 0.000092 
1927.892587 0.000171 
1926.575799 0.000402 
1925.259011 0.000286 
1923.942223 0.000318 
1922.625435 0.000402 
1921.308648 0.000189 
1919.991860 0.000083 
1918.675072 0.000435 
1917.358284 0.000435 
1916.041496 0.000435 
1914.724708 0.000315 
1913.407920 0.000257 
1912.091132 0.000431 
1910.774344 0.000142 
1909.457556 0.000435 
1908.140768 0.000435 
1906.823980 0.000435 
1905.507192 0.000090 
1904.190404 0.000435 
1902.873617 0.000435 
1901.556829 0.000435 
1900.240041 0.000435 
1898.923253 0.000435 
1897.606465 0.000435 
1896.289677 0.000435 
1894.972889 0.000435 
1893.656101 0.000435 
1892.339313 0.000435 
1891.022525 0.000435 
1889.705737 0.000435 
1888.388949 0.000435 
1887.072161 0.000435 
1885.755373 0.000435 
1884.438586 0.000435 
1883.121798 0.000435 
1881.805010 0.000435 
1880.488222 0.000435 
1879.171434 0.000435 
1877.854646 0.000435 
1876.537858 0.000435 
1875.221070 0.000435 
1873.904282 0.000435 
1872.587494 0.000435 
1871.270706 0.000578 
1869.953918 0.000869 
1868.637130 0.000869 
1867.320342 0.000869 
1866.003555 0.000869 
1864.686767 0.000489 
1863.369979 0.000869 
1862.053191 0.000869 
1860.736403 0.000869 
1859.419615 0.000869 
1858.102827 0.000869 
1856.786039 0.000869 
1855.469251 0.000869 
1854.152463 0.000869 
1852.835675 0.000869 
1851.518887 0.000869 
1850.202099 0.000869 
1848.885311 0.000869 
1847.568524 0.000869 
1846.251736 0.000976 
1844.934948 0.001300 
1843.618160 0.001300 
1842.301372 0.001300 
1840.984584 0.001300 
1839.667796 0.001300 
1838.351008 0.001300 
1837.034220 0.001300 
1835.717432 0.001300 
1834.400644 0.001300 
1833.083856 0.001300 
1831.767068 0.001414 
1830.450280 0.001740 
1829.133492 0.001740 
1827.816705 0.001740 
1826.499917 0.001740 
1825.183129 0.001740 
1823.866341 0.001740 
1822.549553 0.001740 
1821.232765 0.001740 
1819.915977 0.001740 
1818.599189 0.001740 
1817.282401 0.001880 
1815.965613 0.002180 
1814.648825 0.002180 
1813.332037 0.002180 
1812.015249 0.002180 
1810.698461 0.002180 
1809.381674 0.002180 
1808.064886 0.002539 
1806.748098 0.002253 
1805.431310 0.002610 
1804.114522 0.002610 
1802.797734 0.002610 
1801.480946 0.002610 
1800.164158 0.003050 
1798.847370 0.003050 
1797.530582 0.003050 
1796.213794 0.003050 
1794.897006 0.003050 
1793.580218 0.003411 
1792.263430 0.003490 
1790.946643 0.003490 
1789.629855 0.003490 
1788.313067 0.003490 
1786.996279 0.003490 
1785.679491 0.003930 
1784.362703 0.003930 
1783.045915 0.003930 
1781.729127 0.004003 
1780.412339 0.004360 
1779.095551 0.004360 
1777.778763 0.004360 
1776.461975 0.004360 
1775.145187 0.004780 
1773.828399 0.004964 
1772.511612 0.004937 
1771.194824 0.005240 
1769.878036 0.005240 
1768.561248 0.005601 
1767.244460 0.005680 
1765.927672 0.005680 
1764.610884 0.005680 
1763.294096 0.006120 
1761.977308 0.006120 
1760.660520 0.006560 
1759.343732 0.006560 
1758.026944 0.006889 
1756.710156 0.007040 
1755.393368 0.007450 
1754.076581 0.007450 
1752.759793 0.007959 
1751.443005 0.008330 
1750.126217 0.008330 
1748.809429 0.008770 
1747.492641 0.008770 
1746.175853 0.009220 
1744.859065 0.009387 
1743.542277 0.009660 
1742.225489 0.010110 
1740.908701 0.010326 
1739.591913 0.010914 
1738.275125 0.011000 
1736.958337 0.011238 
1735.641550 0.011869 
1734.324762 0.012454 
1733.007974 0.012780 
1731.691186 0.012784 
1730.374398 0.013422 
1729.057610 0.013680 
1727.740822 0.014192 
1726.424034 0.014570 
1725.107246 0.014966 
1723.790458 0.015470 
1722.473670 0.015733 
1721.156882 0.016344 
1719.840094 0.016633 
1718.523306 0.017280 
1717.206519 0.017730 
1715.889731 0.017915 
1714.572943 0.018180 
1713.256155 0.018630 
1711.939367 0.018865 
1710.622579 0.019485 
1709.305791 0.019540 
1707.989003 0.019821 
1706.672215 0.020418 
1705.355427 0.020609 
1704.038639 0.020910 
1702.721851 0.020945 
1701.405063 0.021764 
1700.088275 0.021907 
1698.771487 0.021820 
1697.454700 0.022071 
1696.137912 0.022668 
1694.821124 0.022280 
1693.504336 0.022280 
1692.187548 0.022280 
1690.870760 0.022428 
1689.553972 0.022730 
1688.237184 0.022730 
1686.920396 0.022730 
1685.603608 0.023463 
1684.286820 0.023190 
1682.970032 0.023190 
1681.653244 0.023190 
1680.336456 0.023190 
1679.019669 0.023190 
1677.702881 0.023190 
1676.386093 0.023350 
1675.069305 0.023314 
1673.752517 0.023166 
1672.435729 0.022944 
1671.118941 0.022791 
1669.802153 0.023099 
1668.485365 0.022730 
1667.168577 0.022730 
1665.851789 0.022730 
1664.535001 0.022730 
1663.218213 0.022730 
1661.901425 0.022551 
1660.584638 0.022280 
1659.267850 0.022280 
1657.951062 0.022280 
1656.634274 0.022280 
1655.317486 0.022280 
1654.000698 0.022550 
1652.683910 0.022730 
1651.367122 0.021820 
1650.050334 0.021521 
1648.733546 0.021391 
1647.416758 0.021644 
1646.099970 0.021360 
1644.783182 0.020910 
1643.466394 0.020910 
1642.149607 0.020910 
1640.832819 0.020450 
1639.516031 0.020450 
1638.199243 0.020450 
1636.882455 0.020289 
1635.565667 0.020586 
1634.248879 0.020000 
1632.932091 0.019812 
1631.615303 0.019540 
1630.298515 0.019540 
1628.981727 0.019540 
1627.664939 0.019540 
1626.348151 0.019090 
1625.031363 0.019090 
1623.714576 0.019090 
1622.397788 0.018936 
1621.081000 0.018630 
1619.764212 0.018630 
1618.447424 0.018426 
1617.130636 0.018880 
1615.813848 0.018630 
1614.497060 0.018379 
1613.180272 0.018180 
1611.863484 0.018180 
1610.546696 0.017886 
1609.229908 0.017730 
1607.913120 0.017730 
1606.596332 0.017730 
1605.279545 0.017730 
1603.962757 0.017730 
1602.645969 0.017353 
1601.329181 0.017280 
1600.012393 0.017280 
1598.695605 0.017280 
1597.378817 0.017280 
1596.062029 0.016987 
1594.745241 0.016820 
1593.428453 0.016820 
1592.111665 0.016820 
1590.794877 0.016820 
1589.478089 0.016820 
1588.161301 0.016443 
1586.844514 0.016370 
1585.527726 0.016370 
1584.210938 0.016370 
1582.894150 0.016370 
1581.577362 0.016370 
1580.260574 0.016352 
1578.943786 0.015920 
1577.626998 0.015920 
1576.310210 0.016730 
1574.993422 0.015920 
1573.676634 0.015549 
1572.359846 0.015470 
1571.043058 0.015470 
1569.726270 0.015908 
1568.409482 0.015470 
1567.092695 0.015470 
1565.775907 0.015458 
1564.459119 0.015020 
1563.142331 0.015020 
1561.825543 0.015099 
1560.508755 0.015470 
1559.191967 0.015470 
1557.875179 0.014919 
1556.558391 0.014570 
1555.241603 0.015001 
1553.924815 0.014851 
1552.608027 0.014570 
1551.291239 0.014570 
1549.974451 0.014570 
1548.657664 0.014199 
1547.340876 0.014120 
1546.024088 0.014358 
1544.707300 0.014168 
1543.390512 0.014225 
1542.073724 0.014288 
1540.756936 0.014570 
1539.440148 0.014408 
1538.123360 0.013789 
1536.806572 0.013680 
1535.489784 0.013680 
1534.172996 0.013680 
1532.856208 0.013680 
1531.539420 0.013680 
1530.222633 0.013285 
1528.905845 0.013230 
1527.589057 0.013230 
1526.272269 0.013230 
1524.955481 0.013230 
1523.638693 0.013230 
1522.321905 0.013269 
1521.005117 0.013457 
1519.688329 0.012865 
1518.371541 0.012883 
1517.054753 0.012985 
1515.737965 0.012780 
1514.421177 0.012780 
1513.104389 0.012780 
1511.787602 0.012774 
1510.470814 0.012523 
1509.154026 0.012780 
1507.837238 0.012780 
1506.520450 0.012780 
1505.203662 0.012382 
1503.886874 0.012236 
1502.570086 0.012149 
1501.253298 0.011913 
1499.936510 0.012019 
1498.619722 0.012031 
1497.302934 0.011933 
1495.986146 0.012148 
1494.669358 0.011890 
1493.352571 0.011506 
1492.035783 0.011890 
1490.718995 0.011890 
1489.402207 0.011791 
1488.085419 0.011440 
1486.768631 0.011440 
1485.451843 0.011440 
1484.135055 0.011440 
1482.818267 0.011440 
1481.501479 0.011440 
1480.184691 0.011081 
1478.867903 0.011000 
1477.551115 0.011000 
1476.234327 0.011000 
1474.917540 0.011000 
1473.600752 0.011000 
1472.283964 0.011433 
1470.967176 0.011000 
1469.650388 0.011000 
1468.333600 0.011000 
1467.016812 0.010783 
1465.700024 0.010910 
1464.383236 0.010550 
1463.066448 0.010550 
1461.749660 0.010550 
1460.432872 0.010550 
1459.116084 0.010550 
1457.799296 0.010550 
1456.482509 0.010841 
1455.165721 0.010550 
1453.848933 0.010135 
1452.532145 0.010344 
1451.215357 0.010110 
1449.898569 0.010110 
1448.581781 0.010110 
1447.264993 0.010110 
1445.948205 0.010110 
1444.631417 0.010110 
1443.314629 0.010110 
1441.997841 0.010110 
1440.681053 0.009786 
1439.364265 0.009660 
1438.047477 0.009886 
1436.730690 0.010110 
1435.413902 0.009660 
1434.097114 0.009660 
1432.780326 0.009660 
1431.463538 0.009660 
1430.146750 0.009660 
1428.829962 0.009629 
1427.513174 0.009220 
1426.196386 0.009220 
1424.879598 0.009220 
1423.562810 0.009220 
1422.246022 0.009220 
1420.929234 0.009339 
1419.612446 0.009660 
1418.295659 0.009220 
1416.978871 0.009220 
1415.662083 0.008901 
1414.345295 0.008770 
1413.028507 0.008770 
1411.711719 0.008770 
1410.394931 0.008770 
1409.078143 0.008770 
1407.761355 0.008770 
1406.444567 0.008770 
1405.127779 0.008770 
1403.810991 0.008335 
1402.494203 0.008330 
1401.177415 0.008330 
1399.860628 0.008330 
1398.543840 0.008330 
1397.227052 0.008330 
1395.910264 0.008330 
1394.593476 0.008330 
1393.276688 0.007924 
1391.959900 0.007890 
1390.643112 0.007890 
1389.326324 0.007890 
1388.009536 0.007890 
1386.692748 0.007890 
1385.375960 0.007835 
1384.059172 0.007450 
1382.742384 0.007450 
1381.425597 0.007450 
1380.108809 0.007450 
1378.792021 0.007450 
1377.475233 0.007450 
1376.158445 0.007450 
1374.841657 0.007450 
1373.524869 0.007450 
1372.208081 0.007450 
1370.891293 0.007450 
1369.574505 0.007450 
1368.257717 0.007071 
1366.940929 0.007370 
1365.624141 0.007000 
1364.307353 0.007000 
1362.990566 0.007000 
1361.673778 0.007000 
1360.356990 0.007000 
1359.040202 0.006824 
1357.723414 0.006902 
1356.406626 0.006954 
1355.089838 0.006560 
1353.773050 0.006560 
1352.456262 0.006560 
1351.139474 0.006560 
1349.822686 0.006560 
1348.505898 0.006560 
1347.189110 0.006560 
1345.872322 0.006120 
1344.555535 0.006120 
1343.238747 0.006120 
1341.921959 0.006120 
1340.605171 0.006120 
1339.288383 0.006120 
1337.971595 0.006120 
1336.654807 0.006120 
1335.338019 0.006120 
1334.021231 0.006120 
1332.704443 0.006120 
1331.387655 0.005680 
1330.070867 0.005680 
1328.754079 0.005680 
1327.437291 0.005680 
1326.120504 0.005680 
1324.803716 0.005680 
1323.486928 0.005680 
1322.170140 0.005680 
1320.853352 0.005240 
1319.536564 0.005240 
1318.219776 0.005240 
1316.902988 0.005240 
1315.586200 0.005240 
1314.269412 0.005240 
1312.952624 0.005240 
1311.635836 0.005240 
1310.319048 0.005240 
1309.002260 0.004800 
1307.685472 0.004800 
1306.368685 0.004800 
1305.051897 0.004800 
1303.735109 0.004800 
1302.418321 0.004800 
1301.101533 0.004800 
1299.784745 0.004800 
1298.467957 0.004360 
1297.151169 0.004360 
1295.834381 0.004360 
1294.517593 0.004360 
1293.200805 0.004360 
1291.884017 0.004360 
1290.567229 0.004360 
1289.250441 0.004360 
1287.933654 0.004360 
1286.616866 0.004360 
1285.300078 0.003978 
1283.983290 0.003930 
1282.666502 0.003930 
1281.349714 0.003930 
1280.032926 0.003930 
1278.716138 0.003930 
1277.399350 0.003930 
1276.082562 0.003930 
1274.765774 0.003930 
1273.448986 0.003490 
1272.132198 0.003490 
1270.815410 0.003490 
1269.498623 0.003490 
1268.181835 0.003490 
1266.865047 0.003490 
1265.548259 0.003490 
1264.231471 0.003490 
1262.914683 0.003490 
1261.597895 0.003293 
1260.281107 0.003050 
1258.964319 0.003050 
1257.647531 0.003050 
1256.330743 0.003050 
1255.013955 0.003050 
1253.697167 0.003050 
1252.380379 0.003050 
1251.063592 0.002902 
1249.746804 0.002929 
1248.430016 0.003016 
1247.113228 0.002610 
1245.796440 0.002610 
1244.479652 0.002610 
1243.162864 0.002610 
1241.846076 0.002610 
1240.529288 0.002610 
1239.212500 0.002610 
1237.895712 0.002610 
1236.578924 0.002610 
1235.262136 0.001968 
1233.945348 0.000949 
1232.628561 0.002180 
1231.311773 0.002557 
1229.994985 0.002268 
1228.678197 0.002361 
1227.361409 0.002180 
1226.044621 0.002180 
1224.727833 0.002180 
1223.411045 0.002180 
1222.094257 0.002180 
1220.777469 0.002180 
1219.460681 0.001801 
1218.143893 0.001957 
1216.827105 0.002124 
1215.510317 0.001833 
1214.193530 0.001913 
1212.876742 0.001740 
1211.559954 0.001740 
1210.243166 0.001740 
1208.926378 0.001740 
1207.609590 0.001740 
1206.292802 0.001740 
1204.976014 0.001740 
1203.659226 0.001740 
1202.342438 0.001740 
1201.025650 0.001740 
1199.708862 0.001740 
1198.392074 0.001740 
1197.075286 0.001740 
1195.758498 0.001740 
1194.441711 0.001714 
1193.124923 0.001300 
1191.808135 0.001300 
1190.491347 0.001300 
1189.174559 0.001300 
1187.857771 0.001300 
1186.540983 0.001300 
1185.224195 0.001300 
1183.907407 0.001300 
1182.590619 0.001300 
1181.273831 0.001300 
1179.957043 0.001300 
1178.640255 0.001300 
1177.323467 0.000966 
1176.006680 0.001300 
1174.689892 0.001300 
1173.373104 0.000901 
1172.056316 0.001183 
1170.739528 0.001154 
1169.422740 0.000879 
1168.105952 0.001039 
1166.789164 0.000994 
1165.472376 0.000869 
1164.155588 0.000869 
1162.838800 0.000869 
1161.522012 0.000869 
1160.205224 0.000869 
1158.888436 0.000869 
1157.571649 0.000869 
1156.254861 0.000869 
1154.938073 0.000869 
1153.621285 0.000869 
1152.304497 0.000869 
1150.987709 0.000869 
1149.670921 0.000869 
1148.354133 0.000869 
1147.037345 0.000791 
1145.720557 0.000687 
1144.403769 0.000869 
1143.086981 0.000869 
1141.770193 0.000869 
1140.453405 0.000869 
1139.136618 0.000869 
1137.819830 0.000869 
1136.503042 0.000869 
1135.186254 0.000869 
1133.869466 0.000869 
1132.552678 0.000542 
1131.235890 0.000869 
1129.919102 0.000869 
1128.602314 0.000578 
1127.285526 0.000559 
1125.968738 0.000854 
1124.651950 0.000435 
1123.335162 0.000435 
1122.018374 0.000514 
1120.701587 0.000653 
1119.384799 0.000435 
1118.068011 0.000535 
1116.751223 0.000604 
1115.434435 0.000435 
1114.117647 0.000435 
1112.800859 0.000435 
1111.484071 0.000435 
1110.167283 0.000435 
1108.850495 0.000435 
1107.533707 0.000435 
1106.216919 0.000435 
1104.900131 0.000435 
1103.583343 0.000435 
1102.266556 0.000435 
1100.949768 0.000435 
1099.632980 0.000435 
1098.316192 0.000435 
1096.999404 0.000435 
1095.682616 0.000435 
1094.365828 0.000435 
1093.049040 0.000435 
1091.732252 0.000435 
1090.415464 0.000435 
1089.098676 0.000435 
1087.781888 0.000435 
1086.465100 0.000435 
1085.148312 0.000435 
1083.831525 0.000435 
1082.514737 0.000435 
1081.197949 0.000435 
1079.881161 0.000435 
1078.564373 0.000435 
1077.247585 0.000435 
1075.930797 0.000435 
1074.614009 0.000435 
1073.297221 0.000435 
1071.980433 0.000435 
1070.663645 0.000435 
1069.346857 0.000107 
1068.030069 0.000435 
1066.713281 0.000435 
1065.396493 0.000435 
1064.079706 0.000435 
1062.762918 0.000435 
1061.446130 0.000020 
1060.129342 0.000304 
1058.812554 0.000000 
1057.495766 0.000045 
1056.178978 0.000435 
1054.862190 0.000435 
1053.545402 0.000367 
1052.228614 0.000228 
1050.911826 0.000049 
1049.595038 0.000336 
1048.278250 0.000000 
1046.961462 0.000000 
1045.644675 0.000154 
1044.327887 0.000435 
1043.011099 0.000000 
1041.694311 0.000000 
1040.377523 0.000000 
1039.060735 0.000000 
1037.743947 0.000242 
1036.427159 0.000055 
1035.110371 0.000435 
1033.793583 0.000435 
1032.476795 0.000010 
1031.160007 0.000435 
1029.843219 0.000435 
1028.526431 0.000435 
1027.209644 0.000435 
1025.892856 0.000435 
1024.576068 0.000435 
1023.259280 0.000435 
1021.942492 0.000435 
1020.625704 0.000563 
1019.308916 0.000927 
1017.992128 0.000979 
1016.675340 0.001024 
1015.358552 0.001072 
1014.041764 0.001123 
1012.724976 0.001174 
1011.408188 0.001225 
1010.091400 0.001276 
1008.774613 0.001323 
1007.457825 0.001368 
1006.141037 0.001419 
1004.824249 0.001467 
1003.507461 0.001520 
1002.190673 0.001566 
1000.873885 0.001619 
999.557097 0.001720 
998.240309 0.001937 
996.923521 0.001766 
995.606733 0.002249 
994.289945 0.002304 
992.973157 0.002349 
991.656369 0.002542 
990.339582 0.002585 
989.022794 0.002932 
987.706006 0.003166 
986.389218 0.003127 
985.072430 0.003524 
983.755642 0.003795 
982.438854 0.004065 
981.122066 0.004110 
979.805278 0.004158 
978.488490 0.004636 
977.171702 0.004849 
975.854914 0.005188 
974.538126 0.005261 
973.221338 0.005727 
971.904551 0.005774 
970.587763 0.006265 
969.270975 0.006550 
967.954187 0.006807 
966.637399 0.007300 
965.320611 0.007623 
964.003823 0.007840 
962.687035 0.008334 
961.370247 0.008706 
960.053459 0.009314 
958.736671 0.009567 
957.419883 0.010221 
956.103095 0.010439 
954.786307 0.011102 
953.469520 0.011348 
952.152732 0.011974 
950.835944 0.012629 
949.519156 0.013290 
948.202368 0.013509 
946.885580 0.014171 
945.568792 0.014832 
944.252004 0.015501 
942.935216 0.016171 
941.618428 0.016738 
940.301640 0.017307 
938.984852 0.017748 
937.668064 0.018384 
936.351276 0.019056 
935.034488 0.019723 
933.717701 0.020403 
932.400913 0.021072 
931.084125 0.021805 
929.767337 0.022884 
928.450549 0.023558 
927.133761 0.024241 
925.816973 0.024917 
924.500185 0.025594 
923.183397 0.026278 
921.866609 0.026960 
920.549821 0.027651 
919.233033 0.028335 
917.916245 0.029374 
916.599457 0.030172 
915.282670 0.030859 
913.965882 0.031554 
912.649094 0.032351 
911.332306 0.033120 
910.015518 0.034074 
908.698730 0.034478 
907.381942 0.035487 
906.065154 0.036184 
904.748366 0.036883 
903.431578 0.037584 
902.114790 0.038358 
900.798002 0.039462 
899.481214 0.040166 
898.164426 0.040863 
896.847639 0.041573 
895.530851 0.042284 
894.214063 0.043160 
892.897275 0.044181 
891.580487 0.044893 
890.263699 0.045604 
888.946911 0.046314 
887.630123 0.047032 
886.313335 0.047748 
884.996547 0.048472 
883.679759 0.049184 
882.362971 0.049911 
881.046183 0.050622 
879.729395 0.051347 
878.412608 0.052432 
877.095820 0.052792 
875.779032 0.053521 
874.462244 0.054250 
873.145456 0.055370 
871.828668 0.055709 
870.511880 0.056440 
869.195092 0.057169 
867.878304 0.057905 
866.561516 0.058630 
865.244728 0.059369 
863.927940 0.060106 
862.611152 0.060786 
861.294364 0.061092 
859.977577 0.061828 
858.660789 0.062566 
857.344001 0.063013 
856.027213 0.063548 
854.710425 0.064297 
853.393637 0.065034 
852.076849 0.065762 
850.760061 0.066023 
849.443273 0.066773 
848.126485 0.067526 
846.809697 0.068020 
845.492909 0.068515 
844.176121 0.069149 
842.859333 0.069515 
841.542546 0.070271 
840.225758 0.070513 
838.908970 0.070918 
837.592182 0.071513 
836.275394 0.072057 
834.958606 0.072516 
833.641818 0.073198 
832.325030 0.073526 
831.008242 0.073825 
829.691454 0.074402 
828.374666 0.074465 
827.057878 0.075030 
825.741090 0.075276 
824.424302 0.075669 
823.107515 0.075772 
821.790727 0.076528 
820.473939 0.076880 
819.157151 0.077025 
817.840363 0.077517 
816.523575 0.077576 
815.206787 0.078151 
813.889999 0.078542 
812.573211 0.078790 
811.256423 0.078848 
809.939635 0.079289 
808.622847 0.079494 
807.306059 0.079548 
805.989271 0.079611 
804.672483 0.079770 
803.355696 0.080252 
802.038908 0.080307 
800.722120 0.080371 
799.405332 0.080426 
798.088544 0.080493 
796.771756 0.080866 
795.454968 0.080600 
794.138180 0.080726 
792.821392 0.080996 
791.504604 0.080782 
790.187816 0.081368 
788.871028 0.081126 
787.554240 0.080958 
786.237452 0.081022 
784.920665 0.081077 
783.603877 0.081141 
782.287089 0.081200 
780.970301 0.080856 
779.653513 0.080795 
778.336725 0.080850 
777.019937 0.080913 
775.703149 0.080449 
774.386361 0.080504 
773.069573 0.080060 
771.752785 0.080103 
770.435997 0.079801 
769.119209 0.079665 
767.802421 0.079237 
766.485634 0.079291 
765.168846 0.079279 
763.852058 0.078891 
762.535270 0.078488 
761.218482 0.078360 
759.901694 0.078025 
758.584906 0.077582 
757.268118 0.077446 
755.951330 0.076798 
754.634542 0.076668 
753.317754 0.076248 
752.000966 0.075893 
750.684178 0.075758 
749.367390 0.075109 
748.050603 0.074935 
746.733815 0.074336 
745.417027 0.073695 
744.100239 0.073560 
742.783451 0.073104 
741.466663 0.072419 
740.149875 0.072194 
738.833087 0.071784 
737.516299 0.071283 
736.199511 0.070743 
734.882723 0.070382 
733.565935 0.069972 
732.249147 0.069327 
730.932359 0.069022 
729.615572 0.068053 
728.298784 0.067615 
726.981996 0.067300 
725.665208 0.066659 
724.348420 0.066024 
723.031632 0.065393 
721.714844 0.064764 
720.398056 0.064418 
719.081268 0.064000 
717.764480 0.063373 
716.447692 0.062745 
715.130904 0.062116 
713.814116 0.061491 
712.497328 0.060869 
711.180541 0.060305 
709.863753 0.059869 
708.546965 0.059414 
707.230177 0.058479 
705.913389 0.058244 
704.596601 0.057622 
703.279813 0.057003 
701.963025 0.056382 
700.646237 0.055769 
699.329449 0.055144 
698.012661 0.054530 
696.695873 0.053913 
695.379085 0.053300 
694.062297 0.052687 
692.745510 0.052071 
691.428722 0.051458 
690.111934 0.050845 
688.795146 0.050559 
687.478358 0.049625 
686.161570 0.049464 
684.844782 0.048617 
683.527994 0.047900 
682.211206 0.047678 
680.894418 0.047073 
679.577630 0.045996 
678.260842 0.045532 
676.944054 0.045073 
675.627266 0.044594 
674.310478 0.044109 
672.993691 0.043658 
671.676903 0.043311 
670.360115 0.042992 
669.043327 0.042794 
667.726539 0.043612 
666.409751 0.041629 
665.092963 0.041378 
663.776175 0.041203 
662.459387 0.040921 
661.142599 0.040774 
659.825811 0.040636 
658.509023 0.040444 
657.192235 0.040321 
655.875447 0.039921 
654.558660 0.039629 
653.241872 0.039132 
651.925084 0.038673 
650.608296 0.038204 
649.291508 0.037741 
647.974720 0.037375 
646.657932 0.036750 
645.341144 0.036146 
644.024356 0.035677 
642.707568 0.035165 
641.390780 0.034762 
640.073992 0.034357 
638.757204 0.033989 
637.440416 0.033734 
636.123629 0.033298 
634.806841 0.032834 
633.490053 0.032572 
632.173265 0.032257 
630.856477 0.032138 
629.539689 0.031504 
628.222901 0.031256 
626.906113 0.031079 
625.589325 0.030738 
624.272537 0.030464 
622.955749 0.030081 
621.638961 0.029972 
620.322173 0.029699 
619.005385 0.029313 
617.688598 0.029223 
616.371810 0.028969 
615.055022 0.028665 
613.738234 0.028551 
612.421446 0.028449 
611.104658 0.028278 
609.787870 0.027799 
608.471082 0.027364 
607.154294 0.027382 
605.837506 0.027089 
604.520718 0.026840 
603.203930 0.026985 
601.887142 0.026640 
600.570354 0.026457 
599.253567 0.026230 
597.936779 0.025916 
596.619991 0.025828 
595.303203 0.025779 
593.986415 0.025473 
592.669627 0.025255 
591.352839 0.025114 
590.036051 0.024829 
588.719263 0.024862 
587.402475 0.024679 
586.085687 0.024590 
584.768899 0.024377 
583.452111 0.024246 
582.135323 0.024114 
580.818536 0.024167 
579.501748 0.023645 
578.184960 0.023490 
576.868172 0.023716 
575.551384 0.023488 
574.234596 0.023290 
572.917808 0.023161 
571.601020 0.023022 
570.284232 0.022819 
568.967444 0.022814 
567.650656 0.022865 
566.333868 0.022671 
565.017080 0.022406 
563.700292 0.022298 
562.383505 0.022155 
561.066717 0.022189 
559.749929 0.021810 
558.433141 0.021780 
557.116353 0.021758 
555.799565 0.021698 
554.482777 0.021662 
553.165989 0.021550 
551.849201 0.021350 
550.532413 0.021358 
549.215625 0.021415 
547.898837 0.021043 
546.582049 0.021009 
545.265261 0.021110 
543.948473 0.020887 
542.631686 0.020743 
541.314898 0.020710 
539.998110 0.020627 
538.681322 0.020681 
537.364534 0.020551 
536.047746 0.020600 
534.730958 0.020305 
533.414170 0.020362 
532.097382 0.020333 
530.780594 0.020250 
529.463806 0.020219 
528.147018 0.020120 
526.830230 0.019908 
525.513442 0.019663 
524.196655 0.019545 
522.879867 0.019340 
521.563079 0.019076 
520.246291 0.018865 
518.929503 0.018608 
517.612715 0.018288 
516.295927 0.018001 
514.979139 0.017699 
513.662351 0.017355 
512.345563 0.017061 
511.028775 0.016756 
509.711987 0.016435 
508.395199 0.016075 
507.078411 0.015727 
505.761624 0.015371 
504.444836 0.014958 
503.128048 0.014601 
501.811260 0.014324 
500.494472 0.013960 
499.177684 0.013684 
497.860896 0.013381 
496.544108 0.013075 
495.227320 0.012829 
493.910532 0.012599 
492.593744 0.012340 
491.276956 0.012104 
489.960168 0.011882 
488.643380 0.011672 
487.326593 0.011505 
486.009805 0.011211 
484.693017 0.011029 
483.376229 0.010928 
482.059441 0.010711 
480.742653 0.010520 
479.425865 0.010439 
478.109077 0.010205 
476.792289 0.010043 
475.475501 0.009889 
474.158713 0.009794 
472.841925 0.009670 
471.525137 0.009452 
470.208349 0.009370 
468.891562 0.009226 
467.574774 0.008974 
466.257986 0.008973 
464.941198 0.008939 
463.624410 0.008725 
462.307622 0.008630 
460.990834 0.008447 
459.674046 0.008290 
458.357258 0.008215 
457.040470 0.008071 
455.723682 0.007952 
454.406894 0.007871 
453.090106 0.007695 
451.773318 0.007626 
450.456531 0.007502 
449.139743 0.007303 
447.822955 0.007242 
446.506167 0.007166 
445.189379 0.006993 
443.872591 0.006886 
442.555803 0.006791 
441.239015 0.006641 
439.922227 0.006542 
438.605439 0.006437 
437.288651 0.006338 
435.971863 0.006220 
434.655075 0.006100 
433.338287 0.005999 
432.021499 0.005846 
430.704712 0.005783 
429.387924 0.005768 
428.071136 0.005562 
426.754348 0.005420 
425.437560 0.005428 
424.120772 0.005206 
422.803984 0.005056 
421.487196 0.005059 
420.170408 0.004974 
418.853620 0.004793 
417.536832 0.004681 
416.220044 0.004672 
414.903256 0.004528 
413.586468 0.004270 
412.269681 0.004311 
410.952893 0.004371 
409.636105 0.004003 
408.319317 0.003994 
407.002529 0.004108 
405.685741 0.003804 
404.368953 0.003743 
403.052165 0.003720 
401.735377 0.003564 
400.418589 0.003498 
399.101801 0.003414 
397.785013 0.003324 
396.468225 0.003266 
395.151437 0.003085 
393.834650 0.003075 
392.517862 0.003103 
391.201074 0.002847 
389.884286 0.002844 
388.567498 0.002814 
387.250710 0.002641 
385.933922 0.002641 
384.617134 0.002523 
383.300346 0.002360 
381.983558 0.002371 
380.666770 0.002283 
379.349982 0.002197 
378.033194 0.002153 
376.716406 0.002059 
375.399619 0.002053 
374.082831 0.001927 
372.766043 0.001800 
371.449255 0.001802 
370.132467 0.001627 
368.815679 0.001523 
367.498891 0.001633 
366.182103 0.001480 
364.865315 0.001310 
363.548527 0.001361 
362.231739 0.001277 
360.914951 0.001095 
359.598163 0.000952 
358.281375 0.001010 
356.964588 0.001073 
355.647800 0.000856 
354.331012 0.000820 
353.014224 0.000910 
351.697436 0.000648 
350.380648 0.000540 
349.063860 0.000675 
347.747072 0.000520 
346.430284 0.000394 
345.113496 0.000367 
343.796708 0.000326 
342.479920 0.000290 
341.163132 0.000154 
339.846344 0.000221 
338.529557 0.000334 
337.212769 0.000074 
335.895981 0.000092 
334.579193 0.000298 
333.262405 0.000229 
331.945617 0.000356 
330.628829 0.000532 
329.312041 0.000544 
327.995253 0.000714 
326.678465 0.000834 
325.361677 0.001026 
324.044889 0.001248 
322.728101 0.001303 
321.411313 0.001598 
320.094526 0.001820 
318.777738 0.001950 
317.460950 0.002310 
316.144162 0.002513 
314.827374 0.002560 
313.510586 0.002958 
312.193798 0.003213 
310.877010 0.003259 
309.560222 0.003616 
308.243434 0.003909 
306.926646 0.004053 
305.609858 0.004268 
304.293070 0.004579 
302.976282 0.004806 
301.659494 0.004955 
300.342707 0.005335 
299.025919 0.005756 
297.709131 0.005764 
296.392343 0.006014 
295.075555 0.006510 
293.758767 0.006599 
292.441979 0.006973 
291.125191 0.008159 
289.808403 0.007879 
288.491615 0.007667 
287.174827 0.007840 
285.858039 0.008271 
284.541251 0.008623 
283.224463 0.008675 
281.907676 0.009064 
280.590888 0.009480 
279.274100 0.009550 
277.957312 0.009898 
276.640524 0.010299 
275.323736 0.010417 
274.006948 0.010872 
272.690160 0.011255 
271.373372 0.011532 
270.056584 0.011828 
268.739796 0.012127 
267.423008 0.012486 
266.106220 0.012761 
264.789432 0.013134 
263.472645 0.013652 
262.155857 0.013812 
260.839069 0.013957 
259.522281 0.014525 
258.205493 0.014832 
256.888705 0.015060 
255.571917 0.015554 
254.255129 0.015933 
252.938341 0.016319 
251.621553 0.016610 
250.304765 0.016978 
248.987977 0.017348 
247.671189 0.017713 
246.354401 0.018035 
245.037614 0.018667 
243.720826 0.018883 
242.404038 0.019297 
241.087250 0.019909 
239.770462 0.020300 
238.453674 0.020791 
237.136886 0.021341 
235.820098 0.021954 
234.503310 0.022521 
233.186522 0.022896 
231.869734 0.023776 
230.552946 0.024598 
229.236158 0.024954 
227.919370 0.025710 
226.602583 0.026526 
225.285795 0.027003 
223.969007 0.027668 
222.652219 0.027890 
221.335431 0.028269 
220.018643 0.028892 
218.701855 0.029056 
217.385067 0.029112 
216.068279 0.029174 
214.751491 0.028937 
213.434703 0.028813 
212.117915 0.028602 
210.801127 0.028244 
209.484339 0.028072 
208.167552 0.027720 
206.850764 0.027423 
205.533976 0.027160 
204.217188 0.026610 
202.900400 0.026255 
201.583612 0.026000 
200.266824 0.025458 
198.950036 0.024934 
197.633248 0.024470 
196.316460 0.024342 
194.999672 0.024072 
193.682884 0.023240 
192.366096 0.023236 
191.049308 0.023206 
189.732521 0.022091 
188.415733 0.021739 
187.098945 0.021722 
185.782157 0.021032 
184.465369 0.020616 
183.148581 0.020369 
181.831793 0.019944 
180.515005 0.020497 
179.198217 0.019866 
177.881429 0.018758 
176.564641 0.018473 
175.247853 0.017733 
173.931065 0.017717 
172.614277 0.017804 
171.297489 0.016913 
169.980702 0.016721 
168.663914 0.016685 
167.347126 0.016199 
166.030338 0.016073 
164.713550 0.015881 
163.396762 0.015749 
162.079974 0.015888 
160.763186 0.015457 
159.446398 0.015417 
158.129610 0.015340 
156.812822 0.014861 
155.496034 0.014941 
154.179246 0.014715 
152.862458 0.014334 
151.545671 0.014846 
150.228883 0.014641 
148.912095 0.014120 
147.595307 0.014323 
146.278519 0.013867 
144.961731 0.013507 
143.644943 0.013669 
142.328155 0.012704 
141.011367 0.012249 
139.694579 0.012262 
138.377791 0.012196 
137.061003 0.012220 
135.744215 0.011364 
134.427427 0.010986 
133.110640 0.011135 
131.793852 0.010232 
130.477064 0.009561 
129.160276 0.009583 
127.843488 0.008900 
126.526700 0.008179 
125.209912 0.007971 
123.893124 0.007696 
122.576336 0.007746 
121.259548 0.006830 
119.942760 0.006334 
118.625972 0.005313 
117.309184 0.004071 
115.992396 0.004428 
114.675609 0.004531 
113.358821 0.003820 
112.042033 0.004092 
110.725245 0.004436 
109.408457 0.003146 
108.091669 0.002780 
106.774881 0.002322 
105.458093 0.002222 
104.141305 0.002168 
102.824517 0.001306 
101.507729 0.001365 
100.190941 0.001674 
98.874153 0.001061 
97.557365 0.001318 
96.240578 0.001209 
94.923790 0.000543 
93.607002 0.001245 
92.290214 0.001080 
90.973426 0.001406 
89.656638 0.003135 
88.339850 0.000729 
87.023062 0.000697 
85.706274 0.001516 
84.389486 0.000449 
83.072698 0.000246 
81.755910 0.000616 
80.439122 0.000687 
79.122334 0.001615 
77.805547 0.000970 
76.488759 0.000641 
75.171971 0.000422 
73.855183 0.000167 
72.538395 0.000328 
71.221607 0.000266 
69.904819 0.000124 
68.588031 -0.000030 
67.271243 -0.000163 
65.954455 -0.000341 
64.637667 0.000215 
63.320879 -0.000207 
62.004091 -0.000168 
60.687303 -0.000101 
59.370516 -0.000244 
58.053728 -0.000163 
56.736940 -0.000014 
55.420152 -0.000250 
54.103364 -0.000719 
52.786576 -0.001268 
51.469788 -0.001640 
50.153000 -0.000608 
