5000.2	0.00432
4998.69937	0.00153
4997.19873	-0.00201
4995.6981	0.00387
4994.19747	0.00649
4992.69684	0.00112
4991.19621	0.01038
4989.69557	0.00168
4988.19494	0.00316
4986.69431	0.01028
4985.19368	-0.00448
4983.69304	0.00337
4982.19241	0.00529
4980.69178	0.00174
4979.19114	0.00307
4977.69051	0.00703
4976.18988	0.00274
4974.68925	0.0033
4973.18861	-0.00108
4971.68798	0.00508
4970.18735	0.00313
4968.68672	0.00485
4967.18608	-0.00519
4965.68545	0.00289
4964.18482	0.0057
4962.68419	0.00291
4961.18355	0.00706
4959.68292	0.00926
4958.18229	0.00461
4956.68166	-8.54066E-4
4955.18102	0.00501
4953.68039	0.00189
4952.17976	0.00705
4950.67913	0.00572
4949.17849	-0.00618
4947.67786	0.00181
4946.17723	0.00533
4944.6766	0.00697
4943.17596	0.00506
4941.67533	-0.00172
4940.1747	-0.00409
4938.67407	0.00703
4937.17343	-0.00201
4935.6728	0.00548
4934.17217	0.01208
4932.67154	0.008
4931.1709	0.00587
4929.67027	0.00688
4928.16964	0.00945
4926.669	0.0092
4925.16837	1.16019E-4
4923.66774	-0.00229
4922.16711	-0.00173
4920.66647	0.00793
4919.16584	0.00334
4917.66521	-0.00106
4916.16458	0.00729
4914.66395	0.00685
4913.16331	0.00914
4911.66268	0.00156
4910.16205	0.00364
4908.66141	0.00623
4907.16078	0.00878
4905.66015	0.00545
4904.15952	-0.00809
4902.65888	-0.00429
4901.15825	0.00299
4899.65762	-0.00134
4898.15699	0.00351
4896.65635	0.00535
4895.15572	0.00978
4893.65509	0.00639
4892.15446	0.00172
4890.65382	0.01037
4889.15319	-0.00478
4887.65256	-9.4807E-4
4886.15193	0.004
4884.65129	-0.00113
4883.15066	0.00221
4881.65003	-8.17245E-4
4880.1494	-3.28821E-6
4878.64876	0.01499
4877.14813	0.00416
4875.6475	0.01054
4874.14687	0.00421
4872.64623	0.00198
4871.1456	-5.4555E-4
4869.64497	0.00671
4868.14434	-0.00205
4866.6437	0.01025
4865.14307	0.00764
4863.64244	0.00159
4862.14181	0.00454
4860.64117	0.00344
4859.14054	0.00195
4857.63991	0.01442
4856.13928	0.00213
4854.63864	0.0014
4853.13801	0.01016
4851.63738	3.42884E-4
4850.13675	0.00651
4848.63611	-0.00479
4847.13548	0.00963
4845.63485	0.00822
4844.13422	-7.45334E-4
4842.63358	-0.0015
4841.13295	0.00495
4839.63232	0.00659
4838.13169	0.00734
4836.63105	0.0033
4835.13042	0.00259
4833.62979	-6.52639E-4
4832.12915	0.00814
4830.62852	-0.00283
4829.12789	0.00633
4827.62726	6.42187E-4
4826.12662	-9.48856E-4
4824.62599	0.00675
4823.12536	0.00205
4821.62473	0.00464
4820.1241	0.01469
4818.62346	0.00104
4817.12283	0.00667
4815.6222	-6.01614E-5
4814.12157	-3.26205E-4
4812.62093	0.00139
4811.1203	0.00684
4809.61967	0.00999
4808.11903	1.78621E-4
4806.6184	0.00628
4805.11777	0.0083
4803.61714	0.00447
4802.1165	0.0092
4800.61587	0.00672
4799.11524	4.25359E-4
4797.61461	0.00546
4796.11397	0.00497
4794.61334	3.27229E-4
4793.11271	0.00215
4791.61208	0.00558
4790.11144	-9.40902E-4
4788.61081	0.00444
4787.11018	0.00299
4785.60955	-0.00523
4784.10891	0.00739
4782.60828	0.00436
4781.10765	7.08837E-4
4779.60702	0.00444
4778.10638	0.00182
4776.60575	0.01014
4775.10512	0.00228
4773.60449	0.00519
4772.10385	0.00236
4770.60322	0.00676
4769.10259	-0.00284
4767.60196	0.00204
4766.10132	0.00637
4764.60069	0.00315
4763.10006	-0.00369
4761.59943	-4.6873E-4
4760.09879	-8.02773E-4
4758.59816	0.0119
4757.09753	-8.9986E-4
4755.59689	0.00392
4754.09626	0.00134
4752.59563	1.74009E-4
4751.095	0.00828
4749.59436	0.00263
4748.09373	-4.71217E-5
4746.5931	0.00131
4745.09247	0.00541
4743.59184	0.00819
4742.0912	0.00466
4740.59057	0.00181
4739.08994	0.00615
4737.58931	0.00926
4736.08867	-0.00316
4734.58804	0.00582
4733.08741	8.15443E-4
4731.58677	0.0026
4730.08614	0.00172
4728.58551	0.00597
4727.08488	0.01497
4725.58424	0.01396
4724.08361	-0.00324
4722.58298	0.00571
4721.08235	-0.0033
4719.58171	9.14051E-4
4718.08108	0.00653
4716.58045	0.00615
4715.07982	0.0044
4713.57918	-0.00287
4712.07855	0.00577
4710.57792	0.00721
4709.07729	0.00392
4707.57665	0.00696
4706.07602	0.00478
4704.57539	-0.00211
4703.07476	0.00292
4701.57412	0.00355
4700.07349	0.00129
4698.57286	-1.41559E-4
4697.07223	-0.00233
4695.57159	0.00395
4694.07096	0.00242
4692.57033	0.00509
4691.0697	0.00405
4689.56906	0.00203
4688.06843	0.0066
4686.5678	0.00745
4685.06717	0.00572
4683.56653	0.00301
4682.0659	0.00308
4680.56527	0.00714
4679.06464	0.00535
4677.564	-3.01541E-4
4676.06337	0.00179
4674.56274	-0.00185
4673.0621	0.00218
4671.56147	0.00188
4670.06084	-0.00239
4668.56021	-6.52551E-4
4667.05958	-0.00122
4665.55894	-0.00242
4664.05831	-1.48557E-4
4662.55768	4.08108E-4
4661.05704	0.00231
4659.55641	0.00654
4658.05578	-4.11897E-4
4656.55515	-0.00201
4655.05451	-0.00208
4653.55388	0.00291
4652.05325	-0.00794
4650.55262	-0.00379
4649.05199	0.00179
4647.55135	0.00665
4646.05072	-0.00758
4644.55009	0.00432
4643.04945	-0.00108
4641.54882	6.07418E-4
4640.04819	-0.00134
4638.54756	-0.00183
4637.04692	-0.00535
4635.54629	-0.00138
4634.04566	-0.00217
4632.54503	-0.00942
4631.04439	-0.00104
4629.54376	-0.00817
4628.04313	-0.00742
4626.5425	0.00186
4625.04186	-0.00307
4623.54123	-0.00506
4622.0406	-0.00447
4620.53997	-0.00236
4619.03933	0.00621
4617.5387	-0.0154
4616.03807	-0.00453
4614.53744	-0.00724
4613.0368	0.00262
4611.53617	-9.45283E-4
4610.03554	-0.00828
4608.53491	-0.0044
4607.03427	-0.00572
4605.53364	-0.00299
4604.03301	-0.00875
4602.53238	-4.48294E-4
4601.03174	0.00265
4599.53111	-0.00239
4598.03048	-0.00437
4596.52985	-0.00589
4595.02921	-0.0084
4593.52858	-0.00818
4592.02795	-0.00729
4590.52732	0.00198
4589.02668	-0.00135
4587.52605	-0.00347
4586.02542	-1.24979E-4
4584.52478	-0.00393
4583.02415	-0.01232
4581.52352	-0.00383
4580.02289	8.7168E-4
4578.52225	-0.00819
4577.02162	-0.0031
4575.52099	-0.00133
4574.02036	-0.00803
4572.51973	-0.00668
4571.01909	-0.00772
4569.51846	-0.00726
4568.01783	-0.00802
4566.5172	-0.00144
4565.01656	-0.01109
4563.51593	-0.00673
4562.0153	-0.0044
4560.51466	-0.00405
4559.01403	-0.00524
4557.5134	-0.00173
4556.01277	-0.00436
4554.51213	-0.01074
4553.0115	-6.66351E-4
4551.51087	-0.00113
4550.01024	0.00261
4548.5096	-0.00546
4547.00897	-0.00127
4545.50834	-0.00553
4544.00771	-0.00547
4542.50707	-0.00397
4541.00644	-0.00138
4539.50581	0.00426
4538.00518	-0.00892
4536.50454	-0.01257
4535.00391	-0.00467
4533.50328	6.22294E-4
4532.00265	-0.00917
4530.50201	-1.38376E-4
4529.00138	-0.00664
4527.50075	-0.00493
4526.00012	-0.00661
4524.49948	-0.00673
4522.99885	-0.00321
4521.49822	-0.01195
4519.99759	-0.00316
4518.49695	-0.00303
4516.99632	-0.00345
4515.49569	-0.00296
4513.99506	-0.00957
4512.49442	-0.0087
4510.99379	-0.00677
4509.49316	-0.00358
4507.99253	-0.00339
4506.49189	-0.00827
4504.99126	-0.00667
4503.49063	-0.0066
4501.98999	-0.00313
4500.48936	-0.00861
4498.98873	-0.00291
4497.4881	-0.01237
4495.98747	-0.00154
4494.48683	-0.00918
4492.9862	3.98247E-4
4491.48557	-0.0086
4489.98494	-0.00938
4488.4843	-0.00286
4486.98367	-0.00568
4485.48304	-0.00478
4483.9824	-0.00632
4482.48177	-0.00669
4480.98114	-0.00251
4479.48051	-0.00889
4477.97987	-4.18103E-4
4476.47924	-0.00707
4474.97861	-0.00226
4473.47798	-0.00405
4471.97734	-0.00128
4470.47671	-0.00649
4468.97608	-0.00389
4467.47545	-0.00672
4465.97481	0.00156
4464.47418	-9.55119E-4
4462.97355	-8.33454E-4
4461.47292	-0.00625
4459.97228	-0.00305
4458.47165	-0.00502
4456.97102	-0.0022
4455.47039	-0.00169
4453.96975	-8.08464E-4
4452.46912	-0.00269
4450.96849	-0.00228
4449.46786	0.00191
4447.96722	-0.0035
4446.46659	-6.98139E-4
4444.96596	0.00232
4443.46533	-0.01013
4441.96469	7.87855E-4
4440.46406	0.00162
4438.96343	-0.00207
4437.4628	-0.00378
4435.96216	-0.00225
4434.46153	-0.00462
4432.9609	-0.00478
4431.46027	0.00379
4429.95963	-0.00345
4428.459	0.00372
4426.95837	-8.65495E-4
4425.45774	0.00294
4423.9571	-0.00397
4422.45647	7.505E-4
4420.95584	6.47165E-4
4419.45521	0.00244
4417.95457	0.00368
4416.45394	-0.00491
4414.95331	-0.00363
4413.45268	0.00267
4411.95204	-0.0027
4410.45141	-0.00399
4408.95078	0.00453
4407.45014	0.00217
4405.94951	7.41947E-4
4404.44888	-0.00656
4402.94825	0.00133
4401.44762	0.00178
4399.94698	0.0029
4398.44635	0.00381
4396.94572	-0.00143
4395.44509	0.00561
4393.94445	-0.00158
4392.44382	-0.00238
4390.94319	-3.44942E-4
4389.44255	0.00257
4387.94192	-0.00151
4386.44129	0.00367
4384.94066	0.00679
4383.44002	0.00454
4381.93939	-9.83075E-4
4380.43876	0.00242
4378.93813	0.004
4377.43749	0.00849
4375.93686	7.48169E-4
4374.43623	5.8648E-4
4372.9356	0.00613
4371.43496	-0.00226
4369.93433	0.00267
4368.4337	0.00104
4366.93307	0.00212
4365.43243	0.00357
4363.9318	0.0075
4362.43117	0.00105
4360.93054	-0.00302
4359.4299	0.00264
4357.92927	0.00215
4356.42864	0.00204
4354.92801	0.00812
4353.42737	0.00128
4351.92674	-9.85853E-4
4350.42611	0.00482
4348.92548	0.00468
4347.42484	0.00314
4345.92421	-5.1609E-5
4344.42358	-0.00291
4342.92295	1.99013E-4
4341.42231	0.00608
4339.92168	3.35635E-4
4338.42105	0.0024
4336.92041	0.00724
4335.41978	0.00595
4333.91915	0.0044
4332.41852	0.00388
4330.91788	0.00517
4329.41725	8.29813E-4
4327.91662	0.00893
4326.41599	0.0056
4324.91536	-3.57254E-4
4323.41472	0.00409
4321.91409	0.00383
4320.41346	0.00284
4318.91283	-0.0029
4317.41219	-0.00281
4315.91156	0.0046
4314.41093	0.00109
4312.91029	0.00217
4311.40966	0.00335
4309.90903	-0.00122
4308.4084	-5.38315E-5
4306.90776	0.00303
4305.40713	0.00153
4303.9065	0.00131
4302.40587	0.00825
4300.90523	0.00506
4299.4046	0.00956
4297.90397	0.00647
4296.40334	0.00579
4294.9027	0.00354
4293.40207	0.00538
4291.90144	1.91591E-4
4290.40081	0.00554
4288.90017	0.00702
4287.39954	0.00669
4285.89891	0.00637
4284.39828	0.00436
4282.89764	0.00711
4281.39701	-0.00209
4279.89638	0.0041
4278.39575	0.0057
4276.89511	2.75702E-4
4275.39448	-0.00571
4273.89385	0.00215
4272.39322	-0.00121
4270.89258	0.008
4269.39195	-0.00697
4267.89132	0.00466
4266.39069	0.00252
4264.89005	0.00229
4263.38942	-9.74499E-4
4261.88879	0.00604
4260.38816	7.90124E-4
4258.88752	0.00389
4257.38689	0.00732
4255.88626	0.00622
4254.38563	0.01223
4252.88499	0.00577
4251.38436	0.01183
4249.88373	-0.00445
4248.3831	8.30612E-4
4246.88246	0.00343
4245.38183	-0.00451
4243.8812	0.00408
4242.38057	0.00521
4240.87993	-8.05832E-4
4239.3793	0.00285
4237.87867	0.00351
4236.37803	-0.00165
4234.8774	-0.0016
4233.37677	0.0063
4231.87614	0.00217
4230.3755	0.0091
4228.87487	0.00459
4227.37424	0.00585
4225.87361	-5.49721E-4
4224.37298	-2.0641E-4
4222.87234	0.00826
4221.37171	0.00306
4219.87108	6.43523E-4
4218.37044	0.00585
4216.86981	0.00243
4215.36918	0.00572
4213.86855	-0.00129
4212.36791	0.00628
4210.86728	0.00467
4209.36665	0.00154
4207.86602	0.00192
4206.36538	0.00668
4204.86475	-9.52366E-4
4203.36412	0.00359
4201.86349	0.00353
4200.36285	-3.54324E-5
4198.86222	0.00744
4197.36159	-6.8881E-4
4195.86096	-4.06499E-4
4194.36032	0.00321
4192.85969	0.00582
4191.35906	0.00206
4189.85843	5.22745E-4
4188.35779	0.00303
4186.85716	-0.00277
4185.35653	6.69679E-4
4183.8559	0.00273
4182.35526	0.00335
4180.85463	0.00226
4179.354	-9.40077E-4
4177.85337	9.06234E-4
4176.35273	5.36545E-4
4174.8521	0.00179
4173.35147	5.13167E-4
4171.85084	3.35479E-4
4170.3502	0.00562
4168.84957	0.00195
4167.34894	0.00216
4165.84831	-1.72277E-4
4164.34767	0.00368
4162.84704	0.00143
4161.34641	4.10656E-4
4159.84577	0.00551
4158.34514	0.00211
4156.84451	0.00176
4155.34388	0.00341
4153.84325	0.00197
4152.34261	7.14523E-4
4150.84198	-0.00102
4149.34135	-4.06855E-4
4147.84072	-0.00148
4146.34008	0.00387
4144.83945	0.00133
4143.33882	0.00137
4141.83818	0.00512
4140.33755	8.47012E-4
4138.83692	8.95323E-4
4137.33629	8.33634E-4
4135.83565	5.31945E-4
4134.33502	-0.00188
4132.83439	0.0022
4131.33376	0.0046
4129.83312	-4.93811E-4
4128.33249	8.405E-4
4126.83186	-3.47188E-4
4125.33123	0.00104
4123.83059	-4.48566E-4
4122.32996	-0.00199
4120.82933	-7.08944E-4
4119.3287	-0.00325
4117.82806	4.46678E-4
4116.32743	1.94989E-4
4114.8268	0.00146
4113.32617	-0.00152
4111.82553	0.00116
4110.3249	3.79234E-4
4108.82427	5.21545E-4
4107.32364	0.00104
4105.823	0.00145
4104.32237	1.08478E-4
4102.82174	-0.00328
4101.32111	0.0036
4099.82047	0.00233
4098.31984	0.00285
4096.81921	0.00171
4095.31858	0.00104
4093.81794	2.66557E-5
4092.31731	-0.00109
4090.81668	0.00342
4089.31605	0.00346
4087.81541	4.969E-4
4086.31478	0.00175
4084.81415	0.00232
4083.31352	0.00169
4081.81288	-1.33855E-4
4080.31225	0.00214
4078.81162	-0.0018
4077.31099	8.28078E-4
4075.81035	3.43889E-5
4074.30972	1.607E-4
4072.80909	0.00272
4071.30845	-5.05678E-4
4069.80782	-2.63667E-5
4068.30719	-0.00236
4066.80656	-0.00302
4065.30593	0.00101
4063.80529	0.00108
4062.30466	-0.00206
4060.80403	0.00375
4059.30339	0.00264
4057.80276	9.40122E-4
4056.30213	-0.00256
4054.8015	-0.00257
4053.30087	0.00119
4051.80023	-7.31633E-4
4050.2996	-0.00254
4048.79897	0.00102
4047.29833	-9.187E-4
4045.7977	0.00251
4044.29707	-0.00418
4042.79644	-0.00228
4041.2958	-0.00102
4039.79517	-0.0016
4038.29454	4.51664E-5
4036.79391	-0.00112
4035.29327	5.42163E-4
4033.79264	-0.0035
4032.29201	-0.00127
4030.79138	-8.51563E-4
4029.29074	0.00129
4027.79011	-0.00128
4026.28948	-0.00268
4024.78885	-0.00125
4023.28821	0.00161
4021.78758	-0.00187
4020.28695	2.57743E-4
4018.78632	0.00389
4017.28568	0.001
4015.78505	3.11017E-4
4014.28442	0.00212
4012.78379	-0.00177
4011.28315	2.06291E-4
4009.78252	0.00184
4008.28189	-0.00168
4006.78126	-0.00154
4005.28062	-0.0023
4003.77999	4.60817E-5
4002.27936	0.0024
4000.77873	0.00116
3999.27809	-0.00224
3997.77746	1.40114E-4
3996.27683	1.87195E-6
3994.77619	0.00247
3993.27556	-0.00133
3991.77493	0.00482
3990.2743	-1.48096E-4
3988.77367	0.00305
3987.27303	-0.00345
3985.7724	0.00426
3984.27177	0.00217
3982.77113	-8.97306E-4
3981.2705	-8.67548E-4
3979.76987	-0.00305
3978.26924	-5.25031E-4
3976.76861	-9.58273E-4
3975.26797	0.00329
3973.76734	0.0021
3972.26671	0.0038
3970.76608	0.00244
3969.26544	0.0065
3967.76481	-9.57725E-4
3966.26418	6.03033E-4
3964.76354	0.0026
3963.26291	-2.92451E-4
3961.76228	0.00188
3960.26165	6.90065E-4
3958.76101	-0.00188
3957.26038	0.00332
3955.75975	0.00197
3954.25912	5.41097E-4
3952.75848	-8.22144E-4
3951.25785	9.46614E-4
3949.75722	-0.00207
3948.25659	7.6913E-4
3946.75595	0.00188
3945.25532	-1.73354E-4
3943.75469	-0.00284
3942.25406	-0.00137
3940.75342	0.00211
3939.25279	7.51678E-4
3937.75216	0.00399
3936.25153	0.00162
3934.75089	9.41952E-4
3933.25026	9.3371E-4
3931.74963	1.76468E-4
3930.249	0.00226
3928.74836	5.37984E-4
3927.24773	-4.79258E-4
3925.7471	0.00145
3924.24647	5.30259E-4
3922.74583	-0.00316
3921.2452	-0.00151
3919.74457	6.05533E-4
3918.24394	0.00118
3916.7433	-8.99951E-4
3915.24267	9.30807E-4
3913.74204	0.00135
3912.24141	-2.26677E-4
3910.74077	-9.47919E-4
3909.24014	-0.00269
3907.73951	-1.22403E-4
3906.23888	0.0018
3904.73824	-2.53887E-4
3903.23761	-3.17129E-4
3901.73698	0.00236
3900.23634	0.00369
3898.73571	0.00259
3897.23508	-7.07096E-4
3895.73445	-0.00158
3894.23382	-6.2758E-4
3892.73318	9.34178E-4
3891.23255	-4.22064E-4
3889.73192	0.00542
3888.23128	1.10452E-4
3886.73065	3.6621E-4
3885.23002	5.42968E-4
3883.72939	0.00187
3882.22876	-9.96516E-4
3880.72812	-4.74758E-4
3879.22749	0.00318
3877.72686	-0.00131
3876.22622	0.00262
3874.72559	7.73274E-4
3873.22496	9.24032E-4
3871.72433	-0.00105
3870.22369	-0.00277
3868.72306	4.56307E-4
3867.22243	8.12065E-4
3865.7218	-0.0012
3864.22116	3.09581E-4
3862.72053	7.59339E-4
3861.2199	-0.00376
3859.71927	-3.10145E-4
3858.21863	-0.00408
3856.718	0.00202
3855.21737	0.00136
3853.71674	-6.44113E-4
3852.2161	-0.00161
3850.71547	-0.0014
3849.21484	0.00194
3847.71421	6.35919E-4
3846.21357	2.06677E-4
3844.71294	0.00263
3843.21231	0.00195
3841.71168	0.0015
3840.21104	-8.0429E-4
3838.71041	6.41468E-4
3837.20978	-1.27742E-5
3835.70915	-0.00111
3834.20851	-0.00187
3832.70788	6.645E-4
3831.20725	-0.00155
3829.70662	0.00173
3828.20598	0.00227
3826.70535	0.00209
3825.20472	0.00215
3823.70408	0.00402
3822.20345	-0.00159
3820.70282	0.0019
3819.20219	0.00185
3817.70156	0.0019
3816.20092	-0.0014
3814.70029	0.00325
3813.19966	-4.18645E-4
3811.69902	-1.25887E-4
3810.19839	-0.00219
3808.69776	0.00149
3807.19713	0.00122
3805.6965	-5.78551E-5
3804.19586	0.00113
3802.69523	0.00355
3801.1946	0.00178
3799.69396	8.47177E-4
3798.19333	0.00168
3796.6927	0.00114
3795.19207	-0.00331
3793.69143	5.17209E-4
3792.1908	1.67967E-4
3790.69017	-0.00169
3789.18954	-0.00139
3787.6889	0.00201
3786.18827	5.49E-4
3784.68764	6.67758E-4
3783.18701	8.21516E-4
3781.68637	-0.00302
3780.18574	0.0021
3778.68511	0.00306
3777.18448	-9.09452E-4
3775.68384	3.47306E-4
3774.18321	-0.00127
3772.68258	-0.00276
3771.18195	7.8458E-4
3769.68131	7.37338E-4
3768.18068	1.65096E-4
3766.68005	-8.56146E-4
3765.17942	0.00316
3763.67878	0.00106
3762.17815	2.91285E-5
3760.67752	4.38866E-5
3759.17689	0.00191
3757.67625	0.00174
3756.17562	0.00256
3754.67499	0.00136
3753.17436	-1.66323E-4
3751.67372	3.76435E-4
3750.17309	0.00199
3748.67246	0.00399
3747.17183	-4.87291E-4
3745.67119	0.00109
3744.17056	0.00173
3742.66993	-2.11017E-4
3741.1693	3.47741E-4
3739.66866	-0.00177
3738.16803	-0.00298
3736.6674	-7.28985E-4
3735.16676	-1.16226E-4
3733.66613	6.24532E-4
3732.1655	0.00156
3730.66487	2.10477E-5
3729.16424	6.28806E-4
3727.6636	5.56378E-6
3726.16297	0.00234
3724.66234	0.00131
3723.1617	0.00252
3721.66107	9.01596E-4
3720.16044	-0.00182
3718.65981	-1.13888E-4
3717.15917	0.00437
3715.65854	7.15628E-4
3714.15791	-6.86137E-5
3712.65728	6.83144E-4
3711.15665	0.00397
3709.65601	4.4266E-4
3708.15538	0.00151
3706.65475	0.00301
3705.15411	0.00234
3703.65348	0.00193
3702.15285	0.00506
3700.65222	0.00649
3699.15158	0.00616
3697.65095	0.00249
3696.15032	-7.55549E-6
3694.64969	0.0023
3693.14905	0.00245
3691.64842	0.0011
3690.14779	0.00118
3688.64716	6.85166E-4
3687.14652	-0.00229
3685.64589	0.00128
3684.14526	-6.44402E-4
3682.64463	0.00137
3681.14399	0.00216
3679.64336	0.00141
3678.14273	0.00308
3676.6421	0.00173
3675.14146	-0.00133
3673.64083	0.00285
3672.1402	2.17752E-4
3670.63957	0.00218
3669.13893	-3.0996E-4
3667.6383	1.11846E-5
3666.13767	-0.00109
3664.63704	7.06473E-4
3663.1364	0.00101
3661.63577	0.00209
3660.13514	0.00158
3658.63451	0.00199
3657.13387	0.00133
3655.63324	0.00256
3654.13261	0.0047
3652.63197	0.00288
3651.13134	0.00439
3649.63071	0.00303
3648.13008	0.00413
3646.62945	0.00263
3645.12881	0.00275
3643.62818	0.00437
3642.12755	0.00267
3640.62691	0.00347
3639.12628	0.00268
3637.62565	0.00609
3636.12502	0.00534
3634.62439	0.00353
3633.12375	0.00734
3631.62312	0.00525
3630.12249	0.00684
3628.62185	0.00754
3627.12122	0.00607
3625.62059	0.00724
3624.11996	0.00814
3622.61932	0.00442
3621.11869	0.00579
3619.61806	0.00491
3618.11743	0.00905
3616.61679	0.00598
3615.11616	0.00857
3613.61553	0.00831
3612.1149	0.00763
3610.61426	0.01077
3609.11363	0.00902
3607.613	0.00974
3606.11237	0.01183
3604.61173	0.00978
3603.1111	0.00832
3601.61047	0.00901
3600.10984	0.01093
3598.6092	0.01184
3597.10857	0.01193
3595.60794	0.01302
3594.10731	0.01151
3592.60667	0.01173
3591.10604	0.0122
3589.60541	0.01148
3588.10478	0.01325
3586.60414	0.0162
3585.10351	0.01334
3583.60288	0.01386
3582.10225	0.01272
3580.60161	0.01524
3579.10098	0.012
3577.60035	0.01159
3576.09972	0.01399
3574.59908	0.01285
3573.09845	0.01327
3571.59782	0.01209
3570.09719	0.01529
3568.59655	0.01397
3567.09592	0.01391
3565.59529	0.01352
3564.09465	0.01458
3562.59402	0.01474
3561.09339	0.0143
3559.59276	0.01472
3558.09213	0.01572
3556.59149	0.0155
3555.09086	0.01564
3553.59023	0.01752
3552.08959	0.01626
3550.58896	0.01791
3549.08833	0.01808
3547.5877	0.01895
3546.08707	0.01791
3544.58643	0.01979
3543.0858	0.01636
3541.58517	0.01638
3540.08453	0.01826
3538.5839	0.01844
3537.08327	0.01978
3535.58264	0.02072
3534.082	0.01955
3532.58137	0.02007
3531.08074	0.01822
3529.58011	0.02043
3528.07947	0.02059
3526.57884	0.02242
3525.07821	0.02152
3523.57758	0.01909
3522.07694	0.01953
3520.57631	0.01983
3519.07568	0.02201
3517.57505	0.01977
3516.07441	0.02018
3514.57378	0.02133
3513.07315	0.0195
3511.57252	0.0241
3510.07188	0.02165
3508.57125	0.02119
3507.07062	0.02037
3505.56999	0.02437
3504.06935	0.02251
3502.56872	0.02214
3501.06809	0.02164
3499.56746	0.02181
3498.06682	0.02161
3496.56619	0.0233
3495.06556	0.0229
3493.56493	0.02489
3492.06429	0.02252
3490.56366	0.02325
3489.06303	0.02329
3487.56239	0.02548
3486.06176	0.02352
3484.56113	0.02538
3483.0605	0.02392
3481.55987	0.02433
3480.05923	0.02594
3478.5586	0.02414
3477.05797	0.02546
3475.55733	0.02476
3474.0567	0.02336
3472.55607	0.0255
3471.05544	0.02317
3469.55481	0.02707
3468.05417	0.0282
3466.55354	0.02493
3465.05291	0.02766
3463.55228	0.02422
3462.05164	0.02742
3460.55101	0.02607
3459.05038	0.02438
3457.54974	0.02531
3456.04911	0.02667
3454.54848	0.02475
3453.04785	0.02574
3451.54721	0.02891
3450.04658	0.02633
3448.54595	0.02757
3447.04532	0.02669
3445.54468	0.02671
3444.04405	0.02752
3442.54342	0.02603
3441.04279	0.02802
3439.54215	0.02793
3438.04152	0.02776
3436.54089	0.02713
3435.04026	0.02807
3433.53962	0.02817
3432.03899	0.03004
3430.53836	0.02755
3429.03773	0.0279
3427.53709	0.02851
3426.03646	0.02711
3424.53583	0.02851
3423.0352	0.03114
3421.53456	0.02727
3420.03393	0.02853
3418.5333	0.02864
3417.03267	0.0288
3415.53203	0.02871
3414.0314	0.0297
3412.53077	0.0297
3411.03014	0.03216
3409.5295	0.02633
3408.02887	0.02838
3406.52824	0.02923
3405.02761	0.02982
3403.52697	0.03004
3402.02634	0.02941
3400.52571	0.03283
3399.02508	0.03073
3397.52444	0.02983
3396.02381	0.03165
3394.52318	0.03063
3393.02254	0.03075
3391.52191	0.02935
3390.02128	0.03198
3388.52065	0.02878
3387.02002	0.03069
3385.51938	0.02956
3384.01875	0.03227
3382.51812	0.0307
3381.01748	0.03112
3379.51685	0.0333
3378.01622	0.0324
3376.51559	0.03244
3375.01496	0.03183
3373.51432	0.03154
3372.01369	0.03198
3370.51306	0.03508
3369.01242	0.03371
3367.51179	0.0343
3366.01116	0.03612
3364.51053	0.03324
3363.00989	0.03444
3361.50926	0.03338
3360.00863	0.03585
3358.508	0.03609
3357.00736	0.03521
3355.50673	0.03784
3354.0061	0.03939
3352.50547	0.03629
3351.00483	0.03707
3349.5042	0.03967
3348.00357	0.03815
3346.50294	0.03954
3345.0023	0.03894
3343.50167	0.04004
3342.00104	0.04308
3340.50041	0.04129
3338.99977	0.04257
3337.49914	0.04454
3335.99851	0.0456
3334.49788	0.04381
3332.99724	0.04378
3331.49661	0.04473
3329.99598	0.04603
3328.49535	0.0453
3326.99471	0.0458
3325.49408	0.0477
3323.99345	0.04696
3322.49282	0.04696
3320.99218	0.04963
3319.49155	0.04898
3317.99092	0.05162
3316.49028	0.05074
3314.98965	0.05291
3313.48902	0.0538
3311.98839	0.05205
3310.48776	0.05441
3308.98712	0.05323
3307.48649	0.05499
3305.98586	0.05688
3304.48522	0.05741
3302.98459	0.05803
3301.48396	0.06124
3299.98333	0.05994
3298.4827	0.06135
3296.98206	0.06285
3295.48143	0.06171
3293.9808	0.06283
3292.48016	0.06307
3290.97953	0.06535
3289.4789	0.06542
3287.97827	0.06505
3286.47764	0.06808
3284.977	0.0681
3283.47637	0.0673
3281.97574	0.07019
3280.4751	0.07209
3278.97447	0.07229
3277.47384	0.0727
3275.97321	0.07548
3274.47257	0.07512
3272.97194	0.07651
3271.47131	0.07686
3269.97068	0.07781
3268.47004	0.07897
3266.96941	0.08071
3265.46878	0.07847
3263.96815	0.08107
3262.46751	0.08189
3260.96688	0.08422
3259.46625	0.08379
3257.96562	0.08609
3256.46498	0.08719
3254.96435	0.08809
3253.46372	0.08997
3251.96309	0.08836
3250.46245	0.09081
3248.96182	0.09471
3247.46119	0.09358
3245.96056	0.09511
3244.45992	0.09524
3242.95929	0.09554
3241.45866	0.09744
3239.95803	0.09933
3238.45739	0.09993
3236.95676	0.1002
3235.45613	0.09957
3233.9555	0.10154
3232.45486	0.10466
3230.95423	0.10311
3229.4536	0.10562
3227.95296	0.10472
3226.45233	0.10519
3224.9517	0.10595
3223.45107	0.10753
3221.95044	0.11065
3220.4498	0.11256
3218.94917	0.11155
3217.44854	0.11291
3215.9479	0.11351
3214.44727	0.11387
3212.94664	0.11764
3211.44601	0.1186
3209.94537	0.11948
3208.44474	0.11965
3206.94411	0.12091
3205.44348	0.12038
3203.94285	0.12305
3202.44221	0.12579
3200.94158	0.12579
3199.44095	0.1263
3197.94031	0.12753
3196.43968	0.12997
3194.93905	0.13148
3193.43842	0.13015
3191.93778	0.13422
3190.43715	0.13489
3188.93652	0.13754
3187.43589	0.13671
3185.93525	0.13953
3184.43462	0.14033
3182.93399	0.14585
3181.43336	0.14376
3179.93272	0.14696
3178.43209	0.14651
3176.93146	0.14907
3175.43083	0.1519
3173.93019	0.15193
3172.42956	0.15586
3170.92893	0.1562
3169.4283	0.15636
3167.92766	0.1573
3166.42703	0.15907
3164.9264	0.1617
3163.42577	0.16121
3161.92513	0.16248
3160.4245	0.16475
3158.92387	0.16684
3157.42324	0.16604
3155.9226	0.17076
3154.42197	0.17093
3152.92134	0.16904
3151.42071	0.1704
3149.92007	0.17442
3148.41944	0.17457
3146.91881	0.17545
3145.41817	0.1767
3143.91754	0.17719
3142.41691	0.17752
3140.91628	0.17887
3139.41565	0.18123
3137.91501	0.18038
3136.41438	0.18278
3134.91375	0.18501
3133.41311	0.18481
3131.91248	0.18756
3130.41185	0.18753
3128.91122	0.18762
3127.41059	0.19012
3125.90995	0.19316
3124.40932	0.19317
3122.90869	0.19363
3121.40805	0.19545
3119.90742	0.19418
3118.40679	0.19767
3116.90616	0.19875
3115.40553	0.20118
3113.90489	0.19967
3112.40426	0.20202
3110.90363	0.2054
3109.40299	0.20417
3107.90236	0.20542
3106.40173	0.20778
3104.9011	0.20701
3103.40046	0.20679
3101.89983	0.20934
3100.3992	0.21067
3098.89857	0.20921
3097.39793	0.21159
3095.8973	0.21225
3094.39667	0.21324
3092.89604	0.21501
3091.3954	0.21685
3089.89477	0.21892
3088.39414	0.22187
3086.89351	0.22543
3085.39287	0.22768
3083.89224	0.23038
3082.39161	0.23577
3080.89098	0.23753
3079.39034	0.24232
3077.88971	0.24445
3076.38908	0.24951
3074.88845	0.25043
3073.38781	0.25697
3071.88718	0.2611
3070.38655	0.2655
3068.88592	0.268
3067.38528	0.26853
3065.88465	0.27397
3064.38402	0.27375
3062.88339	0.27597
3061.38275	0.27609
3059.88212	0.27127
3058.38149	0.27588
3056.88085	0.27424
3055.38022	0.27352
3053.87959	0.27435
3052.37896	0.27322
3050.87833	0.27405
3049.37769	0.2722
3047.87706	0.27129
3046.37643	0.27112
3044.87579	0.26721
3043.37516	0.2677
3041.87453	0.26602
3040.3739	0.26355
3038.87327	0.26208
3037.37263	0.25488
3035.872	0.25153
3034.37137	0.24926
3032.87073	0.244
3031.3701	0.24012
3029.86947	0.2352
3028.36884	0.23249
3026.8682	0.22883
3025.36757	0.22579
3023.86694	0.22356
3022.36631	0.2169
3020.86567	0.21714
3019.36504	0.21516
3017.86441	0.21445
3016.36378	0.21347
3014.86314	0.2135
3013.36251	0.2121
3011.86188	0.21393
3010.36125	0.2126
3008.86061	0.21556
3007.35998	0.21866
3005.85935	0.21988
3004.35872	0.22009
3002.85808	0.22358
3001.35745	0.22425
2999.85682	0.22743
2998.35619	0.23102
2996.85555	0.2335
2995.35492	0.23694
2993.85429	0.23676
2992.35366	0.24297
2990.85302	0.24512
2989.35239	0.24644
2987.85176	0.25248
2986.35113	0.25322
2984.85049	0.25582
2983.34986	0.25807
2981.84923	0.25836
2980.3486	0.26141
2978.84796	0.26136
2977.34733	0.26252
2975.8467	0.26579
2974.34607	0.26569
2972.84543	0.26601
2971.3448	0.26632
2969.84417	0.26896
2968.34353	0.26677
2966.8429	0.27311
2965.34227	0.27292
2963.84164	0.27062
2962.34101	0.27618
2960.84037	0.27434
2959.33974	0.27521
2957.83911	0.27388
2956.33848	0.27476
2954.83784	0.27681
2953.33721	0.27726
2951.83658	0.27515
2950.33594	0.27496
2948.83531	0.27265
2947.33468	0.26965
2945.83405	0.2661
2944.33341	0.26481
2942.83278	0.26334
2941.33215	0.26379
2939.83152	0.25803
2938.33088	0.25553
2936.83025	0.25343
2935.32962	0.25559
2933.82899	0.25287
2932.32835	0.24865
2930.82772	0.24671
2929.32709	0.24293
2927.82646	0.24227
2926.32582	0.24231
2924.82519	0.23937
2923.32456	0.23834
2921.82393	0.23371
2920.32329	0.23327
2918.82266	0.23158
2917.32203	0.23083
2915.8214	0.22868
2914.32076	0.22965
2912.82013	0.22563
2911.3195	0.22488
2909.81887	0.22248
2908.31823	0.22228
2906.8176	0.21895
2905.31697	0.21783
2903.81634	0.21564
2902.3157	0.21013
2900.81507	0.21057
2899.31444	0.20694
2897.81381	0.20476
2896.31317	0.20153
2894.81254	0.19931
2893.31191	0.19499
2891.81128	0.19123
2890.31064	0.18688
2888.81001	0.18651
2887.30938	0.18069
2885.80874	0.17699
2884.30811	0.17264
2882.80748	0.16918
2881.30685	0.16536
2879.80622	0.16377
2878.30558	0.15978
2876.80495	0.15679
2875.30432	0.15473
2873.80368	0.15268
2872.30305	0.14931
2870.80242	0.14936
2869.30179	0.14763
2867.80116	0.14503
2866.30052	0.14278
2864.79989	0.14309
2863.29926	0.14201
2861.79862	0.14052
2860.29799	0.13937
2858.79736	0.13863
2857.29673	0.13761
2855.79609	0.13732
2854.29546	0.13673
2852.79483	0.13352
2851.2942	0.13359
2849.79356	0.1328
2848.29293	0.1305
2846.7923	0.12905
2845.29167	0.12838
2843.79103	0.12778
2842.2904	0.12705
2840.78977	0.12555
2839.28914	0.12746
2837.7885	0.12733
2836.28787	0.12839
2834.78724	0.12878
2833.28661	0.12902
2831.78597	0.13181
2830.28534	0.13039
2828.78471	0.13262
2827.28408	0.13488
2825.78344	0.13552
2824.28281	0.13583
2822.78218	0.13517
2821.28155	0.13632
2819.78091	0.13478
2818.28028	0.13786
2816.77965	0.13449
2815.27902	0.13539
2813.77838	0.13644
2812.27775	0.135
2810.77712	0.13639
2809.27648	0.13507
2807.77585	0.13753
2806.27522	0.14008
2804.77459	0.14046
2803.27396	0.1405
2801.77332	0.14339
2800.27269	0.14611
2798.77206	0.14846
2797.27142	0.14903
2795.77079	0.15106
2794.27016	0.15525
2792.76953	0.15651
2791.2689	0.16081
2789.76826	0.16315
2788.26763	0.16389
2786.767	0.16652
2785.26636	0.16801
2783.76573	0.16956
2782.2651	0.17197
2780.76447	0.17252
2779.26384	0.17497
2777.7632	0.17385
2776.26257	0.17606
2774.76194	0.17879
2773.2613	0.18008
2771.76067	0.17702
2770.26004	0.18
2768.75941	0.17857
2767.25877	0.17813
2765.75814	0.17683
2764.25751	0.17627
2762.75688	0.17636
2761.25624	0.17321
2759.75561	0.17238
2758.25498	0.17167
2756.75435	0.16959
2755.25371	0.16769
2753.75308	0.16812
2752.25245	0.16575
2750.75182	0.16379
2749.25118	0.16269
2747.75055	0.16029
2746.24992	0.1594
2744.74929	0.16043
2743.24865	0.15936
2741.74802	0.15463
2740.24739	0.15247
2738.74676	0.15155
2737.24612	0.14769
2735.74549	0.14685
2734.24486	0.14531
2732.74423	0.1408
2731.24359	0.13714
2729.74296	0.13595
2728.24233	0.13112
2726.7417	0.12777
2725.24106	0.12474
2723.74043	0.12371
2722.2398	0.11929
2720.73916	0.11737
2719.23853	0.11396
2717.7379	0.10982
2716.23727	0.10759
2714.73664	0.10302
2713.236	0.10055
2711.73537	0.09885
2710.23474	0.09622
2708.7341	0.09413
2707.23347	0.09077
2705.73284	0.08813
2704.23221	0.08554
2702.73157	0.0827
2701.23094	0.08225
2699.73031	0.07972
2698.22968	0.07843
2696.72905	0.07552
2695.22841	0.07516
2693.72778	0.06994
2692.22715	0.07162
2690.72651	0.06826
2689.22588	0.06829
2687.72525	0.06517
2686.22462	0.06449
2684.72398	0.0632
2683.22335	0.06265
2681.72272	0.06324
2680.22209	0.06144
2678.72145	0.05964
2677.22082	0.06075
2675.72019	0.05988
2674.21956	0.05913
2672.71892	0.06029
2671.21829	0.05965
2669.71766	0.05891
2668.21703	0.05906
2666.71639	0.06116
2665.21576	0.05957
2663.71513	0.06012
2662.2145	0.06061
2660.71386	0.06245
2659.21323	0.06091
2657.7126	0.06246
2656.21197	0.0629
2654.71133	0.06245
2653.2107	0.06461
2651.71007	0.06544
2650.20944	0.0675
2648.7088	0.07002
2647.20817	0.06924
2645.70754	0.07243
2644.20691	0.07366
2642.70627	0.0761
2641.20564	0.07728
2639.70501	0.07807
2638.20437	0.07992
2636.70374	0.0833
2635.20311	0.08429
2633.70248	0.0863
2632.20185	0.08703
2630.70121	0.09259
2629.20058	0.09144
2627.69995	0.09298
2626.19931	0.09439
2624.69868	0.09563
2623.19805	0.09605
2621.69742	0.09615
2620.19679	0.09794
2618.69615	0.09707
2617.19552	0.09691
2615.69489	0.09664
2614.19425	0.09807
2612.69362	0.09778
2611.19299	0.0969
2609.69236	0.09812
2608.19173	0.09799
2606.69109	0.09945
2605.19046	0.09886
2603.68983	0.10136
2602.18919	0.1018
2600.68856	0.10333
2599.18793	0.10447
2597.6873	0.10516
2596.18666	0.10784
2594.68603	0.11012
2593.1854	0.11168
2591.68477	0.11444
2590.18413	0.11499
2588.6835	0.11825
2587.18287	0.11752
2585.68224	0.12045
2584.1816	0.1221
2582.68097	0.12202
2581.18034	0.12324
2579.67971	0.12061
2578.17907	0.12081
2576.67844	0.11978
2575.17781	0.11755
2573.67718	0.11637
2572.17654	0.11268
2570.67591	0.111
2569.17528	0.10722
2567.67465	0.10649
2566.17401	0.10369
2564.67338	0.10064
2563.17275	0.09776
2561.67212	0.09469
2560.17148	0.09186
2558.67085	0.0894
2557.17022	0.08868
2555.66959	0.0857
2554.16895	0.08264
2552.66832	0.08047
2551.16769	0.07925
2549.66705	0.07828
2548.16642	0.07506
2546.66579	0.07254
2545.16516	0.07046
2543.66453	0.06856
2542.16389	0.06692
2540.66326	0.06505
2539.16263	0.06382
2537.66199	0.0632
2536.16136	0.06028
2534.66073	0.05822
2533.1601	0.05735
2531.65947	0.05728
2530.15883	0.05557
2528.6582	0.05315
2527.15757	0.05274
2525.65693	0.05076
2524.1563	0.04855
2522.65567	0.05112
2521.15504	0.04919
2519.6544	0.04713
2518.15377	0.04591
2516.65314	0.04479
2515.15251	0.04454
2513.65187	0.04382
2512.15124	0.04169
2510.65061	0.04221
2509.14998	0.04381
2507.64934	0.04076
2506.14871	0.04091
2504.64808	0.03912
2503.14745	0.0406
2501.64681	0.0394
2500.14618	0.03844
2498.64555	0.03788
2497.14492	0.03852
2495.64428	0.03768
2494.14365	0.03734
2492.64302	0.03649
2491.14239	0.03626
2489.64175	0.03619
2488.14112	0.03755
2486.64049	0.03546
2485.13986	0.03466
2483.63922	0.03568
2482.13859	0.03462
2480.63796	0.03495
2479.13733	0.03427
2477.63669	0.03305
2476.13606	0.03348
2474.63543	0.03439
2473.1348	0.03206
2471.63416	0.03163
2470.13353	0.03232
2468.6329	0.03217
2467.13227	0.03249
2465.63163	0.03155
2464.131	0.03106
2462.63037	0.02959
2461.12973	0.02983
2459.6291	0.02949
2458.12847	0.02954
2456.62784	0.03077
2455.1272	0.02904
2453.62657	0.02922
2452.12594	0.02844
2450.62531	0.02798
2449.12468	0.0295
2447.62404	0.0291
2446.12341	0.02769
2444.62278	0.02769
2443.12214	0.02705
2441.62151	0.02792
2440.12088	0.02766
2438.62025	0.02707
2437.11962	0.02729
2435.61898	0.0265
2434.11835	0.02556
2432.61772	0.02623
2431.11708	0.02623
2429.61645	0.02526
2428.11582	0.02517
2426.61519	0.02548
2425.11455	0.02471
2423.61392	0.02443
2422.11329	0.02386
2420.61266	0.02401
2419.11202	0.02219
2417.61139	0.02262
2416.11076	0.02301
2414.61013	0.02221
2413.10949	0.0217
2411.60886	0.02018
2410.10823	0.02058
2408.6076	0.01859
2407.10696	0.02082
2405.60633	0.01914
2404.1057	0.01872
2402.60507	0.01713
2401.10443	0.01725
2399.6038	0.01794
2398.10317	0.01749
2396.60254	0.0154
2395.1019	0.01578
2393.60127	0.01449
2392.10064	0.01429
2390.60001	0.01358
2389.09937	0.01321
2387.59874	0.0131
2386.09811	0.01237
2384.59748	0.0132
2383.09684	0.01346
2381.59621	0.01161
2380.09558	0.01241
2378.59494	0.01262
2377.09431	0.01089
2375.59368	0.01254
2374.09305	0.00884
2372.59242	0.00989
2371.09178	0.00937
2369.59115	0.00749
2368.09052	0.00724
2366.58988	0.00912
2365.08925	0.00961
2363.58862	0.00928
2362.08799	0.0079
2360.58736	0.00632
2359.08672	0.00627
2357.58609	0.00891
2356.08546	0.01345
2354.58482	0.01792
2353.08419	0.03284
2351.58356	0.05347
2350.08293	0.08379
2348.58229	0.12617
2347.08166	0.17569
2345.58103	0.22241
2344.0804	0.25078
2342.57976	0.24979
2341.07913	0.21
2339.5785	0.14331
2338.07787	0.08568
2336.57723	0.04917
2335.0766	0.02933
2333.57597	0.01887
2332.07534	0.01227
2330.5747	0.00933
2329.07407	0.00659
2327.57344	0.00902
2326.07281	0.01009
2324.57217	0.00851
2323.07154	0.00705
2321.57091	0.00489
2320.07028	0.00722
2318.56964	0.00728
2317.06901	0.00477
2315.56838	0.00471
2314.06775	0.00487
2312.56711	0.00603
2311.06648	0.00469
2309.56585	0.00384
2308.06522	0.00531
2306.56458	0.0061
2305.06395	0.00559
2303.56332	0.0051
2302.06269	0.00523
2300.56205	0.00417
2299.06142	0.00484
2297.56079	0.00323
2296.06016	0.00364
2294.55952	0.00527
2293.05889	0.00419
2291.55826	0.00311
2290.05762	0.00302
2288.55699	0.00507
2287.05636	0.0024
2285.55573	0.00283
2284.0551	0.00292
2282.55446	0.00296
2281.05383	0.00547
2279.5532	0.00677
2278.05256	0.00653
2276.55193	0.00569
2275.0513	0.00473
2273.55067	0.00217
2272.05004	0.00165
2270.5494	0.00168
2269.04877	0.00216
2267.54814	0.00236
2266.04751	0.00371
2264.54687	0.00208
2263.04624	0.00178
2261.54561	0.00329
2260.04497	0.00179
2258.54434	0.00157
2257.04371	0.00121
2255.54308	0.00186
2254.04244	0.00176
2252.54181	0.00188
2251.04118	9.55743E-4
2249.54055	0.00164
2248.03991	0.00222
2246.53928	0.00173
2245.03865	0.00167
2243.53802	0.00162
2242.03738	0.00105
2240.53675	0.00153
2239.03612	0.00166
2237.53549	0.00152
2236.03485	0.00124
2234.53422	0.00164
2233.03359	0.00236
2231.53296	0.00192
2230.03232	8.85124E-4
2228.53169	0.00187
2227.03106	0.00146
2225.53043	0.00207
2224.02979	9.96376E-4
2222.52916	0.00176
2221.02853	0.00139
2219.5279	0.00147
2218.02726	0.00179
2216.52663	0.00179
2215.026	3.99253E-4
2213.52536	3.83066E-4
2212.02473	0.00186
2210.5241	0.00105
2209.02347	0.00206
2207.52284	0.00241
2206.0222	0.00159
2204.52157	0.00143
2203.02094	0.00115
2201.52031	0.00184
2200.01967	0.00215
2198.51904	0.00111
2197.01841	0.00215
2195.51777	7.82432E-4
2194.01714	6.79598E-4
2192.51651	0.00122
2191.01588	0.00175
2189.51525	8.29097E-4
2188.01461	0.00163
2186.51398	0.00162
2185.01335	0.00139
2183.51271	0.00151
2182.01208	0.00218
2180.51145	0.00126
2179.01082	0.00212
2177.51018	0.00147
2176.00955	8.10594E-4
2174.50892	0.00206
2173.00829	0.00198
2171.50765	9.07093E-4
2170.00702	0.00209
2168.50639	0.00346
2167.00576	0.00245
2165.50512	0.00307
2164.00449	0.00255
2162.50386	0.00334
2161.00323	0.00204
2159.50259	0.00362
2158.00196	0.00332
2156.50133	0.00359
2155.0007	0.00459
2153.50006	0.00343
2151.99943	0.00284
2150.4988	0.00344
2148.99817	0.00389
2147.49753	0.00439
2145.9969	0.00278
2144.49627	0.00393
2142.99564	0.00255
2141.495	0.00336
2139.99437	0.00482
2138.49374	0.00268
2136.99311	0.00339
2135.49247	0.00403
2133.99184	0.00405
2132.49121	0.00308
2130.99058	0.00427
2129.48994	0.0029
2127.98931	0.00357
2126.48868	0.00373
2124.98805	0.00352
2123.48741	0.00299
2121.98678	0.00227
2120.48615	0.00274
2118.98551	0.00276
2117.48488	0.00333
2115.98425	0.00352
2114.48362	0.0023
2112.98299	0.00382
2111.48235	0.00317
2109.98172	0.00279
2108.48109	0.00367
2106.98045	0.00377
2105.47982	0.0047
2103.97919	0.00484
2102.47856	0.00398
2100.97793	0.00482
2099.47729	0.00477
2097.97666	0.00292
2096.47603	0.00407
2094.97539	0.00531
2093.47476	0.00503
2091.97413	0.00523
2090.4735	0.00509
2088.97286	0.00396
2087.47223	0.00409
2085.9716	0.00335
2084.47097	0.00429
2082.97033	0.003
2081.4697	0.00468
2079.96907	0.00377
2078.46844	0.00381
2076.9678	0.00345
2075.46717	0.0038
2073.96654	0.00344
2072.46591	0.00429
2070.96527	0.00367
2069.46464	0.00319
2067.96401	0.00327
2066.46338	0.00298
2064.96274	0.00362
2063.46211	0.00362
2061.96148	0.00384
2060.46085	0.00428
2058.96021	0.00312
2057.45958	0.00366
2055.95895	0.00329
2054.45832	0.00373
2052.95768	0.00496
2051.45705	0.00497
2049.95642	0.00354
2048.45579	0.00473
2046.95515	0.00527
2045.45452	0.00343
2043.95389	0.00396
2042.45325	0.00431
2040.95262	0.00471
2039.45199	0.00388
2037.95136	0.00333
2036.45072	0.00408
2034.95009	0.00422
2033.44946	0.00212
2031.94883	0.00332
2030.44819	0.00317
2028.94756	0.00278
2027.44693	0.00301
2025.9463	0.00353
2024.44566	0.00355
2022.94503	0.00157
2021.4444	0.0018
2019.94377	0.0018
2018.44313	0.00207
2016.9425	0.00204
2015.44187	0.00131
2013.94124	0.00174
2012.44061	0.00133
2010.93997	0.00211
2009.43934	6.37052E-4
2007.93871	6.18218E-4
2006.43807	8.48384E-4
2004.93744	0.00101
2003.43681	0.00184
2001.93618	0.00144
2000.43554	8.6105E-4
1998.93491	0.0019
1997.43428	9.62382E-4
1995.93365	0.00104
1994.43301	6.61715E-4
1992.93238	3.25881E-4
1991.43175	5.93047E-4
1989.93112	0.00104
1988.43048	0.00179
1986.92985	0.00155
1985.42922	8.48712E-4
1983.92859	6.80879E-4
1982.42795	0.00136
1980.92732	5.49211E-4
1979.42669	5.29378E-4
1977.92606	1.04544E-4
1976.42542	7.4171E-4
1974.92479	5.63876E-4
1973.42416	0.00121
1971.92353	0.00182
1970.42289	3.84375E-4
1968.92226	1.95542E-4
1967.42163	0.00123
1965.921	0.0017
1964.42036	6.55041E-4
1962.91973	0.00108
1961.4191	9.87373E-4
1959.91846	0.00135
1958.41783	1.85706E-4
1956.9172	0.00117
1955.41657	3.20382E-5
1953.91593	-3.27955E-5
1952.4153	4.25371E-4
1950.91467	0.00105
1949.41404	0.0015
1947.91341	0.00134
1946.41277	7.93036E-4
1944.91214	0.00122
1943.41151	0.00213
1941.91088	0.00146
1940.41024	0.00117
1938.90961	0.00213
1937.40898	0.00254
1935.90835	0.0025
1934.40771	0.00346
1932.90708	0.00351
1931.40645	0.00378
1929.90582	0.00383
1928.40518	0.00413
1926.90455	0.00514
1925.40392	0.00543
1923.90328	0.0058
1922.40265	0.00512
1920.90202	0.00531
1919.40139	0.00731
1917.90075	0.00607
1916.40012	0.0066
1914.89949	0.00794
1913.39886	0.00842
1911.89822	0.00766
1910.39759	0.00778
1908.89696	0.00871
1907.39633	0.0085
1905.89569	0.00934
1904.39506	0.00829
1902.89443	0.00934
1901.3938	0.01018
1899.89316	0.0086
1898.39253	0.00946
1896.8919	0.0099
1895.39127	0.00918
1893.89063	0.00844
1892.39	0.0095
1890.88937	0.00906
1889.38874	0.00718
1887.8881	0.00973
1886.38747	0.00889
1884.88684	0.00873
1883.38621	0.0091
1881.88557	0.00895
1880.38494	0.00746
1878.88431	0.00898
1877.38368	0.00932
1875.88304	0.00874
1874.38241	0.00898
1872.88178	0.00762
1871.38115	0.00767
1869.88051	0.00778
1868.37988	0.0083
1866.87925	0.0081
1865.37862	0.00773
1863.87798	0.00741
1862.37735	0.00807
1860.87672	0.00876
1859.37609	0.00845
1857.87545	0.00852
1856.37482	0.00788
1854.87419	0.00805
1853.37355	0.00741
1851.87292	0.00778
1850.37229	0.00948
1848.87166	0.00863
1847.37102	0.00889
1845.87039	0.00849
1844.36976	0.00863
1842.86913	0.00835
1841.36849	0.00919
1839.86786	0.00987
1838.36723	0.00991
1836.8666	0.00981
1835.36596	0.01036
1833.86533	0.01052
1832.3647	0.01056
1830.86407	0.01242
1829.36343	0.01194
1827.8628	0.01274
1826.36217	0.01301
1824.86154	0.01164
1823.3609	0.0129
1821.86027	0.01267
1820.35964	0.0132
1818.85901	0.01405
1817.35837	0.01428
1815.85774	0.01518
1814.35711	0.01511
1812.85648	0.01676
1811.35584	0.01672
1809.85521	0.01568
1808.35458	0.01603
1806.85395	0.01712
1805.35331	0.01682
1803.85268	0.0175
1802.35205	0.01838
1800.85142	0.01837
1799.35078	0.01993
1797.85015	0.01949
1796.34952	0.01936
1794.84889	0.0208
1793.34825	0.02126
1791.84762	0.02171
1790.34699	0.0224
1788.84635	0.02282
1787.34572	0.024
1785.84509	0.0236
1784.34446	0.02358
1782.84382	0.02472
1781.34319	0.02707
1779.84256	0.0268
1778.34193	0.02833
1776.84129	0.02869
1775.34066	0.03072
1773.84003	0.03121
1772.3394	0.03209
1770.83876	0.03407
1769.33813	0.03668
1767.8375	0.03878
1766.33687	0.0403
1764.83623	0.04436
1763.3356	0.04645
1761.83497	0.05206
1760.33434	0.05512
1758.83371	0.0634
1757.33307	0.07083
1755.83244	0.08224
1754.33181	0.0949
1752.83117	0.1132
1751.33054	0.13752
1749.82991	0.16782
1748.32928	0.20131
1746.82864	0.23761
1745.32801	0.27272
1743.82738	0.30628
1742.32675	0.33864
1740.82611	0.36872
1739.32548	0.39821
1737.82485	0.42656
1736.32422	0.45194
1734.82358	0.47833
1733.32295	0.50229
1731.82232	0.52463
1730.32169	0.54691
1728.82105	0.56977
1727.32042	0.59028
1725.81979	0.61074
1724.31916	0.63295
1722.81852	0.65
1721.31789	0.66903
1719.81726	0.69205
1718.31663	0.70777
1716.81599	0.72436
1715.31536	0.73894
1713.81473	0.75295
1712.3141	0.76611
1710.81346	0.77534
1709.31283	0.78369
1707.8122	0.78473
1706.31157	0.78473
1704.81093	0.77465
1703.3103	0.77004
1701.80967	0.74938
1700.30903	0.73325
1698.8084	0.70852
1697.30777	0.67465
1695.80714	0.63298
1694.30651	0.58991
1692.80587	0.54781
1691.30524	0.50376
1689.80461	0.46255
1688.30398	0.42587
1686.80334	0.38819
1685.30271	0.35645
1683.80208	0.32767
1682.30145	0.3062
1680.80081	0.28565
1679.30018	0.26801
1677.79955	0.25735
1676.29892	0.24313
1674.79828	0.23377
1673.29765	0.22571
1671.79702	0.2169
1670.29638	0.211
1668.79575	0.2051
1667.29512	0.19743
1665.79449	0.19409
1664.29385	0.18915
1662.79322	0.18379
1661.29259	0.18003
1659.79196	0.17771
1658.29132	0.17096
1656.79069	0.16978
1655.29006	0.16615
1653.78943	0.16351
1652.28879	0.15975
1650.78816	0.15821
1649.28753	0.15444
1647.7869	0.15223
1646.28626	0.14772
1644.78563	0.14366
1643.285	0.14191
1641.78437	0.13932
1640.28373	0.13545
1638.7831	0.13112
1637.28247	0.1279
1635.78184	0.12601
1634.2812	0.12165
1632.78057	0.11851
1631.27994	0.1175
1629.77931	0.11464
1628.27867	0.11364
1626.77804	0.11082
1625.27741	0.10888
1623.77678	0.10835
1622.27614	0.10444
1620.77551	0.10132
1619.27488	0.1006
1617.77425	0.09736
1616.27361	0.09442
1614.77298	0.09308
1613.27235	0.08899
1611.77172	0.08558
1610.27108	0.08411
1608.77045	0.08112
1607.26982	0.0796
1605.76919	0.07787
1604.26855	0.07343
1602.76792	0.07054
1601.26729	0.06909
1599.76665	0.06543
1598.26602	0.0631
1596.76539	0.05773
1595.26476	0.05524
1593.76412	0.05199
1592.26349	0.04761
1590.76286	0.04381
1589.26223	0.04079
1587.76159	0.03823
1586.26096	0.03542
1584.76033	0.03271
1583.2597	0.03127
1581.75906	0.02912
1580.25843	0.02672
1578.7578	0.0248
1577.25717	0.02272
1575.75653	0.0207
1574.2559	0.02029
1572.75527	0.01893
1571.25464	0.0183
1569.754	0.01608
1568.25337	0.01439
1566.75274	0.01494
1565.25211	0.01415
1563.75147	0.01209
1562.25084	0.01137
1560.75021	0.01137
1559.24958	0.01053
1557.74894	0.00993
1556.24831	0.00794
1554.74768	0.00881
1553.24705	0.00838
1551.74641	0.00778
1550.24578	0.00798
1548.74515	0.00687
1547.24452	0.00695
1545.74388	0.006
1544.24325	0.00611
1542.74262	0.00543
1541.24199	0.00552
1539.74135	0.00416
1538.24072	0.0056
1536.74009	0.00462
1535.23945	0.00493
1533.73882	0.00486
1532.23819	0.00403
1530.73756	0.0035
1529.23692	0.00334
1527.73629	0.00583
1526.23566	0.00716
1524.73503	0.00915
1523.23439	0.01421
1521.73376	0.0141
1520.23313	0.01409
1518.7325	0.01223
1517.23186	0.00952
1515.73123	0.00657
1514.2306	0.00402
1512.72997	0.00346
1511.22933	0.00324
1509.7287	0.00251
1508.22807	0.00266
1506.72744	0.00136
1505.22681	0.00219
1503.72617	0.00312
1502.22554	0.00101
1500.72491	0.00256
1499.22427	0.00241
1497.72364	0.00135
1496.22301	0.00137
1494.72238	0.0012
1493.22174	0.00152
1491.72111	0.00114
1490.22048	9.88072E-4
1488.71985	0.00225
1487.21921	0.00124
1485.71858	0.00132
1484.21795	7.37717E-4
1482.71732	7.65128E-4
1481.21668	0.00117
1479.71605	6.9495E-4
1478.21542	7.68362E-4
1476.71479	0.00212
1475.21415	0.00123
1473.71352	0.00116
1472.21289	2.91006E-4
1470.71226	2.24177E-5
1469.21162	7.57829E-4
1467.71099	7.3624E-4
1466.21036	6.90651E-4
1464.70973	-5.99374E-5
1463.20909	5.49474E-4
1461.70846	9.21885E-4
1460.20783	0.00161
1458.7072	5.50707E-4
1457.20656	8.44119E-4
1455.70593	0.00171
1454.2053	0.00151
1452.70467	0.00234
1451.20403	0.00255
1449.7034	0.00304
1448.20277	0.00338
1446.70213	0.00276
1445.2015	0.00428
1443.70087	0.00391
1442.20024	0.00478
1440.69961	0.00572
1439.19897	0.00586
1437.69834	0.00704
1436.19771	0.00775
1434.69708	0.00734
1433.19644	0.00902
1431.69581	0.01031
1430.19518	0.00876
1428.69455	0.01069
1427.19391	0.0122
1425.69328	0.01267
1424.19265	0.01457
1422.69202	0.01808
1421.19138	0.02001
1419.69075	0.02334
1418.19012	0.02645
1416.68948	0.02991
1415.18885	0.0368
1413.68822	0.03964
1412.18759	0.04291
1410.68695	0.04789
1409.18632	0.04873
1407.68569	0.05308
1406.18506	0.05217
1404.68442	0.05253
1403.18379	0.05384
1401.68316	0.05139
1400.18253	0.0523
1398.68189	0.04931
1397.18126	0.04886
1395.68063	0.04935
1394.18	0.05
1392.67936	0.04997
1391.17873	0.05066
1389.6781	0.05066
1388.17747	0.0505
1386.67683	0.05105
1385.1762	0.0504
1383.67557	0.05239
1382.17494	0.05332
1380.6743	0.05739
1379.17367	0.06037
1377.67304	0.06526
1376.17241	0.07184
1374.67177	0.07791
1373.17114	0.08302
1371.67051	0.08264
1370.16988	0.0794
1368.66924	0.07585
1367.16861	0.06717
1365.66798	0.0608
1364.16735	0.0535
1362.66671	0.04568
1361.16608	0.03967
1359.66545	0.03511
1358.16482	0.03256
1356.66418	0.02723
1355.16355	0.02428
1353.66292	0.02204
1352.16229	0.01942
1350.66165	0.01759
1349.16102	0.01529
1347.66039	0.01417
1346.15975	0.01232
1344.65912	0.0124
1343.15849	0.01134
1341.65786	0.01036
1340.15722	0.00967
1338.65659	0.00808
1337.15596	0.00737
1335.65533	0.00714
1334.15469	0.00719
1332.65406	0.00685
1331.15343	0.00542
1329.6528	0.00556
1328.15216	0.00518
1326.65153	0.00539
1325.1509	0.00482
1323.65027	0.00509
1322.14963	0.00426
1320.649	0.00453
1319.14837	0.00476
1317.64774	0.0044
1316.1471	0.00494
1314.64647	0.0039
1313.14584	0.00427
1311.64521	0.00444
1310.14457	0.00552
1308.64394	0.00538
1307.14331	0.00468
1305.64268	0.00602
1304.14204	0.00569
1302.64141	0.00568
1301.14078	0.00627
1299.64015	0.00835
1298.13951	0.00785
1296.63888	0.00758
1295.13825	0.00821
1293.63762	0.01018
1292.13698	0.01044
1290.63635	0.01053
1289.13572	0.01158
1287.63509	0.01189
1286.13445	0.01319
1284.63382	0.01338
1283.13319	0.01484
1281.63256	0.01608
1280.13192	0.01668
1278.63129	0.01875
1277.13066	0.02057
1275.63002	0.02349
1274.12939	0.02545
1272.62876	0.02784
1271.12813	0.03331
1269.62749	0.03884
1268.12686	0.04279
1266.62623	0.04938
1265.1256	0.05691
1263.62496	0.06355
1262.12433	0.0718
1260.6237	0.08102
1259.12307	0.09137
1257.62243	0.09898
1256.1218	0.10706
1254.62117	0.11614
1253.12054	0.12202
1251.61991	0.13017
1250.11927	0.13646
1248.61864	0.1435
1247.11801	0.15074
1245.61737	0.15882
1244.11674	0.1673
1242.61611	0.17765
1241.11548	0.18797
1239.61484	0.19906
1238.11421	0.2116
1236.61358	0.22255
1235.11295	0.23567
1233.61231	0.24611
1232.11168	0.25571
1230.61105	0.26826
1229.11042	0.2742
1227.60978	0.28748
1226.10915	0.29161
1224.60852	0.29804
1223.10789	0.30659
1221.60725	0.31237
1220.10662	0.31705
1218.60599	0.32486
1217.10536	0.32628
1215.60472	0.33384
1214.10409	0.33722
1212.60346	0.33802
1211.10283	0.33939
1209.60219	0.33891
1208.10156	0.33357
1206.60093	0.32764
1205.1003	0.32053
1203.59966	0.3056
1202.09903	0.29155
1200.5984	0.27767
1199.09777	0.26101
1197.59713	0.24304
1196.0965	0.22665
1194.59587	0.21112
1193.09524	0.19753
1191.5946	0.18754
1190.09397	0.17887
1188.59334	0.17125
1187.09271	0.1659
1185.59207	0.16072
1184.09144	0.15579
1182.59081	0.1536
1181.09018	0.15029
1179.58954	0.1493
1178.08891	0.14704
1176.58828	0.14465
1175.08765	0.14062
1173.58701	0.13628
1172.08638	0.13372
1170.58575	0.12906
1169.08512	0.1255
1167.58448	0.11853
1166.08385	0.11463
1164.58322	0.10936
1163.08259	0.10177
1161.58195	0.0957
1160.08132	0.08772
1158.58069	0.08197
1157.08005	0.07611
1155.57942	0.07033
1154.07879	0.06401
1152.57816	0.05829
1151.07752	0.05262
1149.57689	0.04797
1148.07626	0.04311
1146.57563	0.03885
1145.07499	0.03674
1143.57436	0.03281
1142.07373	0.02885
1140.5731	0.0274
1139.07246	0.02345
1137.57183	0.0235
1136.0712	0.02019
1134.57057	0.01896
1133.06993	0.0172
1131.5693	0.01618
1130.06867	0.01399
1128.56804	0.01384
1127.0674	0.01243
1125.56677	0.01442
1124.06614	0.01074
1122.56551	0.00979
1121.06487	0.01061
1119.56424	0.01019
1118.06361	0.01048
1116.56298	0.00912
1115.06234	0.00951
1113.56171	0.00911
1112.06108	0.00928
1110.56045	0.01121
1109.05981	0.01051
1107.55918	0.01007
1106.05855	0.01065
1104.55792	0.01054
1103.05728	0.00979
1101.55665	0.01136
1100.05602	0.01132
1098.55538	0.01367
1097.05475	0.01288
1095.55412	0.01358
1094.05349	0.01429
1092.55285	0.01673
1091.05222	0.0182
1089.55159	0.02068
1088.05096	0.02204
1086.55032	0.02647
1085.04969	0.02809
1083.54906	0.03
1082.04843	0.03287
1080.54779	0.03465
1079.04716	0.03616
1077.54653	0.037
1076.0459	0.03859
1074.54526	0.03864
1073.04463	0.03843
1071.544	0.0361
1070.04337	0.03511
1068.54273	0.03376
1067.0421	0.03128
1065.54147	0.02842
1064.04084	0.02653
1062.5402	0.02375
1061.03957	0.02238
1059.53894	0.01888
1058.03831	0.01643
1056.53767	0.01501
1055.03704	0.01269
1053.53641	0.01092
1052.03578	0.00956
1050.53514	0.00704
1049.03451	0.00508
1047.53388	0.00365
1046.03325	0.00267
1044.53261	0.00286
1043.03198	0.00218
1041.53135	0.0022
1040.03072	0.00238
1038.53008	0.00174
1037.02945	0.00174
1035.52882	0.00206
1034.02819	7.72082E-4
1032.52755	0.0011
1031.02692	0.00167
1029.52629	0.00131
1028.02566	0.00244
1026.52502	0.00211
1025.02439	0.00211
1023.52376	0.00227
1022.02313	0.00328
1020.52249	0.002
1019.02186	0.00167
1017.52123	0.00399
1016.02059	0.00349
1014.51996	0.00312
1013.01933	0.00324
1011.5187	0.00299
1010.01806	0.00402
1008.51743	0.0037
1007.0168	0.00566
1005.51617	0.00377
1004.01553	0.00519
1002.5149	0.00529
1001.01427	0.00614
999.51364	0.00665
998.01301	0.0061
996.51237	0.00601
995.01174	0.00976
993.51111	0.00811
992.01047	0.00803
990.50984	0.00878
989.00921	0.00828
987.50858	0.00865
986.00794	0.0116
984.50731	0.01256
983.00668	0.01183
981.50605	0.01386
980.00541	0.01512
978.50478	0.01599
977.00415	0.01725
975.50352	0.01676
974.00288	0.01972
972.50225	0.02025
971.00162	0.02165
969.50099	0.02398
968.00035	0.02448
966.49972	0.02844
964.99909	0.02963
963.49846	0.03195
961.99782	0.03215
960.49719	0.03654
958.99656	0.03957
957.49593	0.04322
955.99529	0.0446
954.49466	0.0485
952.99403	0.05053
951.4934	0.05295
949.99276	0.05674
948.49213	0.05876
946.9915	0.062
945.49087	0.0646
943.99023	0.06811
942.4896	0.07055
940.98897	0.07078
939.48834	0.07314
937.9877	0.07602
936.48707	0.07663
934.98644	0.07785
933.48581	0.07856
931.98517	0.08074
930.48454	0.08114
928.98391	0.07986
927.48328	0.07972
925.98264	0.07977
924.48201	0.07701
922.98138	0.07617
921.48074	0.07573
919.98011	0.07376
918.47948	0.07034
916.97885	0.0717
915.47821	0.06664
913.97758	0.06705
912.47695	0.06509
910.97632	0.06191
909.47568	0.06098
907.97505	0.05974
906.47442	0.05745
904.97379	0.05762
903.47315	0.05623
901.97252	0.05671
900.47189	0.05484
898.97126	0.05402
897.47062	0.05297
895.96999	0.05173
894.46936	0.05162
892.96873	0.05124
891.46809	0.05065
889.96746	0.05005
888.46683	0.05086
886.9662	0.04909
885.46556	0.04935
883.96493	0.05068
882.4643	0.04934
880.96367	0.04872
879.46303	0.04856
877.9624	0.04809
876.46177	0.0482
874.96114	0.0501
873.4605	0.04892
871.95987	0.04878
870.45924	0.04613
868.95861	0.04565
867.45797	0.04602
865.95734	0.04446
864.45671	0.04324
862.95608	0.04151
861.45544	0.0408
859.95481	0.03968
858.45418	0.039
856.95355	0.03736
855.45291	0.03655
853.95228	0.03606
852.45165	0.03554
850.95101	0.035
849.45038	0.03243
847.94975	0.03189
846.44912	0.02986
844.94849	0.03116
843.44785	0.0299
841.94722	0.0277
840.44659	0.02777
838.94596	0.0251
837.44532	0.02484
835.94469	0.02421
834.44406	0.02338
832.94343	0.02336
831.44279	0.02202
829.94216	0.02092
828.44153	0.02092
826.94089	0.01954
825.44026	0.01808
823.93963	0.01859
822.439	0.01644
820.93836	0.01713
819.43773	0.01473
817.9371	0.01503
816.43647	0.01431
814.93583	0.01303
813.4352	0.01369
811.93457	0.01257
810.43394	0.01149
808.9333	0.01
807.43267	0.01061
805.93204	0.0102
804.43141	0.00973
802.93077	0.00888
801.43014	0.00836
799.92951	0.00983
798.42888	0.00767
796.92824	0.00868
795.42761	0.00766
793.92698	0.00774
792.42635	0.00696
790.92571	0.00549
789.42508	0.00727
787.92445	0.00562
786.42382	0.00669
784.92318	0.00594
783.42255	0.00496
781.92192	0.00546
780.42129	0.00383
778.92065	0.00286
777.42002	0.00262
775.91939	0.00375
774.41876	0.00401
772.91812	0.00205
771.41749	0.00393
769.91686	0.00251
768.41623	9.82626E-4
766.91559	0.00262
765.41496	0.00319
763.91433	0.00187
762.41369	0.00161
760.91306	0.00274
759.41243	0.00226
757.9118	0.00133
756.41116	0.00325
754.91053	0.00295
753.4099	3.32245E-4
751.90927	0.00243
750.40864	0.00234
748.908	6.71019E-4
747.40737	0.00338
745.90674	0.00243
744.40611	0.0024
742.90547	0.00246
741.40484	0.00201
739.90421	0.00278
738.40358	0.00168
736.90294	0.00399
735.40231	0.00306
733.90168	0.00409
732.40104	0.00622
730.90041	0.00839
729.39978	0.00927
727.89915	0.01231
726.39851	0.01669
724.89788	0.01907
723.39725	0.02266
721.89662	0.02763
720.39598	0.03211
718.89535	0.03791
717.39472	0.04284
715.89409	0.04574
714.39345	0.05318
712.89282	0.05327
711.39219	0.05502
709.89156	0.05404
708.39092	0.04662
706.89029	0.04354
705.38966	0.03731
703.88903	0.03194
702.38839	0.02849
700.88776	0.02439
699.38713	0.02455
697.8865	0.02223
696.38586	0.02161
694.88523	0.02126
693.3846	0.01963
691.88397	0.01942
690.38333	0.01864
688.8827	0.01911
687.38207	0.01983
685.88144	0.01751
684.3808	0.01865
682.88017	0.01803
681.37954	0.01874
679.87891	0.02021
678.37827	0.01752
676.87764	0.01695
675.37701	0.01741
673.87638	0.01496
672.37574	0.01498
670.87511	0.01414
669.37448	0.01164
667.87384	0.00797
666.37321	0.0103
664.87258	0.01036
663.37195	0.00889
661.87131	0.01087
660.37068	0.01275
658.87005	0.01376
657.36942	0.01141
655.86879	0.00963
654.36815	0.01034
652.86752	0.00967
651.36689	0.0139
649.86625	0.00962
648.36562	0.00744
646.86499	0.00555
645.36436	0.00697
643.86372	0.00408
642.36309	0.00554
640.86246	0.00274
639.36183	0.00491
637.86119	0.00339
636.36056	0.0039
634.85993	0.00361
633.3593	0.00222
631.85866	0.00313
630.35803	0.00407
628.8574	0.00446
627.35677	0.00331
625.85613	0.00519
624.3555	0.00119
622.85487	0.00268
621.35424	0.0027
619.8536	0.00471
618.35297	0.00226
616.85234	0.00199
615.35171	0.00214
613.85107	0.00227
612.35044	0.00207
610.84981	0.00285
609.34918	0.00288
607.84854	0.00378
606.34791	0.00333
604.84728	0.00221
603.34665	0.00279
601.84601	0.00262
600.34538	0.00163
598.84475	0.00245
597.34411	0.00411
595.84348	0.00261
594.34285	6.97936E-4
592.84222	0.00165
591.34159	0.00105
589.84095	0.00153
588.34032	0.003
586.83969	0.00377
585.33906	0.00154
583.83842	0.00135
582.33779	0.00208
580.83716	0.00177
579.33653	0.00397
577.83589	0.00344
576.33526	0.00292
574.83463	0.0019
573.33399	0.00404
571.83336	0.0039
570.33273	0.001
568.8321	0.0033
567.33146	0.00417
565.83083	0.00377
564.3302	0.00272
562.82957	0.00329
561.32893	8.25947E-4
559.8283	0.00129
558.32767	9.4813E-4
556.82704	0.00222
555.3264	0.00304
553.82577	0.00185
552.32514	0.00129
550.82451	0.00263
549.32387	0.00269
547.82324	1.4127E-4
546.32261	0.00248
544.82198	0.00417
543.32134	0.00145
541.82071	0.00525
540.32008	0.00172
538.81945	0.00164
537.31881	0.00341
535.81818	0.00314
534.31755	0.00213
532.81692	0.00296
531.31628	0.00134
529.81565	0.0039
528.31502	0.00244
526.81439	8.6055E-4
525.31375	0.00144
523.81312	1.55733E-4
522.31249	2.63324E-4
520.81186	7.25916E-4
519.31122	0.00141
517.81059	0.00115
516.30996	0.00125
514.80932	-4.23719E-4
513.30869	0.00197
511.80806	0.00176
510.30743	5.24055E-4
508.8068	0.00303
507.30616	0.00395
505.80553	0.00219
504.3049	0.00194
502.80426	0.00272
501.30363	0.00277
499.803	2.03195E-4
