5000.2	0.00484
4998.69937	0.00238
4997.19873	-0.00774
4995.6981	0.00185
4994.19747	0.00541
4992.69684	0.00175
4991.19621	0.00706
4989.69557	0.00207
4988.19494	0.00321
4986.69431	0.00383
4985.19368	-0.00145
4983.69304	5.58463E-4
4982.19241	5.2377E-4
4980.69178	-0.00121
4979.19114	0.00829
4977.69051	0.00941
4976.18988	-0.0021
4974.68925	0.00236
4973.18861	-4.51388E-4
4971.68798	0.00951
4970.18735	0.00799
4968.68672	-0.00221
4967.18608	-0.00416
4965.68545	-4.41853E-4
4964.18482	0.00261
4962.68419	-0.00495
4961.18355	0.01274
4959.68292	0.00534
4958.18229	-0.00124
4956.68166	0.00116
4955.18102	0.00786
4953.68039	0.00411
4952.17976	0.004
4950.67913	0.00594
4949.17849	-0.00537
4947.67786	-5.41701E-5
4946.17723	0.0082
4944.6766	-0.0018
4943.17596	0.00223
4941.67533	0.00428
4940.1747	-8.16354E-5
4938.67407	0.00807
4937.17343	-0.00187
4935.6728	-0.00366
4934.17217	0.00801
4932.67154	0.00604
4931.1709	-0.00193
4929.67027	0.00793
4928.16964	0.00777
4926.669	0.00663
4925.16837	0.00234
4923.66774	-0.00112
4922.16711	-0.00276
4920.66647	0.00731
4919.16584	0.00574
4917.66521	0.00558
4916.16458	0.0021
4914.66395	0.00287
4913.16331	-0.00187
4911.66268	0.0078
4910.16205	-1.54497E-4
4908.66141	0.01074
4907.16078	0.00724
4905.66015	-0.0012
4904.15952	-0.01209
4902.65888	-0.00127
4901.15825	-0.00133
4899.65762	-0.00422
4898.15699	0.00301
4896.65635	0.00296
4895.15572	-0.00245
4893.65509	0.00674
4892.15446	0.00322
4890.65382	0.00473
4889.15319	-0.00264
4887.65256	-0.00718
4886.15193	0.00965
4884.65129	0.00643
4883.15066	0.01023
4881.65003	0.00344
4880.1494	0.00118
4878.64876	0.00854
4877.14813	0.00186
4875.6475	0.00136
4874.14687	0.00204
4872.64623	0.00355
4871.1456	-0.00329
4869.64497	-0.00509
4868.14434	0.00293
4866.6437	-3.35595E-4
4865.14307	0.0045
4863.64244	-0.00211
4862.14181	0.00448
4860.64117	0.00248
4859.14054	9.8194E-4
4857.63991	0.00977
4856.13928	-0.00456
4854.63864	-0.00261
4853.13801	0.00743
4851.63738	0.00159
4850.13675	0.00419
4848.63611	-0.0015
4847.13548	0.00177
4845.63485	-0.00161
4844.13422	0.00277
4842.63358	-0.002
4841.13295	0.00695
4839.63232	0.0035
4838.13169	0.00491
4836.63105	0.00836
4835.13042	0.00395
4833.62979	0.00158
4832.12915	0.0048
4830.62852	-0.0027
4829.12789	0.00324
4827.62726	0.00338
4826.12662	0.00156
4824.62599	0.00664
4823.12536	0.00622
4821.62473	0.00169
4820.1241	0.00312
4818.62346	-4.66773E-4
4817.12283	0.00664
4815.6222	0.00523
4814.12157	0.00289
4812.62093	-0.00226
4811.1203	0.00487
4809.61967	0.0031
4808.11903	-0.00342
4806.6184	0.0013
4805.11777	0.00324
4803.61714	0.00678
4802.1165	0.00771
4800.61587	0.00455
4799.11524	0.00256
4797.61461	0.00879
4796.11397	0.00248
4794.61334	0.00427
4793.11271	0.00781
4791.61208	-0.00109
4790.11144	1.86059E-4
4788.61081	-0.00505
4787.11018	0.00198
4785.60955	3.4598E-4
4784.10891	0.00671
4782.60828	0.00244
4781.10765	0.00476
4779.60702	9.64208E-4
4778.10638	1.12515E-4
4776.60575	0.00331
4775.10512	0.00503
4773.60449	0.00478
4772.10385	0.00259
4770.60322	0.00633
4769.10259	7.82356E-4
4767.60196	0.00233
4766.10132	0.00671
4764.60069	0.00606
4763.10006	0.00522
4761.59943	0.00108
4760.09879	-1.15802E-4
4758.59816	0.0065
4757.09753	5.10812E-4
4755.59689	0.00809
4754.09626	0.0074
4752.59563	0.00263
4751.095	0.01154
4749.59436	0.0013
4748.09373	0.00266
4746.5931	0.0029
4745.09247	0.00533
4743.59184	0.00772
4742.0912	0.00731
4740.59057	-0.00187
4739.08994	0.00375
4737.58931	0.0117
4736.08867	0.00505
4734.58804	-5.5584E-5
4733.08741	0.00478
4731.58677	0.00184
4730.08614	0.00486
4728.58551	0.0047
4727.08488	0.00832
4725.58424	0.00751
4724.08361	6.46565E-4
4722.58298	0.00639
4721.08235	-0.00186
4719.58171	0.00452
4718.08108	0.00692
4716.58045	0.00943
4715.07982	0.00495
4713.57918	9.37133E-5
4712.07855	0.00202
4710.57792	0.00595
4709.07729	0.00821
4707.57665	0.0124
4706.07602	0.00765
4704.57539	0.00186
4703.07476	0.00503
4701.57412	0.00747
4700.07349	0.00634
4698.57286	-8.43217E-4
4697.07223	0.0069
4695.57159	0.00547
4694.07096	0.00704
4692.57033	0.00637
4691.0697	0.00633
4689.56906	0.00672
4688.06843	0.00857
4686.5678	0.00929
4685.06717	9.44545E-4
4683.56653	0.00205
4682.0659	0.00742
4680.56527	0.00972
4679.06464	0.01532
4677.564	0.00566
4676.06337	0.00243
4674.56274	-0.00323
4673.0621	0.00496
4671.56147	0.00953
4670.06084	0.00225
4668.56021	0.00442
4667.05958	-0.00109
4665.55894	0.00527
4664.05831	0.00325
4662.55768	0.0044
4661.05704	3.3686E-5
4659.55641	0.0066
4658.05578	0.00631
4656.55515	0.00131
4655.05451	0.00632
4653.55388	0.00827
4652.05325	0.00218
4650.55262	-5.4895E-4
4649.05199	-0.00169
4647.55135	0.00527
4646.05072	-2.2708E-4
4644.55009	0.0028
4643.04945	0.00571
4641.54882	0.00337
4640.04819	0.00346
4638.54756	-6.57963E-4
4637.04692	-1.05339E-4
4635.54629	0.00435
4634.04566	-6.70092E-4
4632.54503	0.00106
4631.04439	0.00267
4629.54376	0.00149
4628.04313	7.15401E-4
4626.5425	0.00685
4625.04186	0.00511
4623.54123	0.00167
4622.0406	-0.00105
4620.53997	0.00474
4619.03933	0.01039
4617.5387	-0.00902
4616.03807	0.00169
4614.53744	-0.00303
4613.0368	0.00471
4611.53617	0.00131
4610.03554	-8.94117E-4
4608.53491	-0.00448
4607.03427	-0.0054
4605.53364	0.00263
4604.03301	-0.00359
4602.53238	-0.00224
4601.03174	9.51623E-4
4599.53111	0.00266
4598.03048	0.00554
4596.52985	0.00482
4595.02921	0.0014
4593.52858	-0.00126
4592.02795	1.46364E-4
4590.52732	0.00421
4589.02668	-2.8339E-4
4587.52605	-0.00198
4586.02542	0.00169
4584.52478	-5.54519E-4
4583.02415	-0.00226
4581.52352	0.00216
4580.02289	-0.00199
4578.52225	-0.00381
4577.02162	-0.00708
4575.52099	8.68221E-4
4574.02036	-0.00229
4572.51973	-0.00388
4571.01909	-0.00163
4569.51846	-0.00671
4568.01783	-0.00744
4566.5172	-0.0023
4565.01656	-0.00507
4563.51593	0.00172
4562.0153	-1.15168E-4
4560.51466	-0.00817
4559.01403	0.00104
4557.5134	0.00527
4556.01277	0.00186
4554.51213	-0.00525
4553.0115	0.0048
4551.51087	0.00252
4550.01024	0.00132
4548.5096	0.00621
4547.00897	0.00207
4545.50834	0.00188
4544.00771	0.00123
4542.50707	7.19367E-5
4541.00644	0.00243
4539.50581	0.00512
4538.00518	-0.00848
4536.50454	-0.00676
4535.00391	4.68054E-4
4533.50328	1.16773E-5
4532.00265	-5.07699E-4
4530.50201	0.00107
4529.00138	-0.00627
4527.50075	9.39171E-4
4526.00012	-0.00164
4524.49948	-0.00574
4522.99885	-0.00486
4521.49822	-0.00265
4519.99759	-0.00476
4518.49695	0.00513
4516.99632	-0.00163
4515.49569	0.00195
4513.99506	-0.00267
4512.49442	-9.66595E-4
4510.99379	-2.01971E-4
4509.49316	-0.0023
4507.99253	-3.67244E-5
4506.49189	-0.00753
4504.99126	-0.00758
4503.49063	-1.47854E-4
4501.98999	-0.00108
4500.48936	-0.00709
4498.98873	-0.00395
4497.4881	-0.00797
4495.98747	0.00155
4494.48683	-0.00143
4492.9862	-0.00267
4491.48557	-0.00286
4489.98494	-0.00303
4488.4843	-0.00263
4486.98367	-0.00287
4485.48304	0.00263
4483.9824	-0.00752
4482.48177	-0.00766
4480.98114	-0.00598
4479.48051	-0.00134
4477.97987	-4.69256E-4
4476.47924	-0.00494
4474.97861	4.17991E-4
4473.47798	-0.00329
4471.97734	-0.00591
4470.47671	-0.00664
4468.97608	-0.00335
4467.47545	-0.0034
4465.97481	7.24732E-4
4464.47418	0.00324
4462.97355	-3.07022E-4
4461.47292	-0.0031
4459.97228	6.92252E-5
4458.47165	-0.00221
4456.97102	0.0026
4455.47039	-4.76905E-4
4453.96975	2.47719E-4
4452.46912	0.00256
4450.96849	0.00285
4449.46786	0.00394
4447.96722	0.00304
4446.46659	-0.0016
4444.96596	0.00185
4443.46533	-0.00299
4441.96469	0.00567
4440.46406	-0.00302
4438.96343	-0.00316
4437.4628	1.06577E-4
4435.96216	-5.728E-4
4434.46153	-0.00301
4432.9609	-1.57553E-4
4431.46027	8.1707E-4
4429.95963	-2.70306E-4
4428.459	0.001
4426.95837	0.00381
4425.45774	8.82564E-4
4423.9571	-0.00285
4422.45647	-0.00106
4420.95584	0.00117
4419.45521	0.00163
4417.95457	0.0071
4416.45394	-0.00205
4414.95331	-0.00331
4413.45268	0.00561
4411.95204	0.00165
4410.45141	0.00125
4408.95078	0.00179
4407.45014	0.00573
4405.94951	-0.00167
4404.44888	-0.00445
4402.94825	2.65915E-4
4401.44762	0.00547
4399.94698	-0.00387
4398.44635	0.00379
4396.94572	-7.20591E-4
4395.44509	0.00205
4393.94445	0.00113
4392.44382	8.57279E-4
4390.94319	-0.00141
4389.44255	0.00415
4387.94192	-0.00179
4386.44129	0.00254
4384.94066	0.00547
4383.44002	0.00134
4381.93939	2.12643E-4
4380.43876	0.00659
4378.93813	-4.2011E-4
4377.43749	0.00202
4375.93686	0.00212
4374.43623	0.00113
4372.9356	0.00261
4371.43496	-7.15993E-4
4369.93433	0.00391
4368.4337	0.00355
4366.93307	0.00679
4365.43243	0.00315
4363.9318	0.00408
4362.43117	0.00206
4360.93054	0.00195
4359.4299	0.00139
4357.92927	0.00193
4356.42864	-0.00122
4354.92801	0.00789
4353.42737	0.00297
4351.92674	0.00478
4350.42611	0.00189
4348.92548	0.00406
4347.42484	-3.20403E-4
4345.92421	0.00251
4344.42358	-0.00433
4342.92295	-0.00571
4341.42231	0.00377
4339.92168	-3.79891E-4
4338.42105	-0.00243
4336.92041	0.00409
4335.41978	0.00265
4333.91915	0.00546
4332.41852	0.00135
4330.91788	0.00556
4329.41725	0.00588
4327.91662	0.00338
4326.41599	3.66232E-4
4324.91536	-2.90865E-4
4323.41472	0.00454
4321.91409	0.00346
4320.41346	0.00427
4318.91283	-8.21255E-4
4317.41219	0.00448
4315.91156	-1.6245E-4
4314.41093	0.00181
4312.91029	0.00298
4311.40966	0.00881
4309.90903	-0.00142
4308.4084	0.00164
4306.90776	0.00436
4305.40713	0.00569
4303.9065	-0.00196
4302.40587	0.00275
4300.90523	0.0048
4299.4046	0.0098
4297.90397	0.00638
4296.40334	0.00257
4294.9027	0.0014
4293.40207	0.00291
4291.90144	2.37992E-4
4290.40081	0.00721
4288.90017	0.00791
4287.39954	0.01082
4285.89891	0.0044
4284.39828	0.00575
4282.89764	0.00155
4281.39701	-0.0012
4279.89638	0.0049
4278.39575	-3.32885E-4
4276.89511	-7.94983E-4
4275.39448	-0.00411
4273.89385	0.00576
4272.39322	7.72486E-6
4270.89258	0.00518
4269.39195	0.00412
4267.89132	0.0057
4266.39069	0.00822
4264.89005	0.00408
4263.38942	4.7514E-4
4261.88879	0.00511
4260.38816	5.00945E-4
4258.88752	0.00789
4257.38689	0.00856
4255.88626	0.01036
4254.38563	0.01281
4252.88499	0.00658
4251.38436	0.00784
4249.88373	-0.00207
4248.3831	0.01006
4246.88246	0.00424
4245.38183	-0.00411
4243.8812	-0.00174
4242.38057	0.00242
4240.87993	-0.00227
4239.3793	0.00142
4237.87867	0.0028
4236.37803	0.00366
4234.8774	-6.54711E-4
4233.37677	0.003
4231.87614	-6.80906E-4
4230.3755	0.00907
4228.87487	0.00932
4227.37424	0.00292
4225.87361	0.0028
4224.37298	0.00188
4222.87234	0.00597
4221.37171	0.0028
4219.87108	0.00252
4218.37044	0.00453
4216.86981	0.00583
4215.36918	0.00293
4213.86855	0.00143
4212.36791	0.00606
4210.86728	0.00921
4209.36665	0.00526
4207.86602	0.00108
4206.36538	0.00384
4204.86475	-7.3066E-4
4203.36412	5.60243E-4
4201.86349	0.00362
4200.36285	0.00184
4198.86222	0.00566
4197.36159	0.00155
4195.86096	0.00302
4194.36032	0.00405
4192.85969	0.005
4191.35906	7.17463E-4
4189.85843	0.00583
4188.35779	0.0034
4186.85716	-9.70829E-4
4185.35653	4.67074E-4
4183.8559	0.0025
4182.35526	0.00386
4180.85463	0.00242
4179.354	0.00397
4177.85337	-0.00244
4176.35273	-0.0027
4174.8521	0.00209
4173.35147	0.00172
4171.85084	0.0032
4170.3502	0.00456
4168.84957	0.00334
4167.34894	9.71904E-4
4165.84831	0.00385
4164.34767	0.00449
4162.84704	8.42612E-4
4161.34641	0.00183
4159.84577	0.00264
4158.34514	0.00399
4156.84451	0.00533
4155.34388	0.00303
4153.84325	0.0023
4152.34261	-0.00237
4150.84198	0.00238
4149.34135	0.0077
4147.84072	0.00156
4146.34008	0.006
4144.83945	4.02443E-4
4143.33882	0.00461
4141.83818	0.00675
4140.33755	6.01151E-4
4138.83692	3.13053E-4
4137.33629	0.00155
4135.83565	-0.00226
4134.33502	-5.85239E-4
4132.83439	9.29663E-4
4131.33376	0.00239
4129.83312	0.0018
4128.33249	0.00101
4126.83186	0.00271
4125.33123	3.64176E-4
4123.83059	0.00312
4122.32996	0.00234
4120.82933	-0.00177
4119.3287	-3.08213E-4
4117.82806	-0.00276
4116.32743	0.00427
4114.8268	-0.00365
4113.32617	6.67397E-4
4111.82553	-0.00137
4110.3249	0.00453
4108.82427	0.00358
4107.32364	-4.08993E-4
4105.823	0.0038
4104.32237	-9.55188E-4
4102.82174	0.00107
4101.32111	0.00378
4099.82047	0.00186
4098.31984	7.56423E-4
4096.81921	0.00256
4095.31858	-0.00295
4093.81794	-0.00195
4092.31731	8.95033E-4
4090.81668	0.00401
4089.31605	0.00206
4087.81541	0.00162
4086.31478	8.68643E-4
4084.81415	0.00301
4083.31352	0.0023
4081.81288	-0.0015
4080.31225	0.00122
4078.81162	-0.00319
4077.31099	0.00265
4075.81035	-0.00117
4074.30972	0.00143
4072.80909	0.00589
4071.30845	0.00311
4069.80782	0.00219
4068.30719	8.61474E-4
4066.80656	-6.89624E-4
4065.30593	0.00233
4063.80529	-0.00209
4062.30466	-2.79916E-4
4060.80403	0.00449
4059.30339	0.00388
4057.80276	0.00118
4056.30213	-0.00518
4054.8015	8.64597E-4
4053.30087	0.00235
4051.80023	0.00191
4050.2996	0.00111
4048.79897	-0.00188
4047.29833	5.7211E-4
4045.7977	0.00194
4044.29707	-0.00334
4042.79644	0.00124
4041.2958	0.0019
4039.79517	-0.00195
4038.29454	0.00413
4036.79391	-6.85572E-4
4035.29327	0.00307
4033.79264	-0.00426
4032.29201	7.78306E-4
4030.79138	-0.0022
4029.29074	5.97286E-4
4027.79011	-3.58225E-4
4026.28948	0.00226
4024.78885	-1.77245E-4
4023.28821	9.93245E-4
4021.78758	-3.16265E-4
4020.28695	0.00235
4018.78632	0.0048
4017.28568	-1.79501E-6
4015.78505	-0.00113
4014.28442	0.0019
4012.78379	-7.76325E-4
4011.28315	-9.45835E-4
4009.78252	0.00618
4008.28189	0.00282
4006.78126	-7.69365E-4
4005.28062	-0.00129
4003.77999	-0.0025
4002.27936	8.64104E-4
4000.77873	0.00231
3999.27809	-0.0015
3997.77746	0.00125
3996.27683	-0.00159
3994.77619	0.00303
3993.27556	0.0011
3991.77493	0.0038
3990.2743	0.00303
3988.77367	5.93514E-4
3987.27303	-0.00171
3985.7724	0.00476
3984.27177	4.33984E-4
3982.77113	0.00216
3981.2705	-3.11037E-4
3979.76987	-5.52547E-4
3978.26924	-9.25057E-4
3976.76861	-0.001
3975.26797	0.00362
3973.76734	-6.58688E-6
3972.26671	0.00268
3970.76608	0.00269
3969.26544	0.00618
3967.76481	-0.00141
3966.26418	-8.61372E-5
3964.76354	0.00372
3963.26291	7.18427E-5
3961.76228	9.42333E-4
3960.26165	2.13823E-4
3958.76101	0.00111
3957.26038	0.00211
3955.75975	-0.00294
3954.25912	-7.72218E-4
3952.75848	-0.00116
3951.25785	-0.00212
3949.75722	-7.02748E-4
3948.25659	-0.00167
3946.75595	0.00241
3945.25532	0.00297
3943.75469	-4.67882E-5
3942.25406	-3.85298E-4
3940.75342	0.00177
3939.25279	0.0011
3937.75216	0.00293
3936.25153	6.64662E-4
3934.75089	0.00222
3933.25026	0.00128
3931.74963	2.91131E-4
3930.249	0.00187
3928.74836	0.00143
3927.24773	8.38601E-4
3925.7471	3.74091E-4
3924.24647	0.00117
3922.74583	-0.00305
3921.2452	-8.56439E-4
3919.74457	0.00149
3918.24394	1.06541E-4
3916.7433	-3.29969E-4
3915.24267	0.00209
3913.74204	3.31011E-4
3912.24141	4.625E-4
3910.74077	-6.0701E-4
3909.24014	-0.00171
3907.73951	5.1697E-4
3906.23888	0.00279
3904.73824	0.00101
3903.23761	5.4144E-4
3901.73698	0.00452
3900.23634	0.00277
3898.73571	0.0022
3897.23508	-1.716E-4
3895.73445	0.00101
3894.23382	0.00173
3892.73318	0.00331
3891.23255	-0.00243
3889.73192	0.00426
3888.23128	0.00105
3886.73065	4.54829E-4
3885.23002	0.00126
3883.72939	0.00247
3882.22876	9.64299E-4
3880.72812	-0.00112
3879.22749	0.0018
3877.72686	0.00318
3876.22622	7.17259E-4
3874.72559	-0.00124
3873.22496	0.0034
3871.72433	2.11729E-4
3870.22369	0.00173
3868.72306	2.53709E-4
3867.22243	0.00227
3865.7218	-0.00128
3864.22116	-1.02822E-4
3862.72053	0.00325
3861.2199	0.00163
3859.71927	3.29648E-4
3858.21863	-0.00164
3856.718	6.54628E-4
3855.21737	0.00194
3853.71674	8.52608E-4
3852.2161	-0.00129
3850.71547	-8.28412E-4
3849.21484	0.00209
3847.71421	1.16568E-4
3846.21357	0.00104
3844.71294	0.00288
3843.21231	0.00331
3841.71168	-0.00181
3840.21104	-5.98263E-6
3838.71041	0.00377
3837.20978	0.00261
3835.70915	-1.50513E-4
3834.20851	8.75977E-4
3832.70788	0.00204
3831.20725	-0.00109
3829.70662	0.00401
3828.20598	0.00233
3826.70535	3.75427E-4
3825.20472	0.00101
3823.70408	0.00381
3822.20345	-7.26103E-4
3820.70282	0.00142
3819.20219	0.00262
3817.70156	0.00141
3816.20092	-0.00344
3814.70029	0.00205
3813.19966	0.00185
3811.69902	-8.86739E-5
3810.19839	0.00227
3808.69776	0.00125
3807.19713	1.67796E-4
3805.6965	0.0036
3804.19586	0.00302
3802.69523	7.74266E-4
3801.1946	5.01756E-4
3799.69396	3.32246E-4
3798.19333	-5.08264E-4
3796.6927	8.48225E-4
3795.19207	-5.82285E-4
3793.69143	0.00104
3792.1908	0.00228
3790.69017	-8.66815E-4
3789.18954	-1.71325E-4
3787.6889	0.00203
3786.18827	0.00334
3784.68764	-8.90855E-4
3783.18701	-9.14365E-4
3781.68637	-5.46875E-4
3780.18574	6.36615E-4
3778.68511	0.00352
3777.18448	-4.93405E-4
3775.68384	-4.48915E-4
3774.18321	8.07575E-4
3772.68258	-0.00115
3771.18195	0.00212
3769.68131	-7.78956E-4
3768.18068	-7.23466E-4
3766.68005	-0.00154
3765.17942	0.00419
3763.67878	0.00143
3762.17815	-4.12506E-4
3760.67752	-9.50161E-5
3759.17689	7.36474E-4
3757.67625	0.00116
3756.17562	3.20454E-4
3754.67499	0.00111
3753.17436	0.00117
3751.67372	3.51924E-4
3750.17309	0.0037
3748.67246	2.78903E-4
3747.17183	0.00238
3745.67119	-4.25117E-4
3744.17056	9.56373E-4
3742.66993	-0.00218
3741.1693	0.00122
3739.66866	-2.68157E-4
3738.16803	-0.00138
3736.6674	-8.73177E-4
3735.16676	-4.18687E-4
3733.66613	-7.57197E-4
3732.1655	2.92293E-4
3730.66487	-6.12174E-5
3729.16424	9.72726E-5
3727.6636	9.71763E-4
3726.16297	9.96252E-4
3724.66234	-8.23258E-4
3723.1617	-6.08768E-4
3721.66107	6.67722E-4
3720.16044	-0.00387
3718.65981	0.00224
3717.15917	0.00195
3715.65854	-3.42318E-4
3714.15791	-2.56828E-4
3712.65728	0.00174
3711.15665	0.00242
3709.65601	-8.60358E-4
3708.15538	9.11132E-4
3706.65475	0.00256
3705.15411	0.00271
3703.65348	0.00303
3702.15285	0.00415
3700.65222	0.00548
3699.15158	0.0044
3697.65095	0.00181
3696.15032	0.00173
3694.64969	2.50405E-5
3693.14905	0.00156
3691.64842	-0.00125
3690.14779	9.32514E-4
3688.64716	-4.24328E-4
3687.14652	-3.2617E-4
3685.64589	-0.00136
3684.14526	-5.97854E-4
3682.64463	-3.20696E-4
3681.14399	0.00133
3679.64336	-8.2738E-4
3678.14273	-0.00106
3676.6421	0.00176
3675.14146	-0.00132
3673.64083	0.00225
3672.1402	1.91409E-4
3670.63957	0.00169
3669.13893	-4.80275E-4
3667.6383	-0.00166
3666.13767	-1.87959E-4
3664.63704	-5.70801E-4
3663.1364	-3.61643E-4
3661.63577	4.71515E-4
3660.13514	-8.93271E-5
3658.63451	0.00185
3657.13387	4.31989E-4
3655.63324	3.49147E-4
3654.13261	9.67305E-4
3652.63197	-8.55375E-5
3651.13134	-9.73796E-5
3649.63071	3.98778E-4
3648.13008	0.00235
3646.62945	0.0025
3645.12881	0.00235
3643.62818	0.0025
3642.12755	0.00114
3640.62691	0.0027
3639.12628	7.71884E-4
3637.62565	0.00198
3636.12502	0.00347
3634.62439	0.00565
3633.12375	0.00357
3631.62312	0.00438
3630.12249	0.00384
3628.62185	0.00508
3627.12122	0.00392
3625.62059	0.00369
3624.11996	0.00586
3622.61932	0.00362
3621.11869	0.00614
3619.61806	0.00512
3618.11743	0.005
3616.61679	0.0034
3615.11616	0.00606
3613.61553	0.00674
3612.1149	0.00748
3610.61426	0.00868
3609.11363	0.00674
3607.613	0.00584
3606.11237	0.00877
3604.61173	0.00651
3603.1111	0.00557
3601.61047	0.00602
3600.10984	0.00766
3598.6092	0.0088
3597.10857	0.00826
3595.60794	0.00861
3594.10731	0.00839
3592.60667	0.01175
3591.10604	0.00897
3589.60541	0.0083
3588.10478	0.01017
3586.60414	0.00942
3585.10351	0.00767
3583.60288	0.00955
3582.10225	0.00751
3580.60161	0.011
3579.10098	0.00987
3577.60035	0.00914
3576.09972	0.00863
3574.59908	0.00912
3573.09845	0.00962
3571.59782	0.00837
3570.09719	0.00903
3568.59655	0.01003
3567.09592	0.01006
3565.59529	0.00942
3564.09465	0.01005
3562.59402	0.01153
3561.09339	0.01106
3559.59276	0.01029
3558.09213	0.01135
3556.59149	0.0115
3555.09086	0.01312
3553.59023	0.01142
3552.08959	0.01146
3550.58896	0.01572
3549.08833	0.0106
3547.5877	0.01471
3546.08707	0.01253
3544.58643	0.01549
3543.0858	0.01241
3541.58517	0.01099
3540.08453	0.01299
3538.5839	0.01296
3537.08327	0.01237
3535.58264	0.0151
3534.082	0.01386
3532.58137	0.01737
3531.08074	0.01284
3529.58011	0.0136
3528.07947	0.01453
3526.57884	0.01541
3525.07821	0.01643
3523.57758	0.01444
3522.07694	0.01601
3520.57631	0.0148
3519.07568	0.01652
3517.57505	0.01584
3516.07441	0.01488
3514.57378	0.01577
3513.07315	0.01472
3511.57252	0.01737
3510.07188	0.015
3508.57125	0.01562
3507.07062	0.01589
3505.56999	0.01788
3504.06935	0.01496
3502.56872	0.01492
3501.06809	0.01455
3499.56746	0.01588
3498.06682	0.01566
3496.56619	0.01648
3495.06556	0.01567
3493.56493	0.01804
3492.06429	0.0155
3490.56366	0.01551
3489.06303	0.01652
3487.56239	0.01846
3486.06176	0.01645
3484.56113	0.01839
3483.0605	0.01814
3481.55987	0.01844
3480.05923	0.01909
3478.5586	0.01818
3477.05797	0.01926
3475.55733	0.01687
3474.0567	0.01756
3472.55607	0.0178
3471.05544	0.01797
3469.55481	0.01856
3468.05417	0.01939
3466.55354	0.01759
3465.05291	0.01691
3463.55228	0.01627
3462.05164	0.01851
3460.55101	0.01716
3459.05038	0.01684
3457.54974	0.01834
3456.04911	0.02052
3454.54848	0.0189
3453.04785	0.01838
3451.54721	0.02005
3450.04658	0.01931
3448.54595	0.01928
3447.04532	0.01773
3445.54468	0.01792
3444.04405	0.02133
3442.54342	0.01827
3441.04279	0.01893
3439.54215	0.01922
3438.04152	0.02059
3436.54089	0.01916
3435.04026	0.02199
3433.53962	0.01872
3432.03899	0.02193
3430.53836	0.02042
3429.03773	0.01816
3427.53709	0.01812
3426.03646	0.02067
3424.53583	0.02027
3423.0352	0.02206
3421.53456	0.02033
3420.03393	0.01857
3418.5333	0.02079
3417.03267	0.02065
3415.53203	0.02086
3414.0314	0.02117
3412.53077	0.02182
3411.03014	0.02372
3409.5295	0.02059
3408.02887	0.02208
3406.52824	0.02122
3405.02761	0.0229
3403.52697	0.02176
3402.02634	0.02125
3400.52571	0.02474
3399.02508	0.02212
3397.52444	0.02185
3396.02381	0.02365
3394.52318	0.02476
3393.02254	0.02368
3391.52191	0.02286
3390.02128	0.02452
3388.52065	0.02249
3387.02002	0.02342
3385.51938	0.02183
3384.01875	0.02365
3382.51812	0.02324
3381.01748	0.0247
3379.51685	0.02553
3378.01622	0.0255
3376.51559	0.02755
3375.01496	0.02648
3373.51432	0.02484
3372.01369	0.02527
3370.51306	0.02689
3369.01242	0.02853
3367.51179	0.02744
3366.01116	0.03082
3364.51053	0.02961
3363.00989	0.02801
3361.50926	0.02818
3360.00863	0.03018
3358.508	0.03049
3357.00736	0.02928
3355.50673	0.03115
3354.0061	0.03334
3352.50547	0.03392
3351.00483	0.03065
3349.5042	0.03575
3348.00357	0.03199
3346.50294	0.03377
3345.0023	0.03501
3343.50167	0.03714
3342.00104	0.03643
3340.50041	0.03596
3338.99977	0.03913
3337.49914	0.03652
3335.99851	0.0397
3334.49788	0.04024
3332.99724	0.03905
3331.49661	0.03946
3329.99598	0.04355
3328.49535	0.04127
3326.99471	0.04224
3325.49408	0.04408
3323.99345	0.04423
3322.49282	0.04352
3320.99218	0.04552
3319.49155	0.0448
3317.99092	0.04722
3316.49028	0.04683
3314.98965	0.04791
3313.48902	0.05078
3311.98839	0.05129
3310.48776	0.05254
3308.98712	0.05012
3307.48649	0.05292
3305.98586	0.05268
3304.48522	0.05564
3302.98459	0.05501
3301.48396	0.05714
3299.98333	0.05647
3298.4827	0.05719
3296.98206	0.05793
3295.48143	0.05806
3293.9808	0.06095
3292.48016	0.06048
3290.97953	0.06145
3289.4789	0.06217
3287.97827	0.06188
3286.47764	0.06473
3284.977	0.06703
3283.47637	0.06507
3281.97574	0.06861
3280.4751	0.06929
3278.97447	0.06943
3277.47384	0.07153
3275.97321	0.07226
3274.47257	0.07464
3272.97194	0.07335
3271.47131	0.07447
3269.97068	0.07373
3268.47004	0.0763
3266.96941	0.07753
3265.46878	0.07707
3263.96815	0.07747
3262.46751	0.08033
3260.96688	0.08387
3259.46625	0.08189
3257.96562	0.08387
3256.46498	0.08522
3254.96435	0.08285
3253.46372	0.087
3251.96309	0.08683
3250.46245	0.09003
3248.96182	0.09061
3247.46119	0.08911
3245.96056	0.09265
3244.45992	0.09418
3242.95929	0.0941
3241.45866	0.09607
3239.95803	0.09618
3238.45739	0.10066
3236.95676	0.09918
3235.45613	0.09732
3233.9555	0.09968
3232.45486	0.10313
3230.95423	0.09813
3229.4536	0.10083
3227.95296	0.10337
3226.45233	0.10395
3224.9517	0.10568
3223.45107	0.1069
3221.95044	0.10637
3220.4498	0.10886
3218.94917	0.11
3217.44854	0.1101
3215.9479	0.11155
3214.44727	0.11422
3212.94664	0.11478
3211.44601	0.11521
3209.94537	0.11744
3208.44474	0.11879
3206.94411	0.11886
3205.44348	0.12014
3203.94285	0.12112
3202.44221	0.12239
3200.94158	0.12486
3199.44095	0.12394
3197.94031	0.12538
3196.43968	0.12594
3194.93905	0.12872
3193.43842	0.12905
3191.93778	0.13206
3190.43715	0.13298
3188.93652	0.13519
3187.43589	0.13609
3185.93525	0.13653
3184.43462	0.13801
3182.93399	0.14351
3181.43336	0.14497
3179.93272	0.14427
3178.43209	0.14654
3176.93146	0.14589
3175.43083	0.14908
3173.93019	0.15249
3172.42956	0.15353
3170.92893	0.15361
3169.4283	0.15499
3167.92766	0.15787
3166.42703	0.15778
3164.9264	0.16013
3163.42577	0.16058
3161.92513	0.16185
3160.4245	0.16337
3158.92387	0.16559
3157.42324	0.16564
3155.9226	0.16796
3154.42197	0.16991
3152.92134	0.16838
3151.42071	0.1703
3149.92007	0.17243
3148.41944	0.17133
3146.91881	0.17382
3145.41817	0.17298
3143.91754	0.17335
3142.41691	0.17773
3140.91628	0.17567
3139.41565	0.18012
3137.91501	0.18004
3136.41438	0.18218
3134.91375	0.1812
3133.41311	0.18274
3131.91248	0.18545
3130.41185	0.18537
3128.91122	0.18738
3127.41059	0.18876
3125.90995	0.19238
3124.40932	0.1923
3122.90869	0.19131
3121.40805	0.1942
3119.90742	0.19578
3118.40679	0.19643
3116.90616	0.19809
3115.40553	0.2007
3113.90489	0.19902
3112.40426	0.19964
3110.90363	0.20278
3109.40299	0.20255
3107.90236	0.20331
3106.40173	0.20725
3104.9011	0.20753
3103.40046	0.20599
3101.89983	0.20854
3100.3992	0.20807
3098.89857	0.2099
3097.39793	0.20686
3095.8973	0.20982
3094.39667	0.21325
3092.89604	0.21684
3091.3954	0.2152
3089.89477	0.21967
3088.39414	0.22235
3086.89351	0.22379
3085.39287	0.22904
3083.89224	0.22935
3082.39161	0.23278
3080.89098	0.23812
3079.39034	0.24472
3077.88971	0.24453
3076.38908	0.25033
3074.88845	0.25089
3073.38781	0.25772
3071.88718	0.26304
3070.38655	0.2659
3068.88592	0.27006
3067.38528	0.26975
3065.88465	0.27134
3064.38402	0.27544
3062.88339	0.27458
3061.38275	0.27587
3059.88212	0.27363
3058.38149	0.27791
3056.88085	0.27411
3055.38022	0.27343
3053.87959	0.27239
3052.37896	0.27085
3050.87833	0.27091
3049.37769	0.2717
3047.87706	0.2704
3046.37643	0.26895
3044.87579	0.26799
3043.37516	0.26717
3041.87453	0.26041
3040.3739	0.26065
3038.87327	0.25747
3037.37263	0.25451
3035.872	0.25165
3034.37137	0.24498
3032.87073	0.23951
3031.3701	0.23847
3029.86947	0.23222
3028.36884	0.23086
3026.8682	0.22463
3025.36757	0.21951
3023.86694	0.22099
3022.36631	0.2163
3020.86567	0.21348
3019.36504	0.21245
3017.86441	0.21217
3016.36378	0.20738
3014.86314	0.21106
3013.36251	0.21107
3011.86188	0.21144
3010.36125	0.21287
3008.86061	0.21227
3007.35998	0.2163
3005.85935	0.21844
3004.35872	0.21863
3002.85808	0.22065
3001.35745	0.22156
2999.85682	0.2266
2998.35619	0.22667
2996.85555	0.22934
2995.35492	0.23526
2993.85429	0.24042
2992.35366	0.23914
2990.85302	0.24228
2989.35239	0.24649
2987.85176	0.25031
2986.35113	0.25328
2984.85049	0.25585
2983.34986	0.25725
2981.84923	0.25823
2980.3486	0.25926
2978.84796	0.26094
2977.34733	0.2621
2975.8467	0.26279
2974.34607	0.2624
2972.84543	0.26439
2971.3448	0.2626
2969.84417	0.26614
2968.34353	0.26568
2966.8429	0.2686
2965.34227	0.27022
2963.84164	0.27006
2962.34101	0.27059
2960.84037	0.27304
2959.33974	0.27195
2957.83911	0.27609
2956.33848	0.27485
2954.83784	0.2755
2953.33721	0.27471
2951.83658	0.27485
2950.33594	0.27224
2948.83531	0.27109
2947.33468	0.26867
2945.83405	0.26725
2944.33341	0.26535
2942.83278	0.26085
2941.33215	0.26148
2939.83152	0.25794
2938.33088	0.25556
2936.83025	0.25424
2935.32962	0.25046
2933.82899	0.24982
2932.32835	0.24833
2930.82772	0.2454
2929.32709	0.24309
2927.82646	0.24169
2926.32582	0.2404
2924.82519	0.23846
2923.32456	0.23632
2921.82393	0.23495
2920.32329	0.23277
2918.82266	0.23127
2917.32203	0.22855
2915.8214	0.22582
2914.32076	0.22853
2912.82013	0.22472
2911.3195	0.22079
2909.81887	0.22153
2908.31823	0.21822
2906.8176	0.21666
2905.31697	0.21675
2903.81634	0.21303
2902.3157	0.20815
2900.81507	0.20794
2899.31444	0.20647
2897.81381	0.20389
2896.31317	0.19881
2894.81254	0.19332
2893.31191	0.19402
2891.81128	0.18964
2890.31064	0.18388
2888.81001	0.18418
2887.30938	0.17705
2885.80874	0.17353
2884.30811	0.17082
2882.80748	0.16809
2881.30685	0.16532
2879.80622	0.16091
2878.30558	0.15959
2876.80495	0.15546
2875.30432	0.15293
2873.80368	0.14998
2872.30305	0.14718
2870.80242	0.14556
2869.30179	0.14641
2867.80116	0.14449
2866.30052	0.143
2864.79989	0.1409
2863.29926	0.14135
2861.79862	0.13895
2860.29799	0.13835
2858.79736	0.13592
2857.29673	0.13815
2855.79609	0.13614
2854.29546	0.1351
2852.79483	0.13494
2851.2942	0.13215
2849.79356	0.13299
2848.29293	0.12929
2846.7923	0.12962
2845.29167	0.12686
2843.79103	0.12858
2842.2904	0.12667
2840.78977	0.12636
2839.28914	0.12654
2837.7885	0.12897
2836.28787	0.12715
2834.78724	0.12897
2833.28661	0.13147
2831.78597	0.13141
2830.28534	0.13234
2828.78471	0.13451
2827.28408	0.13562
2825.78344	0.13753
2824.28281	0.13595
2822.78218	0.13663
2821.28155	0.13617
2819.78091	0.13696
2818.28028	0.13724
2816.77965	0.13585
2815.27902	0.13736
2813.77838	0.13498
2812.27775	0.13566
2810.77712	0.13563
2809.27648	0.13595
2807.77585	0.13717
2806.27522	0.13925
2804.77459	0.13944
2803.27396	0.14068
2801.77332	0.14282
2800.27269	0.14669
2798.77206	0.14925
2797.27142	0.15017
2795.77079	0.15176
2794.27016	0.15501
2792.76953	0.15749
2791.2689	0.16158
2789.76826	0.16414
2788.26763	0.16506
2786.767	0.168
2785.26636	0.16979
2783.76573	0.17084
2782.2651	0.17177
2780.76447	0.17296
2779.26384	0.1749
2777.7632	0.17658
2776.26257	0.17873
2774.76194	0.17952
2773.2613	0.18124
2771.76067	0.17982
2770.26004	0.18232
2768.75941	0.18139
2767.25877	0.17829
2765.75814	0.1772
2764.25751	0.17593
2762.75688	0.17475
2761.25624	0.17313
2759.75561	0.17157
2758.25498	0.17029
2756.75435	0.16854
2755.25371	0.16762
2753.75308	0.16498
2752.25245	0.16362
2750.75182	0.16214
2749.25118	0.16126
2747.75055	0.15937
2746.24992	0.15762
2744.74929	0.15909
2743.24865	0.15834
2741.74802	0.1544
2740.24739	0.15278
2738.74676	0.1507
2737.24612	0.14892
2735.74549	0.14553
2734.24486	0.14167
2732.74423	0.13971
2731.24359	0.13528
2729.74296	0.13471
2728.24233	0.13063
2726.7417	0.12673
2725.24106	0.12567
2723.74043	0.12248
2722.2398	0.11745
2720.73916	0.11533
2719.23853	0.11208
2717.7379	0.10908
2716.23727	0.10653
2714.73664	0.10241
2713.236	0.09891
2711.73537	0.0967
2710.23474	0.09449
2708.7341	0.09278
2707.23347	0.09079
2705.73284	0.08801
2704.23221	0.08543
2702.73157	0.08303
2701.23094	0.08278
2699.73031	0.07949
2698.22968	0.07816
2696.72905	0.07507
2695.22841	0.07488
2693.72778	0.07231
2692.22715	0.07097
2690.72651	0.06882
2689.22588	0.06797
2687.72525	0.06657
2686.22462	0.06481
2684.72398	0.06447
2683.22335	0.06293
2681.72272	0.06352
2680.22209	0.06228
2678.72145	0.06127
2677.22082	0.06219
2675.72019	0.06069
2674.21956	0.0601
2672.71892	0.0612
2671.21829	0.06075
2669.71766	0.06024
2668.21703	0.06027
2666.71639	0.06101
2665.21576	0.06167
2663.71513	0.06169
2662.2145	0.06193
2660.71386	0.06283
2659.21323	0.06193
2657.7126	0.06294
2656.21197	0.06468
2654.71133	0.06521
2653.2107	0.06594
2651.71007	0.06556
2650.20944	0.06903
2648.7088	0.07099
2647.20817	0.07173
2645.70754	0.073
2644.20691	0.07509
2642.70627	0.07843
2641.20564	0.0787
2639.70501	0.08005
2638.20437	0.08198
2636.70374	0.08448
2635.20311	0.08531
2633.70248	0.08795
2632.20185	0.0886
2630.70121	0.09296
2629.20058	0.09359
2627.69995	0.09327
2626.19931	0.09606
2624.69868	0.0973
2623.19805	0.0965
2621.69742	0.09822
2620.19679	0.09833
2618.69615	0.09833
2617.19552	0.09847
2615.69489	0.09808
2614.19425	0.09945
2612.69362	0.09762
2611.19299	0.09796
2609.69236	0.09782
2608.19173	0.09735
2606.69109	0.10043
2605.19046	0.09955
2603.68983	0.10044
2602.18919	0.10224
2600.68856	0.10311
2599.18793	0.10442
2597.6873	0.10603
2596.18666	0.10793
2594.68603	0.10975
2593.1854	0.11326
2591.68477	0.11427
2590.18413	0.1141
2588.6835	0.11902
2587.18287	0.1177
2585.68224	0.11963
2584.1816	0.12043
2582.68097	0.12137
2581.18034	0.12092
2579.67971	0.12031
2578.17907	0.12005
2576.67844	0.11939
2575.17781	0.11741
2573.67718	0.11491
2572.17654	0.11239
2570.67591	0.11067
2569.17528	0.10772
2567.67465	0.10614
2566.17401	0.1016
2564.67338	0.09933
2563.17275	0.09645
2561.67212	0.0943
2560.17148	0.09197
2558.67085	0.08973
2557.17022	0.08853
2555.66959	0.08522
2554.16895	0.08382
2552.66832	0.08122
2551.16769	0.08015
2549.66705	0.07757
2548.16642	0.07573
2546.66579	0.07428
2545.16516	0.07169
2543.66453	0.06998
2542.16389	0.06702
2540.66326	0.06575
2539.16263	0.06423
2537.66199	0.06273
2536.16136	0.06201
2534.66073	0.05914
2533.1601	0.05923
2531.65947	0.05766
2530.15883	0.05818
2528.6582	0.05471
2527.15757	0.05386
2525.65693	0.0523
2524.1563	0.05109
2522.65567	0.05168
2521.15504	0.04956
2519.6544	0.04858
2518.15377	0.04712
2516.65314	0.04608
2515.15251	0.04657
2513.65187	0.04569
2512.15124	0.04223
2510.65061	0.04467
2509.14998	0.0447
2507.64934	0.04225
2506.14871	0.0419
2504.64808	0.0423
2503.14745	0.04135
2501.64681	0.04182
2500.14618	0.04008
2498.64555	0.04031
2497.14492	0.041
2495.64428	0.04039
2494.14365	0.03996
2492.64302	0.03995
2491.14239	0.03861
2489.64175	0.03769
2488.14112	0.03881
2486.64049	0.03796
2485.13986	0.03693
2483.63922	0.03658
2482.13859	0.03688
2480.63796	0.03694
2479.13733	0.03725
2477.63669	0.03493
2476.13606	0.0355
2474.63543	0.03627
2473.1348	0.03471
2471.63416	0.03486
2470.13353	0.03494
2468.6329	0.03337
2467.13227	0.03422
2465.63163	0.0338
2464.131	0.03324
2462.63037	0.03235
2461.12973	0.03213
2459.6291	0.03193
2458.12847	0.03093
2456.62784	0.03272
2455.1272	0.03203
2453.62657	0.03076
2452.12594	0.03062
2450.62531	0.03034
2449.12468	0.03144
2447.62404	0.02995
2446.12341	0.03095
2444.62278	0.02936
2443.12214	0.02972
2441.62151	0.02808
2440.12088	0.02935
2438.62025	0.02882
2437.11962	0.02886
2435.61898	0.0281
2434.11835	0.02783
2432.61772	0.02791
2431.11708	0.02699
2429.61645	0.02672
2428.11582	0.02617
2426.61519	0.02764
2425.11455	0.02595
2423.61392	0.02617
2422.11329	0.02507
2420.61266	0.02587
2419.11202	0.02487
2417.61139	0.02504
2416.11076	0.02402
2414.61013	0.02432
2413.10949	0.02411
2411.60886	0.02176
2410.10823	0.02345
2408.6076	0.02114
2407.10696	0.02258
2405.60633	0.02072
2404.1057	0.02016
2402.60507	0.01799
2401.10443	0.01877
2399.6038	0.01874
2398.10317	0.01849
2396.60254	0.0174
2395.1019	0.01848
2393.60127	0.01727
2392.10064	0.01626
2390.60001	0.01556
2389.09937	0.01451
2387.59874	0.01517
2386.09811	0.01365
2384.59748	0.01525
2383.09684	0.01436
2381.59621	0.01404
2380.09558	0.01409
2378.59494	0.01356
2377.09431	0.01379
2375.59368	0.01327
2374.09305	0.01127
2372.59242	0.01223
2371.09178	0.01121
2369.59115	0.01144
2368.09052	0.01165
2366.58988	0.01204
2365.08925	0.01127
2363.58862	0.01156
2362.08799	0.01185
2360.58736	0.01082
2359.08672	0.01288
2357.58609	0.01377
2356.08546	0.01793
2354.58482	0.02238
2353.08419	0.03587
2351.58356	0.05647
2350.08293	0.08746
2348.58229	0.13068
2347.08166	0.17903
2345.58103	0.22722
2344.0804	0.25464
2342.57976	0.25187
2341.07913	0.21107
2339.5785	0.14554
2338.07787	0.08869
2336.57723	0.05245
2335.0766	0.03157
2333.57597	0.01935
2332.07534	0.01365
2330.5747	0.01216
2329.07407	0.01122
2327.57344	0.01132
2326.07281	0.0118
2324.57217	0.0094
2323.07154	0.00894
2321.57091	0.00907
2320.07028	0.00815
2318.56964	0.00812
2317.06901	0.00622
2315.56838	0.00632
2314.06775	0.00772
2312.56711	0.00708
2311.06648	0.00584
2309.56585	0.00637
2308.06522	0.00665
2306.56458	0.00585
2305.06395	0.00616
2303.56332	0.00602
2302.06269	0.00467
2300.56205	0.00524
2299.06142	0.00472
2297.56079	0.00426
2296.06016	0.00417
2294.55952	0.00412
2293.05889	0.00434
2291.55826	0.00432
2290.05762	0.00365
2288.55699	0.0045
2287.05636	0.00327
2285.55573	0.00335
2284.0551	0.00342
2282.55446	0.00286
2281.05383	0.00521
2279.5532	0.00606
2278.05256	0.00668
2276.55193	0.00567
2275.0513	0.00495
2273.55067	0.00265
2272.05004	0.00187
2270.5494	0.0016
2269.04877	0.00262
2267.54814	0.00257
2266.04751	0.0032
2264.54687	0.00162
2263.04624	0.0017
2261.54561	0.00208
2260.04497	0.00265
2258.54434	0.00144
2257.04371	0.00135
2255.54308	0.00103
2254.04244	0.00132
2252.54181	0.00139
2251.04118	0.00135
2249.54055	0.00221
2248.03991	0.00285
2246.53928	0.00152
2245.03865	0.00135
2243.53802	0.0011
2242.03738	0.00187
2240.53675	0.00177
2239.03612	0.00183
2237.53549	0.00173
2236.03485	7.72069E-4
2234.53422	0.00163
2233.03359	0.00193
2231.53296	0.00152
2230.03232	0.0011
2228.53169	0.00104
2227.03106	0.00159
2225.53043	0.00156
2224.02979	9.18488E-4
2222.52916	0.002
2221.02853	5.94342E-4
2219.5279	0.00177
2218.02726	4.64197E-4
2216.52663	0.00164
2215.026	4.28052E-4
2213.52536	7.06479E-4
2212.02473	5.19906E-4
2210.5241	1.82334E-4
2209.02347	0.00159
2207.52284	7.19938E-4
2206.0222	0.00155
2204.52157	7.12574E-4
2203.02094	9.14892E-4
2201.52031	8.9521E-4
2200.01967	0.0017
2198.51904	-6.01531E-5
2197.01841	0.00135
2195.51777	4.65483E-4
2194.01714	0.00183
2192.51651	2.6812E-4
2191.01588	0.00139
2189.51525	1.62756E-4
2188.01461	2.73074E-4
2186.51398	-1.20607E-4
2185.01335	0.00114
2183.51271	4.08029E-4
2182.01208	0.00112
2180.51145	3.97665E-4
2179.01082	0.00144
2177.51018	0.00103
2176.00955	0.00123
2174.50892	0.00164
2173.00829	0.00124
2171.50765	7.20575E-4
2170.00702	0.00176
2168.50639	0.00203
2167.00576	0.00161
2165.50512	0.00205
2164.00449	0.0017
2162.50386	0.00179
2161.00323	0.00275
2159.50259	0.0038
2158.00196	0.00271
2156.50133	0.00381
2155.0007	0.00383
2153.50006	0.00295
2151.99943	0.00278
2150.4988	0.00221
2148.99817	0.00393
2147.49753	0.00417
2145.9969	0.0029
2144.49627	0.00386
2142.99564	0.0025
2141.495	0.00331
2139.99437	0.00403
2138.49374	0.00377
2136.99311	0.00317
2135.49247	0.00257
2133.99184	0.0037
2132.49121	0.00308
2130.99058	0.00369
2129.48994	0.003
2127.98931	0.00308
2126.48868	0.00374
2124.98805	0.00249
2123.48741	0.00308
2121.98678	0.00312
2120.48615	0.00212
2118.98551	0.00265
2117.48488	0.00233
2115.98425	0.00208
2114.48362	0.00169
2112.98299	0.00218
2111.48235	0.00268
2109.98172	0.00285
2108.48109	0.00356
2106.98045	0.003
2105.47982	0.00461
2103.97919	0.00442
2102.47856	0.00319
2100.97793	0.00422
2099.47729	0.00517
2097.97666	0.00228
2096.47603	0.00346
2094.97539	0.00399
2093.47476	0.00504
2091.97413	0.00437
2090.4735	0.00477
2088.97286	0.00273
2087.47223	0.0036
2085.9716	0.00335
2084.47097	0.00495
2082.97033	0.00316
2081.4697	0.00311
2079.96907	0.00364
2078.46844	0.00329
2076.9678	0.00293
2075.46717	0.00389
2073.96654	0.00344
2072.46591	0.00399
2070.96527	0.00348
2069.46464	0.00317
2067.96401	0.00347
2066.46338	0.00285
2064.96274	0.00298
2063.46211	0.00282
2061.96148	0.00351
2060.46085	0.00401
2058.96021	0.00295
2057.45958	0.00364
2055.95895	0.00298
2054.45832	0.00339
2052.95768	0.00535
2051.45705	0.00449
2049.95642	0.00434
2048.45579	0.00436
2046.95515	0.00462
2045.45452	0.00357
2043.95389	0.00327
2042.45325	0.00296
2040.95262	0.00475
2039.45199	0.00436
2037.95136	0.00394
2036.45072	0.0029
2034.95009	0.00352
2033.44946	0.00281
2031.94883	0.00308
2030.44819	0.00268
2028.94756	0.00312
2027.44693	0.00288
2025.9463	0.00261
2024.44566	0.00324
2022.94503	0.00227
2021.4444	0.00199
2019.94377	0.00196
2018.44313	0.00282
2016.9425	0.00227
2015.44187	0.00255
2013.94124	0.00203
2012.44061	3.30306E-4
2010.93997	0.00223
2009.43934	4.24942E-4
2007.93871	0.00121
2006.43807	0.00128
2004.93744	0.0015
2003.43681	0.00191
2001.93618	0.00224
2000.43554	0.00162
1998.93491	0.0023
1997.43428	0.00167
1995.93365	7.33806E-4
1994.43301	4.82124E-4
1992.93238	0.00111
1991.43175	0.00148
1989.93112	0.00197
1988.43048	0.00117
1986.92985	0.0015
1985.42922	0.00124
1983.92859	0.00104
1982.42795	0.00235
1980.92732	8.57988E-4
1979.42669	0.00124
1977.92606	7.76625E-4
1976.42542	0.00123
1974.92479	4.05261E-4
1973.42416	0.00165
1971.92353	0.00164
1970.42289	0.00101
1968.92226	-3.84659E-5
1967.42163	0.00158
1965.921	0.00197
1964.42036	0.00102
1962.91973	9.05807E-4
1961.4191	0.00141
1959.91846	0.0014
1958.41783	4.12762E-4
1956.9172	5.9708E-4
1955.41657	4.23998E-4
1953.91593	-2.0267E-4
1952.4153	0.00106
1950.91467	0.00187
1949.41404	0.00223
1947.91341	0.00166
1946.41277	0.00212
1944.91214	0.0018
1943.41151	0.00175
1941.91088	0.00283
1940.41024	0.00241
1938.90961	0.00241
1937.40898	0.00362
1935.90835	0.0027
1934.40771	0.00389
1932.90708	0.00398
1931.40645	0.0045
1929.90582	0.00379
1928.40518	0.00458
1926.90455	0.00589
1925.40392	0.00626
1923.90328	0.0063
1922.40265	0.00658
1920.90202	0.00672
1919.40139	0.00757
1917.90075	0.00734
1916.40012	0.00744
1914.89949	0.00863
1913.39886	0.00865
1911.89822	0.00942
1910.39759	0.00805
1908.89696	0.00891
1907.39633	0.01013
1905.89569	0.00914
1904.39506	0.00877
1902.89443	0.00983
1901.3938	0.01038
1899.89316	0.00942
1898.39253	0.00895
1896.8919	0.01001
1895.39127	0.01008
1893.89063	0.0102
1892.39	0.01041
1890.88937	0.01062
1889.38874	0.00813
1887.8881	0.0099
1886.38747	0.00992
1884.88684	0.00856
1883.38621	0.00904
1881.88557	0.00915
1880.38494	0.00811
1878.88431	0.00943
1877.38368	0.00957
1875.88304	0.0091
1874.38241	0.0087
1872.88178	0.00882
1871.38115	0.00828
1869.88051	0.00848
1868.37988	0.00802
1866.87925	0.00779
1865.37862	0.00835
1863.87798	0.00718
1862.37735	0.00837
1860.87672	0.00855
1859.37609	0.00789
1857.87545	0.00844
1856.37482	0.00772
1854.87419	0.00821
1853.37355	0.00808
1851.87292	0.00808
1850.37229	0.00876
1848.87166	0.00887
1847.37102	0.00881
1845.87039	0.00852
1844.36976	0.00909
1842.86913	0.00858
1841.36849	0.00911
1839.86786	0.00968
1838.36723	0.00944
1836.8666	0.0102
1835.36596	0.01052
1833.86533	0.01117
1832.3647	0.01095
1830.86407	0.01191
1829.36343	0.01183
1827.8628	0.01164
1826.36217	0.01194
1824.86154	0.01202
1823.3609	0.01292
1821.86027	0.01328
1820.35964	0.01325
1818.85901	0.01368
1817.35837	0.01377
1815.85774	0.01511
1814.35711	0.01487
1812.85648	0.01559
1811.35584	0.01585
1809.85521	0.01668
1808.35458	0.01637
1806.85395	0.01697
1805.35331	0.01715
1803.85268	0.01745
1802.35205	0.0183
1800.85142	0.01929
1799.35078	0.01958
1797.85015	0.01947
1796.34952	0.01983
1794.84889	0.02094
1793.34825	0.02112
1791.84762	0.02103
1790.34699	0.02102
1788.84635	0.02297
1787.34572	0.02445
1785.84509	0.0241
1784.34446	0.02397
1782.84382	0.0253
1781.34319	0.02658
1779.84256	0.0268
1778.34193	0.02797
1776.84129	0.02911
1775.34066	0.03044
1773.84003	0.0311
1772.3394	0.03342
1770.83876	0.03391
1769.33813	0.03654
1767.8375	0.03881
1766.33687	0.04134
1764.83623	0.04392
1763.3356	0.04718
1761.83497	0.05257
1760.33434	0.05755
1758.83371	0.06489
1757.33307	0.07391
1755.83244	0.08539
1754.33181	0.10019
1752.83117	0.11989
1751.33054	0.14547
1749.82991	0.17604
1748.32928	0.21041
1746.82864	0.2467
1745.32801	0.28133
1743.82738	0.31429
1742.32675	0.34606
1740.82611	0.37548
1739.32548	0.40616
1737.82485	0.43117
1736.32422	0.45425
1734.82358	0.48054
1733.32295	0.50473
1731.82232	0.52997
1730.32169	0.54851
1728.82105	0.57292
1727.32042	0.59242
1725.81979	0.61107
1724.31916	0.63025
1722.81852	0.64987
1721.31789	0.67363
1719.81726	0.68922
1718.31663	0.70777
1716.81599	0.72462
1715.31536	0.73901
1713.81473	0.7539
1712.3141	0.7636
1710.81346	0.77147
1709.31283	0.77816
1707.8122	0.78482
1706.31157	0.78156
1704.81093	0.77481
1703.3103	0.76128
1701.80967	0.74837
1700.30903	0.72486
1698.8084	0.69804
1697.30777	0.66391
1695.80714	0.62626
1694.30651	0.58586
1692.80587	0.54359
1691.30524	0.49936
1689.80461	0.4578
1688.30398	0.41753
1686.80334	0.38008
1685.30271	0.34625
1683.80208	0.32012
1682.30145	0.29653
1680.80081	0.27732
1679.30018	0.25904
1677.79955	0.24528
1676.29892	0.23493
1674.79828	0.22393
1673.29765	0.21585
1671.79702	0.20871
1670.29638	0.20269
1668.79575	0.19646
1667.29512	0.18909
1665.79449	0.18423
1664.29385	0.18051
1662.79322	0.17582
1661.29259	0.17166
1659.79196	0.16724
1658.29132	0.16326
1656.79069	0.16042
1655.29006	0.15801
1653.78943	0.15446
1652.28879	0.15075
1650.78816	0.15037
1649.28753	0.14798
1647.7869	0.14491
1646.28626	0.14066
1644.78563	0.13776
1643.285	0.13409
1641.78437	0.13118
1640.28373	0.12847
1638.7831	0.12419
1637.28247	0.12189
1635.78184	0.11846
1634.2812	0.11548
1632.78057	0.11287
1631.27994	0.11062
1629.77931	0.10806
1628.27867	0.10716
1626.77804	0.10558
1625.27741	0.10323
1623.77678	0.10248
1622.27614	0.0998
1620.77551	0.09691
1619.27488	0.09558
1617.77425	0.09256
1616.27361	0.09066
1614.77298	0.08806
1613.27235	0.0853
1611.77172	0.08214
1610.27108	0.08134
1608.77045	0.07772
1607.26982	0.07664
1605.76919	0.07386
1604.26855	0.06973
1602.76792	0.06801
1601.26729	0.0657
1599.76665	0.06187
1598.26602	0.06024
1596.76539	0.05403
1595.26476	0.05256
1593.76412	0.04788
1592.26349	0.0447
1590.76286	0.04139
1589.26223	0.03831
1587.76159	0.03524
1586.26096	0.03252
1584.76033	0.03045
1583.2597	0.02796
1581.75906	0.0261
1580.25843	0.02472
1578.7578	0.02243
1577.25717	0.02007
1575.75653	0.01935
1574.2559	0.01806
1572.75527	0.01749
1571.25464	0.01595
1569.754	0.01472
1568.25337	0.01294
1566.75274	0.01256
1565.25211	0.01179
1563.75147	0.01041
1562.25084	0.01033
1560.75021	0.0103
1559.24958	0.00895
1557.74894	0.00858
1556.24831	0.00735
1554.74768	0.00764
1553.24705	0.00705
1551.74641	0.00581
1550.24578	0.00612
1548.74515	0.00651
1547.24452	0.00459
1545.74388	0.00315
1544.24325	0.00435
1542.74262	0.00472
1541.24199	0.00373
1539.74135	0.00283
1538.24072	0.0044
1536.74009	0.00326
1535.23945	0.00391
1533.73882	0.00291
1532.23819	0.00215
1530.73756	0.00138
1529.23692	0.00199
1527.73629	0.00395
1526.23566	0.00562
1524.73503	0.00963
1523.23439	0.01251
1521.73376	0.01344
1520.23313	0.01243
1518.7325	0.01051
1517.23186	0.00846
1515.73123	0.00512
1514.2306	0.00397
1512.72997	0.00187
1511.22933	0.00135
1509.7287	0.00158
1508.22807	6.86025E-4
1506.72744	4.98357E-4
1505.22681	6.72689E-4
1503.72617	0.00105
1502.22554	2.39354E-4
1500.72491	0.00122
1499.22427	0.0015
1497.72364	4.96351E-4
1496.22301	5.73683E-4
1494.72238	5.02016E-4
1493.22174	2.57348E-4
1491.72111	6.8768E-4
1490.22048	4.96012E-4
1488.71985	8.22345E-4
1487.21921	4.71677E-4
1485.71858	9.12009E-4
1484.21795	-9.36584E-5
1482.71732	-7.7326E-5
1481.21668	7.56006E-4
1479.71605	6.37339E-4
1478.21542	-3.59329E-4
1476.71479	0.00177
1475.21415	6.75335E-4
1473.71352	4.66668E-4
1472.21289	0.00111
1470.71226	1.57332E-4
1469.21162	0.00105
1467.71099	0.00106
1466.21036	1.87329E-4
1464.70973	-3.70338E-4
1463.20909	0.00124
1461.70846	0.00163
1460.20783	0.00202
1458.7072	0.00111
1457.20656	0.00166
1455.70593	0.00166
1454.2053	0.00178
1452.70467	0.00156
1451.20403	0.0028
1449.7034	0.00211
1448.20277	0.00415
1446.70213	0.00243
1445.2015	0.00413
1443.70087	0.00353
1442.20024	0.00506
1440.69961	0.00581
1439.19897	0.00606
1437.69834	0.00797
1436.19771	0.00759
1434.69708	0.00807
1433.19644	0.0088
1431.69581	0.01009
1430.19518	0.01051
1428.69455	0.01097
1427.19391	0.01242
1425.69328	0.0133
1424.19265	0.01468
1422.69202	0.01764
1421.19138	0.02069
1419.69075	0.02386
1418.19012	0.0273
1416.68948	0.03024
1415.18885	0.03612
1413.68822	0.03927
1412.18759	0.04387
1410.68695	0.04799
1409.18632	0.04931
1407.68569	0.05276
1406.18506	0.05267
1404.68442	0.05328
1403.18379	0.05369
1401.68316	0.05173
1400.18253	0.05069
1398.68189	0.04905
1397.18126	0.04908
1395.68063	0.04898
1394.18	0.04842
1392.67936	0.04959
1391.17873	0.04945
1389.6781	0.05044
1388.17747	0.0496
1386.67683	0.05025
1385.1762	0.05097
1383.67557	0.05128
1382.17494	0.05235
1380.6743	0.05656
1379.17367	0.06012
1377.67304	0.06598
1376.17241	0.07314
1374.67177	0.07899
1373.17114	0.0833
1371.67051	0.08295
1370.16988	0.08084
1368.66924	0.07667
1367.16861	0.06847
1365.66798	0.06186
1364.16735	0.05503
1362.66671	0.04687
1361.16608	0.04073
1359.66545	0.03579
1358.16482	0.03127
1356.66418	0.02795
1355.16355	0.02433
1353.66292	0.02184
1352.16229	0.01983
1350.66165	0.01755
1349.16102	0.01606
1347.66039	0.01453
1346.15975	0.01231
1344.65912	0.01342
1343.15849	0.01162
1341.65786	0.01041
1340.15722	0.00903
1338.65659	0.00814
1337.15596	0.00676
1335.65533	0.00767
1334.15469	0.00731
1332.65406	0.00647
1331.15343	0.00617
1329.6528	0.00543
1328.15216	0.00535
1326.65153	0.00481
1325.1509	0.00411
1323.65027	0.00495
1322.14963	0.00411
1320.649	0.00397
1319.14837	0.00496
1317.64774	0.00387
1316.1471	0.00491
1314.64647	0.00399
1313.14584	0.00435
1311.64521	0.00427
1310.14457	0.00398
1308.64394	0.00511
1307.14331	0.00442
1305.64268	0.00531
1304.14204	0.00671
1302.64141	0.00541
1301.14078	0.00591
1299.64015	0.00742
1298.13951	0.00728
1296.63888	0.00788
1295.13825	0.00823
1293.63762	0.00965
1292.13698	0.00953
1290.63635	0.01021
1289.13572	0.01005
1287.63509	0.01091
1286.13445	0.01302
1284.63382	0.0133
1283.13319	0.01484
1281.63256	0.01583
1280.13192	0.01592
1278.63129	0.01787
1277.13066	0.01941
1275.63002	0.0217
1274.12939	0.02361
1272.62876	0.02744
1271.12813	0.03164
1269.62749	0.03736
1268.12686	0.0423
1266.62623	0.04891
1265.1256	0.05584
1263.62496	0.0619
1262.12433	0.07049
1260.6237	0.08056
1259.12307	0.08964
1257.62243	0.09759
1256.1218	0.10551
1254.62117	0.11373
1253.12054	0.11996
1251.61991	0.12791
1250.11927	0.13421
1248.61864	0.14195
1247.11801	0.14867
1245.61737	0.15661
1244.11674	0.16555
1242.61611	0.17544
1241.11548	0.18726
1239.61484	0.19638
1238.11421	0.20886
1236.61358	0.22055
1235.11295	0.23386
1233.61231	0.24207
1232.11168	0.25376
1230.61105	0.26568
1229.11042	0.27225
1227.60978	0.28242
1226.10915	0.29023
1224.60852	0.29686
1223.10789	0.30468
1221.60725	0.31004
1220.10662	0.3133
1218.60599	0.3213
1217.10536	0.32556
1215.60472	0.33032
1214.10409	0.33258
1212.60346	0.33599
1211.10283	0.33726
1209.60219	0.33645
1208.10156	0.33068
1206.60093	0.32561
1205.1003	0.31626
1203.59966	0.30589
1202.09903	0.28977
1200.5984	0.27382
1199.09777	0.25743
1197.59713	0.23848
1196.0965	0.22418
1194.59587	0.20822
1193.09524	0.19565
1191.5946	0.18458
1190.09397	0.17557
1188.59334	0.16865
1187.09271	0.1636
1185.59207	0.15841
1184.09144	0.15422
1182.59081	0.15218
1181.09018	0.14937
1179.58954	0.14818
1178.08891	0.14757
1176.58828	0.14362
1175.08765	0.14141
1173.58701	0.13813
1172.08638	0.13566
1170.58575	0.13004
1169.08512	0.12751
1167.58448	0.12101
1166.08385	0.11593
1164.58322	0.11123
1163.08259	0.10542
1161.58195	0.10036
1160.08132	0.09179
1158.58069	0.08729
1157.08005	0.07895
1155.57942	0.07298
1154.07879	0.06751
1152.57816	0.06197
1151.07752	0.056
1149.57689	0.05032
1148.07626	0.04595
1146.57563	0.04242
1145.07499	0.03887
1143.57436	0.03513
1142.07373	0.03186
1140.5731	0.03015
1139.07246	0.02518
1137.57183	0.02347
1136.0712	0.02147
1134.57057	0.01931
1133.06993	0.01763
1131.5693	0.01648
1130.06867	0.01543
1128.56804	0.01437
1127.0674	0.01357
1125.56677	0.01331
1124.06614	0.01061
1122.56551	0.00896
1121.06487	0.01048
1119.56424	0.01
1118.06361	0.01129
1116.56298	0.00802
1115.06234	0.00911
1113.56171	0.00911
1112.06108	0.00836
1110.56045	0.00994
1109.05981	0.00907
1107.55918	0.00924
1106.05855	0.01046
1104.55792	0.01012
1103.05728	0.00924
1101.55665	0.00954
1100.05602	0.00886
1098.55538	0.01251
1097.05475	0.01319
1095.55412	0.01456
1094.05349	0.01455
1092.55285	0.01618
1091.05222	0.01812
1089.55159	0.02193
1088.05096	0.0224
1086.55032	0.02609
1085.04969	0.02656
1083.54906	0.03061
1082.04843	0.03124
1080.54779	0.03426
1079.04716	0.03622
1077.54653	0.03734
1076.0459	0.03736
1074.54526	0.03664
1073.04463	0.03623
1071.544	0.03467
1070.04337	0.03417
1068.54273	0.03369
1067.0421	0.03047
1065.54147	0.02766
1064.04084	0.02669
1062.5402	0.02381
1061.03957	0.02182
1059.53894	0.01744
1058.03831	0.01667
1056.53767	0.01442
1055.03704	0.01222
1053.53641	0.01016
1052.03578	0.00918
1050.53514	0.00695
1049.03451	0.00539
1047.53388	0.00355
1046.03325	0.00225
1044.53261	0.00232
1043.03198	0.00269
1041.53135	0.00204
1040.03072	0.00157
1038.53008	0.0016
1037.02945	2.75535E-4
1035.52882	0.00159
1034.02819	0.00143
1032.52755	2.53442E-5
1031.02692	0.00125
1029.52629	0.00273
1028.02566	7.79743E-4
1026.52502	0.00211
1025.02439	0.00179
1023.52376	8.85206E-4
1022.02313	0.00301
1020.52249	6.89515E-4
1019.02186	0.00238
1017.52123	0.00306
1016.02059	0.00329
1014.51996	0.00119
1013.01933	0.00268
1011.5187	0.00374
1010.01806	0.00379
1008.51743	0.0045
1007.0168	0.00436
1005.51617	0.00355
1004.01553	0.00424
1002.5149	0.00347
1001.01427	0.00495
999.51364	0.00579
998.01301	0.00576
996.51237	0.00549
995.01174	0.00744
993.51111	0.00734
992.01047	0.00831
990.50984	0.00893
989.00921	0.00786
987.50858	0.0099
986.00794	0.01013
984.50731	0.01086
983.00668	0.0116
981.50605	0.01304
980.00541	0.01391
978.50478	0.01588
977.00415	0.01558
975.50352	0.0154
974.00288	0.01929
972.50225	0.01965
971.00162	0.02224
969.50099	0.02299
968.00035	0.02515
966.49972	0.02715
964.99909	0.02891
963.49846	0.03153
961.99782	0.03421
960.49719	0.0361
958.99656	0.03932
957.49593	0.04157
955.99529	0.04485
954.49466	0.04633
952.99403	0.04991
951.4934	0.05286
949.99276	0.05526
948.49213	0.0585
946.9915	0.06157
945.49087	0.06361
943.99023	0.06756
942.4896	0.06941
940.98897	0.07025
939.48834	0.07414
937.9877	0.07556
936.48707	0.07737
934.98644	0.07874
933.48581	0.07887
931.98517	0.08094
930.48454	0.07951
928.98391	0.08004
927.48328	0.07901
925.98264	0.08015
924.48201	0.07583
922.98138	0.07589
921.48074	0.07541
919.98011	0.0729
918.47948	0.07173
916.97885	0.07122
915.47821	0.06719
913.97758	0.06653
912.47695	0.06458
910.97632	0.05997
909.47568	0.05972
907.97505	0.05779
906.47442	0.05729
904.97379	0.0558
903.47315	0.05418
901.97252	0.05567
900.47189	0.05286
898.97126	0.05244
897.47062	0.05144
895.96999	0.05035
894.46936	0.05188
892.96873	0.04956
891.46809	0.04989
889.96746	0.04898
888.46683	0.05109
886.9662	0.04784
885.46556	0.04858
883.96493	0.04826
882.4643	0.04926
880.96367	0.0477
879.46303	0.04869
877.9624	0.04648
876.46177	0.04665
874.96114	0.0482
873.4605	0.04771
871.95987	0.04742
870.45924	0.0472
868.95861	0.04499
867.45797	0.04498
865.95734	0.04241
864.45671	0.04114
862.95608	0.04042
861.45544	0.03843
859.95481	0.03926
858.45418	0.03755
856.95355	0.03592
855.45291	0.03601
853.95228	0.03438
852.45165	0.03532
850.95101	0.03343
849.45038	0.03164
847.94975	0.03175
846.44912	0.02989
844.94849	0.03027
843.44785	0.02758
841.94722	0.02667
840.44659	0.02678
838.94596	0.0251
837.44532	0.02537
835.94469	0.02362
834.44406	0.02176
832.94343	0.02303
831.44279	0.02106
829.94216	0.01969
828.44153	0.02093
826.94089	0.01863
825.44026	0.01707
823.93963	0.01647
822.439	0.01476
820.93836	0.01674
819.43773	0.0141
817.9371	0.01407
816.43647	0.01405
814.93583	0.01225
813.4352	0.01318
811.93457	0.01214
810.43394	0.01104
808.9333	0.0107
807.43267	0.01047
805.93204	0.00937
804.43141	0.00953
802.93077	0.00865
801.43014	0.009
799.92951	0.00875
798.42888	0.00686
796.92824	0.00758
795.42761	0.00679
793.92698	0.00636
792.42635	0.00599
790.92571	0.00504
789.42508	0.00488
787.92445	0.005
786.42382	0.00527
784.92318	0.00453
783.42255	0.00406
781.92192	0.00455
780.42129	0.00354
778.92065	0.00331
777.42002	0.00308
775.91939	0.00333
774.41876	0.00261
772.91812	0.0016
771.41749	0.00271
769.91686	0.00126
768.41623	0.00149
766.91559	2.69626E-4
765.41496	0.00124
763.91433	0.00174
762.41369	0.00141
760.91306	0.00119
759.41243	9.5911E-4
757.9118	3.49806E-4
756.41116	0.00278
754.91053	9.172E-4
753.4099	3.11896E-4
751.90927	0.00122
750.40864	0.00264
748.908	-2.38014E-4
747.40737	0.00254
745.90674	5.4638E-4
744.40611	2.66077E-4
742.90547	0.00109
741.40484	0.00141
739.90421	0.00191
738.40358	0.00114
736.90294	0.00218
735.40231	0.00237
733.90168	0.0028
732.40104	0.00427
730.90041	0.00577
729.39978	0.00877
727.89915	0.01091
726.39851	0.01517
724.89788	0.01885
723.39725	0.02235
721.89662	0.02744
720.39598	0.03194
718.89535	0.0369
717.39472	0.04191
715.89409	0.04503
714.39345	0.05132
712.89282	0.05201
711.39219	0.05408
709.89156	0.0522
708.39092	0.04676
706.89029	0.04312
705.38966	0.03744
703.88903	0.03
702.38839	0.0272
700.88776	0.02322
699.38713	0.022
697.8865	0.01959
696.38586	0.02008
694.88523	0.01797
693.3846	0.01723
691.88397	0.01772
690.38333	0.0167
688.8827	0.01641
687.38207	0.01694
685.88144	0.01677
684.3808	0.01682
682.88017	0.01568
681.37954	0.01619
679.87891	0.0177
678.37827	0.01634
676.87764	0.01563
675.37701	0.01616
673.87638	0.01479
672.37574	0.01394
670.87511	0.01284
669.37448	0.01078
667.87384	0.00931
666.37321	0.00825
664.87258	0.0082
663.37195	0.00718
661.87131	0.00908
660.37068	0.01119
658.87005	0.01216
657.36942	0.00979
655.86879	0.00771
654.36815	0.00953
652.86752	0.00873
651.36689	0.01204
649.86625	0.00786
648.36562	0.00676
646.86499	0.00357
645.36436	0.00434
643.86372	0.00321
642.36309	0.00286
640.86246	0.00232
639.36183	0.00346
637.86119	0.002
636.36056	0.00172
634.85993	0.0017
633.3593	8.33632E-4
631.85866	0.00216
630.35803	0.00221
628.8574	0.00234
627.35677	0.00183
625.85613	0.00373
624.3555	9.89813E-4
622.85487	0.00152
621.35424	5.37206E-4
619.8536	9.89027E-5
618.35297	1.44599E-4
616.85234	-5.15704E-4
615.35171	0.00183
613.85107	0.00178
612.35044	0.00107
610.84981	0.00168
609.34918	0.00162
607.84854	0.0026
606.34791	-1.4827E-5
604.84728	0.00169
603.34665	8.53566E-4
601.84601	0.00197
600.34538	1.69598E-5
598.84475	0.0019
597.34411	0.00129
595.84348	0.00123
594.34285	0.00106
592.84222	5.20443E-4
591.34159	0.00191
589.84095	5.00837E-4
588.34032	7.71533E-4
586.83969	0.00315
585.33906	8.94927E-4
583.83842	-4.93376E-4
582.33779	2.4632E-4
580.83716	-5.34983E-4
579.33653	0.0016
577.83589	0.00219
576.33526	0.00105
574.83463	4.36804E-4
573.33399	0.00261
571.83336	0.00197
570.33273	-4.32106E-4
568.8321	7.83591E-4
567.33146	0.0013
565.83083	2.22984E-4
564.3302	0.00228
562.82957	0.00165
561.32893	-5.06926E-4
559.8283	-1.04229E-4
558.32767	-5.10533E-4
556.82704	0.00243
555.3264	0.00104
553.82577	1.60558E-4
552.32514	8.70254E-4
550.82451	0.00117
549.32387	0.00165
547.82324	-1.27656E-4
546.32261	7.72041E-4
544.82198	0.00138
543.32134	-3.03566E-4
541.82071	0.00223
540.32008	9.51828E-4
538.81945	-0.00112
537.31881	7.55221E-4
535.81818	0.00248
534.31755	0.0011
532.81692	3.71311E-4
531.31628	7.17008E-4
529.81565	0.00224
528.31502	5.57401E-4
526.81439	6.73098E-4
525.31375	0.00161
523.81312	-0.00177
522.31249	9.56188E-4
520.81186	-2.34115E-4
519.31122	0.00112
517.81059	-0.00158
516.30996	0.00185
514.80932	-0.00328
513.30869	3.67368E-4
511.80806	0.00143
510.30743	-9.87238E-4
508.8068	-4.16541E-4
507.30616	0.00339
505.80553	-0.00424
504.3049	0.0021
502.80426	0.00133
501.30363	-3.23058E-4
499.803	0.00193
