5000.2	0.00833
4998.69937	0.00916
4997.19873	-0.0042
4995.6981	0.00537
4994.19747	0.01951
4992.69684	-0.00688
4991.19621	0.00278
4989.69557	0.00355
4988.19494	0.00642
4986.69431	0.00478
4985.19368	-0.00248
4983.69304	-2.11688E-4
4982.19241	0.00626
4980.69178	0.00225
4979.19114	0.00514
4977.69051	0.01022
4976.18988	-0.00522
4974.68925	-0.00148
4973.18861	0.00361
4971.68798	-8.89031E-4
4970.18735	-0.00159
4968.68672	0.00293
4967.18608	-0.00554
4965.68545	-0.0049
4964.18482	9.6763E-4
4962.68419	0.00307
4961.18355	0.00575
4959.68292	0.01628
4958.18229	0.00438
4956.68166	0.00161
4955.18102	0.01144
4953.68039	0.00426
4952.17976	0.00119
4950.67913	0.00315
4949.17849	-0.00241
4947.67786	-0.00191
4946.17723	-8.64384E-4
4944.6766	0.00736
4943.17596	2.3028E-4
4941.67533	0.00453
4940.1747	0.00295
4938.67407	0.00634
4937.17343	-0.00141
4935.6728	0.00214
4934.17217	0.00457
4932.67154	0.00168
4931.1709	1.35937E-4
4929.67027	0.00117
4928.16964	0.00604
4926.669	0.00494
4925.16837	-0.00153
4923.66774	5.91598E-4
4922.16711	-1.8007E-4
4920.66647	0.00294
4919.16584	-6.62406E-4
4917.66521	3.19265E-5
4916.16458	0.00703
4914.66395	0.00117
4913.16331	0.01671
4911.66268	0.00118
4910.16205	0.00664
4908.66141	0.00589
4907.16078	0.01025
4905.66015	0.00569
4904.15952	-0.00208
4902.65888	0.00496
4901.15825	0.00394
4899.65762	-0.00628
4898.15699	0.0063
4896.65635	0.01055
4895.15572	0.0063
4893.65509	-3.55759E-4
4892.15446	0.00343
4890.65382	0.00735
4889.15319	-0.00162
4887.65256	-0.00735
4886.15193	0.00895
4884.65129	0.00211
4883.15066	0.01274
4881.65003	0.00211
4880.1494	-0.00371
4878.64876	0.00569
4877.14813	0.00342
4875.6475	0.00154
4874.14687	-0.00786
4872.64623	0.00506
4871.1456	-0.00457
4869.64497	-8.23445E-4
4868.14434	0.00534
4866.6437	0.00863
4865.14307	0.00428
4863.64244	0.00588
4862.14181	0.00312
4860.64117	0.00375
4859.14054	0.00155
4857.63991	0.00985
4856.13928	0.00366
4854.63864	0.00186
4853.13801	0.00247
4851.63738	0.0018
4850.13675	0.00629
4848.63611	-5.07795E-4
4847.13548	0.00628
4845.63485	-0.0029
4844.13422	0.0023
4842.63358	0.00338
4841.13295	0.00802
4839.63232	0.0042
4838.13169	0.007
4836.63105	7.16862E-4
4835.13042	0.00252
4833.62979	0.00106
4832.12915	0.00226
4830.62852	-1.95809E-4
4829.12789	0.00262
4827.62726	0.00545
4826.12662	-6.95813E-4
4824.62599	0.00901
4823.12536	0.00859
4821.62473	0.00267
4820.1241	0.0054
4818.62346	0.00238
4817.12283	0.00195
4815.6222	-4.04878E-5
4814.12157	2.94844E-4
4812.62093	0.0057
4811.1203	0.00525
4809.61967	0.00463
4808.11903	0.00268
4806.6184	0.0045
4805.11777	0.00188
4803.61714	0.00785
4802.1165	0.00437
4800.61587	0.00363
4799.11524	0.00299
4797.61461	0.00809
4796.11397	0.00389
4794.61334	0.00173
4793.11271	0.00487
4791.61208	0.00253
4790.11144	9.15159E-4
4788.61081	0.00124
4787.11018	-4.81177E-4
4785.60955	0.00419
4784.10891	0.00748
4782.60828	0.00703
4781.10765	0.00649
4779.60702	0.00125
4778.10638	3.57816E-4
4776.60575	0.00579
4775.10512	0.00426
4773.60449	0.00683
4772.10385	0.00496
4770.60322	0.00681
4769.10259	0.00534
4767.60196	3.27141E-4
4766.10132	0.01073
4764.60069	0.00815
4763.10006	0.00687
4761.59943	0.00477
4760.09879	0.00448
4758.59816	0.01621
4757.09753	0.00267
4755.59689	0.00481
4754.09626	0.00251
4752.59563	0.00479
4751.095	0.00917
4749.59436	0.00912
4748.09373	0.0074
4746.5931	0.0032
4745.09247	0.00714
4743.59184	0.00629
4742.0912	0.00617
4740.59057	0.00241
4739.08994	0.01586
4737.58931	0.01131
4736.08867	0.00138
4734.58804	0.00883
4733.08741	0.00374
4731.58677	0.00312
4730.08614	0.00772
4728.58551	0.00733
4727.08488	0.01045
4725.58424	0.00661
4724.08361	0.0025
4722.58298	0.00275
4721.08235	0.00232
4719.58171	0.00376
4718.08108	0.00467
4716.58045	0.00933
4715.07982	0.00881
4713.57918	0.00905
4712.07855	-4.0657E-4
4710.57792	0.01153
4709.07729	0.01096
4707.57665	0.01031
4706.07602	0.01286
4704.57539	0.00569
4703.07476	0.00366
4701.57412	0.00894
4700.07349	0.00614
4698.57286	0.00876
4697.07223	0.0052
4695.57159	0.00833
4694.07096	0.01032
4692.57033	0.00831
4691.0697	0.00883
4689.56906	0.0119
4688.06843	0.00957
4686.5678	0.00798
4685.06717	0.00772
4683.56653	0.00426
4682.0659	0.00974
4680.56527	0.00861
4679.06464	0.0069
4677.564	0.00562
4676.06337	0.00409
4674.56274	0.00124
4673.0621	0.00593
4671.56147	0.01193
4670.06084	0.00285
4668.56021	0.00331
4667.05958	0.00531
4665.55894	0.00784
4664.05831	0.00322
4662.55768	0.00396
4661.05704	0.00479
4659.55641	0.00841
4658.05578	0.00924
4656.55515	0.00171
4655.05451	0.01047
4653.55388	0.0078
4652.05325	0.001
4650.55262	0.00474
4649.05199	0.00711
4647.55135	0.00445
4646.05072	-0.00284
4644.55009	0.00866
4643.04945	0.00302
4641.54882	0.00655
4640.04819	0.00203
4638.54756	0.00245
4637.04692	-0.00146
4635.54629	0.00629
4634.04566	0.00251
4632.54503	-5.12795E-4
4631.04439	-0.00167
4629.54376	-0.00233
4628.04313	3.53776E-5
4626.5425	0.00757
4625.04186	-0.00139
4623.54123	0.00254
4622.0406	-8.15392E-4
4620.53997	0.00468
4619.03933	0.00941
4617.5387	-0.00416
4616.03807	0.00232
4614.53744	-0.00115
4613.0368	1.31953E-4
4611.53617	0.00876
4610.03554	0.00142
4608.53491	0.00424
4607.03427	-0.00112
4605.53364	0.00411
4604.03301	0.00381
4602.53238	0.00142
4601.03174	0.0084
4599.53111	0.00223
4598.03048	0.00173
4596.52985	0.0061
4595.02921	-0.00221
4593.52858	-0.00401
4592.02795	-2.61241E-4
4590.52732	0.00468
4589.02668	0.00264
4587.52605	-3.97069E-4
4586.02542	3.68989E-4
4584.52478	-0.0029
4583.02415	-0.0046
4581.52352	9.11617E-5
4580.02289	0.00417
4578.52225	0.00327
4577.02162	-0.00711
4575.52099	5.91392E-4
4574.02036	0.00104
4572.51973	-0.00175
4571.01909	0.0015
4569.51846	-0.00423
4568.01783	-0.00496
4566.5172	0.00531
4565.01656	-0.00212
4563.51593	0.00571
4562.0153	1.9591E-4
4560.51466	-0.00455
4559.01403	0.00213
4557.5134	0.00742
4556.01277	0.00482
4554.51213	-0.00105
4553.0115	0.00186
4551.51087	0.00115
4550.01024	-3.5563E-4
4548.5096	-0.00244
4547.00897	0.00409
4545.50834	-0.00109
4544.00771	-0.00166
4542.50707	0.00357
4541.00644	0.00725
4539.50581	0.00649
4538.00518	0.00352
4536.50454	-0.00634
4535.00391	0.0024
4533.50328	0.00618
4532.00265	-0.00311
4530.50201	0.00131
4529.00138	-0.00456
4527.50075	-0.00216
4526.00012	5.42911E-5
4524.49948	0.0035
4522.99885	5.34406E-4
4521.49822	0.0029
4519.99759	-0.00213
4518.49695	0.00377
4516.99632	0.00103
4515.49569	-0.00564
4513.99506	-0.00467
4512.49442	0.00165
4510.99379	-0.0047
4509.49316	0.00342
4507.99253	-0.00526
4506.49189	-0.00622
4504.99126	-0.00878
4503.49063	-0.00441
4501.98999	0.00348
4500.48936	-0.00674
4498.98873	-0.00498
4497.4881	-0.00529
4495.98747	0.00481
4494.48683	6.675E-4
4492.9862	0.00351
4491.48557	-8.15385E-4
4489.98494	-0.00515
4488.4843	-4.3727E-4
4486.98367	-0.00535
4485.48304	4.58845E-4
4483.9824	0.00214
4482.48177	-0.00381
4480.98114	8.41018E-4
4479.48051	-0.00392
4477.97987	8.78133E-4
4476.47924	5.8619E-4
4474.97861	0.00643
4473.47798	-0.00237
4471.97734	-0.00248
4470.47671	-0.00219
4468.97608	-0.00468
4467.47545	0.00562
4465.97481	0.00415
4464.47418	0.00412
4462.97355	0.0036
4461.47292	-0.00503
4459.97228	0.00201
4458.47165	-0.00371
4456.97102	3.99939E-4
4455.47039	7.25996E-4
4453.96975	0.00259
4452.46912	0.00211
4450.96849	0.00179
4449.46786	0.00117
4447.96722	-7.07716E-4
4446.46659	8.85341E-4
4444.96596	5.17399E-4
4443.46533	-0.00433
4441.96469	8.80514E-4
4440.46406	0.00471
4438.96343	0.00319
4437.4628	0.00548
4435.96216	8.87744E-4
4434.46153	-7.48198E-4
4432.9609	0.0047
4431.46027	7.10917E-4
4429.95963	0.00252
4428.459	0.0035
4426.95837	0.0039
4425.45774	4.86147E-4
4423.9571	0.00211
4422.45647	9.97262E-4
4420.95584	3.8832E-4
4419.45521	0.00226
4417.95457	0.00469
4416.45394	-0.00385
4414.95331	-0.00466
4413.45268	0.00677
4411.95204	0.00421
4410.45141	1.00723E-4
4408.95078	0.004
4407.45014	0.00513
4405.94951	8.65895E-4
4404.44888	-0.00431
4402.94825	0.0086
4401.44762	0.00283
4399.94698	-0.00366
4398.44635	0.00107
4396.94572	1.56241E-4
4395.44509	0.00544
4393.94445	-0.0013
4392.44382	0.00479
4390.94319	-0.00245
4389.44255	0.00367
4387.94192	0.00186
4386.44129	-0.00141
4384.94066	0.00401
4383.44002	0.00702
4381.93939	-0.00409
4380.43876	0.00708
4378.93813	0.00116
4377.43749	0.00376
4375.93686	0.00138
4374.43623	0.0018
4372.9356	0.00336
4371.43496	-0.00278
4369.93433	0.0013
4368.4337	9.20334E-4
4366.93307	0.00285
4365.43243	0.00514
4363.9318	0.00963
4362.43117	0.00211
4360.93054	-8.97378E-4
4359.4299	0.00282
4357.92927	7.05737E-4
4356.42864	-0.0016
4354.92801	0.00467
4353.42737	6.83228E-4
4351.92674	-0.0022
4350.42611	0.00256
4348.92548	0.00444
4347.42484	8.28397E-4
4345.92421	-0.00405
4344.42358	-7.88018E-4
4342.92295	0.00201
4341.42231	0.00266
4339.92168	-0.00247
4338.42105	-3.65849E-4
4336.92041	0.0058
4335.41978	0.00554
4333.91915	0.00586
4332.41852	-0.00314
4330.91788	0.00408
4329.41725	0.00459
4327.91662	0.00108
4326.41599	0.0051
4324.91536	-4.58217E-4
4323.41472	-9.56925E-4
4321.91409	0.00428
4320.41346	0.00996
4318.91283	-0.00418
4317.41219	5.02447E-5
4315.91156	0.00512
4314.41093	-0.00304
4312.91029	0.00553
4311.40966	0.00165
4309.90903	-0.00484
4308.4084	0.00462
4306.90776	0.00508
4305.40713	2.34584E-4
4303.9065	0.01039
4302.40587	0.00399
4300.90523	0.00221
4299.4046	0.00942
4297.90397	0.01012
4296.40334	-4.05662E-4
4294.9027	-4.1037E-4
4293.40207	0.00318
4291.90144	-0.00234
4290.40081	0.00826
4288.90017	0.00778
4287.39954	0.00535
4285.89891	0.00197
4284.39828	8.6677E-5
4282.89764	0.00546
4281.39701	-4.17738E-4
4279.89638	0.0067
4278.39575	0.00429
4276.89511	-8.83861E-4
4275.39448	-0.00427
4273.89385	0.00217
4272.39322	-0.00483
4270.89258	0.00313
4269.39195	0.00302
4267.89132	0.00776
4266.39069	0.0089
4264.89005	0.00418
4263.38942	-0.00136
4261.88879	0.00884
4260.38816	-0.0019
4258.88752	0.00449
4257.38689	0.00552
4255.88626	0.00509
4254.38563	0.00781
4252.88499	0.00711
4251.38436	0.00955
4249.88373	-0.00172
4248.3831	0.00213
4246.88246	0.00674
4245.38183	2.42788E-5
4243.8812	-0.00357
4242.38057	4.89864E-4
4240.87993	-9.85844E-4
4239.3793	0.00109
4237.87867	0.0017
4236.37803	-0.00215
4234.8774	5.57325E-4
4233.37677	0.00308
4231.87614	0.00982
4230.3755	0.00346
4228.87487	0.00346
4227.37424	0.00294
4225.87361	-0.00306
4224.37298	-0.00121
4222.87234	0.00685
4221.37171	0.00233
4219.87108	-9.69751E-4
4218.37044	2.64542E-4
4216.86981	0.00538
4215.36918	0.0027
4213.86855	0.00393
4212.36791	0.00265
4210.86728	0.00782
4209.36665	6.21296E-4
4207.86602	0.00361
4206.36538	8.31881E-4
4204.86475	0.00121
4203.36412	3.28465E-4
4201.86349	0.0019
4200.36285	0.00131
4198.86222	0.00481
4197.36159	-0.00206
4195.86096	-0.00114
4194.36032	0.00323
4192.85969	3.55512E-4
4191.35906	0.00175
4189.85843	0.00545
4188.35779	0.0019
4186.85716	-0.00439
4185.35653	3.75974E-4
4183.8559	0.00319
4182.35526	9.75559E-4
4180.85463	0.00262
4179.354	-4.35857E-4
4177.85337	2.86436E-4
4176.35273	-0.00368
4174.8521	-8.45979E-4
4173.35147	0.00164
4171.85084	0.00249
4170.3502	0.00836
4168.84957	3.8019E-4
4167.34894	-1.15518E-4
4165.84831	-8.22518E-6
4164.34767	0.00346
4162.84704	0.0016
4161.34641	0.00115
4159.84577	0.00227
4158.34514	-6.31763E-4
4156.84451	9.45529E-4
4155.34388	-5.49179E-4
4153.84325	8.11384E-6
4152.34261	-0.00176
4150.84198	0.00197
4149.34135	0.00266
4147.84072	-9.37166E-5
4146.34008	0.00127
4144.83945	2.75868E-4
4143.33882	0.00565
4141.83818	0.00218
4140.33755	5.26745E-4
4138.83692	-0.00214
4137.33629	4.7933E-4
4135.83565	1.46622E-4
4134.33502	-0.0018
4132.83439	0.00271
4131.33376	0.00386
4129.83312	-0.00181
4128.33249	-4.21916E-4
4126.83186	0.00121
4125.33123	-0.00147
4123.83059	1.57961E-4
4122.32996	-0.00153
4120.82933	-0.00126
4119.3287	-0.0037
4117.82806	0.00121
4116.32743	7.55423E-4
4114.8268	0.00138
4113.32617	-0.00298
4111.82553	0.00109
4110.3249	0.00232
4108.82427	0.0031
4107.32364	0.00281
4105.823	-3.6853E-4
4104.32237	-0.00153
4102.82174	6.41055E-4
4101.32111	3.38347E-4
4099.82047	0.00264
4098.31984	0.00172
4096.81921	0.00151
4095.31858	-2.80483E-4
4093.81794	0.0018
4092.31731	-0.00548
4090.81668	2.08394E-4
4089.31605	1.23686E-4
4087.81541	6.04978E-4
4086.31478	2.88271E-4
4084.81415	-2.82437E-4
4083.31352	0.00248
4081.81288	-0.00169
4080.31225	0.00141
4078.81162	-0.00119
4077.31099	7.07025E-4
4075.81035	-2.80683E-4
4074.30972	-0.00204
4072.80909	0.00443
4071.30845	-7.21805E-4
4069.80782	-8.9513E-5
4068.30719	-0.00385
4066.80656	-0.00246
4065.30593	-0.00147
4063.80529	0.00141
4062.30466	-0.00199
4060.80403	0.00209
4059.30339	0.00228
4057.80276	-0.00148
4056.30213	-0.00579
4054.8015	-8.80589E-4
4053.30087	-0.00118
4051.80023	-0.00305
4050.2996	-0.00109
4048.79897	-0.00269
4047.29833	0.00162
4045.7977	-2.70835E-4
4044.29707	0.00114
4042.79644	1.8575E-4
4041.2958	-1.77958E-4
4039.79517	-4.22666E-4
4038.29454	5.87627E-4
4036.79391	-0.00481
4035.29327	5.55266E-4
4033.79264	-0.00192
4032.29201	-0.00339
4030.79138	-0.00284
4029.29074	0.00132
4027.79011	-0.00188
4026.28948	1.17259E-5
4024.78885	0.00177
4023.28821	0.00208
4021.78758	-2.10544E-4
4020.28695	-0.00195
4018.78632	0.00284
4017.28568	0.00198
4015.78505	5.4643E-4
4014.28442	0.003
4012.78379	2.90916E-4
4011.28315	-0.00194
4009.78252	-7.71597E-4
4008.28189	0.00158
4006.78126	-0.00126
4005.28062	-2.01867E-4
4003.77999	-0.00188
4002.27936	-1.6638E-4
4000.77873	0.00128
3999.27809	-0.0024
3997.77746	-6.5865E-4
3996.27683	0.00127
3994.77619	-1.16163E-4
3993.27556	-0.00303
3991.77493	0.00327
3990.2743	0.00154
3988.77367	-9.74189E-4
3987.27303	-6.46946E-4
3985.7724	0.00325
3984.27177	-0.00257
3982.77113	-6.51216E-4
3981.2705	3.10028E-4
3979.76987	-2.4729E-5
3978.26924	-0.00211
3976.76861	9.77578E-5
3975.26797	0.00373
3973.76734	4.80245E-4
3972.26671	0.00433
3970.76608	0.00265
3969.26544	0.00454
3967.76481	0.00153
3966.26418	-0.00501
3964.76354	0.00289
3963.26291	-5.27052E-4
3961.76228	0.00272
3960.26165	-0.0024
3958.76101	1.33678E-4
3957.26038	0.00416
3955.75975	-0.00108
3954.25912	-6.55913E-5
3952.75848	-0.00329
3951.25785	-7.56105E-4
3949.75722	-5.64861E-4
3948.25659	0.00134
3946.75595	0.00104
3945.25532	-8.88131E-4
3943.75469	-8.66888E-4
3942.25406	0.00183
3940.75342	0.00465
3939.25279	4.37843E-4
3937.75216	0.00351
3936.25153	0.00236
3934.75089	0.00224
3933.25026	-0.00125
3931.74963	-0.00111
3930.249	0.00309
3928.74836	5.77546E-4
3927.24773	0.00119
3925.7471	8.89033E-4
3924.24647	-7.05724E-4
3922.74583	5.65199E-5
3921.2452	-6.01237E-4
3919.74457	0.00293
3918.24394	0.00185
3916.7433	0.00124
3915.24267	0.00327
3913.74204	0.00128
3912.24141	9.07224E-4
3910.74077	-6.18533E-4
3909.24014	-0.00321
3907.73951	-7.87046E-4
3906.23888	0.00151
3904.73824	0.00156
3903.23761	2.67684E-4
3901.73698	0.00204
3900.23634	0.00328
3898.73571	7.67414E-4
3897.23508	-5.14342E-4
3895.73445	0.00289
3894.23382	0.00225
3892.73318	0.00159
3891.23255	5.53631E-4
3889.73192	0.00316
3888.23128	1.57118E-4
3886.73065	4.58361E-4
3885.23002	7.49605E-4
3883.72939	6.58848E-4
3882.22876	-1.69086E-5
3880.72812	4.57335E-4
3879.22749	0.00412
3877.72686	0.00225
3876.22622	0.0022
3874.72559	-3.18692E-4
3873.22496	0.00185
3871.72433	-7.01205E-4
3870.22369	5.17039E-4
3868.72306	1.78282E-4
3867.22243	0.00236
3865.7218	-0.00139
3864.22116	3.54012E-4
3862.72053	0.00276
3861.2199	0.00123
3859.71927	0.00147
3858.21863	-0.00223
3856.718	6.30229E-4
3855.21737	3.38472E-4
3853.71674	8.34716E-4
3852.2161	-4.74041E-4
3850.71547	0.00105
3849.21484	8.40446E-4
3847.71421	-0.00182
3846.21357	8.01933E-4
3844.71294	0.0035
3843.21231	0.00251
3841.71168	5.22663E-4
3840.21104	3.06906E-4
3838.71041	0.00237
3837.20978	0.00226
3835.70915	-0.0011
3834.20851	8.3288E-4
3832.70788	0.00303
3831.20725	-0.00142
3829.70662	0.00249
3828.20598	0.00436
3826.70535	4.82097E-4
3825.20472	0.00258
3823.70408	0.00457
3822.20345	0.00137
3820.70282	0.00358
3819.20219	0.00233
3817.70156	0.0016
3816.20092	-0.00234
3814.70029	0.00255
3813.19966	7.12287E-4
3811.69902	0.0013
3810.19839	3.32774E-4
3808.69776	0.00369
3807.19713	0.00163
3805.6965	0.0014
3804.19586	0.00417
3802.69523	0.00241
3801.1946	9.73904E-4
3799.69396	6.09572E-4
3798.19333	1.9124E-4
3796.6927	7.28908E-4
3795.19207	-0.00235
3793.69143	-4.09757E-4
3792.1908	0.00124
3790.69017	8.76579E-4
3789.18954	-0.00121
3787.6889	0.00191
3786.18827	0.0027
3784.68764	-4.35749E-4
3783.18701	0.00103
3781.68637	-0.00132
3780.18574	0.00133
3778.68511	0.00377
3777.18448	-1.45409E-4
3775.68384	-9.61741E-4
3774.18321	0.00211
3772.68258	-9.94405E-4
3771.18195	0.00247
3769.68131	0.00159
3768.18068	-0.00188
3766.68005	-2.57333E-5
3765.17942	0.00478
3763.67878	2.15603E-4
3762.17815	-0.00146
3760.67752	5.99385E-5
3759.17689	0.00123
3757.67625	0.00241
3756.17562	0.0011
3754.67499	4.7461E-4
3753.17436	0.00162
3751.67372	3.98946E-4
3750.17309	8.52614E-4
3748.67246	0.00188
3747.17183	0.00102
3745.67119	3.79618E-4
3744.17056	-5.67139E-5
3742.66993	-0.00111
3741.1693	2.94622E-4
3739.66866	0.0011
3738.16803	-7.95042E-4
3736.6674	-7.90374E-4
3735.16676	-0.00141
3733.66613	6.84962E-4
3732.1655	6.8663E-4
3730.66487	-4.91702E-4
3729.16424	8.26966E-4
3727.6636	2.90634E-4
3726.16297	0.00189
3724.66234	0.00273
3723.1617	0.00166
3721.66107	8.74305E-4
3720.16044	-0.00169
3718.65981	0.00199
3717.15917	9.93093E-5
3715.65854	4.79772E-5
3714.15791	9.15645E-4
3712.65728	0.0013
3711.15665	0.00111
3709.65601	3.11649E-4
3708.15538	0.00326
3706.65475	0.00219
3705.15411	0.00321
3703.65348	0.0018
3702.15285	0.00336
3700.65222	0.00694
3699.15158	0.00324
3697.65095	0.00434
3696.15032	7.97661E-4
3694.64969	0.00182
3693.14905	6.53997E-4
3691.64842	2.76646E-5
3690.14779	0.00173
3688.64716	-1.8E-4
3687.14652	-6.37332E-4
3685.64589	0.00101
3684.14526	0.00146
3682.64463	2.66672E-4
3681.14399	0.00222
3679.64336	-6.98992E-4
3678.14273	-9.43238E-5
3676.6421	0.00145
3675.14146	-9.95988E-4
3673.64083	0.00213
3672.1402	-4.65198E-6
3670.63957	0.00355
3669.13893	8.96839E-5
3667.6383	0.00187
3666.13767	0.00281
3664.63704	0.00137
3663.1364	0.002
3661.63577	0.00178
3660.13514	0.00146
3658.63451	0.00314
3657.13387	5.92028E-4
3655.63324	0.00335
3654.13261	0.00611
3652.63197	0.00244
3651.13134	0.00255
3649.63071	0.00153
3648.13008	0.00285
3646.62945	0.00428
3645.12881	0.00289
3643.62818	0.00402
3642.12755	0.00419
3640.62691	0.00365
3639.12628	0.00483
3637.62565	0.00316
3636.12502	0.00633
3634.62439	0.00695
3633.12375	0.00565
3631.62312	0.00745
3630.12249	0.00685
3628.62185	0.00683
3627.12122	0.00438
3625.62059	0.00485
3624.11996	0.00869
3622.61932	0.00355
3621.11869	0.00765
3619.61806	0.00859
3618.11743	0.00856
3616.61679	0.00666
3615.11616	0.00731
3613.61553	0.00992
3612.1149	0.00777
3610.61426	0.01042
3609.11363	0.00883
3607.613	0.00832
3606.11237	0.00788
3604.61173	0.00965
3603.1111	0.0103
3601.61047	0.00878
3600.10984	0.00988
3598.6092	0.01206
3597.10857	0.01217
3595.60794	0.0119
3594.10731	0.01157
3592.60667	0.01224
3591.10604	0.01203
3589.60541	0.0129
3588.10478	0.01299
3586.60414	0.01412
3585.10351	0.01171
3583.60288	0.01327
3582.10225	0.01199
3580.60161	0.0149
3579.10098	0.0121
3577.60035	0.01296
3576.09972	0.01132
3574.59908	0.01241
3573.09845	0.01222
3571.59782	0.01307
3570.09719	0.01374
3568.59655	0.01458
3567.09592	0.01526
3565.59529	0.0119
3564.09465	0.01501
3562.59402	0.01388
3561.09339	0.01269
3559.59276	0.0156
3558.09213	0.01592
3556.59149	0.01649
3555.09086	0.01677
3553.59023	0.01644
3552.08959	0.01441
3550.58896	0.01615
3549.08833	0.01522
3547.5877	0.01803
3546.08707	0.0152
3544.58643	0.01705
3543.0858	0.01534
3541.58517	0.01677
3540.08453	0.01798
3538.5839	0.01886
3537.08327	0.0175
3535.58264	0.02065
3534.082	0.01726
3532.58137	0.0209
3531.08074	0.01751
3529.58011	0.01818
3528.07947	0.01554
3526.57884	0.0212
3525.07821	0.02186
3523.57758	0.01982
3522.07694	0.02021
3520.57631	0.01829
3519.07568	0.02143
3517.57505	0.019
3516.07441	0.02017
3514.57378	0.0212
3513.07315	0.01962
3511.57252	0.02086
3510.07188	0.0206
3508.57125	0.02141
3507.07062	0.02167
3505.56999	0.02121
3504.06935	0.02003
3502.56872	0.02021
3501.06809	0.02012
3499.56746	0.02086
3498.06682	0.0214
3496.56619	0.02335
3495.06556	0.02208
3493.56493	0.02198
3492.06429	0.02156
3490.56366	0.02109
3489.06303	0.02207
3487.56239	0.02348
3486.06176	0.02208
3484.56113	0.02138
3483.0605	0.02185
3481.55987	0.02476
3480.05923	0.0244
3478.5586	0.02464
3477.05797	0.02492
3475.55733	0.02257
3474.0567	0.02104
3472.55607	0.02265
3471.05544	0.0241
3469.55481	0.02415
3468.05417	0.0256
3466.55354	0.02387
3465.05291	0.02404
3463.55228	0.02287
3462.05164	0.02535
3460.55101	0.0239
3459.05038	0.02288
3457.54974	0.02499
3456.04911	0.02598
3454.54848	0.02484
3453.04785	0.02333
3451.54721	0.0264
3450.04658	0.02288
3448.54595	0.02642
3447.04532	0.02285
3445.54468	0.02471
3444.04405	0.02521
3442.54342	0.02516
3441.04279	0.02855
3439.54215	0.02716
3438.04152	0.0262
3436.54089	0.02517
3435.04026	0.02514
3433.53962	0.02549
3432.03899	0.02836
3430.53836	0.02703
3429.03773	0.02553
3427.53709	0.02692
3426.03646	0.02656
3424.53583	0.02635
3423.0352	0.02929
3421.53456	0.02768
3420.03393	0.02627
3418.5333	0.0257
3417.03267	0.02771
3415.53203	0.02898
3414.0314	0.02944
3412.53077	0.02947
3411.03014	0.03101
3409.5295	0.02737
3408.02887	0.02816
3406.52824	0.02913
3405.02761	0.02901
3403.52697	0.02865
3402.02634	0.02881
3400.52571	0.03062
3399.02508	0.02918
3397.52444	0.02806
3396.02381	0.03005
3394.52318	0.0329
3393.02254	0.03248
3391.52191	0.03122
3390.02128	0.03071
3388.52065	0.02924
3387.02002	0.03015
3385.51938	0.03077
3384.01875	0.03183
3382.51812	0.03005
3381.01748	0.03229
3379.51685	0.0313
3378.01622	0.03193
3376.51559	0.03518
3375.01496	0.03327
3373.51432	0.03119
3372.01369	0.03134
3370.51306	0.03447
3369.01242	0.03622
3367.51179	0.03442
3366.01116	0.03715
3364.51053	0.03453
3363.00989	0.03335
3361.50926	0.0344
3360.00863	0.03644
3358.508	0.03667
3357.00736	0.0369
3355.50673	0.03832
3354.0061	0.03847
3352.50547	0.03863
3351.00483	0.03929
3349.5042	0.04041
3348.00357	0.03998
3346.50294	0.04123
3345.0023	0.04174
3343.50167	0.04266
3342.00104	0.04262
3340.50041	0.04296
3338.99977	0.04455
3337.49914	0.04368
3335.99851	0.04733
3334.49788	0.0465
3332.99724	0.04569
3331.49661	0.04539
3329.99598	0.04811
3328.49535	0.04835
3326.99471	0.04745
3325.49408	0.05053
3323.99345	0.05095
3322.49282	0.05047
3320.99218	0.05357
3319.49155	0.05172
3317.99092	0.0526
3316.49028	0.05255
3314.98965	0.05503
3313.48902	0.05466
3311.98839	0.05452
3310.48776	0.0557
3308.98712	0.05639
3307.48649	0.05768
3305.98586	0.05899
3304.48522	0.06138
3302.98459	0.0622
3301.48396	0.06163
3299.98333	0.06326
3298.4827	0.06198
3296.98206	0.06462
3295.48143	0.06435
3293.9808	0.06614
3292.48016	0.06562
3290.97953	0.06723
3289.4789	0.06921
3287.97827	0.06964
3286.47764	0.06993
3284.977	0.07224
3283.47637	0.07298
3281.97574	0.07132
3280.4751	0.07296
3278.97447	0.07442
3277.47384	0.07535
3275.97321	0.07617
3274.47257	0.07983
3272.97194	0.0802
3271.47131	0.07982
3269.97068	0.07925
3268.47004	0.08175
3266.96941	0.08327
3265.46878	0.08339
3263.96815	0.08442
3262.46751	0.08462
3260.96688	0.08605
3259.46625	0.08767
3257.96562	0.09058
3256.46498	0.09188
3254.96435	0.08981
3253.46372	0.0918
3251.96309	0.09163
3250.46245	0.09359
3248.96182	0.09562
3247.46119	0.09568
3245.96056	0.09642
3244.45992	0.09873
3242.95929	0.09881
3241.45866	0.09922
3239.95803	0.10048
3238.45739	0.10366
3236.95676	0.1046
3235.45613	0.10422
3233.9555	0.10373
3232.45486	0.10517
3230.95423	0.10612
3229.4536	0.10686
3227.95296	0.1076
3226.45233	0.11014
3224.9517	0.10767
3223.45107	0.11294
3221.95044	0.11138
3220.4498	0.11288
3218.94917	0.11384
3217.44854	0.11538
3215.9479	0.11513
3214.44727	0.11774
3212.94664	0.11934
3211.44601	0.12137
3209.94537	0.1212
3208.44474	0.12038
3206.94411	0.12342
3205.44348	0.12458
3203.94285	0.12462
3202.44221	0.12754
3200.94158	0.12712
3199.44095	0.12841
3197.94031	0.1288
3196.43968	0.13085
3194.93905	0.13376
3193.43842	0.13464
3191.93778	0.13577
3190.43715	0.13744
3188.93652	0.13724
3187.43589	0.13884
3185.93525	0.14219
3184.43462	0.14322
3182.93399	0.14727
3181.43336	0.14734
3179.93272	0.14777
3178.43209	0.14947
3176.93146	0.15098
3175.43083	0.15294
3173.93019	0.1539
3172.42956	0.15624
3170.92893	0.15724
3169.4283	0.15734
3167.92766	0.15959
3166.42703	0.16111
3164.9264	0.16282
3163.42577	0.16495
3161.92513	0.16421
3160.4245	0.16704
3158.92387	0.16892
3157.42324	0.17028
3155.9226	0.17241
3154.42197	0.17441
3152.92134	0.17118
3151.42071	0.17263
3149.92007	0.17307
3148.41944	0.17555
3146.91881	0.17832
3145.41817	0.17599
3143.91754	0.17874
3142.41691	0.18212
3140.91628	0.17982
3139.41565	0.18252
3137.91501	0.18327
3136.41438	0.18555
3134.91375	0.18777
3133.41311	0.18704
3131.91248	0.18803
3130.41185	0.18885
3128.91122	0.19021
3127.41059	0.19214
3125.90995	0.19308
3124.40932	0.19301
3122.90869	0.19223
3121.40805	0.19603
3119.90742	0.19853
3118.40679	0.19824
3116.90616	0.20033
3115.40553	0.20163
3113.90489	0.20378
3112.40426	0.20281
3110.90363	0.20541
3109.40299	0.20525
3107.90236	0.20663
3106.40173	0.20732
3104.9011	0.20825
3103.40046	0.20886
3101.89983	0.21001
3100.3992	0.21136
3098.89857	0.21147
3097.39793	0.21081
3095.8973	0.21398
3094.39667	0.21441
3092.89604	0.21961
3091.3954	0.21901
3089.89477	0.22296
3088.39414	0.22352
3086.89351	0.22735
3085.39287	0.2313
3083.89224	0.23448
3082.39161	0.23548
3080.89098	0.24018
3079.39034	0.24534
3077.88971	0.24776
3076.38908	0.25389
3074.88845	0.2563
3073.38781	0.25893
3071.88718	0.26355
3070.38655	0.26732
3068.88592	0.27155
3067.38528	0.27236
3065.88465	0.27501
3064.38402	0.2769
3062.88339	0.27641
3061.38275	0.27681
3059.88212	0.27699
3058.38149	0.27842
3056.88085	0.27781
3055.38022	0.27635
3053.87959	0.27377
3052.37896	0.27436
3050.87833	0.27445
3049.37769	0.27358
3047.87706	0.27472
3046.37643	0.27218
3044.87579	0.26893
3043.37516	0.26909
3041.87453	0.26439
3040.3739	0.26351
3038.87327	0.25945
3037.37263	0.25515
3035.872	0.25242
3034.37137	0.24777
3032.87073	0.24421
3031.3701	0.24039
3029.86947	0.23434
3028.36884	0.23281
3026.8682	0.22778
3025.36757	0.22401
3023.86694	0.22174
3022.36631	0.21692
3020.86567	0.21666
3019.36504	0.21445
3017.86441	0.21283
3016.36378	0.21175
3014.86314	0.21179
3013.36251	0.21135
3011.86188	0.21453
3010.36125	0.2136
3008.86061	0.21296
3007.35998	0.21614
3005.85935	0.21704
3004.35872	0.2216
3002.85808	0.22103
3001.35745	0.22507
2999.85682	0.22719
2998.35619	0.23
2996.85555	0.23347
2995.35492	0.23774
2993.85429	0.24001
2992.35366	0.24356
2990.85302	0.24384
2989.35239	0.24697
2987.85176	0.25378
2986.35113	0.25396
2984.85049	0.25486
2983.34986	0.25961
2981.84923	0.26189
2980.3486	0.26277
2978.84796	0.26104
2977.34733	0.26282
2975.8467	0.26297
2974.34607	0.26344
2972.84543	0.26473
2971.3448	0.26571
2969.84417	0.26778
2968.34353	0.26881
2966.8429	0.26931
2965.34227	0.26916
2963.84164	0.27328
2962.34101	0.27059
2960.84037	0.27578
2959.33974	0.274
2957.83911	0.27802
2956.33848	0.27758
2954.83784	0.27582
2953.33721	0.27524
2951.83658	0.27553
2950.33594	0.27404
2948.83531	0.27209
2947.33468	0.26913
2945.83405	0.26736
2944.33341	0.26561
2942.83278	0.26394
2941.33215	0.26187
2939.83152	0.25843
2938.33088	0.25865
2936.83025	0.25489
2935.32962	0.25332
2933.82899	0.24886
2932.32835	0.24721
2930.82772	0.2449
2929.32709	0.24195
2927.82646	0.24059
2926.32582	0.24161
2924.82519	0.23981
2923.32456	0.23729
2921.82393	0.23444
2920.32329	0.23209
2918.82266	0.23235
2917.32203	0.23044
2915.8214	0.22871
2914.32076	0.22786
2912.82013	0.2249
2911.3195	0.22297
2909.81887	0.22111
2908.31823	0.22175
2906.8176	0.21829
2905.31697	0.21694
2903.81634	0.21486
2902.3157	0.21048
2900.81507	0.2102
2899.31444	0.20803
2897.81381	0.20194
2896.31317	0.20075
2894.81254	0.19728
2893.31191	0.19243
2891.81128	0.18904
2890.31064	0.18512
2888.81001	0.18389
2887.30938	0.17704
2885.80874	0.17665
2884.30811	0.17174
2882.80748	0.1681
2881.30685	0.16529
2879.80622	0.16403
2878.30558	0.16012
2876.80495	0.15609
2875.30432	0.15427
2873.80368	0.15162
2872.30305	0.14836
2870.80242	0.14866
2869.30179	0.1467
2867.80116	0.14719
2866.30052	0.14368
2864.79989	0.14269
2863.29926	0.14277
2861.79862	0.14128
2860.29799	0.13989
2858.79736	0.13917
2857.29673	0.1397
2855.79609	0.13659
2854.29546	0.13738
2852.79483	0.13397
2851.2942	0.13403
2849.79356	0.13199
2848.29293	0.13132
2846.7923	0.1306
2845.29167	0.12652
2843.79103	0.12863
2842.2904	0.12565
2840.78977	0.12635
2839.28914	0.12853
2837.7885	0.12762
2836.28787	0.12983
2834.78724	0.13166
2833.28661	0.13077
2831.78597	0.13284
2830.28534	0.13183
2828.78471	0.13455
2827.28408	0.13781
2825.78344	0.13653
2824.28281	0.13679
2822.78218	0.1377
2821.28155	0.13879
2819.78091	0.13743
2818.28028	0.1382
2816.77965	0.13484
2815.27902	0.13684
2813.77838	0.13675
2812.27775	0.13646
2810.77712	0.13765
2809.27648	0.13749
2807.77585	0.13935
2806.27522	0.14049
2804.77459	0.14021
2803.27396	0.1426
2801.77332	0.14326
2800.27269	0.14791
2798.77206	0.14996
2797.27142	0.15078
2795.77079	0.1519
2794.27016	0.15607
2792.76953	0.16025
2791.2689	0.1623
2789.76826	0.16275
2788.26763	0.16697
2786.767	0.16808
2785.26636	0.17088
2783.76573	0.17186
2782.2651	0.17298
2780.76447	0.17615
2779.26384	0.17803
2777.7632	0.1781
2776.26257	0.18011
2774.76194	0.1802
2773.2613	0.18199
2771.76067	0.18102
2770.26004	0.18013
2768.75941	0.17926
2767.25877	0.178
2765.75814	0.1785
2764.25751	0.17713
2762.75688	0.1754
2761.25624	0.17523
2759.75561	0.17213
2758.25498	0.17085
2756.75435	0.17162
2755.25371	0.16704
2753.75308	0.16702
2752.25245	0.16465
2750.75182	0.16265
2749.25118	0.16138
2747.75055	0.16058
2746.24992	0.15952
2744.74929	0.15929
2743.24865	0.15827
2741.74802	0.15433
2740.24739	0.15134
2738.74676	0.15028
2737.24612	0.14834
2735.74549	0.14652
2734.24486	0.14259
2732.74423	0.13957
2731.24359	0.13708
2729.74296	0.13434
2728.24233	0.1312
2726.7417	0.12771
2725.24106	0.12565
2723.74043	0.12167
2722.2398	0.11718
2720.73916	0.11492
2719.23853	0.11316
2717.7379	0.10912
2716.23727	0.10678
2714.73664	0.10376
2713.236	0.10145
2711.73537	0.09817
2710.23474	0.09458
2708.7341	0.09443
2707.23347	0.09073
2705.73284	0.08906
2704.23221	0.08576
2702.73157	0.08378
2701.23094	0.08312
2699.73031	0.0802
2698.22968	0.07749
2696.72905	0.07564
2695.22841	0.07531
2693.72778	0.07162
2692.22715	0.07271
2690.72651	0.07047
2689.22588	0.06919
2687.72525	0.06747
2686.22462	0.06542
2684.72398	0.06468
2683.22335	0.06407
2681.72272	0.06464
2680.22209	0.06172
2678.72145	0.06173
2677.22082	0.06239
2675.72019	0.06237
2674.21956	0.06011
2672.71892	0.06231
2671.21829	0.06148
2669.71766	0.05989
2668.21703	0.0608
2666.71639	0.06319
2665.21576	0.06208
2663.71513	0.0621
2662.2145	0.06331
2660.71386	0.0637
2659.21323	0.06304
2657.7126	0.06471
2656.21197	0.06518
2654.71133	0.06484
2653.2107	0.0666
2651.71007	0.06763
2650.20944	0.06941
2648.7088	0.07268
2647.20817	0.07276
2645.70754	0.07428
2644.20691	0.07626
2642.70627	0.07801
2641.20564	0.0784
2639.70501	0.08079
2638.20437	0.08221
2636.70374	0.08479
2635.20311	0.08593
2633.70248	0.08794
2632.20185	0.089
2630.70121	0.09338
2629.20058	0.09366
2627.69995	0.09518
2626.19931	0.09472
2624.69868	0.09797
2623.19805	0.09873
2621.69742	0.09857
2620.19679	0.09799
2618.69615	0.09851
2617.19552	0.0982
2615.69489	0.09837
2614.19425	0.09998
2612.69362	0.09813
2611.19299	0.09849
2609.69236	0.09938
2608.19173	0.09776
2606.69109	0.10061
2605.19046	0.1005
2603.68983	0.10174
2602.18919	0.10224
2600.68856	0.10325
2599.18793	0.10559
2597.6873	0.10432
2596.18666	0.10696
2594.68603	0.11163
2593.1854	0.11192
2591.68477	0.11467
2590.18413	0.11548
2588.6835	0.11826
2587.18287	0.11725
2585.68224	0.11951
2584.1816	0.12002
2582.68097	0.12056
2581.18034	0.12217
2579.67971	0.12027
2578.17907	0.1187
2576.67844	0.11989
2575.17781	0.11608
2573.67718	0.11515
2572.17654	0.11186
2570.67591	0.10983
2569.17528	0.10732
2567.67465	0.10531
2566.17401	0.10326
2564.67338	0.09875
2563.17275	0.09692
2561.67212	0.09526
2560.17148	0.09221
2558.67085	0.08919
2557.17022	0.08773
2555.66959	0.08587
2554.16895	0.08378
2552.66832	0.08013
2551.16769	0.07997
2549.66705	0.0765
2548.16642	0.07634
2546.66579	0.07373
2545.16516	0.07196
2543.66453	0.0697
2542.16389	0.066
2540.66326	0.06662
2539.16263	0.06548
2537.66199	0.06326
2536.16136	0.06211
2534.66073	0.06001
2533.1601	0.05861
2531.65947	0.05733
2530.15883	0.05703
2528.6582	0.05463
2527.15757	0.05439
2525.65693	0.0536
2524.1563	0.04979
2522.65567	0.0515
2521.15504	0.04907
2519.6544	0.04908
2518.15377	0.0476
2516.65314	0.04588
2515.15251	0.04716
2513.65187	0.04418
2512.15124	0.04355
2510.65061	0.04521
2509.14998	0.04562
2507.64934	0.04284
2506.14871	0.04271
2504.64808	0.04159
2503.14745	0.04314
2501.64681	0.04236
2500.14618	0.04115
2498.64555	0.04078
2497.14492	0.0414
2495.64428	0.04008
2494.14365	0.03999
2492.64302	0.04021
2491.14239	0.03941
2489.64175	0.03957
2488.14112	0.04014
2486.64049	0.03848
2485.13986	0.03724
2483.63922	0.03794
2482.13859	0.03752
2480.63796	0.03677
2479.13733	0.03699
2477.63669	0.03552
2476.13606	0.03663
2474.63543	0.03639
2473.1348	0.03577
2471.63416	0.03509
2470.13353	0.0357
2468.6329	0.03458
2467.13227	0.03495
2465.63163	0.03391
2464.131	0.03404
2462.63037	0.03258
2461.12973	0.03275
2459.6291	0.03157
2458.12847	0.03218
2456.62784	0.03323
2455.1272	0.0318
2453.62657	0.03176
2452.12594	0.03219
2450.62531	0.03065
2449.12468	0.03201
2447.62404	0.03059
2446.12341	0.03083
2444.62278	0.03021
2443.12214	0.03097
2441.62151	0.03038
2440.12088	0.03013
2438.62025	0.03012
2437.11962	0.02957
2435.61898	0.02996
2434.11835	0.02882
2432.61772	0.02863
2431.11708	0.02795
2429.61645	0.02731
2428.11582	0.02599
2426.61519	0.02876
2425.11455	0.02739
2423.61392	0.02662
2422.11329	0.02655
2420.61266	0.02698
2419.11202	0.02551
2417.61139	0.02616
2416.11076	0.02545
2414.61013	0.02449
2413.10949	0.02432
2411.60886	0.02439
2410.10823	0.02311
2408.6076	0.02258
2407.10696	0.02297
2405.60633	0.02223
2404.1057	0.02096
2402.60507	0.01981
2401.10443	0.0198
2399.6038	0.02019
2398.10317	0.01948
2396.60254	0.019
2395.1019	0.01926
2393.60127	0.0179
2392.10064	0.01711
2390.60001	0.01727
2389.09937	0.01716
2387.59874	0.01598
2386.09811	0.01381
2384.59748	0.0161
2383.09684	0.01568
2381.59621	0.01526
2380.09558	0.01511
2378.59494	0.01501
2377.09431	0.01359
2375.59368	0.01428
2374.09305	0.01302
2372.59242	0.01478
2371.09178	0.01284
2369.59115	0.01293
2368.09052	0.01461
2366.58988	0.01256
2365.08925	0.01271
2363.58862	0.01344
2362.08799	0.01294
2360.58736	0.0135
2359.08672	0.01389
2357.58609	0.01498
2356.08546	0.01968
2354.58482	0.02437
2353.08419	0.03661
2351.58356	0.05959
2350.08293	0.08897
2348.58229	0.13161
2347.08166	0.18197
2345.58103	0.22878
2344.0804	0.25639
2342.57976	0.254
2341.07913	0.21274
2339.5785	0.14853
2338.07787	0.09069
2336.57723	0.05399
2335.0766	0.03314
2333.57597	0.02044
2332.07534	0.01629
2330.5747	0.01344
2329.07407	0.01331
2327.57344	0.013
2326.07281	0.01291
2324.57217	0.01165
2323.07154	0.01059
2321.57091	0.00961
2320.07028	0.01034
2318.56964	0.01016
2317.06901	0.00862
2315.56838	0.00803
2314.06775	0.00951
2312.56711	0.00908
2311.06648	0.00809
2309.56585	0.00745
2308.06522	0.00818
2306.56458	0.0089
2305.06395	0.0082
2303.56332	0.0075
2302.06269	0.0072
2300.56205	0.00721
2299.06142	0.00724
2297.56079	0.00627
2296.06016	0.00632
2294.55952	0.00672
2293.05889	0.00716
2291.55826	0.00654
2290.05762	0.00654
2288.55699	0.00643
2287.05636	0.00609
2285.55573	0.00617
2284.0551	0.00621
2282.55446	0.00609
2281.05383	0.0076
2279.5532	0.00903
2278.05256	0.00865
2276.55193	0.00819
2275.0513	0.00696
2273.55067	0.00529
2272.05004	0.00412
2270.5494	0.00477
2269.04877	0.00493
2267.54814	0.005
2266.04751	0.00513
2264.54687	0.00312
2263.04624	0.00391
2261.54561	0.00491
2260.04497	0.00525
2258.54434	0.00462
2257.04371	0.00323
2255.54308	0.00354
2254.04244	0.00437
2252.54181	0.00422
2251.04118	0.00389
2249.54055	0.00414
2248.03991	0.00414
2246.53928	0.00399
2245.03865	0.00332
2243.53802	0.00323
2242.03738	0.00284
2240.53675	0.00298
2239.03612	0.00326
2237.53549	0.00224
2236.03485	0.00252
2234.53422	0.004
2233.03359	0.00323
2231.53296	0.00307
2230.03232	0.00186
2228.53169	0.00316
2227.03106	0.0014
2225.53043	0.00304
2224.02979	0.0025
2222.52916	0.00349
2221.02853	0.00254
2219.5279	0.00176
2218.02726	0.00217
2216.52663	0.00271
2215.026	0.00108
2213.52536	0.00191
2212.02473	0.00107
2210.5241	0.00134
2209.02347	0.00231
2207.52284	0.00124
2206.0222	0.00192
2204.52157	9.48719E-4
2203.02094	6.05256E-4
2201.52031	0.00213
2200.01967	0.00246
2198.51904	0.00114
2197.01841	0.00161
2195.51777	0.00165
2194.01714	0.00174
2192.51651	4.68016E-4
2191.01588	0.00185
2189.51525	9.92091E-4
2188.01461	0.00123
2186.51398	3.73165E-4
2185.01335	0.00143
2183.51271	0.0014
2182.01208	0.00228
2180.51145	7.00314E-4
2179.01082	0.0012
2177.51018	0.00162
2176.00955	4.24926E-4
2174.50892	0.00144
2173.00829	0.00216
2171.50765	0.00138
2170.00702	0.00277
2168.50639	0.00338
2167.00576	0.00182
2165.50512	0.00239
2164.00449	0.00353
2162.50386	0.00142
2161.00323	0.003
2159.50259	0.00446
2158.00196	0.00374
2156.50133	0.00386
2155.0007	0.0036
2153.50006	0.00434
2151.99943	0.00341
2150.4988	0.00325
2148.99817	0.00449
2147.49753	0.00357
2145.9969	0.00321
2144.49627	0.00359
2142.99564	0.00336
2141.495	0.00409
2139.99437	0.00455
2138.49374	0.00374
2136.99311	0.00408
2135.49247	0.00378
2133.99184	0.00369
2132.49121	0.00336
2130.99058	0.00438
2129.48994	0.00304
2127.98931	0.00346
2126.48868	0.00343
2124.98805	0.00273
2123.48741	0.00372
2121.98678	0.00318
2120.48615	0.00227
2118.98551	0.00264
2117.48488	0.00296
2115.98425	0.00295
2114.48362	0.0021
2112.98299	0.00344
2111.48235	0.0031
2109.98172	0.00246
2108.48109	0.00316
2106.98045	0.00296
2105.47982	0.00451
2103.97919	0.00387
2102.47856	0.00387
2100.97793	0.00453
2099.47729	0.00454
2097.97666	0.00325
2096.47603	0.00387
2094.97539	0.0046
2093.47476	0.00604
2091.97413	0.00462
2090.4735	0.00476
2088.97286	0.00285
2087.47223	0.00401
2085.9716	0.00359
2084.47097	0.00463
2082.97033	0.00362
2081.4697	0.00394
2079.96907	0.00419
2078.46844	0.00304
2076.9678	0.00324
2075.46717	0.00359
2073.96654	0.00389
2072.46591	0.00306
2070.96527	0.00288
2069.46464	0.00381
2067.96401	0.00371
2066.46338	0.00368
2064.96274	0.00343
2063.46211	0.00336
2061.96148	0.0036
2060.46085	0.00299
2058.96021	0.00342
2057.45958	0.00428
2055.95895	0.00304
2054.45832	0.00305
2052.95768	0.00495
2051.45705	0.00449
2049.95642	0.00401
2048.45579	0.00389
2046.95515	0.00432
2045.45452	0.00361
2043.95389	0.00281
2042.45325	0.00412
2040.95262	0.00405
2039.45199	0.00345
2037.95136	0.00386
2036.45072	0.00437
2034.95009	0.00316
2033.44946	0.00242
2031.94883	0.00344
2030.44819	0.00194
2028.94756	0.00185
2027.44693	0.00304
2025.9463	0.00242
2024.44566	0.00299
2022.94503	0.00229
2021.4444	0.00198
2019.94377	0.0019
2018.44313	0.0023
2016.9425	0.00225
2015.44187	0.00177
2013.94124	0.00191
2012.44061	0.00242
2010.93997	0.00231
2009.43934	0.00101
2007.93871	0.00151
2006.43807	0.00164
2004.93744	0.00151
2003.43681	9.70704E-4
2001.93618	0.00197
2000.43554	0.001
1998.93491	0.00195
1997.43428	0.00138
1995.93365	0.0012
1994.43301	8.47927E-4
1992.93238	7.00465E-4
1991.43175	0.00128
1989.93112	0.00186
1988.43048	6.64076E-4
1986.92985	9.66613E-4
1985.42922	0.00147
1983.92859	5.21688E-4
1982.42795	0.00132
1980.92732	4.70762E-4
1979.42669	8.353E-4
1977.92606	8.01837E-4
1976.42542	0.00141
1974.92479	9.64911E-4
1973.42416	0.00169
1971.92353	0.00191
1970.42289	0.00143
1968.92226	-1.994E-5
1967.42163	0.00118
1965.921	0.00127
1964.42036	0.001
1962.91973	0.00121
1961.4191	8.26149E-4
1959.91846	0.00211
1958.41783	3.79968E-4
1956.9172	8.61377E-4
1955.41657	6.60787E-4
1953.91593	5.86196E-4
1952.4153	0.00151
1950.91467	0.00222
1949.41404	0.00285
1947.91341	0.00259
1946.41277	0.00118
1944.91214	0.00156
1943.41151	0.00275
1941.91088	0.00219
1940.41024	0.0025
1938.90961	0.00333
1937.40898	0.00372
1935.90835	0.0037
1934.40771	0.00422
1932.90708	0.00474
1931.40645	0.00467
1929.90582	0.0051
1928.40518	0.00501
1926.90455	0.00668
1925.40392	0.00639
1923.90328	0.00621
1922.40265	0.00589
1920.90202	0.00564
1919.40139	0.00772
1917.90075	0.00732
1916.40012	0.00736
1914.89949	0.00825
1913.39886	0.00842
1911.89822	0.00904
1910.39759	0.00896
1908.89696	0.00918
1907.39633	0.00988
1905.89569	0.00967
1904.39506	0.00881
1902.89443	0.00929
1901.3938	0.011
1899.89316	0.01006
1898.39253	0.00986
1896.8919	0.01006
1895.39127	0.01036
1893.89063	0.01039
1892.39	0.01061
1890.88937	0.01018
1889.38874	0.00948
1887.8881	0.01028
1886.38747	0.01011
1884.88684	0.01017
1883.38621	0.00987
1881.88557	0.01009
1880.38494	0.0086
1878.88431	0.00937
1877.38368	0.01001
1875.88304	0.00986
1874.38241	0.00899
1872.88178	0.00918
1871.38115	0.00908
1869.88051	0.00898
1868.37988	0.01014
1866.87925	0.0088
1865.37862	0.00776
1863.87798	0.00775
1862.37735	0.00851
1860.87672	0.00979
1859.37609	0.00771
1857.87545	0.00893
1856.37482	0.00861
1854.87419	0.00906
1853.37355	0.0085
1851.87292	0.00841
1850.37229	0.00962
1848.87166	0.01007
1847.37102	0.00932
1845.87039	0.00879
1844.36976	0.00988
1842.86913	0.00981
1841.36849	0.00946
1839.86786	0.01018
1838.36723	0.01049
1836.8666	0.01032
1835.36596	0.01113
1833.86533	0.01187
1832.3647	0.01149
1830.86407	0.01278
1829.36343	0.01284
1827.8628	0.01258
1826.36217	0.01218
1824.86154	0.01302
1823.3609	0.01332
1821.86027	0.01363
1820.35964	0.01371
1818.85901	0.01463
1817.35837	0.01531
1815.85774	0.01607
1814.35711	0.01602
1812.85648	0.01735
1811.35584	0.01669
1809.85521	0.01724
1808.35458	0.0171
1806.85395	0.0183
1805.35331	0.0184
1803.85268	0.01804
1802.35205	0.01879
1800.85142	0.01861
1799.35078	0.02028
1797.85015	0.02049
1796.34952	0.02024
1794.84889	0.0215
1793.34825	0.02142
1791.84762	0.02132
1790.34699	0.02286
1788.84635	0.02303
1787.34572	0.02495
1785.84509	0.02481
1784.34446	0.02521
1782.84382	0.02584
1781.34319	0.02709
1779.84256	0.02755
1778.34193	0.02825
1776.84129	0.02987
1775.34066	0.0319
1773.84003	0.03199
1772.3394	0.03343
1770.83876	0.03517
1769.33813	0.03787
1767.8375	0.0396
1766.33687	0.04363
1764.83623	0.0461
1763.3356	0.04822
1761.83497	0.05387
1760.33434	0.0589
1758.83371	0.0666
1757.33307	0.07487
1755.83244	0.08767
1754.33181	0.1031
1752.83117	0.12252
1751.33054	0.14879
1749.82991	0.18002
1748.32928	0.213
1746.82864	0.25081
1745.32801	0.28287
1743.82738	0.31578
1742.32675	0.34866
1740.82611	0.37946
1739.32548	0.4086
1737.82485	0.43531
1736.32422	0.45831
1734.82358	0.48499
1733.32295	0.50613
1731.82232	0.53009
1730.32169	0.55201
1728.82105	0.57107
1727.32042	0.59496
1725.81979	0.61243
1724.31916	0.63414
1722.81852	0.65282
1721.31789	0.67193
1719.81726	0.68754
1718.31663	0.706
1716.81599	0.72408
1715.31536	0.74284
1713.81473	0.75638
1712.3141	0.76362
1710.81346	0.77624
1709.31283	0.78378
1707.8122	0.77999
1706.31157	0.78315
1704.81093	0.7745
1703.3103	0.76383
1701.80967	0.75183
1700.30903	0.72966
1698.8084	0.7
1697.30777	0.66928
1695.80714	0.62686
1694.30651	0.58492
1692.80587	0.54413
1691.30524	0.49627
1689.80461	0.45562
1688.30398	0.41471
1686.80334	0.37976
1685.30271	0.34665
1683.80208	0.31859
1682.30145	0.29497
1680.80081	0.27594
1679.30018	0.25956
1677.79955	0.24637
1676.29892	0.23337
1674.79828	0.22332
1673.29765	0.21457
1671.79702	0.20905
1670.29638	0.20187
1668.79575	0.19718
1667.29512	0.18811
1665.79449	0.18486
1664.29385	0.17996
1662.79322	0.17494
1661.29259	0.17117
1659.79196	0.16723
1658.29132	0.16263
1656.79069	0.15964
1655.29006	0.15678
1653.78943	0.15524
1652.28879	0.15195
1650.78816	0.15046
1649.28753	0.14671
1647.7869	0.14372
1646.28626	0.14082
1644.78563	0.13781
1643.285	0.13394
1641.78437	0.13154
1640.28373	0.12812
1638.7831	0.12407
1637.28247	0.12116
1635.78184	0.11867
1634.2812	0.11535
1632.78057	0.11352
1631.27994	0.10972
1629.77931	0.10866
1628.27867	0.10655
1626.77804	0.10583
1625.27741	0.10387
1623.77678	0.10186
1622.27614	0.09962
1620.77551	0.09719
1619.27488	0.09612
1617.77425	0.09387
1616.27361	0.09068
1614.77298	0.08898
1613.27235	0.08591
1611.77172	0.08315
1610.27108	0.08113
1608.77045	0.07764
1607.26982	0.07681
1605.76919	0.07448
1604.26855	0.07062
1602.76792	0.06851
1601.26729	0.06623
1599.76665	0.06268
1598.26602	0.06059
1596.76539	0.05549
1595.26476	0.05273
1593.76412	0.04853
1592.26349	0.04562
1590.76286	0.04215
1589.26223	0.03886
1587.76159	0.03626
1586.26096	0.03448
1584.76033	0.03128
1583.2597	0.02969
1581.75906	0.02749
1580.25843	0.02514
1578.7578	0.02345
1577.25717	0.02216
1575.75653	0.02011
1574.2559	0.01959
1572.75527	0.01784
1571.25464	0.01769
1569.754	0.01514
1568.25337	0.01407
1566.75274	0.0137
1565.25211	0.01377
1563.75147	0.01181
1562.25084	0.01163
1560.75021	0.01127
1559.24958	0.01003
1557.74894	0.00924
1556.24831	0.00827
1554.74768	0.00894
1553.24705	0.00849
1551.74641	0.007
1550.24578	0.00807
1548.74515	0.00747
1547.24452	0.00615
1545.74388	0.00567
1544.24325	0.00554
1542.74262	0.00563
1541.24199	0.00504
1539.74135	0.00425
1538.24072	0.005
1536.74009	0.00505
1535.23945	0.00501
1533.73882	0.00435
1532.23819	0.00331
1530.73756	0.00349
1529.23692	0.00376
1527.73629	0.00596
1526.23566	0.00662
1524.73503	0.01039
1523.23439	0.01362
1521.73376	0.0136
1520.23313	0.01413
1518.7325	0.01236
1517.23186	0.00998
1515.73123	0.0064
1514.2306	0.00509
1512.72997	0.00366
1511.22933	0.00345
1509.7287	0.00251
1508.22807	0.00266
1506.72744	0.00221
1505.22681	0.00276
1503.72617	0.00241
1502.22554	0.00117
1500.72491	0.00249
1499.22427	0.00174
1497.72364	0.00224
1496.22301	0.00192
1494.72238	0.00203
1493.22174	0.00192
1491.72111	0.00248
1490.22048	0.00199
1488.71985	0.00289
1487.21921	0.00148
1485.71858	0.00293
1484.21795	0.00196
1482.71732	0.00171
1481.21668	0.00308
1479.71605	0.00211
1478.21542	7.61347E-4
1476.71479	0.00311
1475.21415	0.00193
1473.71352	0.00199
1472.21289	0.00217
1470.71226	0.00101
1469.21162	0.00168
1467.71099	0.00165
1466.21036	0.00206
1464.70973	7.35707E-4
1463.20909	0.00158
1461.70846	0.00204
1460.20783	0.00276
1458.7072	0.00149
1457.20656	0.00233
1455.70593	0.00295
1454.2053	0.00291
1452.70467	0.00245
1451.20403	0.00303
1449.7034	0.00315
1448.20277	0.00474
1446.70213	0.00374
1445.2015	0.0049
1443.70087	0.00563
1442.20024	0.00579
1440.69961	0.00627
1439.19897	0.00633
1437.69834	0.00756
1436.19771	0.00842
1434.69708	0.00921
1433.19644	0.00945
1431.69581	0.01086
1430.19518	0.01018
1428.69455	0.01154
1427.19391	0.01316
1425.69328	0.01466
1424.19265	0.01531
1422.69202	0.01793
1421.19138	0.02118
1419.69075	0.02422
1418.19012	0.0281
1416.68948	0.03207
1415.18885	0.03582
1413.68822	0.04015
1412.18759	0.04433
1410.68695	0.04829
1409.18632	0.05006
1407.68569	0.05343
1406.18506	0.05378
1404.68442	0.05416
1403.18379	0.05401
1401.68316	0.05272
1400.18253	0.05257
1398.68189	0.05034
1397.18126	0.04788
1395.68063	0.04945
1394.18	0.04895
1392.67936	0.04939
1391.17873	0.05084
1389.6781	0.05026
1388.17747	0.05052
1386.67683	0.05107
1385.1762	0.05026
1383.67557	0.05121
1382.17494	0.05375
1380.6743	0.05752
1379.17367	0.05991
1377.67304	0.0661
1376.17241	0.07265
1374.67177	0.0792
1373.17114	0.08441
1371.67051	0.08364
1370.16988	0.08118
1368.66924	0.07705
1367.16861	0.06901
1365.66798	0.06199
1364.16735	0.05548
1362.66671	0.04755
1361.16608	0.04212
1359.66545	0.03568
1358.16482	0.03365
1356.66418	0.02741
1355.16355	0.02552
1353.66292	0.02168
1352.16229	0.02049
1350.66165	0.01879
1349.16102	0.01762
1347.66039	0.01461
1346.15975	0.01482
1344.65912	0.01305
1343.15849	0.01158
1341.65786	0.01022
1340.15722	0.01047
1338.65659	0.00846
1337.15596	0.00821
1335.65533	0.00867
1334.15469	0.00796
1332.65406	0.00716
1331.15343	0.00601
1329.6528	0.00686
1328.15216	0.00595
1326.65153	0.00591
1325.1509	0.00569
1323.65027	0.00566
1322.14963	0.00488
1320.649	0.00544
1319.14837	0.00573
1317.64774	0.00447
1316.1471	0.0057
1314.64647	0.00477
1313.14584	0.00463
1311.64521	0.00466
1310.14457	0.00431
1308.64394	0.00614
1307.14331	0.00482
1305.64268	0.00583
1304.14204	0.00692
1302.64141	0.00664
1301.14078	0.00679
1299.64015	0.00832
1298.13951	0.00797
1296.63888	0.0087
1295.13825	0.00859
1293.63762	0.01065
1292.13698	0.01099
1290.63635	0.01068
1289.13572	0.01147
1287.63509	0.01202
1286.13445	0.01359
1284.63382	0.01346
1283.13319	0.01503
1281.63256	0.01583
1280.13192	0.01696
1278.63129	0.01828
1277.13066	0.02056
1275.63002	0.02293
1274.12939	0.02503
1272.62876	0.02747
1271.12813	0.03271
1269.62749	0.03666
1268.12686	0.04246
1266.62623	0.04827
1265.1256	0.05575
1263.62496	0.0628
1262.12433	0.07125
1260.6237	0.08075
1259.12307	0.08888
1257.62243	0.09796
1256.1218	0.10623
1254.62117	0.11478
1253.12054	0.12203
1251.61991	0.12878
1250.11927	0.13524
1248.61864	0.14164
1247.11801	0.14911
1245.61737	0.15795
1244.11674	0.16704
1242.61611	0.17704
1241.11548	0.18752
1239.61484	0.19652
1238.11421	0.20788
1236.61358	0.2208
1235.11295	0.23297
1233.61231	0.24214
1232.11168	0.25338
1230.61105	0.26463
1229.11042	0.27153
1227.60978	0.28197
1226.10915	0.28846
1224.60852	0.29617
1223.10789	0.3044
1221.60725	0.30893
1220.10662	0.31554
1218.60599	0.32067
1217.10536	0.32614
1215.60472	0.33014
1214.10409	0.33264
1212.60346	0.33676
1211.10283	0.33702
1209.60219	0.33673
1208.10156	0.33066
1206.60093	0.32413
1205.1003	0.31699
1203.59966	0.30387
1202.09903	0.29063
1200.5984	0.27579
1199.09777	0.25529
1197.59713	0.24008
1196.0965	0.22378
1194.59587	0.20974
1193.09524	0.19453
1191.5946	0.18459
1190.09397	0.17496
1188.59334	0.1686
1187.09271	0.16296
1185.59207	0.15756
1184.09144	0.15412
1182.59081	0.15329
1181.09018	0.15
1179.58954	0.14902
1178.08891	0.14816
1176.58828	0.14449
1175.08765	0.14207
1173.58701	0.1387
1172.08638	0.13611
1170.58575	0.13237
1169.08512	0.12857
1167.58448	0.12357
1166.08385	0.11847
1164.58322	0.11349
1163.08259	0.10716
1161.58195	0.10092
1160.08132	0.09419
1158.58069	0.08921
1157.08005	0.08175
1155.57942	0.07425
1154.07879	0.0688
1152.57816	0.06315
1151.07752	0.05728
1149.57689	0.05173
1148.07626	0.04751
1146.57563	0.04268
1145.07499	0.04012
1143.57436	0.03627
1142.07373	0.03354
1140.5731	0.03045
1139.07246	0.02646
1137.57183	0.02451
1136.0712	0.02228
1134.57057	0.02128
1133.06993	0.01814
1131.5693	0.01753
1130.06867	0.01612
1128.56804	0.01617
1127.0674	0.01351
1125.56677	0.01405
1124.06614	0.01167
1122.56551	0.0107
1121.06487	0.0109
1119.56424	0.0099
1118.06361	0.01195
1116.56298	0.00914
1115.06234	0.01055
1113.56171	0.00958
1112.06108	0.00984
1110.56045	0.01046
1109.05981	0.01049
1107.55918	0.00914
1106.05855	0.00997
1104.55792	0.01013
1103.05728	0.0093
1101.55665	0.01055
1100.05602	0.01027
1098.55538	0.01269
1097.05475	0.01275
1095.55412	0.01426
1094.05349	0.01432
1092.55285	0.01775
1091.05222	0.01804
1089.55159	0.0219
1088.05096	0.02159
1086.55032	0.02621
1085.04969	0.02714
1083.54906	0.03098
1082.04843	0.03182
1080.54779	0.03571
1079.04716	0.03687
1077.54653	0.03618
1076.0459	0.03803
1074.54526	0.03754
1073.04463	0.03716
1071.544	0.03607
1070.04337	0.03482
1068.54273	0.03404
1067.0421	0.03079
1065.54147	0.0288
1064.04084	0.02665
1062.5402	0.02396
1061.03957	0.02304
1059.53894	0.01933
1058.03831	0.0179
1056.53767	0.01623
1055.03704	0.01312
1053.53641	0.01076
1052.03578	0.00999
1050.53514	0.0075
1049.03451	0.00618
1047.53388	0.00448
1046.03325	0.00359
1044.53261	0.0027
1043.03198	0.00301
1041.53135	0.00227
1040.03072	0.00144
1038.53008	0.00119
1037.02945	0.00154
1035.52882	0.00191
1034.02819	0.00174
1032.52755	0.00149
1031.02692	0.00181
1029.52629	0.00236
1028.02566	0.00256
1026.52502	0.00274
1025.02439	0.00213
1023.52376	0.00295
1022.02313	0.00333
1020.52249	0.00257
1019.02186	0.0032
1017.52123	0.00447
1016.02059	0.00264
1014.51996	0.00229
1013.01933	0.00345
1011.5187	0.00433
1010.01806	0.00408
1008.51743	0.00471
1007.0168	0.00425
1005.51617	0.00479
1004.01553	0.00499
1002.5149	0.00476
1001.01427	0.00627
999.51364	0.00706
998.01301	0.00655
996.51237	0.00607
995.01174	0.00785
993.51111	0.00817
992.01047	0.00894
990.50984	0.00924
989.00921	0.00768
987.50858	0.00966
986.00794	0.01114
984.50731	0.0123
983.00668	0.0124
981.50605	0.01398
980.00541	0.01463
978.50478	0.01618
977.00415	0.01781
975.50352	0.01688
974.00288	0.01944
972.50225	0.02092
971.00162	0.0223
969.50099	0.02409
968.00035	0.02611
966.49972	0.02771
964.99909	0.03039
963.49846	0.03211
961.99782	0.03465
960.49719	0.03676
958.99656	0.03929
957.49593	0.04244
955.99529	0.0446
954.49466	0.04729
952.99403	0.05206
951.4934	0.0536
949.99276	0.05736
948.49213	0.05893
946.9915	0.06364
945.49087	0.06407
943.99023	0.06756
942.4896	0.07041
940.98897	0.07253
939.48834	0.07385
937.9877	0.07677
936.48707	0.07792
934.98644	0.07905
933.48581	0.08082
931.98517	0.08156
930.48454	0.08052
928.98391	0.08099
927.48328	0.08076
925.98264	0.08099
924.48201	0.07747
922.98138	0.0769
921.48074	0.07632
919.98011	0.07472
918.47948	0.07159
916.97885	0.07033
915.47821	0.06753
913.97758	0.06662
912.47695	0.06471
910.97632	0.06219
909.47568	0.05947
907.97505	0.0572
906.47442	0.05823
904.97379	0.05626
903.47315	0.05503
901.97252	0.0559
900.47189	0.05561
898.97126	0.0538
897.47062	0.05341
895.96999	0.05227
894.46936	0.05315
892.96873	0.05193
891.46809	0.0506
889.96746	0.04964
888.46683	0.05074
886.9662	0.0496
885.46556	0.04903
883.96493	0.05039
882.4643	0.05066
880.96367	0.04965
879.46303	0.04837
877.9624	0.04786
876.46177	0.0494
874.96114	0.0483
873.4605	0.04747
871.95987	0.049
870.45924	0.04749
868.95861	0.04527
867.45797	0.04563
865.95734	0.0442
864.45671	0.04332
862.95608	0.0421
861.45544	0.04064
859.95481	0.04028
858.45418	0.03979
856.95355	0.03717
855.45291	0.03727
853.95228	0.03532
852.45165	0.03452
850.95101	0.03458
849.45038	0.03393
847.94975	0.03122
846.44912	0.03117
844.94849	0.03116
843.44785	0.0304
841.94722	0.02837
840.44659	0.02809
838.94596	0.02582
837.44532	0.02632
835.94469	0.02413
834.44406	0.02306
832.94343	0.02426
831.44279	0.02186
829.94216	0.0214
828.44153	0.02102
826.94089	0.02002
825.44026	0.01936
823.93963	0.01832
822.439	0.01711
820.93836	0.01792
819.43773	0.01554
817.9371	0.01525
816.43647	0.01534
814.93583	0.01381
813.4352	0.01487
811.93457	0.01338
810.43394	0.01367
808.9333	0.01144
807.43267	0.0116
805.93204	0.01134
804.43141	0.01164
802.93077	0.00973
801.43014	0.01002
799.92951	0.0109
798.42888	0.00927
796.92824	0.00967
795.42761	0.0091
793.92698	0.0077
792.42635	0.00704
790.92571	0.00673
789.42508	0.00768
787.92445	0.00568
786.42382	0.00739
784.92318	0.00669
783.42255	0.00619
781.92192	0.00651
780.42129	0.00501
778.92065	0.00425
777.42002	0.00391
775.91939	0.00518
774.41876	0.00504
772.91812	0.00321
771.41749	0.00414
769.91686	0.00244
768.41623	0.00183
766.91559	0.00269
765.41496	0.00351
763.91433	0.00372
762.41369	0.00294
760.91306	0.00295
759.41243	0.00241
757.9118	0.00295
756.41116	0.0042
754.91053	0.00284
753.4099	0.00198
751.90927	0.00337
750.40864	0.00212
748.908	6.41981E-4
747.40737	0.00306
745.90674	0.00325
744.40611	0.00299
742.90547	0.00269
741.40484	0.00222
739.90421	0.00392
738.40358	0.00317
736.90294	0.00338
735.40231	0.00375
733.90168	0.00453
732.40104	0.00641
730.90041	0.0076
729.39978	0.01013
727.89915	0.01396
726.39851	0.01717
724.89788	0.02023
723.39725	0.02375
721.89662	0.0281
720.39598	0.03196
718.89535	0.03773
717.39472	0.0421
715.89409	0.04715
714.39345	0.05254
712.89282	0.05469
711.39219	0.05716
709.89156	0.05455
708.39092	0.04833
706.89029	0.04513
705.38966	0.03758
703.88903	0.03228
702.38839	0.02937
700.88776	0.02402
699.38713	0.02234
697.8865	0.02089
696.38586	0.02146
694.88523	0.01955
693.3846	0.01793
691.88397	0.0193
690.38333	0.01791
688.8827	0.01808
687.38207	0.01731
685.88144	0.01712
684.3808	0.0172
682.88017	0.01835
681.37954	0.01802
679.87891	0.01921
678.37827	0.01788
676.87764	0.01725
675.37701	0.01745
673.87638	0.01456
672.37574	0.01448
670.87511	0.01404
669.37448	0.01293
667.87384	0.01051
666.37321	0.01009
664.87258	0.00951
663.37195	0.0088
661.87131	0.00996
660.37068	0.0131
658.87005	0.01221
657.36942	0.01138
655.86879	0.00946
654.36815	0.01037
652.86752	0.00988
651.36689	0.0126
649.86625	0.01003
648.36562	0.00748
646.86499	0.00591
645.36436	0.00577
643.86372	0.00637
642.36309	0.00389
640.86246	0.00316
639.36183	0.00341
637.86119	0.00205
636.36056	0.00382
634.85993	0.00303
633.3593	0.00278
631.85866	0.00448
630.35803	0.00324
628.8574	0.00328
627.35677	0.00328
625.85613	0.00386
624.3555	0.00153
622.85487	0.00295
621.35424	0.00334
619.8536	0.00221
618.35297	0.00135
616.85234	0.00152
615.35171	0.003
613.85107	0.0027
612.35044	0.00195
610.84981	0.00268
609.34918	0.00175
607.84854	0.00399
606.34791	0.00164
604.84728	0.00236
603.34665	0.00161
601.84601	0.00342
600.34538	8.67273E-4
598.84475	0.00156
597.34411	0.00307
595.84348	0.00209
594.34285	0.00142
592.84222	0.0022
591.34159	0.00193
589.84095	9.59526E-4
588.34032	0.00289
586.83969	0.00287
585.33906	0.00223
583.83842	0.00227
582.33779	8.31278E-4
580.83716	4.42029E-4
579.33653	0.0024
577.83589	0.00115
576.33526	0.00235
574.83463	5.2803E-4
573.33399	0.00374
571.83336	0.00309
570.33273	0.00113
568.8321	0.00254
567.33146	0.00249
565.83083	0.00286
564.3302	0.00241
562.82957	0.00243
561.32893	-4.45216E-4
559.8283	0.00204
558.32767	0.00118
556.82704	0.00284
555.3264	0.00153
553.82577	0.00163
552.32514	0.00203
550.82451	0.00172
549.32387	0.00151
547.82324	8.27538E-4
546.32261	0.00285
544.82198	0.00334
543.32134	0.00158
541.82071	0.00316
540.32008	-5.7071E-4
538.81945	-2.79593E-5
537.31881	0.00179
535.81818	0.00346
534.31755	0.00164
532.81692	0.00166
531.31628	0.00218
529.81565	5.85543E-4
528.31502	0.00118
526.81439	1.65044E-4
525.31375	7.60795E-4
523.81312	6.92545E-4
522.31249	7.51295E-4
520.81186	-4.99542E-5
519.31122	0.00203
517.81059	-9.80453E-4
516.30996	0.00229
514.80932	-0.00133
513.30869	0.00262
511.80806	-7.81452E-4
510.30743	6.32299E-4
508.8068	7.36049E-4
507.30616	0.00272
505.80553	-9.2445E-4
504.3049	0.00262
502.80426	3.26051E-4
501.30363	9.57801E-4
499.803	9.73552E-4
