2.852080 0.000314 2.852080 0.000705 2.852080 0.002768 2.852080 0.016089 2.852080 0.483764 2.852080 0.007290 2.852080 0.220033 2.852080 0.334974
2.854382 0.000339 2.854382 0.000735 2.854382 0.002887 2.854382 0.015543 2.854382 0.503846 2.854382 0.007843 2.854382 0.228371 2.854382 0.354056
2.856683 0.000358 2.856683 0.000765 2.856683 0.003001 2.856683 0.016265 2.856683 0.524521 2.856683 0.008455 2.856683 0.237742 2.856683 0.371436
2.858985 0.000363 2.858985 0.000795 2.858985 0.003122 2.858985 0.016581 2.858985 0.545178 2.858985 0.009151 2.858985 0.246476 2.858985 0.392165
2.861286 0.000361 2.861286 0.000825 2.861286 0.003255 2.861286 0.017654 2.861286 0.567199 2.861286 0.009926 2.861286 0.255712 2.861286 0.410455
2.863588 0.000358 2.863588 0.000855 2.863588 0.003401 2.863588 0.019181 2.863588 0.590238 2.863588 0.010772 2.863588 0.265235 2.863588 0.430628
2.865890 0.000360 2.865890 0.000885 2.865890 0.003560 2.865890 0.020356 2.865890 0.611993 2.865890 0.011681 2.865890 0.275505 2.865890 0.451277
2.868191 0.000366 2.868191 0.000915 2.868191 0.003739 2.868191 0.022278 2.868191 0.635550 2.868191 0.012643 2.868191 0.285160 2.868191 0.473113
2.870493 0.000373 2.870493 0.000945 2.870493 0.003941 2.870493 0.023182 2.870493 0.659389 2.870493 0.013647 2.870493 0.294671 2.870493 0.494988
2.872795 0.000378 2.872795 0.000975 2.872795 0.004148 2.872795 0.023775 2.872795 0.682904 2.872795 0.014678 2.872795 0.304914 2.872795 0.517166
2.875096 0.000377 2.875096 0.001005 2.875096 0.004336 2.875096 0.024214 2.875096 0.706597 2.875096 0.015716 2.875096 0.315511 2.875096 0.540143
2.877398 0.000368 2.877398 0.001035 2.877398 0.004483 2.877398 0.024552 2.877398 0.731058 2.877398 0.016746 2.877398 0.325959 2.877398 0.562838
2.879699 0.000357 2.879699 0.001065 2.879699 0.004612 2.879699 0.024951 2.879699 0.755380 2.879699 0.017779 2.879699 0.336796 2.879699 0.587717
2.882001 0.000358 2.882001 0.001094 2.882001 0.004752 2.882001 0.025765 2.882001 0.779493 2.882001 0.018835 2.882001 0.347663 2.882001 0.612016
2.884303 0.000374 2.884303 0.001124 2.884303 0.004920 2.884303 0.026921 2.884303 0.801949 2.884303 0.019914 2.884303 0.358111 2.884303 0.637054
2.886604 0.000392 2.886604 0.001153 2.886604 0.005104 2.886604 0.026084 2.886604 0.827966 2.886604 0.020989 2.886604 0.368766 2.886604 0.661311
2.888906 0.000401 2.888906 0.001183 2.888906 0.005286 2.888906 0.024182 2.888906 0.853462 2.888906 0.022027 2.888906 0.379116 2.888906 0.687241
2.891208 0.000405 2.891208 0.001212 2.891208 0.005456 2.891208 0.022372 2.891208 0.877329 2.891208 0.023016 2.891208 0.389506 2.891208 0.714140
2.893509 0.000427 2.893509 0.001242 2.893509 0.005603 2.893509 0.021310 2.893509 0.901184 2.893509 0.023963 2.893509 0.400163 2.893509 0.737853
2.895811 0.000482 2.895811 0.001271 2.895811 0.005724 2.895811 0.020623 2.895811 0.925076 2.895811 0.024872 2.895811 0.410786 2.895811 0.764947
2.898112 0.000540 2.898112 0.001301 2.898112 0.005844 2.898112 0.020887 2.898112 0.949527 2.898112 0.025738 2.898112 0.422308 2.898112 0.791848
2.900414 0.000549 2.900414 0.001330 2.900414 0.006005 2.900414 0.021516 2.900414 0.972361 2.900414 0.026548 2.900414 0.432665 2.900414 0.818151
2.902716 0.000501 2.902716 0.001359 2.902716 0.006212 2.902716 0.023527 2.902716 0.996472 2.902716 0.027298 2.902716 0.442159 2.902716 0.844052
2.905017 0.000521 2.905017 0.001388 2.905017 0.006369 2.905017 0.027206 2.905017 1.018691 2.905017 0.028007 2.905017 0.452118 2.905017 0.871481
2.907319 0.000756 2.907319 0.001418 2.907319 0.006362 2.907319 0.032036 2.907319 1.042326 2.907319 0.028699 2.907319 0.462111 2.907319 0.896794
2.909621 0.001176 2.909621 0.001453 2.909621 0.006219 2.909621 0.038711 2.909621 1.062383 2.909621 0.029380 2.909621 0.471286 2.909621 0.924167
2.911922 0.001507 2.911922 0.001618 2.911922 0.006163 2.911922 0.047032 2.911922 1.080387 2.911922 0.030026 2.911922 0.481836 2.911922 0.951488
2.914224 0.001491 2.914224 0.001798 2.914224 0.006409 2.914224 0.058900 2.914224 1.105822 2.914224 0.030613 2.914224 0.490972 2.914224 0.978884
2.916525 0.001247 2.916525 0.001978 2.916525 0.006945 2.916525 0.072486 2.916525 1.126008 2.916525 0.031120 2.916525 0.500178 2.916525 1.007493
2.918827 0.001144 2.918827 0.002157 2.918827 0.007605 2.918827 0.088644 2.918827 1.146951 2.918827 0.031523 2.918827 0.509466 2.918827 1.036012
2.921129 0.001491 2.921129 0.002333 2.921129 0.008269 2.921129 0.105344 2.921129 1.167312 2.921129 0.031804 2.921129 0.518344 2.921129 1.065151
2.923430 0.002291 2.923430 0.002511 2.923430 0.009046 2.923430 0.119087 2.923430 1.186266 2.923430 0.031969 2.923430 0.526557 2.923430 1.098931
2.925732 0.003451 2.925732 0.002698 2.925732 0.010115 2.925732 0.125559 2.925732 1.205697 2.925732 0.032028 2.925732 0.534272 2.925732 1.129278
2.928034 0.004894 2.928034 0.002878 2.928034 0.011637 2.928034 0.121178 2.928034 1.223399 2.928034 0.031991 2.928034 0.543298 2.928034 1.163430
2.930335 0.006562 2.930335 0.003046 2.930335 0.013739 2.930335 0.105439 2.930335 1.239724 2.930335 0.031866 2.930335 0.548747 2.930335 1.192971
2.932637 0.008399 2.932637 0.003309 2.932637 0.016539 2.932637 0.082711 2.932637 1.259533 2.932637 0.031661 2.932637 0.558051 2.932637 1.219927
2.934938 0.010306 2.934938 0.003847 2.934938 0.020044 2.934938 0.058924 2.934938 1.275140 2.934938 0.031391 2.934938 0.566452 2.934938 1.245672
2.937240 0.012146 2.937240 0.004350 2.937240 0.024145 2.937240 0.038590 2.937240 1.291422 2.937240 0.031079 2.937240 0.574106 2.937240 1.270509
2.939542 0.013794 2.939542 0.004875 2.939542 0.028709 2.939542 0.023552 2.939542 1.307140 2.939542 0.030747 2.939542 0.581413 2.939542 1.291877
2.941843 0.015234 2.941843 0.005399 2.941843 0.033424 2.941843 0.013247 2.941843 1.316515 2.941843 0.030411 2.941843 0.588617 2.941843 1.310550
2.944145 0.016506 2.944145 0.005922 2.944145 0.037896 2.944145 0.007439 2.944145 1.334158 2.944145 0.030085 2.944145 0.594914 2.944145 1.333173
2.946447 0.017720 2.946447 0.006424 2.946447 0.041807 2.946447 0.003880 2.946447 1.352303 2.946447 0.029775 2.946447 0.601833 2.946447 1.352398
2.948748 0.019237 2.948748 0.006968 2.948748 0.045073 2.948748 0.001629 2.948748 1.358510 2.948748 0.029457 2.948748 0.608770 2.948748 1.372790
2.951050 0.021457 2.951050 0.007964 2.951050 0.047663 2.951050 0.001087 2.951050 1.376449 2.951050 0.029107 2.951050 0.615419 2.951050 1.393535
2.953351 0.024565 2.953351 0.009008 2.953351 0.049611 2.953351 0.000008 2.953351 1.389469 2.953351 0.028724 2.953351 0.621982 2.953351 1.409350
2.955653 0.028427 2.955653 0.009877 2.955653 0.051055 2.955653 0.000001 2.955653 1.403197 2.955653 0.028351 2.955653 0.624453 2.955653 1.428516
2.957955 0.032856 2.957955 0.010445 2.957955 0.052136 2.957955 0.000000 2.957955 1.412590 2.957955 0.028029 2.957955 0.633270 2.957955 1.440501
2.960256 0.037305 2.960256 0.011045 2.960256 0.052904 2.960256 0.000100 2.960256 1.426335 2.960256 0.027762 2.960256 0.640099 2.960256 1.451570
2.962558 0.040981 2.962558 0.010935 2.962558 0.053355 2.962558 0.000020 2.962558 1.434547 2.962558 0.027525 2.962558 0.643339 2.962558 1.466626
2.964860 0.043189 2.964860 0.010754 2.964860 0.053471 2.964860 0.000627 2.964860 1.446894 2.964860 0.027295 2.964860 0.651183 2.964860 1.475385
2.967161 0.043769 2.967161 0.010545 2.967161 0.053184 2.967161 0.000868 2.967161 1.455785 2.967161 0.027061 2.967161 0.655640 2.967161 1.486400
2.969463 0.042728 2.969463 0.010340 2.969463 0.052413 2.969463 0.001280 2.969463 1.462544 2.969463 0.026814 2.969463 0.662500 2.969463 1.493960
2.971764 0.040226 2.971764 0.010158 2.971764 0.051114 2.971764 0.001719 2.971764 1.474324 2.971764 0.026554 2.971764 0.667800 2.971764 1.508382
2.974066 0.036763 2.974066 0.009952 2.974066 0.049330 2.974066 0.001981 2.974066 1.485593 2.974066 0.026296 2.974066 0.673214 2.974066 1.519319
2.976368 0.032874 2.976368 0.009747 2.976368 0.047120 2.976368 0.002711 2.976368 1.494417 2.976368 0.026058 2.976368 0.680421 2.976368 1.531158
2.978669 0.028897 2.978669 0.009561 2.978669 0.044602 2.978669 0.002643 2.978669 1.504508 2.978669 0.025834 2.978669 0.684815 2.978669 1.541545
2.980971 0.024969 2.980971 0.009360 2.980971 0.041963 2.980971 0.002624 2.980971 1.515004 2.980971 0.025599 2.980971 0.690967 2.980971 1.555743
2.983273 0.021219 2.983273 0.009155 2.983273 0.039385 2.983273 0.002956 2.983273 1.522950 2.983273 0.025328 2.983273 0.696360 2.983273 1.571715
2.985574 0.017792 2.985574 0.008978 2.985574 0.036990 2.985574 0.003099 2.985574 1.527028 2.985574 0.025016 2.985574 0.701706 2.985574 1.578692
2.987876 0.014840 2.987876 0.008771 2.987876 0.034876 2.987876 0.003210 2.987876 1.539716 2.987876 0.024665 2.987876 0.707196 2.987876 1.596003
2.990177 0.012473 2.990177 0.008511 2.990177 0.033108 2.990177 0.002763 2.990177 1.550278 2.990177 0.024281 2.990177 0.712625 2.990177 1.613306
2.992479 0.010655 2.992479 0.008203 2.992479 0.031658 2.992479 0.002882 2.992479 1.556045 2.992479 0.023880 2.992479 0.718054 2.992479 1.623398
2.994781 0.009320 2.994781 0.007899 2.994781 0.030474 2.994781 0.002512 2.994781 1.565040 2.994781 0.023478 2.994781 0.723514 2.994781 1.638820
2.997082 0.008393 2.997082 0.007596 2.997082 0.029507 2.997082 0.002000 2.997082 1.571688 2.997082 0.023082 2.997082 0.729031 2.997082 1.655473
2.999384 0.007786 2.999384 0.007293 2.999384 0.028710 2.999384 0.001299 2.999384 1.580322 2.999384 0.022677 2.999384 0.734581 2.999384 1.666848
3.001686 0.007411 3.001686 0.006991 3.001686 0.028038 3.001686 0.001008 3.001686 1.589798 3.001686 0.022249 3.001686 0.740107 3.001686 1.682323
3.003987 0.007211 3.003987 0.006688 3.003987 0.027482 3.003987 0.000619 3.003987 1.596459 3.003987 0.021796 3.003987 0.745624 3.003987 1.698186
3.006289 0.007146 3.006289 0.006357 3.006289 0.027057 3.006289 0.000713 3.006289 1.602124 3.006289 0.021326 3.006289 0.749626 3.006289 1.711757
3.008590 0.007200 3.008590 0.006396 3.008590 0.026773 3.008590 0.000264 3.008590 1.610225 3.008590 0.020846 3.008590 0.755021 3.008590 1.727047
3.010892 0.007450 3.010892 0.006630 3.010892 0.026608 3.010892 0.000359 3.010892 1.617402 3.010892 0.020354 3.010892 0.760379 3.010892 1.743458
3.013194 0.008004 3.013194 0.006852 3.013194 0.026530 3.013194 0.000000 3.013194 1.622620 3.013194 0.019851 3.013194 0.765060 3.013194 1.758136
3.015495 0.008865 3.015495 0.007075 3.015495 0.026514 3.015495 0.000121 3.015495 1.630289 3.015495 0.019334 3.015495 0.768918 3.015495 1.776683
3.017797 0.009794 3.017797 0.007299 3.017797 0.026541 3.017797 0.000210 3.017797 1.635918 3.017797 0.018799 3.017797 0.773171 3.017797 1.791780
3.020098 0.010525 3.020098 0.007544 3.020098 0.026596 3.020098 0.000092 3.020098 1.641354 3.020098 0.018242 3.020098 0.776946 3.020098 1.807289
3.022400 0.010937 3.022400 0.007766 3.022400 0.026659 3.022400 0.000303 3.022400 1.643624 3.022400 0.017671 3.022400 0.779746 3.022400 1.823168
3.024702 0.011071 3.024702 0.007987 3.024702 0.026703 3.024702 0.000370 3.024702 1.643674 3.024702 0.017103 3.024702 0.782238 3.024702 1.833813
3.027003 0.010982 3.027003 0.008207 3.027003 0.026705 3.027003 0.000595 3.027003 1.645788 3.027003 0.016554 3.027003 0.784691 3.027003 1.841458
3.029305 0.010764 3.029305 0.008428 3.029305 0.026668 3.029305 0.000365 3.029305 1.655052 3.029305 0.016019 3.029305 0.787796 3.029305 1.857909
3.031607 0.010535 3.031607 0.008673 3.031607 0.026608 3.031607 0.000362 3.031607 1.658539 3.031607 0.015480 3.031607 0.790986 3.031607 1.872167
3.033908 0.010385 3.033908 0.008894 3.033908 0.026542 3.033908 0.000416 3.033908 1.659513 3.033908 0.014929 3.033908 0.791497 3.033908 1.879785
3.036210 0.010301 3.036210 0.009124 3.036210 0.026492 3.036210 0.000643 3.036210 1.660342 3.036210 0.014388 3.036210 0.793227 3.036210 1.889868
3.038511 0.010250 3.038511 0.009453 3.038511 0.026479 3.038511 0.000895 3.038511 1.658074 3.038511 0.013889 3.038511 0.793200 3.038511 1.900110
3.040813 0.010212 3.040813 0.009821 3.040813 0.026515 3.040813 0.000797 3.040813 1.661234 3.040813 0.013438 3.040813 0.794907 3.040813 1.911019
3.043115 0.010195 3.043115 0.010190 3.043115 0.026593 3.043115 0.001096 3.043115 1.660321 3.043115 0.013009 3.043115 0.795325 3.043115 1.917394
3.045416 0.010208 3.045416 0.010550 3.045416 0.026705 3.045416 0.000908 3.045416 1.657339 3.045416 0.012572 3.045416 0.793051 3.045416 1.928920
3.047718 0.010250 3.047718 0.010917 3.047718 0.026839 3.047718 0.000762 3.047718 1.654822 3.047718 0.012135 3.047718 0.793137 3.047718 1.934043
3.050020 0.010312 3.050020 0.011261 3.050020 0.026984 3.050020 0.000763 3.050020 1.651832 3.050020 0.011730 3.050020 0.792438 3.050020 1.940768
3.052321 0.010388 3.052321 0.011622 3.052321 0.027128 3.052321 0.000877 3.052321 1.648227 3.052321 0.011384 3.052321 0.789391 3.052321 1.946303
3.054623 0.010478 3.054623 0.011988 3.054623 0.027281 3.054623 0.000848 3.054623 1.643760 3.054623 0.011078 3.054623 0.788000 3.054623 1.953995
3.056924 0.010583 3.056924 0.012354 3.056924 0.027455 3.056924 0.000437 3.056924 1.633563 3.056924 0.010778 3.056924 0.784843 3.056924 1.953174
3.059226 0.010705 3.059226 0.012702 3.059226 0.027654 3.059226 0.000591 3.059226 1.630319 3.059226 0.010470 3.059226 0.783735 3.059226 1.959183
3.061528 0.010835 3.061528 0.013036 3.061528 0.027858 3.061528 0.000581 3.061528 1.625121 3.061528 0.010184 3.061528 0.779815 3.061528 1.962949
3.063829 0.010966 3.063829 0.013352 3.063829 0.028045 3.063829 0.000556 3.063829 1.616317 3.063829 0.009957 3.063829 0.777077 3.063829 1.961206
3.066131 0.011116 3.066131 0.013660 3.066131 0.028196 3.066131 0.000018 3.066131 1.610998 3.066131 0.009786 3.066131 0.773088 3.066131 1.965883
3.068433 0.011334 3.068433 0.013952 3.068433 0.028303 3.068433 0.000096 3.068433 1.600239 3.068433 0.009627 3.068433 0.768047 3.068433 1.962951
3.070734 0.011667 3.070734 0.014265 3.070734 0.028357 3.070734 0.000582 3.070734 1.591382 3.070734 0.009437 3.070734 0.764959 3.070734 1.960657
3.073036 0.012142 3.073036 0.014552 3.073036 0.028356 3.073036 0.000380 3.073036 1.581582 3.073036 0.009221 3.073036 0.759387 3.073036 1.958504
3.075337 0.012778 3.075337 0.014866 3.075337 0.028300 3.075337 0.000561 3.075337 1.572244 3.075337 0.009007 3.075337 0.753950 3.075337 1.955211
3.077639 0.013538 3.077639 0.015157 3.077639 0.028194 3.077639 0.000576 3.077639 1.562292 3.077639 0.008817 3.077639 0.750825 3.077639 1.950897
3.079941 0.014184 3.079941 0.015461 3.079941 0.028056 3.079941 0.000799 3.079941 1.548352 3.079941 0.008637 3.079941 0.745580 3.079941 1.940679
3.082242 0.014435 3.082242 0.015758 3.082242 0.027907 3.082242 0.000846 3.082242 1.538406 3.082242 0.008444 3.082242 0.738185 3.082242 1.937495
3.084544 0.014178 3.084544 0.016056 3.084544 0.027766 3.084544 0.000763 3.084544 1.526613 3.084544 0.008226 3.084544 0.732877 3.084544 1.927713
3.086846 0.013585 3.086846 0.016332 3.086846 0.027648 3.086846 0.000661 3.086846 1.515413 3.086846 0.007978 3.086846 0.726485 3.086846 1.919374
3.089147 0.012856 3.089147 0.016583 3.089147 0.027567 3.089147 0.000925 3.089147 1.502220 3.089147 0.007703 3.089147 0.720284 3.089147 1.913319
3.091449 0.012208 3.091449 0.016825 3.091449 0.027544 3.091449 0.000626 3.091449 1.489504 3.091449 0.007406 3.091449 0.714288 3.091449 1.901559
3.093750 0.011876 3.093750 0.017089 3.093750 0.027600 3.093750 0.000912 3.093750 1.472159 3.093750 0.007102 3.093750 0.707811 3.093750 1.883103
3.096052 0.012058 3.096052 0.017345 3.096052 0.027750 3.096052 0.000602 3.096052 1.461232 3.096052 0.006802 3.096052 0.701005 3.096052 1.879941
3.098354 0.012754 3.098354 0.017584 3.098354 0.027964 3.098354 0.000857 3.098354 1.447729 3.098354 0.006505 3.098354 0.694198 3.098354 1.865326
3.100655 0.013888 3.100655 0.017842 3.100655 0.028196 3.100655 0.000431 3.100655 1.433033 3.100655 0.006202 3.100655 0.686072 3.100655 1.854309
3.102957 0.015347 3.102957 0.018079 3.102957 0.028398 3.102957 0.000625 3.102957 1.418285 3.102957 0.005891 3.102957 0.679976 3.102957 1.839505
3.105259 0.016929 3.105259 0.018239 3.105259 0.028519 3.105259 0.000111 3.105259 1.402282 3.105259 0.005579 3.105259 0.671426 3.105259 1.826340
3.107560 0.018416 3.107560 0.018311 3.107560 0.028508 3.107560 0.000164 3.107560 1.386772 3.107560 0.005272 3.107560 0.664187 3.107560 1.810249
3.109862 0.019630 3.109862 0.018382 3.109862 0.028364 3.109862 0.000388 3.109862 1.370643 3.109862 0.004975 3.109862 0.654798 3.109862 1.796246
3.112163 0.020433 3.112163 0.018431 3.112163 0.028137 3.112163 0.000021 3.112163 1.354101 3.112163 0.004686 3.112163 0.647583 3.112163 1.781379
3.114465 0.020710 3.114465 0.018500 3.114465 0.027881 3.114465 0.000147 3.114465 1.337579 3.114465 0.004404 3.114465 0.639951 3.114465 1.764293
3.116767 0.020493 3.116767 0.018565 3.116767 0.027621 3.116767 0.000045 3.116767 1.320471 3.116767 0.004129 3.116767 0.631059 3.116767 1.749587
3.119068 0.019906 3.119068 0.018637 3.119068 0.027371 3.119068 0.000046 3.119068 1.302618 3.119068 0.003865 3.119068 0.623712 3.119068 1.732419
3.121370 0.019054 3.121370 0.018709 3.121370 0.027144 3.121370 0.000035 3.121370 1.285656 3.121370 0.003614 3.121370 0.614460 3.121370 1.717912
3.123672 0.017984 3.123672 0.018712 3.123672 0.026953 3.123672 0.000043 3.123672 1.267578 3.123672 0.003374 3.123672 0.605468 3.123672 1.700947
3.125973 0.016731 3.125973 0.018589 3.125973 0.026814 3.125973 0.000263 3.125973 1.249092 3.125973 0.003140 3.125973 0.596463 3.125973 1.683753
3.128275 0.015343 3.128275 0.018490 3.128275 0.026728 3.128275 0.000320 3.128275 1.230884 3.128275 0.002913 3.128275 0.587624 3.128275 1.666506
3.130576 0.013899 3.130576 0.018375 3.130576 0.026668 3.130576 0.000148 3.130576 1.212345 3.130576 0.002705 3.130576 0.578951 3.130576 1.648354
3.132878 0.012481 3.132878 0.018260 3.132878 0.026607 3.132878 0.000365 3.132878 1.193211 3.132878 0.002526 3.132878 0.570482 3.132878 1.631299
3.135180 0.011127 3.135180 0.018155 3.135180 0.026538 3.135180 0.000060 3.135180 1.174169 3.135180 0.002371 3.135180 0.560223 3.135180 1.612978
3.137481 0.009846 3.137481 0.018036 3.137481 0.026467 3.137481 0.000093 3.137481 1.154866 3.137481 0.002227 3.137481 0.551654 3.137481 1.596430
3.139783 0.008645 3.139783 0.017919 3.139783 0.026400 3.139783 0.000065 3.139783 1.136446 3.139783 0.002080 3.139783 0.541560 3.139783 1.576975
3.142085 0.007534 3.142085 0.017821 3.142085 0.026330 3.142085 0.000035 3.142085 1.117054 3.142085 0.001933 3.142085 0.531874 3.142085 1.562018
3.144386 0.006525 3.144386 0.017707 3.144386 0.026249 3.144386 0.000002 3.144386 1.096962 3.144386 0.001794 3.144386 0.522907 3.144386 1.539430
3.146688 0.005627 3.146688 0.017603 3.146688 0.026148 3.146688 0.000019 3.146688 1.077693 3.146688 0.001669 3.146688 0.512558 3.146688 1.524162
3.148989 0.004835 3.148989 0.017485 3.148989 0.026022 3.148989 0.000311 3.148989 1.059516 3.148989 0.001554 3.148989 0.504049 3.148989 1.503583
3.151291 0.004146 3.151291 0.017368 3.151291 0.025870 3.151291 0.000312 3.151291 1.038487 3.151291 0.001445 3.151291 0.493721 3.151291 1.484150
3.153593 0.003550 3.153593 0.017272 3.153593 0.025694 3.153593 0.000089 3.153593 1.019572 3.153593 0.001340 3.153593 0.483620 3.153593 1.463710
3.155894 0.003040 3.155894 0.017159 3.155894 0.025508 3.155894 0.000295 3.155894 1.000079 3.155894 0.001246 3.155894 0.474103 3.155894 1.446237
3.158196 0.002603 3.158196 0.017046 3.158196 0.025321 3.158196 0.000527 3.158196 0.980273 3.158196 0.001169 3.158196 0.463662 3.158196 1.426151
3.160498 0.002234 3.160498 0.016940 3.160498 0.025134 3.160498 0.000696 3.160498 0.960689 3.160498 0.001103 3.160498 0.454190 3.160498 1.405278
3.162799 0.001924 3.162799 0.016823 3.162799 0.024935 3.162799 0.000825 3.162799 0.941641 3.162799 0.001038 3.162799 0.444564 3.162799 1.386950
3.165101 0.001668 3.165101 0.016708 3.165101 0.024717 3.165101 0.000515 3.165101 0.921078 3.165101 0.000965 3.165101 0.434635 3.165101 1.367093
3.167402 0.001454 3.167402 0.016620 3.167402 0.024476 3.167402 0.000768 3.167402 0.902640 3.167402 0.000885 3.167402 0.423729 3.167402 1.345624
3.169704 0.001271 3.169704 0.016533 3.169704 0.024209 3.169704 0.000803 3.169704 0.883015 3.169704 0.000800 3.169704 0.414564 3.169704 1.326825
3.172006 0.001110 3.172006 0.016464 3.172006 0.023924 3.172006 0.000617 3.172006 0.861284 3.172006 0.000718 3.172006 0.404810 3.172006 1.306579
3.174307 0.000972 3.174307 0.016397 3.174307 0.023640 3.174307 0.000289 3.174307 0.842986 3.174307 0.000653 3.174307 0.394670 3.174307 1.284960
3.176609 0.000857 3.176609 0.016329 3.176609 0.023380 3.176609 0.000572 3.176609 0.824658 3.176609 0.000617 3.176609 0.384294 3.176609 1.263944
3.178911 0.000763 3.178911 0.016261 3.178911 0.023144 3.178911 0.000012 3.178911 0.805674 3.178911 0.000611 3.178911 0.375016 3.178911 1.244852
3.181212 0.000684 3.181212 0.016194 3.181212 0.022914 3.181212 0.000049 3.181212 0.785931 3.181212 0.000619 3.181212 0.365260 3.181212 1.226118
3.183514 0.000613 3.183514 0.016128 3.183514 0.022674 3.183514 0.000246 3.183514 0.767541 3.183514 0.000628 3.183514 0.354973 3.183514 1.204554
3.185815 0.000549 3.185815 0.016083 3.185815 0.022427 3.185815 0.000325 3.185815 0.748113 3.185815 0.000628 3.185815 0.344989 3.185815 1.184413
3.188117 0.000493 3.188117 0.016015 3.188117 0.022185 3.188117 0.000669 3.188117 0.729752 3.188117 0.000608 3.188117 0.334955 3.188117 1.165817
3.190419 0.000444 3.190419 0.015947 3.190419 0.021957 3.190419 0.001642 3.190419 0.710667 3.190419 0.000567 3.190419 0.326106 3.190419 1.144760
3.192720 0.000400 3.192720 0.015879 3.192720 0.021746 3.192720 0.003002 3.192720 0.692820 3.192720 0.000525 3.192720 0.317173 3.192720 1.123898
3.195022 0.000358 3.195022 0.015811 3.195022 0.021555 3.195022 0.004708 3.195022 0.673601 3.195022 0.000504 3.195022 0.306524 3.195022 1.104311
3.197323 0.000314 3.197323 0.015743 3.197323 0.021380 3.197323 0.006644 3.197323 0.656072 3.197323 0.000512 3.197323 0.297998 3.197323 1.084368
3.199625 0.000271 3.199625 0.015675 3.199625 0.021217 3.199625 0.008346 3.199625 0.638639 3.199625 0.000539 3.199625 0.287375 3.199625 1.064605
3.201927 0.000228 3.201927 0.015651 3.201927 0.021059 3.201927 0.009350 3.201927 0.620639 3.201927 0.000574 3.201927 0.279270 3.201927 1.044328
3.204228 0.000188 3.204228 0.015750 3.204228 0.020916 3.204228 0.009933 3.204228 0.602206 3.204228 0.000608 3.204228 0.270066 3.204228 1.024751
3.206530 0.000153 3.206530 0.015856 3.206530 0.020806 3.206530 0.009657 3.206530 0.585357 3.206530 0.000632 3.206530 0.261148 3.206530 1.005046
3.208832 0.000124 3.208832 0.015944 3.208832 0.020742 3.208832 0.008480 3.208832 0.566900 3.208832 0.000641 3.208832 0.252182 3.208832 0.984113
3.211133 0.000099 3.211133 0.016056 3.211133 0.020713 3.211133 0.007145 3.211133 0.551096 3.211133 0.000649 3.211133 0.243148 3.211133 0.964859
3.213435 0.000074 3.213435 0.016143 3.213435 0.020699 3.213435 0.005292 3.213435 0.534743 3.213435 0.000673 3.213435 0.234317 3.213435 0.945770
3.215736 0.000047 3.215736 0.016232 3.215736 0.020692 3.215736 0.004406 3.215736 0.518362 3.215736 0.000717 3.215736 0.225543 3.215736 0.925267
3.218038 0.000023 3.218038 0.016337 3.218038 0.020700 3.218038 0.003534 3.218038 0.502015 3.218038 0.000761 3.218038 0.217048 3.218038 0.906534
3.220340 0.000006 3.220340 0.016429 3.220340 0.020732 3.220340 0.002320 3.220340 0.486722 3.220340 0.000783 3.220340 0.208535 3.220340 0.887730
3.222641 0.000007 3.222641 0.016514 3.222641 0.020786 3.222641 0.002316 3.222641 0.471009 3.222641 0.000785 3.222641 0.201375 3.222641 0.867500
3.224943 0.000025 3.224943 0.016630 3.224943 0.020842 3.224943 0.001768 3.224943 0.455296 3.224943 0.000797 3.224943 0.192872 3.224943 0.848760
3.227245 0.000056 3.227245 0.016715 3.227245 0.020887 3.227245 0.001046 3.227245 0.439952 3.227245 0.000841 3.227245 0.184493 3.227245 0.829940
3.229546 0.000093 3.229546 0.016806 3.229546 0.020924 3.229546 0.000123 3.229546 0.425343 3.229546 0.000903 3.229546 0.177547 3.229546 0.811692
3.231848 0.000124 3.231848 0.016911 3.231848 0.020962 3.231848 0.000458 3.231848 0.410779 3.231848 0.000951 3.231848 0.169973 3.231848 0.792353
3.234149 0.000142 3.234149 0.016998 3.234149 0.021008 3.234149 0.001402 3.234149 0.396354 3.234149 0.000965 3.234149 0.162571 3.234149 0.775154
3.236451 0.000156 3.236451 0.017106 3.236451 0.021055 3.236451 0.002307 3.236451 0.382025 3.236451 0.000958 3.236451 0.155690 3.236451 0.756400
3.238753 0.000178 3.238753 0.017194 3.238753 0.021092 3.238753 0.002634 3.238753 0.368914 3.238753 0.000950 3.238753 0.148736 3.238753 0.738543
3.241054 0.000209 3.241054 0.017279 3.241054 0.021110 3.241054 0.003089 3.241054 0.355674 3.241054 0.000954 3.241054 0.142748 3.241054 0.721341
3.243356 0.000242 3.243356 0.017416 3.243356 0.021103 3.243356 0.002864 3.243356 0.342245 3.243356 0.000976 3.243356 0.135424 3.243356 0.703965
3.245658 0.000265 3.245658 0.017555 3.245658 0.021064 3.245658 0.003006 3.245658 0.329677 3.245658 0.001022 3.245658 0.130053 3.245658 0.687636
3.247959 0.000279 3.247959 0.017690 3.247959 0.021008 3.247959 0.002809 3.247959 0.317495 3.247959 0.001076 3.247959 0.123677 3.247959 0.669572
3.250261 0.000287 3.250261 0.017835 3.250261 0.020961 3.250261 0.002364 3.250261 0.305641 3.250261 0.001112 3.250261 0.117895 3.250261 0.653677
3.252562 0.000294 3.252562 0.017964 3.252562 0.020946 3.252562 0.002209 3.252562 0.294775 3.252562 0.001114 3.252562 0.112477 3.252562 0.638197
3.254864 0.000303 3.254864 0.018114 3.254864 0.020957 3.254864 0.001446 3.254864 0.284001 3.254864 0.001104 3.254864 0.107467 3.254864 0.623675
3.257166 0.000317 3.257166 0.018244 3.257166 0.020979 3.257166 0.000747 3.257166 0.273776 3.257166 0.001115 3.257166 0.102476 3.257166 0.607015
3.259467 0.000335 3.259467 0.018370 3.259467 0.021004 3.259467 0.000139 3.259467 0.262615 3.259467 0.001160 3.259467 0.097446 3.259467 0.593529
3.261769 0.000354 3.261769 0.018526 3.261769 0.021023 3.261769 0.000214 3.261769 0.252764 3.261769 0.001208 3.261769 0.092507 3.261769 0.578224
3.264071 0.000367 3.264071 0.018652 3.264071 0.021032 3.264071 0.000287 3.264071 0.243532 3.264071 0.001223 3.264071 0.087730 3.264071 0.564774
3.266372 0.000375 3.266372 0.018782 3.266372 0.021032 3.266372 0.000304 3.266372 0.234590 3.266372 0.001206 3.266372 0.083813 3.266372 0.551746
3.268674 0.000384 3.268674 0.018929 3.268674 0.021027 3.268674 0.000532 3.268674 0.225696 3.268674 0.001191 3.268674 0.080158 3.268674 0.538792
3.270975 0.000399 3.270975 0.019055 3.270975 0.021024 3.270975 0.000112 3.270975 0.217478 3.270975 0.001209 3.270975 0.075829 3.270975 0.525768
3.273277 0.000418 3.273277 0.019208 3.273277 0.021019 3.273277 0.000167 3.273277 0.208999 3.273277 0.001246 3.273277 0.072562 3.273277 0.513720
3.275579 0.000439 3.275579 0.019330 3.275579 0.021004 3.275579 0.000493 3.275579 0.201834 3.275579 0.001265 3.275579 0.069012 3.275579 0.502716
3.277880 0.000457 3.277880 0.019318 3.277880 0.020973 3.277880 0.000480 3.277880 0.194141 3.277880 0.001245 3.277880 0.065743 3.277880 0.491645
3.280182 0.000471 3.280182 0.019291 3.280182 0.020923 3.280182 0.001082 3.280182 0.187405 3.280182 0.001213 3.280182 0.062272 3.280182 0.480656
3.282484 0.000478 3.282484 0.019274 3.282484 0.020854 3.282484 0.001063 3.282484 0.181066 3.282484 0.001201 3.282484 0.059733 3.282484 0.470651
3.284785 0.000481 3.284785 0.019251 3.284785 0.020767 3.284785 0.001088 3.284785 0.174692 3.284785 0.001225 3.284785 0.056403 3.284785 0.460410
3.287087 0.000485 3.287087 0.019209 3.287087 0.020665 3.287087 0.001250 3.287087 0.169120 3.287087 0.001276 3.287087 0.054170 3.287087 0.450895
3.289388 0.000496 3.289388 0.019193 3.289388 0.020552 3.289388 0.000936 3.289388 0.163741 3.289388 0.001340 3.289388 0.051798 3.289388 0.441957
3.291690 0.000513 3.291690 0.019177 3.291690 0.020423 3.291690 0.000780 3.291690 0.159091 3.291690 0.001420 3.291690 0.049505 3.291690 0.433760
3.293992 0.000530 3.293992 0.019135 3.293992 0.020268 3.293992 0.000788 3.293992 0.154683 3.293992 0.001522 3.293992 0.047172 3.293992 0.425113
3.296293 0.000544 3.296293 0.019114 3.296293 0.020080 3.296293 0.000478 3.296293 0.150872 3.296293 0.001657 3.296293 0.044877 3.296293 0.417608
3.298595 0.000552 3.298595 0.019091 3.298595 0.019868 3.298595 0.000317 3.298595 0.147997 3.298595 0.001842 3.298595 0.042615 3.298595 0.410732
3.300897 0.000557 3.300897 0.019067 3.300897 0.019647 3.300897 0.000382 3.300897 0.145651 3.300897 0.002098 3.300897 0.040377 3.300897 0.404783
3.303198 0.000561 3.303198 0.019032 3.303198 0.019423 3.303198 0.001410 3.303198 0.144799 3.303198 0.002443 3.303198 0.039057 3.303198 0.398568
3.305500 0.000568 3.305500 0.019017 3.305500 0.019191 3.305500 0.003275 3.305500 0.145133 3.305500 0.002898 3.305500 0.036784 3.305500 0.394447
3.307801 0.000584 3.307801 0.018998 3.307801 0.018944 3.307801 0.006938 3.307801 0.147048 3.307801 0.003482 3.307801 0.035284 3.307801 0.391138
3.310103 0.000603 3.310103 0.018954 3.310103 0.018692 3.310103 0.012847 3.310103 0.151736 3.310103 0.004193 3.310103 0.033245 3.310103 0.388639
3.312405 0.000604 3.312405 0.018940 3.312405 0.018466 3.312405 0.022900 3.312405 0.159938 3.312405 0.005007 3.312405 0.032219 3.312405 0.386586
3.314706 0.000573 3.314706 0.018906 3.314706 0.018289 3.314706 0.039052 3.314706 0.172869 3.314706 0.005900 3.314706 0.030889 3.314706 0.385519
3.317008 0.000525 3.317008 0.018882 3.317008 0.018142 3.317008 0.063703 3.317008 0.188730 3.317008 0.006848 3.317008 0.029437 3.317008 0.384893
3.319310 0.000489 3.319310 0.018860 3.319310 0.017981 3.319310 0.097333 3.319310 0.204964 3.319310 0.007827 3.319310 0.028079 3.319310 0.382484
3.321611 0.000485 3.321611 0.018838 3.321611 0.017779 3.321611 0.140179 3.321611 0.217848 3.321611 0.008811 3.321611 0.027098 3.321611 0.377869
3.323913 0.000503 3.323913 0.018798 3.323913 0.017550 3.323913 0.189607 3.323913 0.224116 3.323913 0.009764 3.323913 0.025243 3.323913 0.371361
3.326214 0.000524 3.326214 0.018784 3.326214 0.017321 3.326214 0.238687 3.326214 0.217454 3.326214 0.010648 3.326214 0.024370 3.326214 0.366005
3.328516 0.000540 3.328516 0.018767 3.328516 0.017103 3.328516 0.273319 3.328516 0.198619 3.328516 0.011421 3.328516 0.023430 3.328516 0.357508
3.330818 0.000555 3.330818 0.018723 3.330818 0.016888 3.330818 0.279061 3.330818 0.171037 3.330818 0.012039 3.330818 0.022161 3.330818 0.346992
3.333119 0.000575 3.333119 0.018705 3.333119 0.016670 3.333119 0.254319 3.333119 0.141671 3.333119 0.012456 3.333119 0.021570 3.333119 0.335819
3.335421 0.000597 3.335421 0.018691 3.335421 0.016458 3.335421 0.210532 3.335421 0.117624 3.335421 0.012662 3.335421 0.020194 3.335421 0.326087
3.337723 0.000611 3.337723 0.018652 3.337723 0.016275 3.337723 0.159036 3.337723 0.101740 3.337723 0.012672 3.337723 0.019311 3.337723 0.316371
3.340024 0.000611 3.340024 0.018630 3.340024 0.016140 3.340024 0.111412 3.340024 0.092356 3.340024 0.012510 3.340024 0.018714 3.340024 0.309234
3.342326 0.000604 3.342326 0.018608 3.342326 0.016053 3.342326 0.073432 3.342326 0.085947 3.342326 0.012270 3.342326 0.017855 3.342326 0.302995
3.344627 0.000601 3.344627 0.018583 3.344627 0.016006 3.344627 0.046110 3.344627 0.082132 3.344627 0.012063 3.344627 0.017120 3.344627 0.297050
3.346929 0.000608 3.346929 0.018552 3.346929 0.015996 3.346929 0.029877 3.346929 0.078970 3.346929 0.011974 3.346929 0.016112 3.346929 0.290936
3.349231 0.000620 3.349231 0.018537 3.349231 0.016027 3.349231 0.020841 3.349231 0.076266 3.349231 0.012027 3.349231 0.015450 3.349231 0.286150
3.351532 0.000629 3.351532 0.018515 3.351532 0.016104 3.351532 0.017771 3.351532 0.074407 3.351532 0.012233 3.351532 0.014933 3.351532 0.283086
3.353834 0.000631 3.353834 0.018476 3.353834 0.016222 3.353834 0.018056 3.353834 0.072600 3.353834 0.012599 3.353834 0.014078 3.353834 0.280323
3.356135 0.000632 3.356135 0.018464 3.356135 0.016364 3.356135 0.022030 3.356135 0.071311 3.356135 0.013118 3.356135 0.013170 3.356135 0.277671
3.358437 0.000636 3.358437 0.018423 3.358437 0.016512 3.358437 0.028523 3.358437 0.069554 3.358437 0.013785 3.358437 0.013188 3.358437 0.275503
3.360739 0.000642 3.360739 0.018403 3.360739 0.016644 3.360739 0.037689 3.360739 0.068141 3.360739 0.014596 3.360739 0.012002 3.360739 0.271717
3.363040 0.000646 3.363040 0.018390 3.363040 0.016738 3.363040 0.049919 3.363040 0.066899 3.363040 0.015545 3.363040 0.011596 3.363040 0.267584
3.365342 0.000647 3.365342 0.018353 3.365342 0.016773 3.365342 0.063037 3.365342 0.065822 3.365342 0.016623 3.365342 0.011004 3.365342 0.262823
3.367644 0.000648 3.367644 0.018330 3.367644 0.016732 3.367644 0.075547 3.367644 0.064355 3.367644 0.017793 3.367644 0.010438 3.367644 0.260305
3.369945 0.000653 3.369945 0.018309 3.369945 0.016600 3.369945 0.085557 3.369945 0.063336 3.369945 0.019013 3.369945 0.010112 3.369945 0.256460
3.372247 0.000663 3.372247 0.018284 3.372247 0.016393 3.372247 0.090412 3.372247 0.062060 3.372247 0.020190 3.372247 0.009154 3.372247 0.253138
3.374548 0.000671 3.374548 0.018254 3.374548 0.016173 3.374548 0.089958 3.374548 0.060986 3.374548 0.021149 3.374548 0.009028 3.374548 0.251553
3.376850 0.000670 3.376850 0.018239 3.376850 0.016008 3.376850 0.084538 3.376850 0.059800 3.376850 0.021707 3.376850 0.008708 3.376850 0.249744
3.379152 0.000665 3.379152 0.018157 3.379152 0.015937 3.379152 0.075032 3.379152 0.058502 3.379152 0.021678 3.379152 0.008022 3.379152 0.247810
3.381453 0.000664 3.381453 0.018104 3.381453 0.015978 3.381453 0.062362 3.381453 0.057562 3.381453 0.020872 3.381453 0.007720 3.381453 0.245348
3.383755 0.000676 3.383755 0.018049 3.383755 0.016144 3.383755 0.049382 3.383755 0.056688 3.383755 0.019170 3.383755 0.006977 3.383755 0.243503
3.386057 0.000694 3.386057 0.017989 3.386057 0.016397 3.386057 0.036582 3.386057 0.055886 3.386057 0.016844 3.386057 0.007026 3.386057 0.242481
3.388358 0.000708 3.388358 0.017909 3.388358 0.016686 3.388358 0.025707 3.388358 0.054645 3.388358 0.014298 3.388358 0.006561 3.388358 0.241291
3.390660 0.000712 3.390660 0.017857 3.390660 0.016971 3.390660 0.017003 3.390660 0.053661 3.390660 0.011904 3.390660 0.005989 3.390660 0.239948
3.392961 0.000716 3.392961 0.017801 3.392961 0.017244 3.392961 0.010609 3.392961 0.052895 3.392961 0.009965 3.392961 0.006045 3.392961 0.238956
3.395263 0.000726 3.395263 0.017739 3.395263 0.017500 3.395263 0.005966 3.395263 0.052403 3.395263 0.008767 3.395263 0.005626 3.395263 0.239104
3.397565 0.000745 3.397565 0.017663 3.397565 0.017739 3.397565 0.003425 3.397565 0.051551 3.397565 0.008415 3.397565 0.005190 3.397565 0.238821
3.399866 0.000759 3.399866 0.017611 3.399866 0.017965 3.399866 0.001525 3.399866 0.051193 3.399866 0.008815 3.399866 0.005332 3.399866 0.238315
3.402168 0.000761 3.402168 0.017553 3.402168 0.018176 3.402168 0.000314 3.402168 0.050614 3.402168 0.009851 3.402168 0.005050 3.402168 0.236857
3.404470 0.000752 3.404470 0.017489 3.404470 0.018326 3.404470 0.000467 3.404470 0.049636 3.404470 0.011318 3.404470 0.005018 3.404470 0.236186
3.406771 0.000740 3.406771 0.017419 3.406771 0.018343 3.406771 0.000401 3.406771 0.049127 3.406771 0.012966 3.406771 0.004828 3.406771 0.235144
3.409073 0.000734 3.409073 0.017366 3.409073 0.018186 3.409073 0.000487 3.409073 0.048574 3.409073 0.014517 3.409073 0.003938 3.409073 0.233912
3.411374 0.000734 3.411374 0.017305 3.411374 0.017924 3.411374 0.002935 3.411374 0.048000 3.411374 0.015613 3.411374 0.003997 3.411374 0.232982
3.413676 0.000741 3.413676 0.017240 3.413676 0.017652 3.413676 0.008344 3.413676 0.046757 3.413676 0.015881 3.413676 0.004006 3.413676 0.232060
3.415978 0.000754 3.415978 0.017178 3.415978 0.017427 3.415978 0.018822 3.415978 0.046559 3.415978 0.015263 3.415978 0.004100 3.415978 0.230972
3.418279 0.000768 3.418279 0.017120 3.418279 0.017246 3.418279 0.036885 3.418279 0.045723 3.418279 0.014216 3.418279 0.002955 3.418279 0.228832
3.420581 0.000778 3.420581 0.017056 3.420581 0.017103 3.420581 0.063559 3.420581 0.045155 3.420581 0.013230 3.420581 0.002991 3.420581 0.228711
3.422883 0.000783 3.422883 0.016993 3.422883 0.017028 3.422883 0.095070 3.422883 0.044538 3.422883 0.012562 3.422883 0.002991 3.422883 0.227694
3.425184 0.000786 3.425184 0.016939 3.425184 0.017080 3.425184 0.123141 3.425184 0.044131 3.425184 0.012286 3.425184 0.002990 3.425184 0.228294
3.427486 0.000791 3.427486 0.016872 3.427486 0.017311 3.427486 0.138425 3.427486 0.043708 3.427486 0.012411 3.427486 0.002990 3.427486 0.227153
3.429787 0.000797 3.429787 0.016809 3.429787 0.017720 3.429787 0.136368 3.429787 0.043675 3.429787 0.012606 3.429787 0.002989 3.429787 0.226663
3.432089 0.000804 3.432089 0.016751 3.432089 0.018288 3.432089 0.118599 3.432089 0.043016 3.432089 0.012416 3.432089 0.002977 3.432089 0.226748
3.434391 0.000809 3.434391 0.016701 3.434391 0.018982 3.434391 0.093442 3.434391 0.042885 3.434391 0.011596 3.434391 0.002971 3.434391 0.225736
3.436692 0.000815 3.436692 0.016625 3.436692 0.019729 3.436692 0.067406 3.436692 0.043104 3.436692 0.010418 3.436692 0.002034 3.436692 0.224917
3.438994 0.000822 3.438994 0.016566 3.438994 0.020449 3.438994 0.045764 3.438994 0.043539 3.438994 0.009225 3.438994 0.002002 3.438994 0.224612
3.441296 0.000830 3.441296 0.016514 3.441296 0.021068 3.441296 0.031545 3.441296 0.044009 3.441296 0.008166 3.441296 0.001999 3.441296 0.224701
3.443597 0.000835 3.443597 0.016462 3.443597 0.021513 3.443597 0.024376 3.443597 0.044303 3.443597 0.007161 3.443597 0.001999 3.443597 0.224019
3.445899 0.000833 3.445899 0.016382 3.445899 0.021719 3.445899 0.022856 3.445899 0.044479 3.445899 0.006134 3.445899 0.001999 3.445899 0.221925
3.448200 0.000827 3.448200 0.016330 3.448200 0.021683 3.448200 0.025288 3.448200 0.043930 3.448200 0.005133 3.448200 0.001999 3.448200 0.220607
3.450502 0.000821 3.450502 0.016278 3.450502 0.021437 3.450502 0.031102 3.450502 0.042392 3.450502 0.004279 3.450502 0.001999 3.450502 0.219131
3.452804 0.000818 3.452804 0.016220 3.452804 0.021043 3.452804 0.040010 3.452804 0.040786 3.452804 0.003657 3.452804 0.001999 3.452804 0.216960
3.455105 0.000819 3.455105 0.016145 3.455105 0.020689 3.455105 0.051879 3.455105 0.039411 3.455105 0.003229 3.455105 0.001999 3.455105 0.215709
3.457407 0.000826 3.457407 0.016096 3.457407 0.020593 3.457407 0.067141 3.457407 0.038695 3.457407 0.002922 3.457407 0.001999 3.457407 0.214518
3.459709 0.000835 3.459709 0.016036 3.459709 0.020846 3.459709 0.086145 3.459709 0.037789 3.459709 0.002684 3.459709 0.001999 3.459709 0.213639
3.462010 0.000840 3.462010 0.016008 3.462010 0.021327 3.462010 0.109041 3.462010 0.037686 3.462010 0.002498 3.462010 0.001999 3.462010 0.212152
3.464312 0.000835 3.464312 0.015985 3.464312 0.021897 3.464312 0.135536 3.464312 0.037196 3.464312 0.002349 3.464312 0.002003 3.464312 0.211505
3.466613 0.000823 3.466613 0.015968 3.466613 0.022447 3.466613 0.166380 3.466613 0.036871 3.466613 0.002232 3.466613 0.002030 3.466613 0.210474
3.468915 0.000812 3.468915 0.015955 3.468915 0.022891 3.468915 0.200287 3.468915 0.036640 3.468915 0.002148 3.468915 0.001389 3.468915 0.209686
3.471217 0.000813 3.471217 0.015939 3.471217 0.023165 3.471217 0.237686 3.471217 0.036391 3.471217 0.002094 3.471217 0.001006 3.471217 0.206852
3.473518 0.000818 3.473518 0.015917 3.473518 0.023309 3.473518 0.277934 3.473518 0.036212 3.473518 0.002051 3.473518 0.001078 3.473518 0.204451
3.475820 0.000815 3.475820 0.015892 3.475820 0.023405 3.475820 0.319955 3.475820 0.035866 3.475820 0.001993 3.475820 0.001299 3.475820 0.202584
3.478122 0.000799 3.478122 0.015872 3.478122 0.023514 3.478122 0.363484 3.478122 0.035397 3.478122 0.001909 3.478122 0.000995 3.478122 0.201457
3.480423 0.000779 3.480423 0.015859 3.480423 0.023641 3.480423 0.407770 3.480423 0.035074 3.480423 0.001830 3.480423 0.001000 3.480423 0.200295
3.482725 0.000767 3.482725 0.015845 3.482725 0.023785 3.482725 0.451652 3.482725 0.035201 3.482725 0.001791 3.482725 0.001001 3.482725 0.198162
3.485026 0.000768 3.485026 0.015825 3.485026 0.023932 3.485026 0.495053 3.485026 0.034611 3.485026 0.001809 3.485026 0.001001 3.485026 0.196344
3.487328 0.000777 3.487328 0.015800 3.487328 0.024056 3.487328 0.536037 3.487328 0.034472 3.487328 0.001880 3.487328 0.001000 3.487328 0.195178
3.489630 0.000787 3.489630 0.015778 3.489630 0.024132 3.489630 0.573088 3.489630 0.034550 3.489630 0.002002 3.489630 0.001000 3.489630 0.193583
3.491931 0.000792 3.491931 0.015763 3.491931 0.024171 3.491931 0.605759 3.491931 0.034034 3.491931 0.002241 3.491931 0.001000 3.491931 0.192031
3.494233 0.000787 3.494233 0.015751 3.494233 0.024203 3.494233 0.631189 3.494233 0.033686 3.494233 0.002696 3.494233 0.001001 3.494233 0.190485
3.496535 0.000767 3.496535 0.015733 3.496535 0.024248 3.496535 0.646779 3.496535 0.033440 3.496535 0.003469 3.496535 0.001001 3.496535 0.189559
3.498836 0.000742 3.498836 0.015709 3.498836 0.024288 3.498836 0.652403 3.498836 0.033706 3.498836 0.004655 3.498836 0.001001 3.498836 0.187942
3.501138 0.000723 3.501138 0.015685 3.501138 0.024297 3.501138 0.645238 3.501138 0.033527 3.501138 0.006344 3.501138 0.001000 3.501138 0.186109
3.503439 0.000715 3.503439 0.015670 3.503439 0.024255 3.503439 0.625694 3.503439 0.033236 3.503439 0.008475 3.503439 0.001000 3.503439 0.184534
3.505741 0.000713 3.505741 0.015657 3.505741 0.024153 3.505741 0.594811 3.505741 0.032933 3.505741 0.010704 3.505741 0.001001 3.505741 0.183424
3.508043 0.000707 3.508043 0.015643 3.508043 0.023987 3.508043 0.554838 3.508043 0.032640 3.508043 0.012660 3.508043 0.001001 3.508043 0.182087
3.510344 0.000698 3.510344 0.015545 3.510344 0.023792 3.510344 0.509479 3.510344 0.032325 3.510344 0.013988 3.510344 0.001001 3.510344 0.180075
3.512646 0.000692 3.512646 0.015474 3.512646 0.023633 3.512646 0.463171 3.512646 0.032050 3.512646 0.014348 3.512646 0.000994 3.512646 0.178671
3.514947 0.000696 3.514947 0.015380 3.514947 0.023566 3.514947 0.419240 3.514947 0.032174 3.514947 0.013511 3.514947 0.000958 3.514947 0.177889
3.517249 0.000706 3.517249 0.015281 3.517249 0.023551 3.517249 0.382466 3.517249 0.031867 3.517249 0.011963 3.517249 0.001739 3.517249 0.176001
3.519551 0.000717 3.519551 0.015188 3.519551 0.023511 3.519551 0.354082 3.519551 0.031646 3.519551 0.010474 3.519551 0.002012 3.519551 0.174203
3.521852 0.000724 3.521852 0.015104 3.521852 0.023401 3.521852 0.333949 3.521852 0.031657 3.521852 0.009564 3.521852 0.001523 3.521852 0.173690
3.524154 0.000729 3.524154 0.015017 3.524154 0.023258 3.524154 0.320864 3.524154 0.031739 3.524154 0.009056 3.524154 0.001517 3.524154 0.172809
3.526456 0.000733 3.526456 0.014928 3.526456 0.023134 3.526456 0.312075 3.526456 0.031694 3.526456 0.008663 3.526456 0.001984 3.526456 0.171575
3.528757 0.000733 3.528757 0.014844 3.528757 0.023067 3.528757 0.305083 3.528757 0.031456 3.528757 0.008217 3.528757 0.002001 3.528757 0.170605
3.531059 0.000729 3.531059 0.014753 3.531059 0.023074 3.531059 0.298400 3.531059 0.031892 3.531059 0.007711 3.531059 0.001999 3.531059 0.169320
3.533360 0.000719 3.533360 0.014656 3.533360 0.023176 3.533360 0.290973 3.533360 0.031360 3.533360 0.007149 3.533360 0.001999 3.533360 0.168430
3.535662 0.000704 3.535662 0.014562 3.535662 0.023402 3.535662 0.281420 3.535662 0.031259 3.535662 0.006561 3.535662 0.001999 3.535662 0.166883
3.537964 0.000692 3.537964 0.014492 3.537964 0.023791 3.537964 0.270231 3.537964 0.031470 3.537964 0.005995 3.537964 0.001999 3.537964 0.165073
3.540265 0.000688 3.540265 0.014392 3.540265 0.024358 3.540265 0.256597 3.540265 0.032059 3.540265 0.005491 3.540265 0.001999 3.540265 0.163397
3.542567 0.000685 3.542567 0.014304 3.542567 0.025025 3.542567 0.240342 3.542567 0.032359 3.542567 0.005043 3.542567 0.001999 3.542567 0.161946
3.544869 0.000678 3.544869 0.014221 3.544869 0.025689 3.544869 0.222132 3.544869 0.032821 3.544869 0.004636 3.544869 0.001999 3.544869 0.160454
3.547170 0.000663 3.547170 0.014131 3.547170 0.026254 3.547170 0.202244 3.547170 0.033387 3.547170 0.004262 3.547170 0.001999 3.547170 0.158827
3.549472 0.000642 3.549472 0.014032 3.549472 0.026636 3.549472 0.181587 3.549472 0.033809 3.549472 0.003933 3.549472 0.001999 3.549472 0.157220
3.551773 0.000621 3.551773 0.013964 3.551773 0.026759 3.551773 0.161641 3.551773 0.033362 3.551773 0.003658 3.551773 0.001999 3.551773 0.155591
3.554075 0.000610 3.554075 0.013869 3.554075 0.026619 3.554075 0.143589 3.554075 0.032501 3.554075 0.003432 3.554075 0.001999 3.554075 0.154197
3.556377 0.000620 3.556377 0.013773 3.556377 0.026277 3.556377 0.128085 3.556377 0.030959 3.556377 0.003233 3.556377 0.001999 3.556377 0.151837
3.558678 0.000663 3.558678 0.013687 3.558678 0.025797 3.558678 0.114898 3.558678 0.029689 3.558678 0.003042 3.558678 0.002001 3.558678 0.150550
3.560980 0.000711 3.560980 0.013604 3.560980 0.025246 3.560980 0.104345 3.560980 0.028676 3.560980 0.002856 3.560980 0.001983 3.560980 0.148308
3.563282 0.000723 3.563282 0.013511 3.563282 0.024692 3.563282 0.096284 3.563282 0.027980 3.563282 0.002682 3.563282 0.001824 3.563282 0.147165
3.565583 0.000692 3.565583 0.013435 3.565583 0.024188 3.565583 0.090332 3.565583 0.027709 3.565583 0.002523 3.565583 0.001702 3.565583 0.145390
3.567885 0.000705 3.567885 0.013348 3.567885 0.023741 3.567885 0.086376 3.567885 0.027043 3.567885 0.002374 3.567885 0.002010 3.567885 0.143531
3.570186 0.000865 3.570186 0.013252 3.570186 0.023350 3.570186 0.083662 3.570186 0.026883 3.570186 0.002230 3.570186 0.001999 3.570186 0.142135
3.572488 0.001140 3.572488 0.013160 3.572488 0.023010 3.572488 0.081649 3.572488 0.026780 3.572488 0.002092 3.572488 0.001998 3.572488 0.140369
3.574790 0.001321 3.574790 0.013054 3.574790 0.022706 3.574790 0.080487 3.574790 0.026410 3.574790 0.001963 3.574790 0.001999 3.574790 0.138885
3.577091 0.001211 3.577091 0.012947 3.577091 0.022427 3.577091 0.079878 3.577091 0.026346 3.577091 0.001852 3.577091 0.001998 3.577091 0.137241
3.579393 0.000881 3.579393 0.012841 3.579393 0.022166 3.579393 0.079898 3.579393 0.026457 3.579393 0.001762 3.579393 0.001998 3.579393 0.135295
3.581695 0.000572 3.581695 0.012735 3.581695 0.021920 3.581695 0.080704 3.581695 0.026032 3.581695 0.001697 3.581695 0.002010 3.581695 0.134351
3.583996 0.000472 3.583996 0.012629 3.583996 0.021687 3.583996 0.082756 3.583996 0.025568 3.583996 0.001658 3.583996 0.001550 3.583996 0.132725
3.586298 0.000523 3.586298 0.012523 3.586298 0.021477 3.586298 0.086938 3.586298 0.025314 3.586298 0.001621 3.586298 0.000967 3.586298 0.131261
3.588599 0.000595 3.588599 0.012417 3.588599 0.021297 3.588599 0.093093 3.588599 0.025377 3.588599 0.001556 3.588599 0.000996 3.588599 0.129399
3.590901 0.000612 3.590901 0.012312 3.590901 0.021148 3.590901 0.101836 3.590901 0.025438 3.590901 0.001449 3.590901 0.001001 3.590901 0.128372
3.593203 0.000602 3.593203 0.012206 3.593203 0.021007 3.593203 0.113414 3.593203 0.025135 3.593203 0.001318 3.593203 0.001001 3.593203 0.127018
3.595504 0.000600 3.595504 0.012101 3.595504 0.020848 3.595504 0.128765 3.595504 0.024784 3.595504 0.001184 3.595504 0.001000 3.595504 0.125576
3.597806 0.000616 3.597806 0.011996 3.597806 0.020672 3.597806 0.147431 3.597806 0.024640 3.597806 0.001052 3.597806 0.001000 3.597806 0.124514
3.600108 0.000630 3.600108 0.011890 3.600108 0.020501 3.600108 0.169565 3.600108 0.024696 3.600108 0.000912 3.600108 0.001001 3.600108 0.122855
3.602409 0.000623 3.602409 0.011786 3.602409 0.020352 3.602409 0.195553 3.602409 0.024627 3.602409 0.000758 3.602409 0.001001 3.602409 0.122171
3.604711 0.000603 3.604711 0.011681 3.604711 0.020224 3.604711 0.225381 3.604711 0.024353 3.604711 0.000606 3.604711 0.001000 3.604711 0.121191
3.607012 0.000585 3.607012 0.011576 3.607012 0.020102 3.607012 0.258056 3.607012 0.024040 3.607012 0.000485 3.607012 0.001000 3.607012 0.119696
3.609314 0.000580 3.609314 0.011472 3.609314 0.019977 3.609314 0.293232 3.609314 0.023802 3.609314 0.000411 3.609314 0.001001 3.609314 0.118423
3.611616 0.000581 3.611616 0.011367 3.611616 0.019843 3.611616 0.329198 3.611616 0.023828 3.611616 0.000363 3.611616 0.001001 3.611616 0.117433
3.613917 0.000577 3.613917 0.011263 3.613917 0.019700 3.613917 0.364675 3.613917 0.023557 3.613917 0.000317 3.613917 0.001001 3.613917 0.116172
3.616219 0.000567 3.616219 0.011159 3.616219 0.019545 3.616219 0.397325 3.616219 0.023500 3.616219 0.000264 3.616219 0.001000 3.616219 0.115149
3.618521 0.000558 3.618521 0.011045 3.618521 0.019379 3.618521 0.425093 3.618521 0.023595 3.618521 0.000221 3.618521 0.001000 3.618521 0.113991
3.620822 0.000557 3.620822 0.010928 3.620822 0.019204 3.620822 0.445279 3.620822 0.023159 3.620822 0.000203 3.620822 0.001001 3.620822 0.112439
3.623124 0.000563 3.623124 0.010824 3.623124 0.019032 3.623124 0.455853 3.623124 0.023438 3.623124 0.000201 3.623124 0.001001 3.623124 0.111514
3.625425 0.000568 3.625425 0.010721 3.625425 0.018884 3.625425 0.455636 3.625425 0.022581 3.625425 0.000186 3.625425 0.001000 3.625425 0.111107
3.627727 0.000565 3.627727 0.010617 3.627727 0.018770 3.627727 0.445237 3.627727 0.022820 3.627727 0.000135 3.627727 0.001000 3.627727 0.109532
3.630029 0.000557 3.630029 0.010514 3.630029 0.018661 3.630029 0.425813 3.630029 0.022956 3.630029 0.000054 3.630029 0.001001 3.630029 0.108228
3.632330 0.000548 3.632330 0.010411 3.632330 0.018514 3.632330 0.400421 3.632330 0.022858 3.632330 0.000043 3.632330 0.001001 3.632330 0.107331
3.634632 0.000540 3.634632 0.010308 3.634632 0.018323 3.634632 0.373402 3.634632 0.022694 3.634632 0.000125 3.634632 0.001000 3.634632 0.106732
3.636934 0.000533 3.636934 0.010205 3.636934 0.018160 3.636934 0.347730 3.636934 0.022316 3.636934 0.000132 3.636934 0.001000 3.636934 0.105751
3.639235 0.000530 3.639235 0.010102 3.639235 0.018101 3.639235 0.326093 3.639235 0.022602 3.639235 0.000003 3.639235 0.001001 3.639235 0.104583
3.641537 0.000528 3.641537 0.009999 3.641537 0.018129 3.641537 0.308898 3.641537 0.022372 3.641537 0.000210 3.641537 0.001001 3.641537 0.103186
3.643838 0.000530 3.643838 0.009897 3.643838 0.018134 3.643838 0.296367 3.643838 0.021907 3.643838 0.000339 3.643838 0.001000 3.643838 0.102570
3.646140 0.000535 3.646140 0.009794 3.646140 0.018018 3.646140 0.287279 3.646140 0.022051 3.646140 0.000244 3.646140 0.001001 3.646140 0.101869
3.648442 0.000539 3.648442 0.009692 3.648442 0.017793 3.648442 0.280040 3.648442 0.021907 3.648442 0.000012 3.648442 0.001001 3.648442 0.100884
3.650743 0.000533 3.650743 0.009590 3.650743 0.017520 3.650743 0.273165 3.650743 0.021804 3.650743 0.000268 3.650743 0.001000 3.650743 0.099583
3.653045 0.000514 3.653045 0.009488 3.653045 0.017254 3.653045 0.266272 3.653045 0.021851 3.653045 0.000402 3.653045 0.001000 3.653045 0.098632
3.655347 0.000493 3.655347 0.009386 3.655347 0.017024 3.655347 0.257886 3.655347 0.021504 3.655347 0.000408 3.655347 0.001001 3.655347 0.097940
3.657648 0.000480 3.657648 0.009284 3.657648 0.016855 3.657648 0.247737 3.657648 0.021439 3.657648 0.000303 3.657648 0.001006 3.657648 0.096928
3.659950 0.000479 3.659950 0.009182 3.659950 0.016749 3.659950 0.234531 3.659950 0.021095 3.659950 0.000132 3.659950 0.000981 3.659950 0.096024
3.662251 0.000480 3.662251 0.009083 3.662251 0.016676 3.662251 0.217469 3.662251 0.021419 3.662251 0.000026 3.662251 0.000730 3.662251 0.094871
3.664553 0.000473 3.664553 0.008954 3.664553 0.016605 3.664553 0.196396 3.664553 0.020916 3.664553 0.000096 3.664553 0.000828 3.664553 0.094129
3.666855 0.000460 3.666855 0.008870 3.666855 0.016520 3.666855 0.170725 3.666855 0.020947 3.666855 0.000080 3.666855 0.000962 3.666855 0.093135
3.669156 0.000453 3.669156 0.008803 3.669156 0.016413 3.669156 0.142564 3.669156 0.020913 3.669156 0.000039 3.669156 0.001093 3.669156 0.091997
3.671458 0.000460 3.671458 0.008736 3.671458 0.016283 3.671458 0.113876 3.671458 0.020932 3.671458 0.000023 3.671458 0.000321 3.671458 0.091226
3.673759 0.000474 3.673759 0.008668 3.673759 0.016148 3.673759 0.087479 3.673759 0.020836 3.673759 0.000024 3.673759 0.001075 3.673759 0.090624
3.676061 0.000481 3.676061 0.008601 3.676061 0.016033 3.676061 0.064959 3.676061 0.020719 3.676061 0.000014 3.676061 0.001016 3.676061 0.089666
3.678363 0.000476 3.678363 0.008534 3.678363 0.015946 3.678363 0.047240 3.678363 0.020466 3.678363 0.000016 3.678363 0.000537 3.678363 0.088299
3.680664 0.000465 3.680664 0.008467 3.680664 0.015863 3.680664 0.034902 3.680664 0.020340 3.680664 0.000045 3.680664 0.000470 3.680664 0.087758
3.682966 0.000456 3.682966 0.008400 3.682966 0.015756 3.682966 0.026294 3.682966 0.020371 3.682966 0.000047 3.682966 0.000356 3.682966 0.086689
3.685268 0.000452 3.685268 0.008333 3.685268 0.015622 3.685268 0.020786 3.685268 0.020161 3.685268 0.000016 3.685268 0.001016 3.685268 0.085749
3.687569 0.000451 3.687569 0.008267 3.687569 0.015485 3.687569 0.017420 3.687569 0.020230 3.687569 0.000032 3.687569 0.000408 3.687569 0.084879
3.689871 0.000451 3.689871 0.008200 3.689871 0.015366 3.689871 0.015216 3.689871 0.020078 3.689871 0.000082 3.689871 0.000089 3.689871 0.084188
3.692172 0.000450 3.692172 0.008133 3.692172 0.015264 3.692172 0.013832 3.692172 0.020208 3.692172 0.000128 3.692172 0.001070 3.692172 0.083022
3.694474 0.000446 3.694474 0.008067 3.694474 0.015168 3.694474 0.013173 3.694474 0.020139 3.694474 0.000170 3.694474 0.000693 3.694474 0.082528
3.696776 0.000439 3.696776 0.008000 3.696776 0.015070 3.696776 0.012546 3.696776 0.019724 3.696776 0.000208 3.696776 0.000518 3.696776 0.081898
3.699077 0.000430 3.699077 0.007934 3.699077 0.014968 3.699077 0.012064 3.699077 0.019578 3.699077 0.000241 3.699077 0.000667 3.699077 0.080805
3.701379 0.000420 3.701379 0.007868 3.701379 0.014864 3.701379 0.011826 3.701379 0.019694 3.701379 0.000265 3.701379 0.000733 3.701379 0.079812
3.703681 0.000413 3.703681 0.007802 3.703681 0.014754 3.703681 0.011680 3.703681 0.019626 3.703681 0.000283 3.703681 0.000404 3.703681 0.079534
3.705982 0.000411 3.705982 0.007736 3.705982 0.014635 3.705982 0.011389 3.705982 0.019559 3.705982 0.000304 3.705982 0.000014 3.705982 0.078849
3.708284 0.000416 3.708284 0.007670 3.708284 0.014503 3.708284 0.011525 3.708284 0.019324 3.708284 0.000338 3.708284 0.000021 3.708284 0.077425
3.710585 0.000426 3.710585 0.007604 3.710585 0.014359 3.710585 0.011592 3.710585 0.019361 3.710585 0.000383 3.710585 0.000371 3.710585 0.077411
3.712887 0.000432 3.712887 0.007538 3.712887 0.014212 3.712887 0.011871 3.712887 0.019347 3.712887 0.000432 3.712887 0.001087 3.712887 0.076277
3.715189 0.000429 3.715189 0.007472 3.715189 0.014066 3.715189 0.011809 3.715189 0.019418 3.715189 0.000480 3.715189 0.000331 3.715189 0.075967
3.717490 0.000420 3.717490 0.007406 3.717490 0.013911 3.717490 0.011915 3.717490 0.018935 3.717490 0.000529 3.717490 0.000706 3.717490 0.075221
3.719792 0.000410 3.719792 0.007341 3.719792 0.013732 3.719792 0.012250 3.719792 0.018648 3.719792 0.000584 3.719792 0.000839 3.719792 0.074715
3.722094 0.000404 3.722094 0.007275 3.722094 0.013521 3.722094 0.012421 3.722094 0.018883 3.722094 0.000645 3.722094 0.000046 3.722094 0.073669
3.724395 0.000403 3.724395 0.007210 3.724395 0.013294 3.724395 0.012288 3.724395 0.018868 3.724395 0.000707 3.724395 0.000430 3.724395 0.072872
3.726697 0.000408 3.726697 0.007144 3.726697 0.013065 3.726697 0.012213 3.726697 0.018860 3.726697 0.000764 3.726697 0.000120 3.726697 0.072822
3.728998 0.000417 3.728998 0.007079 3.728998 0.012843 3.728998 0.011993 3.728998 0.018765 3.728998 0.000810 3.728998 0.000020 3.728998 0.072173
3.731300 0.000424 3.731300 0.007014 3.731300 0.012625 3.731300 0.011580 3.731300 0.018639 3.731300 0.000845 3.731300 0.000682 3.731300 0.071271
3.733602 0.000426 3.733602 0.006949 3.733602 0.012409 3.733602 0.011046 3.733602 0.018601 3.733602 0.000866 3.733602 0.000548 3.733602 0.070634
3.735903 0.000423 3.735903 0.006884 3.735903 0.012187 3.735903 0.010181 3.735903 0.018555 3.735903 0.000879 3.735903 0.000279 3.735903 0.070295
3.738205 0.000421 3.738205 0.006819 3.738205 0.011953 3.738205 0.009742 3.738205 0.018429 3.738205 0.000893 3.738205 0.001008 3.738205 0.069437
3.740507 0.000423 3.740507 0.006754 3.740507 0.011703 3.740507 0.008814 3.740507 0.018186 3.740507 0.000914 3.740507 0.000037 3.740507 0.069120
3.742808 0.000425 3.742808 0.006689 3.742808 0.011449 3.742808 0.007966 3.742808 0.018269 3.742808 0.000937 3.742808 0.000347 3.742808 0.068394
3.745110 0.000421 3.745110 0.006624 3.745110 0.011206 3.745110 0.007245 3.745110 0.018396 3.745110 0.000955 3.745110 0.000979 3.745110 0.067846
3.747411 0.000410 3.747411 0.006560 3.747411 0.010980 3.747411 0.006515 3.747411 0.018250 3.747411 0.000966 3.747411 0.000565 3.747411 0.067104
3.749713 0.000399 3.749713 0.006495 3.749713 0.010758 3.749713 0.006185 3.749713 0.018388 3.749713 0.000974 3.749713 0.000428 3.749713 0.067063
3.752015 0.000393 3.752015 0.006431 3.752015 0.010526 3.752015 0.005696 3.752015 0.017994 3.752015 0.000984 3.752015 0.000807 3.752015 0.066571
3.754316 0.000393 3.754316 0.006366 3.754316 0.010288 3.754316 0.005290 3.754316 0.017757 3.754316 0.000991 3.754316 0.001014 3.754316 0.065816
3.756618 0.000393 3.756618 0.006302 3.756618 0.010058 3.756618 0.004849 3.756618 0.018103 3.756618 0.000988 3.756618 0.000995 3.756618 0.064968
3.758920 0.000390 3.758920 0.006238 3.758920 0.009846 3.758920 0.004624 3.758920 0.017995 3.758920 0.000968 3.758920 0.001126 3.758920 0.064686
3.761221 0.000384 3.761221 0.006174 3.761221 0.009650 3.761221 0.004351 3.761221 0.017872 3.761221 0.000941 3.761221 0.000031 3.761221 0.063972
3.763523 0.000379 3.763523 0.006109 3.763523 0.009457 3.763523 0.004149 3.763523 0.017746 3.763523 0.000923 3.763523 0.001130 3.763523 0.063703
3.765824 0.000375 3.765824 0.006045 3.765824 0.009265 3.765824 0.003732 3.765824 0.017525 3.765824 0.000923 3.765824 0.000977 3.765824 0.063410
3.768126 0.000374 3.768126 0.005981 3.768126 0.009092 3.768126 0.003598 3.768126 0.017656 3.768126 0.000940 3.768126 0.001000 3.768126 0.062399
3.770428 0.000376 3.770428 0.005918 3.770428 0.008955 3.770428 0.003226 3.770428 0.017750 3.770428 0.000968 3.770428 0.001001 3.770428 0.061855
3.772729 0.000379 3.772729 0.005854 3.772729 0.008861 3.772729 0.003107 3.772729 0.017765 3.772729 0.001000 3.772729 0.001000 3.772729 0.061773
3.775031 0.000381 3.775031 0.005790 3.775031 0.008802 3.775031 0.002611 3.775031 0.017381 3.775031 0.001024 3.775031 0.001000 3.775031 0.061036
3.777333 0.000382 3.777333 0.005727 3.777333 0.008769 3.777333 0.002446 3.777333 0.017234 3.777333 0.001033 3.777333 0.001001 3.777333 0.060500
3.779634 0.000381 3.779634 0.005663 3.779634 0.008768 3.779634 0.002079 3.779634 0.017415 3.779634 0.001037 3.779634 0.001000 3.779634 0.060282
3.781936 0.000379 3.781936 0.005600 3.781936 0.008806 3.781936 0.001678 3.781936 0.017070 3.781936 0.001056 3.781936 0.001000 3.781936 0.060167
3.784237 0.000378 3.784237 0.005536 3.784237 0.008891 3.784237 0.001365 3.784237 0.017202 3.784237 0.001104 3.784237 0.001001 3.784237 0.059937
3.786539 0.000376 3.786539 0.005473 3.786539 0.009025 3.786539 0.001133 3.786539 0.016805 3.786539 0.001167 3.786539 0.001001 3.786539 0.059301
3.788841 0.000374 3.788841 0.005410 3.788841 0.009211 3.788841 0.001155 3.788841 0.016817 3.788841 0.001226 3.788841 0.001000 3.788841 0.058410
3.791142 0.000371 3.791142 0.005346 3.791142 0.009449 3.791142 0.000582 3.791142 0.016947 3.791142 0.001271 3.791142 0.001001 3.791142 0.058405
3.793444 0.000369 3.793444 0.005283 3.793444 0.009740 3.793444 0.000261 3.793444 0.017229 3.793444 0.001311 3.793444 0.001001 3.793444 0.058109
3.795746 0.000367 3.795746 0.005220 3.795746 0.010084 3.795746 0.000076 3.795746 0.016911 3.795746 0.001358 3.795746 0.001000 3.795746 0.057919
3.798047 0.000365 3.798047 0.005157 3.798047 0.010468 3.798047 0.000169 3.798047 0.016836 3.798047 0.001416 3.798047 0.001001 3.798047 0.057041
3.800349 0.000356 3.800349 0.005095 3.800349 0.010872 3.800349 0.000335 3.800349 0.016834 3.800349 0.001483 3.800349 0.001000 3.800349 0.056952
3.802650 0.000338 3.802650 0.005032 3.802650 0.011272 3.802650 0.000190 3.802650 0.016943 3.802650 0.001558 3.802650 0.001001 3.802650 0.056884
3.804952 0.000316 3.804952 0.004969 3.804952 0.011644 3.804952 0.000085 3.804952 0.016834 3.804952 0.001635 3.804952 0.001001 3.804952 0.056199
3.807254 0.000302 3.807254 0.004907 3.807254 0.011963 3.807254 0.000028 3.807254 0.016599 3.807254 0.001708 3.807254 0.001000 3.807254 0.055873
3.809555 0.000303 3.809555 0.004844 3.809555 0.012205 3.809555 0.000024 3.809555 0.016962 3.809555 0.001775 3.809555 0.001001 3.809555 0.055222
3.811857 0.000313 3.811857 0.004780 3.811857 0.012354 3.811857 0.000052 3.811857 0.016651 3.811857 0.001838 3.811857 0.001001 3.811857 0.054882
3.814159 0.000325 3.814159 0.004739 3.814159 0.012397 3.814159 0.000270 3.814159 0.016787 3.814159 0.001903 3.814159 0.001000 3.814159 0.054982
3.816460 0.000334 3.816460 0.004703 3.816460 0.012334 3.816460 0.000591 3.816460 0.016765 3.816460 0.001973 3.816460 0.001001 3.816460 0.054421
3.818762 0.000334 3.818762 0.004652 3.818762 0.012185 3.818762 0.001100 3.818762 0.016276 3.818762 0.002049 3.818762 0.001001 3.818762 0.054428
3.821063 0.000320 3.821063 0.004624 3.821063 0.011970 3.821063 0.001557 3.821063 0.016354 3.821063 0.002134 3.821063 0.001000 3.821063 0.053886
3.823365 0.000301 3.823365 0.004567 3.823365 0.011709 3.823365 0.001888 3.823365 0.016265 3.823365 0.002222 3.823365 0.001001 3.823365 0.053216
3.825667 0.000292 3.825667 0.004541 3.825667 0.011421 3.825667 0.002596 3.825667 0.016017 3.825667 0.002302 3.825667 0.001001 3.825667 0.053012
3.827968 0.000304 3.827968 0.004484 3.827968 0.011125 3.827968 0.003491 3.827968 0.015657 3.827968 0.002369 3.827968 0.001000 3.827968 0.053046
3.830270 0.000325 3.830270 0.004456 3.830270 0.010842 3.830270 0.004438 3.830270 0.015452 3.830270 0.002426 3.830270 0.001001 3.830270 0.052597
3.832572 0.000338 3.832572 0.004406 3.832572 0.010591 3.832572 0.005141 3.832572 0.015295 3.832572 0.002485 3.832572 0.001008 3.832572 0.052073
3.834873 0.000336 3.834873 0.004369 3.834873 0.010383 3.834873 0.006105 3.834873 0.015288 3.834873 0.002551 3.834873 0.000959 3.834873 0.051392
3.837175 0.000324 3.837175 0.004340 3.837175 0.010210 3.837175 0.007277 3.837175 0.015274 3.837175 0.002622 3.837175 0.001415 3.837175 0.051175
3.839476 0.000309 3.839476 0.004290 3.839476 0.010061 3.839476 0.008572 3.839476 0.014966 3.839476 0.002698 3.839476 0.001152 3.839476 0.050898
3.841778 0.000297 3.841778 0.004254 3.841778 0.009937 3.841778 0.009734 3.841778 0.015127 3.841778 0.002776 3.841778 0.001684 3.841778 0.050814
3.844080 0.000288 3.844080 0.004214 3.844080 0.009845 3.844080 0.011062 3.844080 0.015465 3.844080 0.002856 3.844080 0.001996 3.844080 0.050521
3.846381 0.000284 3.846381 0.004167 3.846381 0.009790 3.846381 0.012157 3.846381 0.015858 3.846381 0.002936 3.846381 0.002007 3.846381 0.050377
3.848683 0.000284 3.848683 0.004137 3.848683 0.009761 3.848683 0.013123 3.848683 0.016106 3.848683 0.003012 3.848683 0.001997 3.848683 0.049690
3.850984 0.000286 3.850984 0.004083 3.850984 0.009743 3.850984 0.013993 3.850984 0.016624 3.850984 0.003084 3.850984 0.001999 3.850984 0.049767
3.853286 0.000289 3.853286 0.004054 3.853286 0.009719 3.853286 0.014464 3.853286 0.017054 3.853286 0.003152 3.853286 0.001999 3.853286 0.049517
3.855588 0.000293 3.855588 0.004023 3.855588 0.009684 3.855588 0.014595 3.855588 0.017209 3.855588 0.003218 3.855588 0.001999 3.855588 0.049383
3.857889 0.000295 3.857889 0.003967 3.857889 0.009630 3.857889 0.013887 3.857889 0.017199 3.857889 0.003290 3.857889 0.001999 3.857889 0.049158
3.860191 0.000297 3.860191 0.003943 3.860191 0.009557 3.860191 0.012928 3.860191 0.017033 3.860191 0.003362 3.860191 0.001999 3.860191 0.049113
3.862493 0.000295 3.862493 0.003886 3.862493 0.009471 3.862493 0.011713 3.862493 0.017228 3.862493 0.003424 3.862493 0.001999 3.862493 0.049088
3.864794 0.000291 3.864794 0.003858 3.864794 0.009379 3.864794 0.009862 3.864794 0.017249 3.864794 0.003464 3.864794 0.001999 3.864794 0.048790
3.867096 0.000284 3.867096 0.003810 3.867096 0.009280 3.867096 0.007803 3.867096 0.017260 3.867096 0.003491 3.867096 0.001999 3.867096 0.048465
3.869397 0.000278 3.869397 0.003772 3.869397 0.009167 3.869397 0.005984 3.869397 0.017286 3.869397 0.003523 3.869397 0.001999 3.869397 0.047988
3.871699 0.000275 3.871699 0.003736 3.871699 0.009035 3.871699 0.004185 3.871699 0.017567 3.871699 0.003575 3.871699 0.001999 3.871699 0.047857
3.874001 0.000271 3.874001 0.003687 3.874001 0.008883 3.874001 0.002694 3.874001 0.017694 3.874001 0.003641 3.874001 0.001999 3.874001 0.047827
3.876302 0.000265 3.876302 0.003659 3.876302 0.008711 3.876302 0.001360 3.876302 0.017221 3.876302 0.003706 3.876302 0.001999 3.876302 0.047694
3.878604 0.000256 3.878604 0.003624 3.878604 0.008525 3.878604 0.000306 3.878604 0.017349 3.878604 0.003762 3.878604 0.001999 3.878604 0.047106
3.880906 0.000251 3.880906 0.003573 3.880906 0.008339 3.880906 0.000343 3.880906 0.017573 3.880906 0.003806 3.880906 0.001999 3.880906 0.046617
3.883207 0.000254 3.883207 0.003547 3.883207 0.008167 3.883207 0.000690 3.883207 0.017735 3.883207 0.003839 3.883207 0.001999 3.883207 0.046911
3.885509 0.000263 3.885509 0.003490 3.885509 0.008015 3.885509 0.000556 3.885509 0.017663 3.885509 0.003872 3.885509 0.001999 3.885509 0.046389
3.887810 0.000271 3.887810 0.003465 3.887810 0.007876 3.887810 0.000499 3.887810 0.017687 3.887810 0.003925 3.887810 0.001999 3.887810 0.046575
3.890112 0.000269 3.890112 0.003414 3.890112 0.007748 3.890112 0.000532 3.890112 0.017725 3.890112 0.004017 3.890112 0.001999 3.890112 0.046149
3.892414 0.000263 3.892414 0.003380 3.892414 0.007627 3.892414 0.000223 3.892414 0.017277 3.892414 0.004133 3.892414 0.001999 3.892414 0.046012
3.894715 0.000263 3.894715 0.003341 3.894715 0.007507 3.894715 0.000096 3.894715 0.017692 3.894715 0.004249 3.894715 0.001999 3.894715 0.045373
3.897017 0.000272 3.897017 0.003295 3.897017 0.007388 3.897017 0.000681 3.897017 0.017623 3.897017 0.004349 3.897017 0.001999 3.897017 0.045634
3.899319 0.000282 3.899319 0.003267 3.899319 0.007271 3.899319 0.001327 3.899319 0.017481 3.899319 0.004439 3.899319 0.001998 3.899319 0.045293
3.901620 0.000280 3.901620 0.003231 3.901620 0.007160 3.901620 0.001991 3.901620 0.017644 3.901620 0.004533 3.901620 0.002000 3.901620 0.044894
3.903922 0.000263 3.903922 0.003181 3.903922 0.007059 3.903922 0.002747 3.903922 0.017567 3.903922 0.004639 3.903922 0.002009 3.903922 0.044745
3.906223 0.000245 3.906223 0.003156 3.906223 0.006970 3.906223 0.003435 3.906223 0.017603 3.906223 0.004759 3.906223 0.001902 3.906223 0.044954
3.908525 0.000238 3.908525 0.003100 3.908525 0.006893 3.908525 0.004298 3.908525 0.017734 3.908525 0.004895 3.908525 0.002801 3.908525 0.044472
3.910827 0.000241 3.910827 0.003075 3.910827 0.006828 3.910827 0.004898 3.910827 0.017946 3.910827 0.005038 3.910827 0.002976 3.910827 0.044166
3.913128 0.000246 3.913128 0.003025 3.913128 0.006773 3.913128 0.005719 3.913128 0.017882 3.913128 0.005175 3.913128 0.003085 3.913128 0.044205
3.915430 0.000246 3.915430 0.002990 3.915430 0.006726 3.915430 0.006390 3.915430 0.017788 3.915430 0.005295 3.915430 0.002290 3.915430 0.043584
3.917732 0.000241 3.917732 0.002954 3.917732 0.006688 3.917732 0.007043 3.917732 0.018095 3.917732 0.005403 3.917732 0.002933 3.917732 0.043457
3.920033 0.000236 3.920033 0.002906 3.920033 0.006663 3.920033 0.007661 3.920033 0.017711 3.920033 0.005511 3.920033 0.002962 3.920033 0.043468
3.922335 0.000231 3.922335 0.002878 3.922335 0.006650 3.922335 0.008130 3.922335 0.017950 3.922335 0.005625 3.922335 0.002998 3.922335 0.043331
3.924636 0.000228 3.924636 0.002846 3.924636 0.006644 3.924636 0.008205 3.924636 0.017855 3.924636 0.005746 3.924636 0.002989 3.924636 0.043100
3.926938 0.000228 3.926938 0.002793 3.926938 0.006640 3.926938 0.008294 3.926938 0.017943 3.926938 0.005869 3.926938 0.002990 3.926938 0.042819
3.929240 0.000230 3.929240 0.002769 3.929240 0.006633 3.929240 0.008432 3.929240 0.017986 3.929240 0.005994 3.929240 0.002990 3.929240 0.042496
3.931541 0.000230 3.931541 0.002715 3.931541 0.006626 3.931541 0.008113 3.931541 0.017996 3.931541 0.006122 3.931541 0.002990 3.931541 0.042493
3.933843 0.000228 3.933843 0.002687 3.933843 0.006617 3.933843 0.007808 3.933843 0.017798 3.933843 0.006252 3.933843 0.002990 3.933843 0.042737
3.936145 0.000225 3.936145 0.002643 3.936145 0.006611 3.936145 0.007504 3.936145 0.017945 3.936145 0.006387 3.936145 0.002990 3.936145 0.042419
3.938446 0.000223 3.938446 0.002603 3.938446 0.006611 3.938446 0.007314 3.938446 0.018018 3.938446 0.006525 3.938446 0.002990 3.938446 0.042217
3.940748 0.000225 3.940748 0.002574 3.940748 0.006615 3.940748 0.007194 3.940748 0.017906 3.940748 0.006669 3.940748 0.002990 3.940748 0.041905
3.943049 0.000228 3.943049 0.002538 3.943049 0.006608 3.943049 0.007109 3.943049 0.018036 3.943049 0.006821 3.943049 0.002990 3.943049 0.041760
3.945351 0.000226 3.945351 0.002490 3.945351 0.006571 3.945351 0.006976 3.945351 0.018236 3.945351 0.006984 3.945351 0.002990 3.945351 0.041869
3.947653 0.000220 3.947653 0.002465 3.947653 0.006501 3.947653 0.006963 3.947653 0.018041 3.947653 0.007158 3.947653 0.002990 3.947653 0.041657
3.949954 0.000213 3.949954 0.002410 3.949954 0.006416 3.949954 0.007055 3.949954 0.017911 3.949954 0.007338 3.949954 0.002990 3.949954 0.041124
3.952256 0.000210 3.952256 0.002385 3.952256 0.006332 3.952256 0.006676 3.952256 0.018106 3.952256 0.007521 3.952256 0.002990 3.952256 0.041050
3.954558 0.000210 3.954558 0.002337 3.954558 0.006251 3.954558 0.006234 3.954558 0.018003 3.954558 0.007703 3.954558 0.002990 3.954558 0.041042
3.956859 0.000212 3.956859 0.002301 3.956859 0.006164 3.956859 0.005863 3.956859 0.018068 3.956859 0.007880 3.956859 0.002991 3.956859 0.040912
3.959161 0.000211 3.959161 0.002266 3.959161 0.006064 3.959161 0.005205 3.959161 0.018188 3.959161 0.008050 3.959161 0.002988 3.959161 0.040858
3.961462 0.000207 3.961462 0.002228 3.961462 0.005950 3.961462 0.004444 3.961462 0.018147 3.961462 0.008217 3.961462 0.002984 3.961462 0.040469
3.963764 0.000201 3.963764 0.002190 3.963764 0.005820 3.963764 0.003816 3.963764 0.018479 3.963764 0.008386 3.963764 0.003117 3.963764 0.040012
3.966066 0.000192 3.966066 0.002153 3.966066 0.005678 3.966066 0.003131 3.966066 0.018358 3.966066 0.008559 3.966066 0.003858 3.966066 0.040158
3.968367 0.000190 3.968367 0.002115 3.968367 0.005534 3.968367 0.002378 3.968367 0.018150 3.968367 0.008734 3.968367 0.004010 3.968367 0.040095
3.970669 0.000200 3.970669 0.002077 3.970669 0.005399 3.970669 0.001901 3.970669 0.018185 3.970669 0.008907 3.970669 0.003816 3.970669 0.040088
3.972971 0.000219 3.972971 0.002040 3.972971 0.005276 3.972971 0.001297 3.972971 0.018415 3.972971 0.009082 3.972971 0.003533 3.972971 0.040050
3.975272 0.000232 3.975272 0.002002 3.975272 0.005159 3.975272 0.000647 3.975272 0.018595 3.975272 0.009268 3.975272 0.004066 3.975272 0.039409
3.977574 0.000225 3.977574 0.001965 3.977574 0.005044 3.977574 0.000555 3.977574 0.018302 3.977574 0.009474 3.977574 0.003996 3.977574 0.039365
3.979875 0.000204 3.979875 0.001927 3.979875 0.004929 3.979875 0.000232 3.979875 0.018298 3.979875 0.009695 3.979875 0.004001 3.979875 0.039398
3.982177 0.000182 3.982177 0.001894 3.982177 0.004816 3.982177 0.000210 3.982177 0.018522 3.982177 0.009925 3.982177 0.004002 3.982177 0.039511
3.984479 0.000169 3.984479 0.001866 3.984479 0.004707 3.984479 0.000231 3.984479 0.018506 3.984479 0.010156 3.984479 0.004002 3.984479 0.039270
3.986780 0.000164 3.986780 0.001837 3.986780 0.004601 3.986780 0.000147 3.986780 0.018428 3.986780 0.010392 3.986780 0.004002 3.986780 0.038919
3.989082 0.000164 3.989082 0.001809 3.989082 0.004499 3.989082 0.000051 3.989082 0.018702 3.989082 0.010639 3.989082 0.004002 3.989082 0.038765
3.991384 0.000166 3.991384 0.001781 3.991384 0.004402 3.991384 0.000076 3.991384 0.018802 3.991384 0.010897 3.991384 0.004002 3.991384 0.038609
3.993685 0.000165 3.993685 0.001752 3.993685 0.004308 3.993685 0.000420 3.993685 0.018868 3.993685 0.011161 3.993685 0.004002 3.993685 0.038713
3.995987 0.000158 3.995987 0.001724 3.995987 0.004217 3.995987 0.000623 3.995987 0.018859 3.995987 0.011424 3.995987 0.004002 3.995987 0.038542
3.998288 0.000146 3.998288 0.001696 3.998288 0.004127 3.998288 0.001035 3.998288 0.018806 3.998288 0.011688 3.998288 0.004002 3.998288 0.038240
4.000590 0.000134 4.000590 0.001667 4.000590 0.004042 4.000590 0.001480 4.000590 0.018715 4.000590 0.011961 4.000590 0.004002 4.000590 0.038192
