13.771910 0.000000
12.344129 1.000000
11.712491 2.000000
13.824497 3.000000
11.554338 4.000000
12.884348 5.000000
13.886314 6.000000
15.199856 7.000000
15.894657 8.000000
16.225370 9.000000
16.350726 10.000000
11.606215 11.000000
14.177034 12.000000
11.195221 13.000000
12.510442 14.000000
12.731877 15.000000
14.891715 16.000000
15.560348 17.000000
15.492046 18.000000
14.756441 19.000000
14.856309 20.000000
14.435805 21.000000
10.851588 22.000000
13.087256 23.000000
14.424952 24.000000
15.333089 25.000000
15.157456 26.000000
