5000.111000 0.000167 
4998.643809 -0.000197 
4997.176617 -0.000195 
4995.709426 0.000026 
4994.242234 -0.000339 
4992.775043 -0.000616 
4991.307851 -0.000666 
4989.840660 -0.000989 
4988.373468 -0.001074 
4986.906277 -0.000980 
4985.439085 -0.000978 
4983.971894 -0.000891 
4982.504702 -0.001240 
4981.037511 -0.001192 
4979.570319 -0.001130 
4978.103128 -0.000754 
4976.635936 -0.000891 
4975.168745 -0.000596 
4973.701553 -0.000816 
4972.234362 -0.000347 
4970.767170 -0.000312 
4969.299979 -0.000161 
4967.832787 -0.000133 
4966.365596 -0.000006 
4964.898404 -0.000074 
4963.431213 0.000110 
4961.964021 0.000034 
4960.496830 -0.000142 
4959.029638 0.000013 
4957.562447 0.000095 
4956.095255 -0.000000 
4954.628064 -0.000196 
4953.160872 -0.000228 
4951.693681 -0.000079 
4950.226489 -0.000149 
4948.759298 0.000056 
4947.292106 0.000012 
4945.824915 0.000015 
4944.357723 0.000016 
4942.890532 -0.000060 
4941.423340 -0.000130 
4939.956149 -0.000008 
4938.488957 -0.000079 
4937.021766 -0.000188 
4935.554574 -0.000295 
4934.087383 -0.000273 
4932.620191 0.000113 
4931.153000 0.000057 
4929.685808 -0.000127 
4928.218617 0.000097 
4926.751425 -0.000011 
4925.284234 -0.000084 
4923.817042 0.000015 
4922.349851 -0.000066 
4920.882659 -0.000022 
4919.415468 -0.000136 
4917.948276 -0.000077 
4916.481085 -0.000170 
4915.013893 -0.000219 
4913.546702 -0.000181 
4912.079510 -0.000041 
4910.612319 -0.000111 
4909.145127 -0.000090 
4907.677936 -0.000188 
4906.210744 -0.000038 
4904.743553 0.000015 
4903.276361 -0.000206 
4901.809170 0.000027 
4900.341978 -0.000030 
4898.874787 -0.000133 
4897.407595 -0.000245 
4895.940404 -0.000062 
4894.473212 0.000004 
4893.006021 -0.000053 
4891.538829 -0.000092 
4890.071638 0.000067 
4888.604446 -0.000012 
4887.137255 0.000020 
4885.670063 0.000188 
4884.202872 0.000063 
4882.735680 -0.000135 
4881.268489 -0.000246 
4879.801297 -0.000116 
4878.334106 -0.000002 
4876.866914 0.000092 
4875.399723 0.000097 
4873.932531 0.000166 
4872.465340 -0.000069 
4870.998148 0.000020 
4869.530957 -0.000015 
4868.063765 0.000135 
4866.596574 0.000138 
4865.129382 0.000053 
4863.662191 0.000206 
4862.194999 0.000169 
4860.727808 0.000105 
4859.260616 0.000100 
4857.793425 -0.000095 
4856.326233 0.000110 
4854.859042 0.000191 
4853.391850 0.000201 
4851.924659 0.000077 
4850.457467 0.000080 
4848.990276 -0.000012 
4847.523084 0.000233 
4846.055893 0.000275 
4844.588701 0.000291 
4843.121510 0.000141 
4841.654318 -0.000038 
4840.187127 -0.000009 
4838.719935 0.000022 
4837.252744 0.000109 
4835.785552 0.000125 
4834.318361 0.000135 
4832.851169 0.000120 
4831.383978 0.000091 
4829.916786 0.000039 
4828.449595 0.000242 
4826.982403 0.000130 
4825.515212 0.000084 
4824.048020 0.000188 
4822.580829 0.000176 
4821.113637 0.000017 
4819.646446 0.000093 
4818.179254 0.000105 
4816.712063 -0.000059 
4815.244871 0.000203 
4813.777680 0.000123 
4812.310488 -0.000012 
4810.843297 0.000040 
4809.376105 0.000008 
4807.908914 0.000164 
4806.441722 0.000078 
4804.974531 -0.000038 
4803.507339 0.000181 
4802.040148 0.000125 
4800.572956 0.000122 
4799.105765 -0.000081 
4797.638573 0.000116 
4796.171382 0.000074 
4794.704190 0.000086 
4793.236999 0.000079 
4791.769807 -0.000030 
4790.302616 0.000045 
4788.835424 0.000189 
4787.368233 0.000080 
4785.901041 0.000065 
4784.433850 0.000015 
4782.966658 -0.000079 
4781.499467 0.000131 
4780.032275 0.000080 
4778.565084 0.000063 
4777.097892 -0.000037 
4775.630701 0.000117 
4774.163509 0.000124 
4772.696318 -0.000032 
4771.229126 0.000002 
4769.761935 -0.000066 
4768.294743 -0.000014 
4766.827552 -0.000034 
4765.360360 -0.000003 
4763.893169 0.000025 
4762.425977 0.000044 
4760.958786 0.000110 
4759.491594 0.000049 
4758.024403 -0.000046 
4756.557211 -0.000009 
4755.090020 0.000145 
4753.622828 0.000203 
4752.155637 0.000088 
4750.688445 0.000121 
4749.221254 -0.000024 
4747.754062 -0.000086 
4746.286871 -0.000123 
4744.819679 -0.000180 
4743.352488 -0.000124 
4741.885296 -0.000124 
4740.418105 -0.000035 
4738.950914 0.000107 
4737.483722 0.000168 
4736.016531 -0.000138 
4734.549339 0.000025 
4733.082148 0.000034 
4731.614956 -0.000178 
4730.147765 -0.000211 
4728.680573 -0.000093 
4727.213382 0.000027 
4725.746190 -0.000163 
4724.278999 0.000001 
4722.811807 -0.000222 
4721.344616 0.000124 
4719.877424 -0.000152 
4718.410233 0.000160 
4716.943041 -0.000100 
4715.475850 -0.000047 
4714.008658 -0.000126 
4712.541467 0.000131 
4711.074275 0.000166 
4709.607084 0.000317 
4708.139892 0.000036 
4706.672701 0.000074 
4705.205509 0.000044 
4703.738318 0.000253 
4702.271126 0.000237 
4700.803935 0.000377 
4699.336743 0.000380 
4697.869552 0.000293 
4696.402360 0.000214 
4694.935169 0.000375 
4693.467977 0.000427 
4692.000786 0.000322 
4690.533594 0.000385 
4689.066403 0.000290 
4687.599211 0.000461 
4686.132020 0.000384 
4684.664828 0.000391 
4683.197637 0.000353 
4681.730445 -0.000032 
4680.263254 0.000166 
4678.796062 -0.000183 
4677.328871 0.000314 
4675.861679 -0.000056 
4674.394488 0.000123 
4672.927296 0.000289 
4671.460105 0.000038 
4669.992913 0.000477 
4668.525722 0.000114 
4667.058530 0.000271 
4665.591339 0.000216 
4664.124147 0.000089 
4662.656956 0.000317 
4661.189764 0.000002 
4659.722573 0.000294 
4658.255381 0.000373 
4656.788190 0.000427 
4655.320998 0.000536 
4653.853807 0.000153 
4652.386615 0.000415 
4650.919424 0.000308 
4649.452232 0.000217 
4647.985041 0.000438 
4646.517849 -0.000073 
4645.050658 0.000184 
4643.583466 0.000271 
4642.116275 0.000036 
4640.649083 0.000233 
4639.181892 0.000109 
4637.714700 0.000007 
4636.247509 0.000293 
4634.780317 0.000018 
4633.313126 0.000109 
4631.845934 0.000115 
4630.378743 0.000087 
4628.911551 0.000342 
4627.444360 0.000245 
4625.977168 0.000005 
4624.509977 0.000139 
4623.042785 -0.000033 
4621.575594 0.000108 
4620.108402 0.000184 
4618.641211 0.000089 
4617.174019 0.000114 
4615.706828 0.000159 
4614.239636 0.000138 
4612.772445 0.000005 
4611.305253 -0.000102 
4609.838062 -0.000006 
4608.370870 -0.000093 
4606.903679 0.000080 
4605.436487 0.000129 
4603.969296 0.000109 
4602.502104 -0.000015 
4601.034913 0.000123 
4599.567721 0.000164 
4598.100530 0.000055 
4596.633338 0.000108 
4595.166147 0.000014 
4593.698955 -0.000045 
4592.231764 0.000013 
4590.764572 0.000031 
4589.297381 -0.000187 
4587.830189 -0.000260 
4586.362998 -0.000451 
4584.895806 -0.000508 
4583.428615 -0.000444 
4581.961423 -0.000399 
4580.494232 -0.000627 
4579.027040 -0.000609 
4577.559849 -0.000582 
4576.092657 -0.000650 
4574.625466 -0.000707 
4573.158274 -0.000731 
4571.691083 -0.000758 
4570.223891 -0.000754 
4568.756700 -0.000624 
4567.289508 -0.000729 
4565.822317 -0.000694 
4564.355125 -0.000448 
4562.887934 -0.000535 
4561.420742 -0.000554 
4559.953551 -0.000526 
4558.486359 -0.000392 
4557.019168 -0.000290 
4555.551976 -0.000006 
4554.084785 -0.000011 
4552.617593 0.000021 
4551.150402 0.000082 
4549.683210 -0.000116 
4548.216019 -0.000052 
4546.748827 0.000183 
4545.281636 -0.000059 
4543.814444 -0.000136 
4542.347253 -0.000012 
4540.880061 -0.000147 
4539.412870 -0.000001 
4537.945678 -0.000040 
4536.478487 -0.000046 
4535.011295 -0.000158 
4533.544104 -0.000119 
4532.076912 0.000009 
4530.609721 -0.000120 
4529.142529 -0.000137 
4527.675338 -0.000021 
4526.208146 0.000033 
4524.740955 0.000051 
4523.273763 0.000095 
4521.806572 0.000220 
4520.339380 0.000369 
4518.872189 0.000402 
4517.404997 0.000505 
4515.937806 0.000363 
4514.470614 0.000358 
4513.003423 0.000368 
4511.536231 0.000311 
4510.069040 0.000290 
4508.601848 0.000342 
4507.134657 0.000265 
4505.667465 0.000146 
4504.200274 0.000075 
4502.733082 -0.000015 
4501.265891 0.000002 
4499.798699 -0.000118 
4498.331508 0.000021 
4496.864316 -0.000094 
4495.397125 -0.000178 
4493.929933 -0.000243 
4492.462742 -0.000137 
4490.995550 -0.000089 
4489.528359 -0.000064 
4488.061167 -0.000139 
4486.593976 -0.000177 
4485.126784 -0.000186 
4483.659593 -0.000212 
4482.192402 -0.000130 
4480.725210 -0.000235 
4479.258019 -0.000234 
4477.790827 -0.000239 
4476.323636 -0.000125 
4474.856444 -0.000092 
4473.389253 -0.000038 
4471.922061 -0.000107 
4470.454870 -0.000091 
4468.987678 -0.000261 
4467.520487 -0.000086 
4466.053295 0.000019 
4464.586104 -0.000200 
4463.118912 -0.000235 
4461.651721 -0.000186 
4460.184529 -0.000305 
4458.717338 -0.000206 
4457.250146 -0.000183 
4455.782955 -0.000268 
4454.315763 -0.000307 
4452.848572 -0.000585 
4451.381380 -0.000311 
4449.914189 -0.000165 
4448.446997 -0.000371 
4446.979806 -0.000434 
4445.512614 -0.000381 
4444.045423 -0.000331 
4442.578231 -0.000365 
4441.111040 -0.000385 
4439.643848 -0.000347 
4438.176657 -0.000259 
4436.709465 -0.000245 
4435.242274 -0.000150 
4433.775082 -0.000182 
4432.307891 -0.000051 
4430.840699 -0.000180 
4429.373508 -0.000176 
4427.906316 -0.000064 
4426.439125 0.000056 
4424.971933 -0.000100 
4423.504742 -0.000030 
4422.037550 0.000027 
4420.570359 0.000048 
4419.103167 0.000247 
4417.635976 0.000164 
4416.168784 0.000144 
4414.701593 0.000216 
4413.234401 0.000148 
4411.767210 0.000080 
4410.300018 0.000157 
4408.832827 0.000223 
4407.365635 0.000218 
4405.898444 0.000309 
4404.431252 0.000253 
4402.964061 0.000279 
4401.496869 0.000242 
4400.029678 0.000441 
4398.562486 0.000302 
4397.095295 0.000388 
4395.628103 0.000274 
4394.160912 0.000347 
4392.693720 0.000415 
4391.226529 0.000300 
4389.759337 0.000454 
4388.292146 0.000384 
4386.824954 0.000353 
4385.357763 0.000373 
4383.890571 0.000415 
4382.423380 0.000324 
4380.956188 0.000358 
4379.488997 0.000428 
4378.021805 0.000346 
4376.554614 0.000423 
4375.087422 0.000426 
4373.620231 0.000355 
4372.153039 0.000356 
4370.685848 0.000261 
4369.218656 0.000264 
4367.751465 0.000315 
4366.284273 0.000307 
4364.817082 0.000395 
4363.349890 0.000324 
4361.882699 0.000426 
4360.415507 0.000430 
4358.948316 0.000409 
4357.481124 0.000278 
4356.013933 0.000359 
4354.546741 0.000313 
4353.079550 0.000325 
4351.612358 0.000405 
4350.145167 0.000349 
4348.677975 0.000199 
4347.210784 0.000260 
4345.743592 0.000212 
4344.276401 0.000164 
4342.809209 0.000265 
4341.342018 0.000151 
4339.874826 0.000093 
4338.407635 0.000146 
4336.940443 0.000130 
4335.473252 0.000206 
4334.006060 0.000114 
4332.538869 0.000170 
4331.071677 0.000122 
4329.604486 0.000165 
4328.137294 0.000117 
4326.670103 0.000183 
4325.202911 0.000058 
4323.735720 0.000140 
4322.268528 0.000243 
4320.801337 0.000196 
4319.334145 0.000091 
4317.866954 0.000177 
4316.399762 0.000083 
4314.932571 -0.000002 
4313.465379 0.000056 
4311.998188 -0.000003 
4310.530996 0.000032 
4309.063805 -0.000061 
4307.596613 -0.000062 
4306.129422 -0.000031 
4304.662230 -0.000009 
4303.195039 -0.000004 
4301.727847 -0.000003 
4300.260656 -0.000133 
4298.793464 -0.000146 
4297.326273 -0.000082 
4295.859081 0.000045 
4294.391890 0.000114 
4292.924698 0.000072 
4291.457507 -0.000058 
4289.990315 -0.000169 
4288.523124 -0.000112 
4287.055932 -0.000104 
4285.588741 -0.000047 
4284.121549 0.000051 
4282.654358 0.000043 
4281.187166 -0.000008 
4279.719975 0.000042 
4278.252783 0.000059 
4276.785592 0.000040 
4275.318400 0.000083 
4273.851209 -0.000014 
4272.384017 0.000039 
4270.916826 -0.000055 
4269.449634 0.000041 
4267.982443 0.000064 
4266.515251 0.000081 
4265.048060 0.000069 
4263.580868 0.000095 
4262.113677 0.000089 
4260.646485 0.000172 
4259.179294 -0.000001 
4257.712102 -0.000002 
4256.244911 0.000093 
4254.777719 0.000085 
4253.310528 0.000071 
4251.843336 0.000006 
4250.376145 0.000133 
4248.908953 0.000068 
4247.441762 0.000048 
4245.974570 0.000052 
4244.507379 0.000089 
4243.040187 0.000099 
4241.572996 0.000193 
4240.105804 0.000132 
4238.638613 0.000035 
4237.171421 -0.000017 
4235.704230 0.000063 
4234.237038 -0.000018 
4232.769847 -0.000027 
4231.302655 0.000040 
4229.835464 -0.000006 
4228.368272 0.000076 
4226.901081 0.000030 
4225.433889 0.000054 
4223.966698 -0.000027 
4222.499507 0.000119 
4221.032315 0.000086 
4219.565124 0.000047 
4218.097932 0.000064 
4216.630741 0.000008 
4215.163549 0.000087 
4213.696358 0.000052 
4212.229166 0.000009 
4210.761975 0.000027 
4209.294783 0.000039 
4207.827592 0.000084 
4206.360400 0.000016 
4204.893209 0.000028 
4203.426017 0.000095 
4201.958826 0.000071 
4200.491634 0.000048 
4199.024443 -0.000028 
4197.557251 -0.000016 
4196.090060 0.000002 
4194.622868 0.000020 
4193.155677 -0.000023 
4191.688485 -0.000009 
4190.221294 0.000072 
4188.754102 -0.000105 
4187.286911 -0.000031 
4185.819719 -0.000061 
4184.352528 -0.000147 
4182.885336 -0.000131 
4181.418145 -0.000088 
4179.950953 -0.000135 
4178.483762 0.000013 
4177.016570 -0.000012 
4175.549379 -0.000077 
4174.082187 0.000047 
4172.614996 0.000029 
4171.147804 0.000079 
4169.680613 -0.000017 
4168.213421 0.000020 
4166.746230 -0.000036 
4165.279038 -0.000059 
4163.811847 -0.000043 
4162.344655 0.000061 
4160.877464 0.000032 
4159.410272 -0.000008 
4157.943081 0.000008 
4156.475889 -0.000006 
4155.008698 -0.000018 
4153.541506 -0.000032 
4152.074315 0.000056 
4150.607123 -0.000025 
4149.139932 0.000018 
4147.672740 0.000042 
4146.205549 0.000076 
4144.738357 0.000177 
4143.271166 0.000061 
4141.803974 0.000039 
4140.336783 0.000050 
4138.869591 0.000009 
4137.402400 0.000065 
4135.935208 0.000038 
4134.468017 0.000086 
4133.000825 0.000096 
4131.533634 0.000140 
4130.066442 0.000163 
4128.599251 0.000104 
4127.132059 -0.000012 
4125.664868 0.000025 
4124.197676 0.000139 
4122.730485 0.000096 
4121.263293 0.000075 
4119.796102 0.000117 
4118.328910 0.000183 
4116.861719 0.000202 
4115.394527 0.000065 
4113.927336 0.000032 
4112.460144 0.000043 
4110.992953 0.000130 
4109.525761 0.000057 
4108.058570 0.000170 
4106.591378 0.000142 
4105.124187 0.000169 
4103.656995 0.000156 
4102.189804 0.000144 
4100.722612 0.000145 
4099.255421 0.000115 
4097.788229 0.000177 
4096.321038 0.000158 
4094.853846 0.000148 
4093.386655 0.000150 
4091.919463 0.000116 
4090.452272 0.000032 
4088.985080 0.000162 
4087.517889 0.000065 
4086.050697 0.000115 
4084.583506 0.000170 
4083.116314 0.000160 
4081.649123 0.000116 
4080.181931 -0.000008 
4078.714740 0.000080 
4077.247548 0.000088 
4075.780357 0.000108 
4074.313165 0.000126 
4072.845974 0.000131 
4071.378782 0.000037 
4069.911591 0.000099 
4068.444399 -0.000027 
4066.977208 0.000090 
4065.510016 0.000124 
4064.042825 0.000147 
4062.575633 0.000051 
4061.108442 0.000004 
4059.641250 0.000053 
4058.174059 0.000041 
4056.706867 0.000108 
4055.239676 0.000124 
4053.772484 0.000116 
4052.305293 0.000153 
4050.838101 0.000052 
4049.370910 -0.000047 
4047.903718 0.000070 
4046.436527 0.000045 
4044.969335 0.000003 
4043.502144 0.000032 
4042.034952 0.000118 
4040.567761 0.000112 
4039.100569 0.000156 
4037.633378 0.000185 
4036.166186 0.000113 
4034.698995 0.000103 
4033.231803 0.000065 
4031.764612 0.000099 
4030.297420 0.000033 
4028.830229 0.000080 
4027.363037 0.000043 
4025.895846 0.000077 
4024.428654 0.000077 
4022.961463 -0.000011 
4021.494271 0.000053 
4020.027080 0.000010 
4018.559888 -0.000016 
4017.092697 -0.000085 
4015.625505 -0.000006 
4014.158314 -0.000013 
4012.691122 -0.000013 
4011.223931 -0.000013 
4009.756739 0.000070 
4008.289548 -0.000037 
4006.822356 -0.000077 
4005.355165 -0.000098 
4003.887973 -0.000086 
4002.420782 0.000007 
4000.953590 0.000075 
3999.486399 0.000038 
3998.019207 -0.000040 
3996.552016 -0.000067 
3995.084824 -0.000013 
3993.617633 -0.000035 
3992.150441 -0.000117 
3990.683250 -0.000129 
3989.216058 -0.000142 
3987.748867 -0.000047 
3986.281675 -0.000098 
3984.814484 -0.000027 
3983.347292 -0.000044 
3981.880101 -0.000128 
3980.412909 -0.000141 
3978.945718 -0.000146 
3977.478526 -0.000143 
3976.011335 -0.000170 
3974.544143 -0.000128 
3973.076952 -0.000150 
3971.609760 -0.000136 
3970.142569 -0.000147 
3968.675377 -0.000109 
3967.208186 -0.000078 
3965.740994 -0.000202 
3964.273803 -0.000156 
3962.806612 -0.000133 
3961.339420 -0.000096 
3959.872229 -0.000090 
3958.405037 -0.000007 
3956.937846 -0.000037 
3955.470654 -0.000095 
3954.003463 -0.000084 
3952.536271 -0.000071 
3951.069080 -0.000094 
3949.601888 -0.000078 
3948.134697 -0.000065 
3946.667505 -0.000057 
3945.200314 -0.000007 
3943.733122 -0.000003 
3942.265931 0.000047 
3940.798739 -0.000035 
3939.331548 -0.000038 
3937.864356 -0.000021 
3936.397165 -0.000033 
3934.929973 -0.000130 
3933.462782 0.000043 
3931.995590 0.000047 
3930.528399 0.000064 
3929.061207 -0.000002 
3927.594016 -0.000015 
3926.126824 0.000061 
3924.659633 -0.000000 
3923.192441 0.000006 
3921.725250 -0.000043 
3920.258058 0.000088 
3918.790867 0.000013 
3917.323675 0.000090 
3915.856484 0.000161 
3914.389292 0.000134 
3912.922101 0.000058 
3911.454909 0.000092 
3909.987718 0.000062 
3908.520526 0.000026 
3907.053335 0.000096 
3905.586143 0.000052 
3904.118952 -0.000015 
3902.651760 0.000030 
3901.184569 -0.000015 
3899.717377 -0.000020 
3898.250186 0.000078 
3896.782994 0.000020 
3895.315803 0.000085 
3893.848611 0.000086 
3892.381420 0.000004 
3890.914228 0.000008 
3889.447037 0.000096 
3887.979845 0.000079 
3886.512654 0.000062 
3885.045462 0.000063 
3883.578271 -0.000007 
3882.111079 0.000069 
3880.643888 0.000021 
3879.176696 0.000067 
3877.709505 0.000093 
3876.242313 0.000111 
3874.775122 0.000074 
3873.307930 0.000114 
3871.840739 0.000022 
3870.373547 -0.000047 
3868.906356 0.000009 
3867.439164 -0.000043 
3865.971973 -0.000139 
3864.504781 -0.000116 
3863.037590 -0.000089 
3861.570398 -0.000175 
3860.103207 -0.000203 
3858.636015 -0.000209 
3857.168824 -0.000245 
3855.701632 -0.000238 
3854.234441 -0.000458 
3852.767249 -0.000414 
3851.300058 -0.000416 
3849.832866 -0.000260 
3848.365675 -0.000339 
3846.898483 -0.000333 
3845.431292 -0.000404 
3843.964100 -0.000377 
3842.496909 -0.000341 
3841.029717 -0.000333 
3839.562526 -0.000338 
3838.095334 -0.000499 
3836.628143 -0.000461 
3835.160951 -0.000334 
3833.693760 -0.000383 
3832.226568 -0.000399 
3830.759377 -0.000328 
3829.292185 -0.000314 
3827.824994 -0.000222 
3826.357802 -0.000283 
3824.890611 -0.000232 
3823.423419 -0.000231 
3821.956228 -0.000287 
3820.489036 -0.000309 
3819.021845 -0.000149 
3817.554653 -0.000083 
3816.087462 -0.000205 
3814.620270 -0.000188 
3813.153079 -0.000137 
3811.685887 -0.000096 
3810.218696 -0.000061 
3808.751504 -0.000013 
3807.284313 -0.000159 
3805.817121 -0.000108 
3804.349930 -0.000043 
3802.882738 -0.000031 
3801.415547 -0.000099 
3799.948355 -0.000025 
3798.481164 -0.000077 
3797.013972 -0.000049 
3795.546781 -0.000043 
3794.079589 0.000015 
3792.612398 0.000030 
3791.145206 0.000011 
3789.678015 0.000047 
3788.210823 -0.000004 
3786.743632 0.000054 
3785.276440 0.000035 
3783.809249 0.000103 
3782.342057 0.000048 
3780.874866 0.000049 
3779.407674 -0.000036 
3777.940483 0.000053 
3776.473291 0.000093 
3775.006100 0.000064 
3773.538908 0.000117 
3772.071717 0.000109 
3770.604525 0.000122 
3769.137334 0.000039 
3767.670142 0.000207 
3766.202951 0.000258 
3764.735759 0.000393 
3763.268568 0.000479 
3761.801376 0.000445 
3760.334185 0.000369 
3758.866993 0.000308 
3757.399802 0.000227 
3755.932610 0.000181 
3754.465419 0.000494 
3752.998227 0.000593 
3751.531036 0.000651 
3750.063844 0.000626 
3748.596653 0.000419 
3747.129461 0.000216 
3745.662270 -0.000501 
3744.195078 -0.001490 
3742.727887 -0.001871 
3741.260695 -0.002043 
3739.793504 -0.001522 
3738.326312 -0.000739 
3736.859121 -0.000076 
3735.391929 0.000312 
3733.924738 0.000666 
3732.457546 0.000865 
3730.990355 0.000993 
3729.523163 0.001030 
3728.055972 0.000997 
3726.588780 0.000966 
3725.121589 0.000747 
3723.654397 0.000554 
3722.187206 0.000323 
3720.720014 0.000092 
3719.252823 0.000000 
3717.785631 0.000098 
3716.318440 0.000040 
3714.851248 0.000008 
3713.384057 0.000144 
3711.916865 0.000126 
3710.449674 0.000399 
3708.982482 0.000466 
3707.515291 0.000632 
3706.048099 0.000568 
3704.580908 0.000641 
3703.113717 0.000534 
3701.646525 0.000357 
3700.179334 0.000284 
3698.712142 0.000112 
3697.244951 -0.000012 
3695.777759 -0.000099 
3694.310568 -0.000089 
3692.843376 -0.000217 
3691.376185 -0.000314 
3689.908993 -0.000377 
3688.441802 -0.000569 
3686.974610 -0.000486 
3685.507419 -0.000444 
3684.040227 -0.000531 
3682.573036 -0.000451 
3681.105844 -0.000492 
3679.638653 -0.000474 
3678.171461 -0.000408 
3676.704270 -0.000476 
3675.237078 -0.000546 
3673.769887 -0.000435 
3672.302695 -0.000320 
3670.835504 -0.000342 
3669.368312 -0.000190 
3667.901121 -0.000082 
3666.433929 0.000157 
3664.966738 0.000140 
3663.499546 0.000319 
3662.032355 0.000473 
3660.565163 0.000523 
3659.097972 0.000746 
3657.630780 0.000930 
3656.163589 0.001005 
3654.696397 0.001225 
3653.229206 0.001406 
3651.762014 0.001602 
3650.294823 0.001833 
3648.827631 0.001941 
3647.360440 0.002230 
3645.893248 0.002428 
3644.426057 0.002748 
3642.958865 0.002975 
3641.491674 0.003316 
3640.024482 0.003566 
3638.557291 0.003853 
3637.090099 0.004169 
3635.622908 0.004464 
3634.155716 0.004902 
3632.688525 0.005292 
3631.221333 0.005667 
3629.754142 0.005810 
3628.286950 0.006325 
3626.819759 0.006782 
3625.352567 0.007227 
3623.885376 0.007688 
3622.418184 0.008198 
3620.950993 0.008654 
3619.483801 0.009141 
3618.016610 0.009667 
3616.549418 0.010148 
3615.082227 0.010727 
3613.615035 0.011292 
3612.147844 0.011960 
3610.680652 0.012564 
3609.213461 0.013139 
3607.746269 0.013727 
3606.279078 0.014463 
3604.811886 0.015216 
3603.344695 0.015914 
3601.877503 0.016658 
3600.410312 0.017423 
3598.943120 0.018237 
3597.475929 0.019015 
3596.008737 0.019827 
3594.541546 0.020639 
3593.074354 0.021583 
3591.607163 0.022513 
3590.139971 0.023471 
3588.672780 0.024384 
3587.205588 0.025433 
3585.738397 0.026521 
3584.271205 0.027515 
3582.804014 0.028499 
3581.336822 0.029610 
3579.869631 0.030744 
3578.402439 0.031944 
3576.935248 0.033203 
3575.468056 0.034454 
3574.000865 0.035719 
3572.533673 0.037023 
3571.066482 0.038480 
3569.599290 0.039864 
3568.132099 0.041272 
3566.664907 0.042765 
3565.197716 0.044327 
3563.730524 0.045814 
3562.263333 0.047411 
3560.796141 0.049004 
3559.328950 0.050699 
3557.861758 0.052375 
3556.394567 0.054181 
3554.927375 0.056024 
3553.460184 0.057831 
3551.992992 0.059715 
3550.525801 0.061719 
3549.058609 0.063802 
3547.591418 0.065798 
3546.124226 0.067866 
3544.657035 0.070111 
3543.189843 0.072277 
3541.722652 0.074541 
3540.255460 0.076905 
3538.788269 0.079253 
3537.321077 0.081614 
3535.853886 0.084174 
3534.386694 0.086704 
3532.919503 0.089334 
3531.452311 0.091925 
3529.985120 0.094625 
3528.517928 0.097386 
3527.050737 0.100163 
3525.583545 0.103111 
3524.116354 0.105944 
3522.649162 0.108913 
3521.181971 0.112011 
3519.714779 0.115111 
3518.247588 0.118154 
3516.780396 0.121317 
3515.313205 0.124586 
3513.846013 0.127801 
3512.378822 0.131031 
3510.911630 0.134398 
3509.444439 0.137787 
3507.977247 0.141286 
3506.510056 0.144591 
3505.042864 0.148058 
3503.575673 0.151680 
3502.108481 0.155212 
3500.641290 0.158710 
3499.174098 0.162282 
3497.706907 0.166046 
3496.239715 0.169612 
3494.772524 0.173255 
3493.305332 0.177070 
3491.838141 0.180740 
3490.370949 0.184450 
3488.903758 0.188178 
3487.436566 0.191911 
3485.969375 0.195773 
3484.502183 0.199591 
3483.034992 0.203294 
3481.567800 0.207052 
3480.100609 0.210990 
3478.633417 0.214883 
3477.166226 0.218721 
3475.699034 0.222577 
3474.231843 0.226346 
3472.764651 0.230351 
3471.297460 0.234127 
3469.830268 0.237956 
3468.363077 0.241754 
3466.895885 0.245673 
3465.428694 0.249631 
3463.961502 0.253489 
3462.494311 0.257488 
3461.027119 0.261375 
3459.559928 0.265154 
3458.092736 0.268946 
3456.625545 0.272927 
3455.158353 0.276830 
3453.691162 0.280855 
3452.223970 0.284649 
3450.756779 0.288550 
3449.289587 0.292472 
3447.822396 0.296226 
3446.355205 0.300037 
3444.888013 0.304051 
3443.420822 0.308122 
3441.953630 0.311998 
3440.486439 0.315986 
3439.019247 0.320036 
3437.552056 0.324074 
3436.084864 0.328317 
3434.617673 0.332557 
3433.150481 0.337007 
3431.683290 0.341875 
3430.216098 0.346901 
3428.748907 0.352490 
3427.281715 0.358642 
3425.814524 0.365414 
3424.347332 0.372839 
3422.880141 0.381266 
3421.412949 0.391004 
3419.945758 0.401561 
3418.478566 0.413244 
3417.011375 0.426359 
3415.544183 0.440602 
3414.076992 0.455647 
3412.609800 0.471323 
3411.142609 0.487517 
3409.675417 0.503982 
3408.208226 0.519746 
3406.741034 0.535032 
3405.273843 0.549134 
3403.806651 0.561753 
3402.339460 0.573183 
3400.872268 0.582597 
3399.405077 0.590813 
3397.937885 0.598403 
3396.470694 0.604977 
3395.003502 0.610233 
3393.536311 0.615360 
3392.069119 0.619559 
3390.601928 0.623593 
3389.134736 0.628152 
3387.667545 0.631757 
3386.200353 0.635009 
3384.733162 0.637372 
3383.265970 0.638987 
3381.798779 0.639844 
3380.331587 0.639639 
3378.864396 0.638384 
3377.397204 0.636078 
3375.930013 0.632727 
3374.462821 0.628506 
3372.995630 0.623635 
3371.528438 0.618350 
3370.061247 0.611922 
3368.594055 0.605071 
3367.126864 0.598396 
3365.659672 0.591627 
3364.192481 0.584643 
3362.725289 0.577615 
3361.258098 0.570972 
3359.790906 0.564476 
3358.323715 0.558348 
3356.856523 0.552445 
3355.389332 0.547431 
3353.922140 0.542831 
3352.454949 0.538560 
3350.987757 0.534867 
3349.520566 0.531685 
3348.053374 0.528976 
3346.586183 0.526642 
3345.118991 0.524659 
3343.651800 0.522884 
3342.184608 0.521547 
3340.717417 0.520558 
3339.250225 0.519739 
3337.783034 0.519095 
3336.315842 0.518699 
3334.848651 0.518402 
3333.381459 0.518405 
3331.914268 0.518420 
3330.447076 0.518676 
3328.979885 0.519178 
3327.512693 0.519687 
3326.045502 0.520502 
3324.578310 0.521251 
3323.111119 0.522651 
3321.643927 0.524163 
3320.176736 0.525715 
3318.709544 0.527645 
3317.242353 0.529873 
3315.775161 0.531913 
3314.307970 0.533865 
3312.840778 0.535711 
3311.373587 0.537114 
3309.906395 0.538167 
3308.439204 0.538722 
3306.972012 0.538727 
3305.504821 0.538684 
3304.037629 0.538744 
3302.570438 0.538595 
3301.103246 0.538561 
3299.636055 0.538365 
3298.168863 0.538215 
3296.701672 0.538115 
3295.234480 0.538055 
3293.767289 0.538020 
3292.300097 0.537977 
3290.832906 0.537984 
3289.365714 0.538226 
3287.898523 0.538371 
3286.431331 0.538412 
3284.964140 0.538461 
3283.496948 0.538561 
3282.029757 0.538661 
3280.562565 0.538760 
3279.095374 0.538840 
3277.628182 0.539028 
3276.160991 0.539088 
3274.693799 0.539080 
3273.226608 0.539142 
3271.759416 0.539211 
3270.292225 0.539131 
3268.825033 0.539239 
3267.357842 0.539273 
3265.890650 0.539290 
3264.423459 0.539083 
3262.956267 0.538942 
3261.489076 0.538644 
3260.021884 0.538356 
3258.554693 0.537797 
3257.087501 0.537223 
3255.620310 0.536366 
3254.153118 0.535460 
3252.685927 0.534414 
3251.218735 0.533099 
3249.751544 0.531684 
3248.284352 0.530079 
3246.817161 0.528300 
3245.349969 0.526107 
3243.882778 0.524049 
3242.415586 0.521810 
3240.948395 0.519383 
3239.481203 0.517230 
3238.014012 0.514999 
3236.546820 0.512692 
3235.079629 0.510389 
3233.612437 0.507893 
3232.145246 0.505594 
3230.678054 0.503079 
3229.210863 0.500561 
3227.743671 0.498091 
3226.276480 0.495513 
3224.809288 0.492674 
3223.342097 0.489474 
3221.874905 0.486387 
3220.407714 0.483216 
3218.940522 0.479959 
3217.473331 0.476445 
3216.006139 0.472840 
3214.538948 0.469490 
3213.071756 0.466062 
3211.604565 0.462715 
3210.137373 0.459375 
3208.670182 0.456112 
3207.202990 0.452748 
3205.735799 0.449597 
3204.268607 0.446539 
3202.801416 0.443407 
3201.334224 0.440349 
3199.867033 0.437409 
3198.399841 0.434402 
3196.932650 0.431598 
3195.465458 0.428595 
3193.998267 0.425744 
3192.531075 0.422904 
3191.063884 0.419930 
3189.596692 0.417094 
3188.129501 0.414256 
3186.662310 0.411420 
3185.195118 0.408465 
3183.727927 0.405734 
3182.260735 0.402947 
3180.793544 0.400042 
3179.326352 0.397206 
3177.859161 0.394386 
3176.391969 0.391672 
3174.924778 0.388904 
3173.457586 0.386193 
3171.990395 0.383410 
3170.523203 0.380636 
3169.056012 0.377868 
3167.588820 0.375186 
3166.121629 0.372491 
3164.654437 0.369791 
3163.187246 0.367060 
3161.720054 0.364449 
3160.252863 0.361759 
3158.785671 0.359122 
3157.318480 0.356472 
3155.851288 0.353842 
3154.384097 0.351333 
3152.916905 0.348654 
3151.449714 0.346045 
3149.982522 0.343674 
3148.515331 0.341134 
3147.048139 0.338626 
3145.580948 0.336063 
3144.113756 0.333606 
3142.646565 0.331119 
3141.179373 0.328586 
3139.712182 0.326248 
3138.244990 0.323844 
3136.777799 0.321481 
3135.310607 0.319249 
3133.843416 0.316890 
3132.376224 0.314579 
3130.909033 0.312197 
3129.441841 0.310015 
3127.974650 0.307829 
3126.507458 0.305628 
3125.040267 0.303428 
3123.573075 0.301310 
3122.105884 0.299117 
3120.638692 0.296985 
3119.171501 0.294941 
3117.704309 0.293011 
3116.237118 0.291020 
3114.769926 0.289078 
3113.302735 0.287152 
3111.835543 0.285211 
3110.368352 0.283345 
3108.901160 0.281463 
3107.433969 0.279677 
3105.966777 0.277868 
3104.499586 0.276139 
3103.032394 0.274431 
3101.565203 0.272697 
3100.098011 0.271046 
3098.630820 0.269421 
3097.163628 0.267924 
3095.696437 0.266400 
3094.229245 0.264954 
3092.762054 0.263368 
3091.294862 0.261917 
3089.827671 0.260544 
3088.360479 0.259199 
3086.893288 0.257919 
3085.426096 0.256694 
3083.958905 0.255364 
3082.491713 0.254223 
3081.024522 0.253027 
3079.557330 0.251834 
3078.090139 0.250753 
3076.622947 0.249725 
3075.155756 0.248769 
3073.688564 0.247768 
3072.221373 0.246837 
3070.754181 0.245991 
3069.286990 0.245178 
3067.819798 0.244436 
3066.352607 0.243576 
3064.885415 0.242790 
3063.418224 0.242051 
3061.951032 0.241326 
3060.483841 0.240725 
3059.016649 0.240196 
3057.549458 0.239610 
3056.082266 0.238981 
3054.615075 0.238435 
3053.147883 0.237971 
3051.680692 0.237456 
3050.213500 0.237052 
3048.746309 0.236630 
3047.279117 0.236186 
3045.811926 0.235785 
3044.344734 0.235424 
3042.877543 0.235119 
3041.410351 0.234896 
3039.943160 0.234606 
3038.475968 0.234257 
3037.008777 0.233952 
3035.541585 0.233725 
3034.074394 0.233457 
3032.607202 0.233288 
3031.140011 0.233123 
3029.672819 0.232905 
3028.205628 0.232750 
3026.738436 0.232639 
3025.271245 0.232523 
3023.804053 0.232266 
3022.336862 0.232196 
3020.869670 0.232095 
3019.402479 0.231927 
3017.935287 0.231982 
3016.468096 0.231921 
3015.000904 0.231755 
3013.533713 0.231571 
3012.066521 0.231543 
3010.599330 0.231387 
3009.132138 0.231311 
3007.664947 0.231269 
3006.197755 0.231221 
3004.730564 0.231102 
3003.263372 0.231039 
3001.796181 0.230945 
3000.328989 0.230892 
2998.861798 0.230823 
2997.394606 0.230755 
2995.927415 0.230627 
2994.460223 0.230473 
2992.993032 0.230447 
2991.525840 0.230322 
2990.058649 0.230187 
2988.591457 0.230049 
2987.124266 0.229927 
2985.657074 0.229781 
2984.189883 0.229553 
2982.722691 0.229405 
2981.255500 0.229145 
2979.788308 0.228919 
2978.321117 0.228738 
2976.853925 0.228360 
2975.386734 0.228121 
2973.919542 0.227822 
2972.452351 0.227514 
2970.985159 0.227248 
2969.517968 0.226851 
2968.050776 0.226505 
2966.583585 0.226108 
2965.116393 0.225706 
2963.649202 0.225308 
2962.182010 0.224939 
2960.714819 0.224637 
2959.247627 0.224359 
2957.780436 0.224077 
2956.313244 0.223653 
2954.846053 0.223308 
2953.378861 0.222913 
2951.911670 0.222488 
2950.444478 0.222031 
2948.977287 0.221534 
2947.510095 0.221054 
2946.042904 0.220543 
2944.575712 0.220049 
2943.108521 0.219562 
2941.641329 0.219028 
2940.174138 0.218534 
2938.706946 0.218018 
2937.239755 0.217417 
2935.772563 0.216772 
2934.305372 0.216087 
2932.838180 0.215437 
2931.370989 0.214778 
2929.903797 0.214038 
2928.436606 0.213323 
2926.969415 0.212610 
2925.502223 0.211914 
2924.035032 0.211097 
2922.567840 0.210306 
2921.100649 0.209600 
2919.633457 0.208865 
2918.166266 0.208148 
2916.699074 0.207370 
2915.231883 0.206520 
2913.764691 0.205663 
2912.297500 0.204766 
2910.830308 0.203774 
2909.363117 0.202812 
2907.895925 0.201822 
2906.428734 0.200924 
2904.961542 0.199943 
2903.494351 0.198944 
2902.027159 0.197902 
2900.559968 0.196940 
2899.092776 0.195918 
2897.625585 0.194915 
2896.158393 0.193859 
2894.691202 0.192812 
2893.224010 0.191771 
2891.756819 0.190701 
2890.289627 0.189629 
2888.822436 0.188534 
2887.355244 0.187433 
2885.888053 0.186355 
2884.420861 0.185215 
2882.953670 0.184105 
2881.486478 0.182977 
2880.019287 0.181824 
2878.552095 0.180708 
2877.084904 0.179576 
2875.617712 0.178418 
2874.150521 0.177285 
2872.683329 0.176055 
2871.216138 0.174912 
2869.748946 0.173722 
2868.281755 0.172523 
2866.814563 0.171361 
2865.347372 0.170151 
2863.880180 0.169013 
2862.412989 0.167816 
2860.945797 0.166602 
2859.478606 0.165330 
2858.011414 0.164132 
2856.544223 0.162912 
2855.077031 0.161701 
2853.609840 0.160456 
2852.142648 0.159213 
2850.675457 0.157996 
2849.208265 0.156803 
2847.741074 0.155474 
2846.273882 0.154099 
2844.806691 0.152718 
2843.339499 0.151396 
2841.872308 0.150110 
2840.405116 0.148818 
2838.937925 0.147581 
2837.470733 0.146290 
2836.003542 0.145124 
2834.536350 0.143874 
2833.069159 0.142644 
2831.601967 0.141402 
2830.134776 0.140142 
2828.667584 0.138828 
2827.200393 0.137520 
2825.733201 0.136189 
2824.266010 0.134862 
2822.798818 0.133442 
2821.331627 0.132059 
2819.864435 0.130649 
2818.397244 0.129345 
2816.930052 0.127971 
2815.462861 0.126605 
2813.995669 0.125305 
2812.528478 0.123913 
2811.061286 0.122608 
2809.594095 0.121304 
2808.126903 0.119953 
2806.659712 0.118645 
2805.192520 0.117317 
2803.725329 0.116030 
2802.258137 0.114744 
2800.790946 0.113426 
2799.323754 0.112113 
2797.856563 0.110837 
2796.389371 0.109579 
2794.922180 0.108279 
2793.454988 0.106992 
2791.987797 0.105730 
2790.520605 0.104435 
2789.053414 0.103199 
2787.586222 0.101944 
2786.119031 0.100690 
2784.651839 0.099390 
2783.184648 0.098143 
2781.717456 0.096916 
2780.250265 0.095690 
2778.783073 0.094496 
2777.315882 0.093241 
2775.848690 0.091993 
2774.381499 0.090794 
2772.914307 0.089596 
2771.447116 0.088371 
2769.979924 0.087169 
2768.512733 0.085984 
2767.045541 0.084810 
2765.578350 0.083614 
2764.111158 0.082437 
2762.643967 0.081229 
2761.176775 0.080047 
2759.709584 0.078877 
2758.242392 0.077688 
2756.775201 0.076606 
2755.308009 0.075446 
2753.840818 0.074282 
2752.373626 0.073168 
2750.906435 0.072031 
2749.439243 0.070909 
2747.972052 0.069803 
2746.504860 0.068722 
2745.037669 0.067602 
2743.570477 0.066500 
2742.103286 0.065436 
2740.636094 0.064370 
2739.168903 0.063319 
2737.701711 0.062290 
2736.234520 0.061218 
2734.767328 0.060199 
2733.300137 0.059173 
2731.832945 0.058202 
2730.365754 0.057186 
2728.898562 0.056219 
2727.431371 0.055278 
2725.964179 0.054260 
2724.496988 0.053301 
2723.029796 0.052395 
2721.562605 0.051444 
2720.095413 0.050510 
2718.628222 0.049609 
2717.161030 0.048737 
2715.693839 0.047819 
2714.226647 0.046942 
2712.759456 0.046064 
2711.292264 0.045158 
2709.825073 0.044315 
2708.357881 0.043517 
2706.890690 0.042683 
2705.423498 0.041810 
2703.956307 0.040996 
2702.489115 0.040191 
2701.021924 0.039412 
2699.554732 0.038637 
2698.087541 0.037845 
2696.620349 0.037118 
2695.153158 0.036338 
2693.685966 0.035602 
2692.218775 0.034896 
2690.751583 0.034154 
2689.284392 0.033435 
2687.817200 0.032707 
2686.350009 0.032020 
2684.882817 0.031330 
2683.415626 0.030630 
2681.948434 0.029985 
2680.481243 0.029329 
2679.014051 0.028684 
2677.546860 0.028068 
2676.079668 0.027370 
2674.612477 0.026818 
2673.145285 0.026213 
2671.678094 0.025607 
2670.210903 0.025015 
2668.743711 0.024378 
2667.276520 0.023812 
2665.809328 0.023241 
2664.342137 0.022688 
2662.874945 0.022140 
2661.407754 0.021606 
2659.940562 0.021084 
2658.473371 0.020555 
2657.006179 0.020064 
2655.538988 0.019546 
2654.071796 0.019064 
2652.604605 0.018634 
2651.137413 0.018102 
2649.670222 0.017653 
2648.203030 0.017217 
2646.735839 0.016785 
2645.268647 0.016338 
2643.801456 0.015911 
2642.334264 0.015482 
2640.867073 0.015050 
2639.399881 0.014679 
2637.932690 0.014310 
2636.465498 0.013916 
2634.998307 0.013566 
2633.531115 0.013175 
2632.063924 0.012822 
2630.596732 0.012517 
2629.129541 0.012112 
2627.662349 0.011798 
2626.195158 0.011517 
2624.727966 0.011153 
2623.260775 0.010838 
2621.793583 0.010519 
2620.326392 0.010214 
2618.859200 0.009867 
2617.392009 0.009559 
2615.924817 0.009274 
2614.457626 0.008951 
2612.990434 0.008679 
2611.523243 0.008319 
2610.056051 0.008020 
2608.588860 0.007706 
2607.121668 0.007443 
2605.654477 0.007112 
2604.187285 0.006828 
2602.720094 0.006576 
2601.252902 0.006319 
2599.785711 0.006057 
2598.318519 0.005762 
2596.851328 0.005519 
2595.384136 0.005332 
2593.916945 0.005031 
2592.449753 0.004815 
2590.982562 0.004581 
2589.515370 0.004355 
2588.048179 0.004157 
2586.580987 0.003870 
2585.113796 0.003686 
2583.646604 0.003469 
2582.179413 0.003291 
2580.712221 0.003079 
2579.245030 0.002852 
2577.777838 0.002706 
2576.310647 0.002489 
2574.843455 0.002269 
2573.376264 0.002126 
2571.909072 0.001960 
2570.441881 0.001744 
2568.974689 0.001539 
2567.507498 0.001414 
2566.040306 0.001268 
2564.573115 0.001075 
2563.105923 0.000951 
2561.638732 0.000809 
2560.171540 0.000670 
2558.704349 0.000486 
2557.237157 0.000344 
2555.769966 0.000271 
2554.302774 0.000095 
2552.835583 -0.000009 
2551.368391 -0.000066 
2549.901200 -0.000094 
2548.434008 -0.000127 
2546.966817 -0.000194 
2545.499625 -0.000215 
2544.032434 -0.000267 
2542.565242 -0.000251 
2541.098051 -0.000294 
2539.630859 -0.000325 
2538.163668 -0.000288 
2536.696476 -0.000336 
2535.229285 -0.000310 
2533.762093 -0.000286 
2532.294902 -0.000285 
2530.827710 -0.000218 
2529.360519 -0.000232 
2527.893327 -0.000187 
2526.426136 -0.000180 
2524.958944 -0.000172 
2523.491753 -0.000132 
2522.024561 -0.000124 
2520.557370 -0.000075 
2519.090178 -0.000057 
2517.622987 -0.000006 
2516.155795 0.000004 
2514.688604 0.000001 
2513.221412 -0.000037 
2511.754221 -0.000035 
2510.287029 -0.000052 
2508.819838 -0.000067 
2507.352646 -0.000082 
2505.885455 -0.000050 
2504.418263 -0.000040 
2502.951072 0.000022 
2501.483880 0.000000 
2500.016689 -0.000030 
2498.549497 -0.000017 
2497.082306 -0.000055 
2495.615114 -0.000091 
2494.147923 -0.000104 
2492.680731 -0.000108 
2491.213540 -0.000126 
2489.746348 -0.000152 
2488.279157 -0.000147 
2486.811965 -0.000181 
2485.344774 -0.000161 
2483.877582 -0.000166 
2482.410391 -0.000170 
2480.943199 -0.000133 
2479.476008 -0.000164 
2478.008816 -0.000132 
2476.541625 -0.000128 
2475.074433 -0.000076 
2473.607242 -0.000101 
2472.140050 -0.000124 
2470.672859 -0.000117 
2469.205667 -0.000081 
2467.738476 -0.000100 
2466.271284 -0.000110 
2464.804093 -0.000077 
2463.336901 -0.000107 
2461.869710 -0.000146 
2460.402518 -0.000090 
2458.935327 -0.000106 
2457.468135 -0.000087 
2456.000944 -0.000103 
2454.533752 -0.000110 
2453.066561 -0.000086 
2451.599369 -0.000118 
2450.132178 -0.000149 
2448.664986 -0.000080 
2447.197795 -0.000104 
2445.730603 -0.000082 
2444.263412 -0.000109 
2442.796220 -0.000120 
2441.329029 -0.000040 
2439.861837 -0.000133 
2438.394646 -0.000089 
2436.927454 -0.000081 
2435.460263 -0.000099 
2433.993071 -0.000109 
2432.525880 -0.000090 
2431.058688 -0.000066 
2429.591497 -0.000074 
2428.124305 -0.000073 
2426.657114 -0.000068 
2425.189922 -0.000075 
2423.722731 -0.000056 
2422.255539 -0.000092 
2420.788348 -0.000050 
2419.321156 -0.000039 
2417.853965 -0.000075 
2416.386773 -0.000044 
2414.919582 -0.000060 
2413.452390 -0.000017 
2411.985199 -0.000033 
2410.518008 -0.000036 
2409.050816 -0.000005 
2407.583625 -0.000018 
2406.116433 0.000019 
2404.649242 0.000019 
2403.182050 -0.000003 
2401.714859 0.000050 
2400.247667 -0.000002 
2398.780476 0.000035 
2397.313284 0.000009 
2395.846093 -0.000003 
2394.378901 0.000010 
2392.911710 -0.000044 
2391.444518 0.000005 
2389.977327 -0.000017 
2388.510135 0.000036 
2387.042944 0.000027 
2385.575752 0.000035 
2384.108561 0.000034 
2382.641369 0.000037 
2381.174178 0.000027 
2379.706986 -0.000069 
2378.239795 -0.000037 
2376.772603 -0.000033 
2375.305412 -0.000047 
2373.838220 -0.000009 
2372.371029 0.000033 
2370.903837 0.000027 
2369.436646 0.000055 
2367.969454 0.000058 
2366.502263 0.000029 
2365.035071 0.000037 
2363.567880 0.000033 
2362.100688 0.000040 
2360.633497 0.000030 
2359.166305 0.000030 
2357.699114 0.000031 
2356.231922 0.000028 
2354.764731 0.000033 
2353.297539 0.000026 
2351.830348 0.000035 
2350.363156 0.000028 
2348.895965 0.000034 
2347.428773 0.000034 
2345.961582 0.000028 
2344.494390 0.000040 
2343.027199 0.000023 
2341.560007 0.000034 
2340.092816 0.000028 
2338.625624 0.000030 
2337.158433 0.000030 
2335.691241 0.000026 
2334.224050 0.000035 
2332.756858 0.000026 
2331.289667 0.000039 
2329.822475 0.000026 
2328.355284 0.000031 
2326.888092 0.000029 
2325.420901 0.000030 
2323.953709 0.000030 
2322.486518 0.000031 
2321.019326 0.000030 
2319.552135 0.000027 
2318.084943 0.000035 
2316.617752 0.000030 
2315.150560 0.000031 
2313.683369 0.000038 
2312.216177 0.000027 
2310.748986 0.000037 
2309.281794 0.000029 
2307.814603 0.000035 
2306.347411 0.000025 
2304.880220 0.000032 
2303.413028 0.000029 
2301.945837 0.000029 
2300.478645 0.000038 
2299.011454 0.000033 
2297.544262 0.000031 
2296.077071 0.000025 
2294.609879 0.000033 
2293.142688 0.000031 
2291.675496 0.000029 
2290.208305 0.000032 
2288.741113 0.000027 
2287.273922 0.000030 
2285.806730 0.000029 
2284.339539 0.000033 
2282.872347 0.000045 
2281.405156 0.000044 
2279.937964 0.000061 
2278.470773 0.000055 
2277.003581 0.000069 
2275.536390 0.000069 
2274.069198 0.000049 
2272.602007 0.000057 
2271.134815 0.000044 
2269.667624 0.000042 
2268.200432 0.000038 
2266.733241 0.000032 
2265.266049 0.000050 
2263.798858 0.000044 
2262.331666 0.000057 
2260.864475 0.000058 
2259.397283 0.000058 
2257.930092 0.000044 
2256.462900 0.000018 
2254.995709 0.000027 
2253.528517 0.000013 
2252.061326 0.000016 
2250.594134 0.000011 
2249.126943 0.000069 
2247.659751 0.000160 
2246.192560 0.000148 
2244.725368 0.000182 
2243.258177 0.000210 
2241.790985 0.000242 
2240.323794 0.000258 
2238.856602 0.000198 
2237.389411 0.000231 
2235.922219 0.000223 
2234.455028 0.000199 
2232.987836 0.000199 
2231.520645 0.000186 
2230.053453 0.000165 
2228.586262 0.000104 
2227.119070 0.000134 
2225.651879 0.000141 
2224.184687 0.000040 
2222.717496 0.000039 
2221.250304 0.000067 
2219.783113 0.000118 
2218.315921 0.000138 
2216.848730 0.000135 
2215.381538 0.000193 
2213.914347 0.000151 
2212.447155 0.000186 
2210.979964 0.000177 
2209.512772 0.000158 
2208.045581 0.000158 
2206.578389 0.000128 
2205.111198 0.000119 
2203.644006 0.000102 
2202.176815 0.000049 
2200.709623 0.000024 
2199.242432 -0.000019 
2197.775240 0.000047 
2196.308049 0.000066 
2194.840857 0.000060 
2193.373666 0.000065 
2191.906474 0.000093 
2190.439283 0.000114 
2188.972091 0.000084 
2187.504900 0.000122 
2186.037708 0.000106 
2184.570517 0.000072 
2183.103325 0.000068 
2181.636134 0.000031 
2180.168942 0.000058 
2178.701751 0.000035 
2177.234559 -0.000004 
2175.767368 0.000021 
2174.300176 0.000017 
2172.832985 0.000032 
2171.365793 -0.000003 
2169.898602 -0.000004 
2168.431410 0.000029 
2166.964219 -0.000028 
2165.497027 -0.000008 
2164.029836 -0.000000 
2162.562644 -0.000014 
2161.095453 -0.000049 
2159.628261 -0.000061 
2158.161070 -0.000020 
2156.693878 -0.000063 
2155.226687 -0.000092 
2153.759495 -0.000092 
2152.292304 -0.000072 
2150.825113 -0.000069 
2149.357921 -0.000132 
2147.890730 -0.000107 
2146.423538 -0.000094 
2144.956347 -0.000128 
2143.489155 -0.000117 
2142.021964 -0.000161 
2140.554772 -0.000131 
2139.087581 -0.000134 
2137.620389 -0.000117 
2136.153198 -0.000095 
2134.686006 -0.000091 
2133.218815 -0.000070 
2131.751623 -0.000097 
2130.284432 -0.000076 
2128.817240 -0.000040 
2127.350049 -0.000042 
2125.882857 -0.000006 
2124.415666 -0.000014 
2122.948474 0.000038 
2121.481283 0.000038 
2120.014091 0.000034 
2118.546900 0.000086 
2117.079708 0.000015 
2115.612517 -0.000056 
2114.145325 -0.000085 
2112.678134 -0.000071 
2111.210942 -0.000077 
2109.743751 -0.000114 
2108.276559 -0.000106 
2106.809368 -0.000149 
2105.342176 -0.000150 
2103.874985 -0.000130 
2102.407793 -0.000129 
2100.940602 -0.000126 
2099.473410 -0.000148 
2098.006219 -0.000170 
2096.539027 -0.000160 
2095.071836 -0.000157 
2093.604644 -0.000152 
2092.137453 -0.000189 
2090.670261 -0.000178 
2089.203070 -0.000140 
2087.735878 -0.000166 
2086.268687 -0.000121 
2084.801495 -0.000151 
2083.334304 -0.000125 
2081.867112 -0.000120 
2080.399921 -0.000113 
2078.932729 -0.000057 
2077.465538 -0.000081 
2075.998346 -0.000044 
2074.531155 -0.000054 
2073.063963 0.000008 
2071.596772 0.000040 
2070.129580 -0.000028 
2068.662389 -0.000001 
2067.195197 -0.000015 
2065.728006 -0.000050 
2064.260814 -0.000062 
2062.793623 -0.000094 
2061.326431 -0.000102 
2059.859240 -0.000118 
2058.392048 -0.000096 
2056.924857 -0.000082 
2055.457665 -0.000094 
2053.990474 -0.000055 
2052.523282 -0.000129 
2051.056091 -0.000118 
2049.588899 -0.000091 
2048.121708 -0.000061 
2046.654516 -0.000045 
2045.187325 -0.000073 
2043.720133 -0.000022 
2042.252942 -0.000026 
2040.785750 0.000000 
2039.318559 0.000023 
2037.851367 0.000005 
2036.384176 -0.000036 
2034.916984 -0.000090 
2033.449793 -0.000089 
2031.982601 -0.000130 
2030.515410 -0.000134 
2029.048218 -0.000109 
2027.581027 -0.000170 
2026.113835 -0.000187 
2024.646644 -0.000170 
2023.179452 -0.000199 
2021.712261 -0.000181 
2020.245069 -0.000198 
2018.777878 -0.000169 
2017.310686 -0.000206 
2015.843495 -0.000191 
2014.376303 -0.000176 
2012.909112 -0.000219 
2011.441920 -0.000191 
2009.974729 -0.000185 
2008.507537 -0.000161 
2007.040346 -0.000130 
2005.573154 -0.000150 
2004.105963 -0.000109 
2002.638771 -0.000129 
2001.171580 -0.000099 
1999.704388 -0.000076 
1998.237197 -0.000058 
1996.770005 0.000013 
1995.302814 0.000005 
1993.835622 0.000013 
1992.368431 -0.000005 
1990.901239 0.000007 
1989.434048 0.000015 
1987.966856 -0.000024 
1986.499665 -0.000050 
1985.032473 -0.000070 
1983.565282 -0.000107 
1982.098090 -0.000115 
1980.630899 -0.000120 
1979.163707 -0.000137 
1977.696516 -0.000192 
1976.229324 -0.000220 
1974.762133 -0.000176 
1973.294941 -0.000223 
1971.827750 -0.000252 
1970.360558 -0.000264 
1968.893367 -0.000282 
1967.426175 -0.000311 
1965.958984 -0.000324 
1964.491792 -0.000302 
1963.024601 -0.000365 
1961.557409 -0.000362 
1960.090218 -0.000379 
1958.623026 -0.000366 
1957.155835 -0.000333 
1955.688643 -0.000401 
1954.221452 -0.000411 
1952.754260 -0.000451 
1951.287069 -0.000457 
1949.819877 -0.000454 
1948.352686 -0.000498 
1946.885494 -0.000454 
1945.418303 -0.000452 
1943.951111 -0.000468 
1942.483920 -0.000469 
1941.016728 -0.000493 
1939.549537 -0.000492 
1938.082345 -0.000547 
1936.615154 -0.000551 
1935.147962 -0.000523 
1933.680771 -0.000516 
1932.213579 -0.000511 
1930.746388 -0.000542 
1929.279196 -0.000518 
1927.812005 -0.000520 
1926.344813 -0.000570 
1924.877622 -0.000531 
1923.410430 -0.000548 
1921.943239 -0.000551 
1920.476047 -0.000565 
1919.008856 -0.000574 
1917.541664 -0.000583 
1916.074473 -0.000586 
1914.607281 -0.000569 
1913.140090 -0.000600 
1911.672898 -0.000603 
1910.205707 -0.000613 
1908.738515 -0.000618 
1907.271324 -0.000597 
1905.804132 -0.000598 
1904.336941 -0.000617 
1902.869749 -0.000601 
1901.402558 -0.000615 
1899.935366 -0.000604 
1898.468175 -0.000605 
1897.000983 -0.000625 
1895.533792 -0.000606 
1894.066601 -0.000637 
1892.599409 -0.000609 
1891.132218 -0.000619 
1889.665026 -0.000600 
1888.197835 -0.000568 
1886.730643 -0.000603 
1885.263452 -0.000586 
1883.796260 -0.000603 
1882.329069 -0.000553 
1880.861877 -0.000564 
1879.394686 -0.000564 
1877.927494 -0.000497 
1876.460303 -0.000500 
1874.993111 -0.000519 
1873.525920 -0.000506 
1872.058728 -0.000494 
1870.591537 -0.000481 
1869.124345 -0.000511 
1867.657154 -0.000463 
1866.189962 -0.000422 
1864.722771 -0.000419 
1863.255579 -0.000390 
1861.788388 -0.000388 
1860.321196 -0.000356 
1858.854005 -0.000370 
1857.386813 -0.000359 
1855.919622 -0.000325 
1854.452430 -0.000347 
1852.985239 -0.000340 
1851.518047 -0.000338 
1850.050856 -0.000283 
1848.583664 -0.000279 
1847.116473 -0.000318 
1845.649281 -0.000263 
1844.182090 -0.000313 
1842.714898 -0.000247 
1841.247707 -0.000251 
1839.780515 -0.000229 
1838.313324 -0.000198 
1836.846132 -0.000220 
1835.378941 -0.000215 
1833.911749 -0.000207 
1832.444558 -0.000206 
1830.977366 -0.000220 
1829.510175 -0.000257 
1828.042983 -0.000194 
1826.575792 -0.000205 
1825.108600 -0.000227 
1823.641409 -0.000191 
1822.174217 -0.000195 
1820.707026 -0.000179 
1819.239834 -0.000171 
1817.772643 -0.000180 
1816.305451 -0.000149 
1814.838260 -0.000167 
1813.371068 -0.000166 
1811.903877 -0.000194 
1810.436685 -0.000133 
1808.969494 -0.000128 
1807.502302 -0.000162 
1806.035111 -0.000111 
1804.567919 -0.000093 
1803.100728 -0.000110 
1801.633536 -0.000137 
1800.166345 -0.000097 
1798.699153 -0.000032 
1797.231962 -0.000046 
1795.764770 -0.000009 
1794.297579 0.000020 
1792.830387 0.000015 
1791.363196 0.000154 
1789.896004 0.000229 
1788.428813 0.000341 
1786.961621 0.000449 
1785.494430 0.000557 
1784.027238 0.000666 
1782.560047 0.000777 
1781.092855 0.000944 
1779.625664 0.001038 
1778.158472 0.001202 
1776.691281 0.001338 
1775.224089 0.001483 
1773.756898 0.001599 
1772.289706 0.001672 
1770.822515 0.001965 
1769.355323 0.002138 
1767.888132 0.002283 
1766.420940 0.002539 
1764.953749 0.002721 
1763.486557 0.002968 
1762.019366 0.003148 
1760.552174 0.003443 
1759.084983 0.003730 
1757.617791 0.003947 
1756.150600 0.004303 
1754.683408 0.004612 
1753.216217 0.004935 
1751.749025 0.005142 
1750.281834 0.005459 
1748.814642 0.005907 
1747.347451 0.006288 
1745.880259 0.006773 
1744.413068 0.007204 
1742.945876 0.007654 
1741.478685 0.008172 
1740.011493 0.008588 
1738.544302 0.009172 
1737.077110 0.009787 
1735.609919 0.010251 
1734.142727 0.010735 
1732.675536 0.011534 
1731.208344 0.012246 
1729.741153 0.012900 
1728.273961 0.013637 
1726.806770 0.014406 
1725.339578 0.015135 
1723.872387 0.015905 
1722.405195 0.016695 
1720.938004 0.017538 
1719.470812 0.018323 
1718.003621 0.019041 
1716.536429 0.020006 
1715.069238 0.020887 
1713.602046 0.021819 
1712.134855 0.022712 
1710.667663 0.023573 
1709.200472 0.024483 
1707.733280 0.025322 
1706.266089 0.026178 
1704.798897 0.027013 
1703.331706 0.027851 
1701.864514 0.028607 
1700.397323 0.029115 
1698.930131 0.030032 
1697.462940 0.030738 
1695.995748 0.031170 
1694.528557 0.031961 
1693.061365 0.032560 
1691.594174 0.033110 
1690.126982 0.033545 
1688.659791 0.034022 
1687.192599 0.034477 
1685.725408 0.034709 
1684.258216 0.035002 
1682.791025 0.035582 
1681.323833 0.036065 
1679.856642 0.036490 
1678.389450 0.036975 
1676.922259 0.037576 
1675.455067 0.038090 
1673.987876 0.038909 
1672.520684 0.039717 
1671.053493 0.040607 
1669.586301 0.041636 
1668.119110 0.042825 
1666.651918 0.044141 
1665.184727 0.045513 
1663.717535 0.047005 
1662.250344 0.048570 
1660.783152 0.050270 
1659.315961 0.052075 
1657.848769 0.053859 
1656.381578 0.055747 
1654.914386 0.057593 
1653.447195 0.059284 
1651.980003 0.061320 
1650.512812 0.063457 
1649.045620 0.065361 
1647.578429 0.067196 
1646.111237 0.068900 
1644.644046 0.070731 
1643.176854 0.072373 
1641.709663 0.073907 
1640.242471 0.075340 
1638.775280 0.076667 
1637.308088 0.077894 
1635.840897 0.078898 
1634.373706 0.080079 
1632.906514 0.080990 
1631.439323 0.081717 
1629.972131 0.082247 
1628.504940 0.082435 
1627.037748 0.082202 
1625.570557 0.081459 
1624.103365 0.080047 
1622.636174 0.078085 
1621.168982 0.075545 
1619.701791 0.072603 
1618.234599 0.069265 
1616.767408 0.065725 
1615.300216 0.062664 
1613.833025 0.059653 
1612.365833 0.057003 
1610.898642 0.054661 
1609.431450 0.052689 
1607.964259 0.050970 
1606.497067 0.049563 
1605.029876 0.048398 
1603.562684 0.047282 
1602.095493 0.046427 
1600.628301 0.045627 
1599.161110 0.044916 
1597.693918 0.044317 
1596.226727 0.043732 
1594.759535 0.043262 
1593.292344 0.042807 
1591.825152 0.042367 
1590.357961 0.042017 
1588.890769 0.041586 
1587.423578 0.041272 
1585.956386 0.040938 
1584.489195 0.040644 
1583.022003 0.040333 
1581.554812 0.040044 
1580.087620 0.039821 
1578.620429 0.039496 
1577.153237 0.039178 
1575.686046 0.038904 
1574.218854 0.038804 
1572.751663 0.038557 
1571.284471 0.038316 
1569.817280 0.038016 
1568.350088 0.037799 
1566.882897 0.037598 
1565.415705 0.037357 
1563.948514 0.037073 
1562.481322 0.036882 
1561.014131 0.036541 
1559.546939 0.036169 
1558.079748 0.035934 
1556.612556 0.035833 
1555.145365 0.035593 
1553.678173 0.035318 
1552.210982 0.035199 
1550.743790 0.034915 
1549.276599 0.034624 
1547.809407 0.034420 
1546.342216 0.034116 
1544.875024 0.033785 
1543.407833 0.033478 
1541.940641 0.033099 
1540.473450 0.032737 
1539.006258 0.032311 
1537.539067 0.032360 
1536.071875 0.032240 
1534.604684 0.031962 
1533.137492 0.031717 
1531.670301 0.031484 
1530.203109 0.031263 
1528.735918 0.030902 
1527.268726 0.030638 
1525.801535 0.030360 
1524.334343 0.030053 
1522.867152 0.029783 
1521.399960 0.029349 
1519.932769 0.029159 
1518.465577 0.028907 
1516.998386 0.028527 
1515.531194 0.028310 
1514.064003 0.027992 
1512.596811 0.027677 
1511.129620 0.027385 
1509.662428 0.027043 
1508.195237 0.026757 
1506.728045 0.026339 
1505.260854 0.026094 
1503.793662 0.025887 
1502.326471 0.025625 
1500.859279 0.025389 
1499.392088 0.025009 
1497.924896 0.024787 
1496.457705 0.024419 
1494.990513 0.024180 
1493.523322 0.023925 
1492.056130 0.023590 
1490.588939 0.023276 
1489.121747 0.022986 
1487.654556 0.022717 
1486.187364 0.022467 
1484.720173 0.022177 
1483.252981 0.021950 
1481.785790 0.021663 
1480.318598 0.021464 
1478.851407 0.021174 
1477.384215 0.020811 
1475.917024 0.020455 
1474.449832 0.020053 
1472.982641 0.019685 
1471.515449 0.019355 
1470.048258 0.019050 
1468.581066 0.018779 
1467.113875 0.018528 
1465.646683 0.018225 
1464.179492 0.017985 
1462.712300 0.017862 
1461.245109 0.017550 
1459.777917 0.017103 
1458.310726 0.016777 
1456.843534 0.016320 
1455.376343 0.016109 
1453.909151 0.015924 
1452.441960 0.015646 
1450.974768 0.015437 
1449.507577 0.015137 
1448.040385 0.014850 
1446.573194 0.014573 
1445.106002 0.014244 
1443.638811 0.014063 
1442.171619 0.013764 
1440.704428 0.013575 
1439.237236 0.013365 
1437.770045 0.013128 
1436.302853 0.012862 
1434.835662 0.012743 
1433.368470 0.012573 
1431.901279 0.012395 
1430.434087 0.012224 
1428.966896 0.012072 
1427.499704 0.011828 
1426.032513 0.011602 
1424.565321 0.011244 
1423.098130 0.010921 
1421.630938 0.010515 
1420.163747 0.010067 
1418.696555 0.010072 
1417.229364 0.009843 
1415.762172 0.009514 
1414.294981 0.009128 
1412.827789 0.008741 
1411.360598 0.008428 
1409.893406 0.008044 
1408.426215 0.007758 
1406.959023 0.007399 
1405.491832 0.007004 
1404.024640 0.006629 
1402.557449 0.006248 
1401.090257 0.005800 
1399.623066 0.005301 
1398.155874 0.004827 
1396.688683 0.004427 
1395.221491 0.004008 
1393.754300 0.003684 
1392.287108 0.003233 
1390.819917 0.002750 
1389.352725 0.002291 
1387.885534 0.001650 
1386.418342 0.001102 
1384.951151 0.000646 
1383.483959 0.000452 
1382.016768 0.000451 
1380.549576 0.000366 
1379.082385 0.000389 
1377.615193 0.000348 
1376.148002 0.000363 
1374.680811 0.000280 
1373.213619 0.000341 
1371.746428 0.000296 
1370.279236 0.000294 
1368.812045 0.000315 
1367.344853 0.000216 
1365.877662 0.000235 
1364.410470 0.000154 
1362.943279 0.000214 
1361.476087 0.000173 
1360.008896 0.000175 
1358.541704 0.000211 
1357.074513 0.000304 
1355.607321 0.000297 
1354.140130 0.000335 
1352.672938 0.000236 
1351.205747 0.000235 
1349.738555 0.000156 
1348.271364 0.000248 
1346.804172 0.000169 
1345.336981 0.000236 
1343.869789 0.000218 
1342.402598 0.000244 
1340.935406 0.000282 
1339.468215 0.000270 
1338.001023 0.000170 
1336.533832 0.000329 
1335.066640 0.000348 
1333.599449 0.000314 
1332.132257 0.000343 
1330.665066 0.000295 
1329.197874 0.000307 
1327.730683 0.000275 
1326.263491 0.000191 
1324.796300 0.000175 
1323.329108 0.000336 
1321.861917 0.000243 
1320.394725 0.000230 
1318.927534 0.000176 
1317.460342 0.000230 
1315.993151 0.000236 
1314.525959 0.000166 
1313.058768 0.000266 
1311.591576 0.000226 
1310.124385 0.000184 
1308.657193 0.000329 
1307.190002 0.000256 
1305.722810 0.000259 
1304.255619 0.000157 
1302.788427 0.000201 
1301.321236 0.000201 
1299.854044 0.000312 
1298.386853 0.000261 
1296.919661 0.000255 
1295.452470 0.000139 
1293.985278 0.000275 
1292.518087 0.000352 
1291.050895 0.000296 
1289.583704 0.000370 
1288.116512 0.000331 
1286.649321 0.000386 
1285.182129 0.000354 
1283.714938 0.000308 
1282.247746 0.000372 
1280.780555 0.000298 
1279.313363 0.000334 
1277.846172 0.000313 
1276.378980 0.000262 
1274.911789 0.000244 
1273.444597 0.000130 
1271.977406 0.000097 
1270.510214 -0.000049 
1269.043023 -0.000249 
1267.575831 -0.000268 
1266.108640 -0.000206 
1264.641448 -0.000249 
1263.174257 -0.000236 
1261.707065 -0.000146 
1260.239874 -0.000135 
1258.772682 -0.000096 
1257.305491 -0.000070 
1255.838299 -0.000202 
1254.371108 -0.000216 
1252.903916 -0.000277 
1251.436725 -0.000170 
1249.969533 -0.000129 
1248.502342 -0.000126 
1247.035150 -0.000236 
1245.567959 -0.000241 
1244.100767 -0.000247 
1242.633576 -0.000221 
1241.166384 -0.000202 
1239.699193 -0.000085 
1238.232001 -0.000088 
1236.764810 -0.000086 
1235.297618 -0.000195 
1233.830427 -0.000635 
1232.363235 -0.000672 
1230.896044 -0.000563 
1229.428852 -0.000339 
1227.961661 -0.000212 
1226.494469 -0.000102 
1225.027278 0.000054 
1223.560086 -0.000084 
1222.092895 -0.000156 
1220.625703 -0.000124 
1219.158512 -0.000080 
1217.691320 0.000001 
1216.224129 0.000076 
1214.756937 0.000328 
1213.289746 0.000506 
1211.822554 0.000713 
1210.355363 0.001003 
1208.888171 0.001250 
1207.420980 0.001583 
1205.953788 0.001869 
1204.486597 0.002240 
1203.019405 0.002647 
1201.552214 0.003016 
1200.085022 0.003577 
1198.617831 0.004096 
1197.150639 0.004708 
1195.683448 0.005356 
1194.216256 0.006113 
1192.749065 0.007001 
1191.281873 0.007876 
1189.814682 0.008897 
1188.347490 0.009956 
1186.880299 0.011142 
1185.413107 0.012457 
1183.945916 0.013731 
1182.478724 0.015224 
1181.011533 0.016828 
1179.544341 0.018492 
1178.077150 0.020260 
1176.609958 0.022104 
1175.142767 0.024153 
1173.675575 0.026132 
1172.208384 0.028317 
1170.741192 0.030649 
1169.274001 0.032943 
1167.806809 0.035392 
1166.339618 0.037827 
1164.872426 0.040407 
1163.405235 0.042971 
1161.938043 0.045636 
1160.470852 0.048423 
1159.003660 0.051142 
1157.536469 0.053937 
1156.069277 0.056838 
1154.602086 0.059743 
1153.134894 0.062706 
1151.667703 0.065648 
1150.200511 0.068734 
1148.733320 0.071725 
1147.266128 0.074756 
1145.798937 0.077912 
1144.331745 0.080974 
1142.864554 0.084099 
1141.397362 0.087135 
1139.930171 0.090247 
1138.462979 0.093314 
1136.995788 0.096304 
1135.528596 0.099362 
1134.061405 0.102249 
1132.594213 0.105195 
1131.127022 0.108076 
1129.659830 0.110777 
1128.192639 0.113494 
1126.725447 0.115987 
1125.258256 0.118434 
1123.791064 0.120679 
1122.323873 0.122760 
1120.856681 0.124819 
1119.389490 0.126528 
1117.922298 0.128143 
1116.455107 0.129507 
1114.987916 0.130679 
1113.520724 0.131604 
1112.053533 0.132266 
1110.586341 0.132801 
1109.119150 0.132909 
1107.651958 0.132755 
1106.184767 0.132471 
1104.717575 0.131694 
1103.250384 0.130737 
1101.783192 0.129478 
1100.316001 0.127936 
1098.848809 0.126055 
1097.381618 0.123876 
1095.914426 0.121507 
1094.447235 0.118667 
1092.980043 0.115844 
1091.512852 0.112657 
1090.045660 0.109159 
1088.578469 0.105570 
1087.111277 0.101612 
1085.644086 0.097714 
1084.176894 0.093497 
1082.709703 0.089256 
1081.242511 0.085008 
1079.775320 0.080497 
1078.308128 0.076165 
1076.840937 0.071695 
1075.373745 0.067280 
1073.906554 0.062916 
1072.439362 0.058627 
1070.972171 0.054523 
1069.504979 0.050296 
1068.037788 0.046374 
1066.570596 0.042554 
1065.103405 0.038719 
1063.636213 0.035354 
1062.169022 0.031918 
1060.701830 0.028807 
1059.234639 0.025717 
1057.767447 0.022897 
1056.300256 0.020327 
1054.833064 0.017667 
1053.365873 0.015503 
1051.898681 0.013245 
1050.431490 0.011258 
1048.964298 0.009477 
1047.497107 0.007792 
1046.029915 0.006513 
1044.562724 0.005079 
1043.095532 0.004069 
1041.628341 0.003082 
1040.161149 0.002160 
1038.693958 0.001482 
1037.226766 0.000844 
1035.759575 0.000463 
1034.292383 0.000162 
1032.825192 -0.000044 
1031.358000 0.000097 
1029.890809 0.000190 
1028.423617 0.000405 
1026.956426 0.000646 
1025.489234 0.000934 
1024.022043 0.001203 
1022.554851 0.001385 
1021.087660 0.001866 
1019.620468 0.002059 
1018.153277 0.002391 
1016.686085 0.002810 
1015.218894 0.003106 
1013.751702 0.003587 
1012.284511 0.003956 
1010.817319 0.004602 
1009.350128 0.005183 
1007.882936 0.005807 
1006.415745 0.006560 
1004.948553 0.007179 
1003.481362 0.008039 
1002.014170 0.008860 
1000.546979 0.009729 
999.079787 0.010572 
997.612596 0.011383 
996.145404 0.012341 
994.678213 0.013196 
993.211021 0.014132 
991.743830 0.015109 
990.276638 0.015988 
988.809447 0.017015 
987.342255 0.017872 
985.875064 0.018837 
984.407872 0.019840 
982.940681 0.020622 
981.473489 0.021678 
980.006298 0.022630 
978.539106 0.023607 
977.071915 0.024521 
975.604723 0.025518 
974.137532 0.026595 
972.670340 0.027341 
971.203149 0.028379 
969.735957 0.029293 
968.268766 0.030217 
966.801574 0.031206 
965.334383 0.032102 
963.867191 0.033201 
962.400000 0.033985 
960.932808 0.034875 
959.465617 0.035831 
957.998425 0.036805 
956.531234 0.037721 
955.064042 0.038598 
953.596851 0.039621 
952.129659 0.040497 
950.662468 0.041334 
949.195276 0.042363 
947.728085 0.043286 
946.260893 0.044108 
944.793702 0.045024 
943.326510 0.045935 
941.859319 0.046899 
940.392127 0.047606 
938.924936 0.048808 
937.457744 0.049666 
935.990553 0.050515 
934.523361 0.051574 
933.056170 0.052441 
931.588978 0.053384 
930.121787 0.054195 
928.654595 0.055258 
927.187404 0.056271 
925.720212 0.057055 
924.253021 0.058020 
922.785829 0.059023 
921.318638 0.060039 
919.851446 0.060930 
918.384255 0.061984 
916.917063 0.063017 
915.449872 0.063866 
913.982680 0.064999 
912.515489 0.065964 
911.048297 0.066888 
909.581106 0.067944 
908.113914 0.068959 
906.646723 0.070038 
905.179531 0.070965 
903.712340 0.072002 
902.245148 0.073160 
900.777957 0.074057 
899.310765 0.075218 
897.843574 0.076316 
896.376382 0.077287 
894.909191 0.078178 
893.441999 0.079255 
891.974808 0.080590 
890.507616 0.081328 
889.040425 0.082421 
887.573233 0.083508 
886.106042 0.084451 
884.638850 0.085579 
883.171659 0.086376 
881.704467 0.087653 
880.237276 0.088463 
878.770084 0.089305 
877.302893 0.090529 
875.835701 0.091425 
874.368510 0.092328 
872.901318 0.093309 
871.434127 0.094334 
869.966935 0.095130 
868.499744 0.095934 
867.032552 0.097068 
865.565361 0.097914 
864.098169 0.098758 
862.630978 0.099702 
861.163786 0.100553 
859.696595 0.101468 
858.229404 0.102028 
856.762212 0.103006 
855.295021 0.103943 
853.827829 0.104531 
852.360638 0.105478 
850.893446 0.106009 
849.426255 0.106802 
847.959063 0.107357 
846.491872 0.107958 
845.024680 0.108730 
843.557489 0.109076 
842.090297 0.109740 
840.623106 0.110207 
839.155914 0.110687 
837.688723 0.110844 
836.221531 0.110401 
834.754340 0.110262 
833.287148 0.110942 
831.819957 0.112128 
830.352765 0.112668 
828.885574 0.112978 
827.418382 0.113276 
825.951191 0.113307 
824.483999 0.113579 
823.016808 0.113619 
821.549616 0.113617 
820.082425 0.113805 
818.615233 0.113769 
817.148042 0.113883 
815.680850 0.114019 
814.213659 0.114078 
812.746467 0.114127 
811.279276 0.113906 
809.812084 0.113915 
808.344893 0.113696 
806.877701 0.113648 
805.410510 0.113452 
803.943318 0.113177 
802.476127 0.113212 
801.008935 0.112942 
799.541744 0.113137 
798.074552 0.112953 
796.607361 0.113014 
795.140169 0.113319 
793.672978 0.113199 
792.205786 0.113595 
790.738595 0.113582 
789.271403 0.113658 
787.804212 0.114045 
786.337020 0.113991 
784.869829 0.114265 
783.402637 0.114170 
781.935446 0.114158 
780.468254 0.114040 
779.001063 0.113840 
777.533871 0.113664 
776.066680 0.113397 
774.599488 0.113226 
773.132297 0.112773 
771.665105 0.112588 
770.197914 0.112148 
768.730722 0.111684 
767.263531 0.111586 
765.796339 0.110917 
764.329148 0.110669 
762.861956 0.110273 
761.394765 0.109542 
759.927573 0.109392 
758.460382 0.108691 
756.993190 0.108093 
755.525999 0.107700 
754.058807 0.107016 
752.591616 0.106626 
751.124424 0.105953 
749.657233 0.105387 
748.190041 0.104789 
746.722850 0.104186 
745.255658 0.103577 
743.788467 0.102927 
742.321275 0.102346 
740.854084 0.101480 
739.386892 0.101118 
737.919701 0.100465 
736.452509 0.099300 
734.985318 0.098989 
733.518126 0.098111 
732.050935 0.097628 
730.583743 0.096894 
729.116552 0.095897 
727.649360 0.095698 
726.182169 0.094506 
724.714977 0.093827 
723.247786 0.092971 
721.780594 0.092259 
720.313403 0.091908 
718.846211 0.090733 
717.379020 0.090033 
715.911828 0.089100 
714.444637 0.088468 
712.977445 0.087579 
711.510254 0.086657 
710.043062 0.086113 
708.575871 0.085098 
707.108679 0.084391 
705.641488 0.083264 
704.174296 0.082574 
702.707105 0.081723 
701.239913 0.080422 
699.772722 0.080158 
698.305530 0.079186 
696.838339 0.078356 
695.371147 0.077530 
693.903956 0.076518 
692.436764 0.076146 
690.969573 0.074742 
689.502381 0.073726 
688.035190 0.073118 
686.567998 0.071914 
685.100807 0.071251 
683.633615 0.069813 
682.166424 0.069267 
680.699232 0.068151 
679.232041 0.067328 
677.764849 0.066230 
676.297658 0.064863 
674.830466 0.064221 
673.363275 0.062807 
671.896083 0.062019 
670.428892 0.060718 
668.961700 0.060829 
667.494509 0.061030 
666.027317 0.057196 
664.560126 0.056266 
663.092934 0.055212 
661.625743 0.054485 
660.158551 0.053067 
658.691360 0.051216 
657.224168 0.050446 
655.756977 0.048866 
654.289785 0.047557 
652.822594 0.045391 
651.355402 0.043603 
649.888211 0.042230 
648.421019 0.040049 
646.953828 0.038067 
645.486636 0.036380 
644.019445 0.034312 
642.552253 0.032370 
641.085062 0.029906 
639.617870 0.027237 
638.150679 0.024862 
636.683487 0.022902 
635.216296 0.019808 
633.749104 0.016979 
632.281913 0.014896 
630.814721 0.010841 
629.347530 0.008333 
627.880338 0.004888 
626.413147 0.001888 
624.945955 0.000745 
623.478764 0.000092 
622.011572 -0.000555 
620.544381 -0.000764 
619.077189 -0.000970 
617.609998 -0.000274 
616.142806 0.000018 
614.675615 -0.000092 
613.208423 -0.000595 
611.741232 -0.001247 
610.274040 -0.002233 
608.806849 -0.001917 
607.339657 -0.002388 
605.872466 -0.001799 
604.405274 -0.001740 
602.938083 -0.001854 
601.470891 -0.001045 
600.003700 -0.001580 
