5000.111000 0.000092 
4998.643809 0.000219 
4997.176617 0.000331 
4995.709426 0.000174 
4994.242234 -0.000184 
4992.775043 0.000028 
4991.307851 0.000353 
4989.840660 0.000126 
4988.373468 -0.000067 
4986.906277 -0.000242 
4985.439085 -0.000203 
4983.971894 0.000101 
4982.504702 0.000096 
4981.037511 -0.000086 
4979.570319 -0.000163 
4978.103128 0.000212 
4976.635936 -0.000072 
4975.168745 0.000210 
4973.701553 -0.000107 
4972.234362 0.000110 
4970.767170 0.000705 
4969.299979 0.000658 
4967.832787 0.000394 
4966.365596 0.000200 
4964.898404 0.000245 
4963.431213 -0.000026 
4961.964021 0.000189 
4960.496830 0.000157 
4959.029638 0.000102 
4957.562447 0.000103 
4956.095255 0.000258 
4954.628064 0.000210 
4953.160872 0.000230 
4951.693681 0.000126 
4950.226489 0.000064 
4948.759298 -0.000043 
4947.292106 0.000005 
4945.824915 0.000198 
4944.357723 0.000122 
4942.890532 -0.000077 
4941.423340 -0.000269 
4939.956149 0.000063 
4938.488957 0.000070 
4937.021766 0.000103 
4935.554574 -0.000046 
4934.087383 -0.000392 
4932.620191 -0.000360 
4931.153000 -0.000142 
4929.685808 -0.000081 
4928.218617 -0.000256 
4926.751425 -0.000246 
4925.284234 -0.000332 
4923.817042 0.000185 
4922.349851 0.000055 
4920.882659 -0.000012 
4919.415468 -0.000032 
4917.948276 -0.000089 
4916.481085 -0.000142 
4915.013893 0.000236 
4913.546702 0.000235 
4912.079510 0.000001 
4910.612319 0.000137 
4909.145127 0.000022 
4907.677936 0.000319 
4906.210744 0.000277 
4904.743553 -0.000002 
4903.276361 0.000070 
4901.809170 0.000125 
4900.341978 0.000384 
4898.874787 0.000336 
4897.407595 0.000381 
4895.940404 0.000054 
4894.473212 -0.000013 
4893.006021 0.000301 
4891.538829 0.000297 
4890.071638 0.000240 
4888.604446 0.000403 
4887.137255 0.000059 
4885.670063 0.000096 
4884.202872 0.000405 
4882.735680 0.000268 
4881.268489 0.000147 
4879.801297 0.000198 
4878.334106 0.000227 
4876.866914 0.000265 
4875.399723 0.000379 
4873.932531 0.000269 
4872.465340 0.000073 
4870.998148 0.000099 
4869.530957 0.000316 
4868.063765 0.000197 
4866.596574 0.000323 
4865.129382 0.000044 
4863.662191 0.000155 
4862.194999 0.000161 
4860.727808 0.000253 
4859.260616 -0.000039 
4857.793425 -0.000012 
4856.326233 0.000242 
4854.859042 0.000262 
4853.391850 0.000257 
4851.924659 0.000005 
4850.457467 0.000005 
4848.990276 -0.000218 
4847.523084 -0.000026 
4846.055893 0.000234 
4844.588701 0.000023 
4843.121510 0.000006 
4841.654318 -0.000043 
4840.187127 -0.000209 
4838.719935 -0.000161 
4837.252744 -0.000307 
4835.785552 -0.000204 
4834.318361 -0.000416 
4832.851169 -0.000344 
4831.383978 -0.000151 
4829.916786 -0.000077 
4828.449595 -0.000472 
4826.982403 -0.000483 
4825.515212 -0.000520 
4824.048020 -0.000487 
4822.580829 -0.000555 
4821.113637 -0.000792 
4819.646446 -0.000694 
4818.179254 -0.000647 
4816.712063 -0.000650 
4815.244871 -0.000693 
4813.777680 -0.000771 
4812.310488 -0.000790 
4810.843297 -0.000868 
4809.376105 -0.000764 
4807.908914 -0.000637 
4806.441722 -0.000960 
4804.974531 -0.001047 
4803.507339 -0.001070 
4802.040148 -0.000823 
4800.572956 -0.000836 
4799.105765 -0.000771 
4797.638573 -0.000864 
4796.171382 -0.001130 
4794.704190 -0.001268 
4793.236999 -0.001167 
4791.769807 -0.001171 
4790.302616 -0.001278 
4788.835424 -0.001351 
4787.368233 -0.001467 
4785.901041 -0.001103 
4784.433850 -0.001325 
4782.966658 -0.001378 
4781.499467 -0.001562 
4780.032275 -0.001573 
4778.565084 -0.001671 
4777.097892 -0.001457 
4775.630701 -0.001466 
4774.163509 -0.001525 
4772.696318 -0.001665 
4771.229126 -0.001736 
4769.761935 -0.001737 
4768.294743 -0.001740 
4766.827552 -0.001964 
4765.360360 -0.002040 
4763.893169 -0.001986 
4762.425977 -0.001979 
4760.958786 -0.001624 
4759.491594 -0.001453 
4758.024403 -0.000974 
4756.557211 -0.000493 
4755.090020 -0.000003 
4753.622828 0.000196 
4752.155637 0.000381 
4750.688445 0.000494 
4749.221254 0.000612 
4747.754062 0.000936 
4746.286871 0.001063 
4744.819679 0.000873 
4743.352488 0.000767 
4741.885296 0.000782 
4740.418105 0.000697 
4738.950914 0.000948 
4737.483722 0.000907 
4736.016531 0.000448 
4734.549339 0.000742 
4733.082148 0.000413 
4731.614956 0.000746 
4730.147765 0.000666 
4728.680573 0.000360 
4727.213382 0.000351 
4725.746190 -0.000119 
4724.278999 0.000526 
4722.811807 -0.000376 
4721.344616 0.000377 
4719.877424 -0.000481 
4718.410233 0.000156 
4716.943041 -0.000321 
4715.475850 -0.000022 
4714.008658 -0.000350 
4712.541467 -0.000547 
4711.074275 -0.000547 
4709.607084 -0.000407 
4708.139892 -0.000459 
4706.672701 -0.000573 
4705.205509 -0.000793 
4703.738318 -0.000711 
4702.271126 -0.000761 
4700.803935 -0.000425 
4699.336743 -0.000628 
4697.869552 -0.000638 
4696.402360 -0.000315 
4694.935169 -0.000338 
4693.467977 0.000145 
4692.000786 0.000166 
4690.533594 0.001185 
4689.066403 0.001079 
4687.599211 0.002146 
4686.132020 0.001849 
4684.664828 0.001626 
4683.197637 0.001310 
4681.730445 0.000494 
4680.263254 0.000723 
4678.796062 -0.000421 
4677.328871 -0.000049 
4675.861679 -0.001052 
4674.394488 -0.000921 
4672.927296 -0.001077 
4671.460105 -0.001486 
4669.992913 -0.000859 
4668.525722 -0.001424 
4667.058530 -0.001052 
4665.591339 -0.000794 
4664.124147 -0.000558 
4662.656956 -0.000116 
4661.189764 -0.000216 
4659.722573 -0.000071 
4658.255381 0.000071 
4656.788190 0.000089 
4655.320998 -0.000054 
4653.853807 -0.000656 
4652.386615 -0.001163 
4650.919424 -0.001189 
4649.452232 -0.001255 
4647.985041 -0.001042 
4646.517849 -0.000755 
4645.050658 -0.000924 
4643.583466 -0.000797 
4642.116275 -0.001015 
4640.649083 -0.000888 
4639.181892 -0.000508 
4637.714700 -0.000643 
4636.247509 -0.000579 
4634.780317 -0.000450 
4633.313126 -0.000605 
4631.845934 -0.000273 
4630.378743 -0.000183 
4628.911551 -0.000158 
4627.444360 -0.000096 
4625.977168 0.000101 
4624.509977 0.000297 
4623.042785 -0.000027 
4621.575594 -0.000133 
4620.108402 -0.000248 
4618.641211 -0.000194 
4617.174019 -0.000095 
4615.706828 0.000151 
4614.239636 0.000076 
4612.772445 -0.000099 
4611.305253 -0.000191 
4609.838062 0.000018 
4608.370870 0.000111 
4606.903679 0.000065 
4605.436487 -0.000045 
4603.969296 -0.000056 
4602.502104 0.000044 
4601.034913 0.000105 
4599.567721 0.000087 
4598.100530 0.000018 
4596.633338 -0.000091 
4595.166147 -0.000398 
4593.698955 -0.000215 
4592.231764 -0.000057 
4590.764572 -0.000188 
4589.297381 -0.000456 
4587.830189 -0.000307 
4586.362998 -0.000353 
4584.895806 -0.000295 
4583.428615 -0.000341 
4581.961423 -0.000181 
4580.494232 -0.000231 
4579.027040 -0.000469 
4577.559849 -0.000128 
4576.092657 -0.000284 
4574.625466 -0.000395 
4573.158274 -0.000332 
4571.691083 -0.000170 
4570.223891 0.000373 
4568.756700 0.000616 
4567.289508 0.000972 
4565.822317 0.001025 
4564.355125 0.000350 
4562.887934 -0.000467 
4561.420742 -0.000942 
4559.953551 -0.001037 
4558.486359 -0.000825 
4557.019168 -0.000748 
4555.551976 -0.000714 
4554.084785 -0.000700 
4552.617593 -0.000438 
4551.150402 -0.000730 
4549.683210 -0.000805 
4548.216019 -0.000794 
4546.748827 -0.000770 
4545.281636 -0.000656 
4543.814444 -0.000834 
4542.347253 -0.000781 
4540.880061 -0.000855 
4539.412870 -0.000733 
4537.945678 -0.000795 
4536.478487 -0.000713 
4535.011295 -0.000806 
4533.544104 -0.000766 
4532.076912 -0.000587 
4530.609721 -0.000568 
4529.142529 -0.000716 
4527.675338 -0.000743 
4526.208146 -0.000709 
4524.740955 -0.000631 
4523.273763 -0.000502 
4521.806572 -0.000568 
4520.339380 -0.000742 
4518.872189 -0.000566 
4517.404997 -0.000565 
4515.937806 -0.000402 
4514.470614 -0.000575 
4513.003423 -0.000534 
4511.536231 -0.000393 
4510.069040 -0.000421 
4508.601848 -0.000398 
4507.134657 -0.000431 
4505.667465 -0.000511 
4504.200274 -0.000427 
4502.733082 -0.000416 
4501.265891 -0.000164 
4499.798699 -0.000180 
4498.331508 -0.000357 
4496.864316 -0.000351 
4495.397125 -0.000238 
4493.929933 -0.000130 
4492.462742 -0.000296 
4490.995550 -0.000148 
4489.528359 -0.000095 
4488.061167 -0.000198 
4486.593976 -0.000231 
4485.126784 -0.000032 
4483.659593 -0.000103 
4482.192402 -0.000039 
4480.725210 -0.000107 
4479.258019 0.000002 
4477.790827 0.000002 
4476.323636 0.000031 
4474.856444 -0.000057 
4473.389253 0.000044 
4471.922061 0.000004 
4470.454870 0.000003 
4468.987678 0.000075 
4467.520487 -0.000007 
4466.053295 0.000098 
4464.586104 0.000112 
4463.118912 0.000174 
4461.651721 0.000063 
4460.184529 -0.000043 
4458.717338 -0.000058 
4457.250146 0.000062 
4455.782955 0.000106 
4454.315763 0.000120 
4452.848572 0.000065 
4451.381380 -0.000049 
4449.914189 0.000078 
4448.446997 0.000094 
4446.979806 0.000185 
4445.512614 0.000084 
4444.045423 -0.000017 
4442.578231 -0.000045 
4441.111040 0.000111 
4439.643848 0.000212 
4438.176657 0.000020 
4436.709465 -0.000124 
4435.242274 0.000076 
4433.775082 0.000082 
4432.307891 0.000210 
4430.840699 0.000145 
4429.373508 0.000140 
4427.906316 -0.000057 
4426.439125 0.000007 
4424.971933 0.000043 
4423.504742 0.000067 
4422.037550 0.000020 
4420.570359 0.000044 
4419.103167 0.000098 
4417.635976 0.000131 
4416.168784 0.000073 
4414.701593 -0.000005 
4413.234401 -0.000016 
4411.767210 0.000046 
4410.300018 0.000049 
4408.832827 0.000165 
4407.365635 -0.000000 
4405.898444 0.000030 
4404.431252 0.000027 
4402.964061 0.000087 
4401.496869 0.000015 
4400.029678 0.000146 
4398.562486 0.000012 
4397.095295 0.000020 
4395.628103 0.000109 
4394.160912 0.000079 
4392.693720 0.000044 
4391.226529 -0.000014 
4389.759337 -0.000062 
4388.292146 0.000036 
4386.824954 0.000126 
4385.357763 0.000167 
4383.890571 0.000100 
4382.423380 -0.000116 
4380.956188 -0.000089 
4379.488997 0.000267 
4378.021805 0.000013 
4376.554614 -0.000004 
4375.087422 0.000008 
4373.620231 0.000073 
4372.153039 0.000142 
4370.685848 -0.000020 
4369.218656 0.000112 
4367.751465 -0.000182 
4366.284273 0.000019 
4364.817082 0.000014 
4363.349890 0.000131 
4361.882699 -0.000043 
4360.415507 -0.000038 
4358.948316 -0.000133 
4357.481124 -0.000030 
4356.013933 0.000027 
4354.546741 -0.000053 
4353.079550 -0.000102 
4351.612358 -0.000204 
4350.145167 -0.000187 
4348.677975 0.000009 
4347.210784 -0.000007 
4345.743592 -0.000084 
4344.276401 -0.000115 
4342.809209 -0.000102 
4341.342018 -0.000154 
4339.874826 -0.000102 
4338.407635 -0.000084 
4336.940443 -0.000088 
4335.473252 -0.000309 
4334.006060 -0.000042 
4332.538869 -0.000043 
4331.071677 0.000042 
4329.604486 -0.000309 
4328.137294 -0.000156 
4326.670103 -0.000084 
4325.202911 -0.000043 
4323.735720 -0.000041 
4322.268528 -0.000170 
4320.801337 -0.000147 
4319.334145 -0.000083 
4317.866954 -0.000029 
4316.399762 -0.000073 
4314.932571 -0.000159 
4313.465379 -0.000183 
4311.998188 -0.000119 
4310.530996 0.000080 
4309.063805 -0.000006 
4307.596613 -0.000115 
4306.129422 -0.000153 
4304.662230 -0.000176 
4303.195039 -0.000042 
4301.727847 -0.000027 
4300.260656 -0.000017 
4298.793464 -0.000141 
4297.326273 -0.000005 
4295.859081 0.000113 
4294.391890 0.000129 
4292.924698 0.000092 
4291.457507 0.000010 
4289.990315 0.000072 
4288.523124 0.000106 
4287.055932 0.000041 
4285.588741 0.000192 
4284.121549 0.000226 
4282.654358 0.000154 
4281.187166 0.000234 
4279.719975 0.000208 
4278.252783 -0.000029 
4276.785592 -0.000035 
4275.318400 -0.000043 
4273.851209 -0.000183 
4272.384017 -0.000026 
4270.916826 0.000097 
4269.449634 -0.000021 
4267.982443 -0.000007 
4266.515251 0.000173 
4265.048060 0.000126 
4263.580868 0.000226 
4262.113677 0.000209 
4260.646485 0.000206 
4259.179294 0.000161 
4257.712102 0.000219 
4256.244911 0.000291 
4254.777719 0.000123 
4253.310528 0.000185 
4251.843336 0.000180 
4250.376145 0.000306 
4248.908953 0.000340 
4247.441762 0.000208 
4245.974570 0.000139 
4244.507379 0.000066 
4243.040187 0.000053 
4241.572996 0.000134 
4240.105804 0.000203 
4238.638613 0.000179 
4237.171421 0.000014 
4235.704230 0.000086 
4234.237038 0.000166 
4232.769847 0.000230 
4231.302655 0.000116 
4229.835464 0.000101 
4228.368272 0.000092 
4226.901081 0.000279 
4225.433889 0.000152 
4223.966698 0.000058 
4222.499507 0.000079 
4221.032315 0.000076 
4219.565124 0.000130 
4218.097932 0.000227 
4216.630741 0.000149 
4215.163549 0.000028 
4213.696358 0.000052 
4212.229166 0.000150 
4210.761975 0.000142 
4209.294783 0.000238 
4207.827592 0.000251 
4206.360400 0.000053 
4204.893209 0.000135 
4203.426017 0.000117 
4201.958826 0.000126 
4200.491634 0.000119 
4199.024443 -0.000010 
4197.557251 0.000066 
4196.090060 0.000180 
4194.622868 0.000134 
4193.155677 0.000026 
4191.688485 0.000146 
4190.221294 -0.000008 
4188.754102 0.000091 
4187.286911 0.000153 
4185.819719 0.000115 
4184.352528 0.000023 
4182.885336 -0.000141 
4181.418145 0.000142 
4179.950953 0.000125 
4178.483762 0.000111 
4177.016570 -0.000181 
4175.549379 0.000078 
4174.082187 0.000013 
4172.614996 0.000071 
4171.147804 0.000057 
4169.680613 0.000012 
4168.213421 0.000033 
4166.746230 -0.000017 
4165.279038 0.000081 
4163.811847 0.000067 
4162.344655 -0.000017 
4160.877464 -0.000017 
4159.410272 0.000006 
4157.943081 0.000005 
4156.475889 0.000030 
4155.008698 0.000071 
4153.541506 -0.000079 
4152.074315 -0.000041 
4150.607123 0.000042 
4149.139932 0.000083 
4147.672740 0.000048 
4146.205549 0.000101 
4144.738357 -0.000114 
4143.271166 0.000071 
4141.803974 0.000105 
4140.336783 0.000015 
4138.869591 -0.000081 
4137.402400 -0.000054 
4135.935208 0.000053 
4134.468017 0.000052 
4133.000825 0.000020 
4131.533634 -0.000066 
4130.066442 -0.000024 
4128.599251 -0.000056 
4127.132059 0.000061 
4125.664868 -0.000020 
4124.197676 0.000036 
4122.730485 -0.000084 
4121.263293 -0.000042 
4119.796102 0.000038 
4118.328910 -0.000001 
4116.861719 0.000061 
4115.394527 -0.000056 
4113.927336 -0.000083 
4112.460144 -0.000095 
4110.992953 0.000172 
4109.525761 0.000013 
4108.058570 -0.000012 
4106.591378 -0.000213 
4105.124187 0.000052 
4103.656995 0.000084 
4102.189804 0.000057 
4100.722612 -0.000002 
4099.255421 -0.000026 
4097.788229 0.000037 
4096.321038 0.000077 
4094.853846 0.000028 
4093.386655 -0.000016 
4091.919463 -0.000052 
4090.452272 -0.000048 
4088.985080 -0.000022 
4087.517889 0.000042 
4086.050697 0.000099 
4084.583506 -0.000131 
4083.116314 -0.000085 
4081.649123 0.000032 
4080.181931 0.000131 
4078.714740 -0.000019 
4077.247548 -0.000083 
4075.780357 -0.000017 
4074.313165 0.000033 
4072.845974 0.000064 
4071.378782 0.000045 
4069.911591 -0.000035 
4068.444399 -0.000116 
4066.977208 0.000104 
4065.510016 0.000102 
4064.042825 0.000039 
4062.575633 0.000015 
4061.108442 -0.000074 
4059.641250 0.000049 
4058.174059 0.000046 
4056.706867 0.000008 
4055.239676 0.000056 
4053.772484 0.000036 
4052.305293 -0.000082 
4050.838101 0.000162 
4049.370910 0.000147 
4047.903718 0.000132 
4046.436527 0.000013 
4044.969335 0.000029 
4043.502144 0.000145 
4042.034952 0.000141 
4040.567761 0.000181 
4039.100569 -0.000004 
4037.633378 0.000169 
4036.166186 0.000187 
4034.698995 0.000244 
4033.231803 0.000218 
4031.764612 0.000133 
4030.297420 0.000085 
4028.830229 0.000222 
4027.363037 0.000271 
4025.895846 0.000208 
4024.428654 0.000179 
4022.961463 -0.000020 
4021.494271 0.000202 
4020.027080 0.000157 
4018.559888 0.000223 
4017.092697 0.000145 
4015.625505 0.000069 
4014.158314 0.000106 
4012.691122 0.000225 
4011.223931 0.000189 
4009.756739 0.000111 
4008.289548 0.000117 
4006.822356 0.000119 
4005.355165 -0.000017 
4003.887973 0.000106 
4002.420782 0.000003 
4000.953590 0.000060 
3999.486399 -0.000058 
3998.019207 0.000094 
3996.552016 0.000109 
3995.084824 0.000109 
3993.617633 -0.000045 
3992.150441 -0.000048 
3990.683250 -0.000050 
3989.216058 -0.000029 
3987.748867 0.000133 
3986.281675 0.000047 
3984.814484 -0.000031 
3983.347292 -0.000044 
3981.880101 -0.000051 
3980.412909 0.000056 
3978.945718 0.000035 
3977.478526 -0.000132 
3976.011335 0.000026 
3974.544143 -0.000079 
3973.076952 -0.000079 
3971.609760 0.000014 
3970.142569 -0.000020 
3968.675377 0.000037 
3967.208186 0.000061 
3965.740994 -0.000064 
3964.273803 -0.000081 
3962.806612 -0.000099 
3961.339420 -0.000045 
3959.872229 -0.000027 
3958.405037 0.000080 
3956.937846 -0.000006 
3955.470654 -0.000117 
3954.003463 -0.000071 
3952.536271 -0.000064 
3951.069080 0.000068 
3949.601888 0.000023 
3948.134697 -0.000039 
3946.667505 -0.000016 
3945.200314 -0.000014 
3943.733122 0.000013 
3942.265931 0.000043 
3940.798739 0.000036 
3939.331548 -0.000102 
3937.864356 -0.000001 
3936.397165 -0.000032 
3934.929973 0.000041 
3933.462782 -0.000028 
3931.995590 -0.000096 
3930.528399 -0.000035 
3929.061207 0.000024 
3927.594016 0.000026 
3926.126824 0.000056 
3924.659633 0.000026 
3923.192441 -0.000002 
3921.725250 0.000031 
3920.258058 0.000062 
3918.790867 0.000036 
3917.323675 -0.000013 
3915.856484 -0.000037 
3914.389292 0.000098 
3912.922101 0.000168 
3911.454909 0.000099 
3909.987718 0.000016 
3908.520526 -0.000010 
3907.053335 -0.000013 
3905.586143 0.000110 
3904.118952 -0.000042 
3902.651760 0.000049 
3901.184569 -0.000045 
3899.717377 -0.000026 
3898.250186 -0.000036 
3896.782994 0.000132 
3895.315803 0.000018 
3893.848611 -0.000146 
3892.381420 0.000006 
3890.914228 -0.000119 
3889.447037 0.000137 
3887.979845 0.000063 
3886.512654 -0.000012 
3885.045462 -0.000063 
3883.578271 0.000089 
3882.111079 0.000134 
3880.643888 0.000095 
3879.176696 -0.000052 
3877.709505 -0.000033 
3876.242313 0.000116 
3874.775122 0.000040 
3873.307930 0.000085 
3871.840739 -0.000002 
3870.373547 0.000037 
3868.906356 -0.000003 
3867.439164 0.000100 
3865.971973 0.000084 
3864.504781 0.000025 
3863.037590 -0.000003 
3861.570398 -0.000067 
3860.103207 -0.000080 
3858.636015 -0.000111 
3857.168824 -0.000037 
3855.701632 -0.000135 
3854.234441 -0.000411 
3852.767249 -0.000242 
3851.300058 -0.000226 
3849.832866 -0.000079 
3848.365675 -0.000148 
3846.898483 -0.000251 
3845.431292 -0.000103 
3843.964100 -0.000158 
3842.496909 -0.000226 
3841.029717 -0.000273 
3839.562526 -0.000193 
3838.095334 -0.000276 
3836.628143 -0.000191 
3835.160951 -0.000119 
3833.693760 -0.000208 
3832.226568 -0.000177 
3830.759377 -0.000235 
3829.292185 -0.000053 
3827.824994 -0.000151 
3826.357802 -0.000117 
3824.890611 -0.000235 
3823.423419 -0.000179 
3821.956228 -0.000207 
3820.489036 -0.000130 
3819.021845 -0.000024 
3817.554653 -0.000127 
3816.087462 -0.000263 
3814.620270 -0.000174 
3813.153079 -0.000047 
3811.685887 -0.000076 
3810.218696 -0.000043 
3808.751504 -0.000124 
3807.284313 -0.000099 
3805.817121 0.000011 
3804.349930 -0.000094 
3802.882738 -0.000104 
3801.415547 -0.000328 
3799.948355 -0.000091 
3798.481164 -0.000053 
3797.013972 0.000022 
3795.546781 0.000018 
3794.079589 -0.000045 
3792.612398 -0.000105 
3791.145206 0.000127 
3789.678015 0.000176 
3788.210823 0.000228 
3786.743632 0.000079 
3785.276440 0.000076 
3783.809249 0.000138 
3782.342057 0.000210 
3780.874866 0.000212 
3779.407674 0.000038 
3777.940483 0.000209 
3776.473291 0.000128 
3775.006100 0.000236 
3773.538908 0.000066 
3772.071717 0.000016 
3770.604525 0.000004 
3769.137334 0.000008 
3767.670142 0.000020 
3766.202951 0.000134 
3764.735759 0.000142 
3763.268568 0.000182 
3761.801376 0.000255 
3760.334185 0.000359 
3758.866993 0.000394 
3757.399802 0.000301 
3755.932610 0.000139 
3754.465419 0.000010 
3752.998227 0.000185 
3751.531036 0.000095 
3750.063844 0.000097 
3748.596653 0.000092 
3747.129461 0.000151 
3745.662270 -0.000006 
3744.195078 -0.000023 
3742.727887 0.000085 
3741.260695 -0.000157 
3739.793504 -0.000164 
3738.326312 -0.000017 
3736.859121 0.000009 
3735.391929 0.000034 
3733.924738 0.000001 
3732.457546 -0.000186 
3730.990355 -0.000111 
3729.523163 0.000046 
3728.055972 0.000096 
3726.588780 0.000006 
3725.121589 0.000205 
3723.654397 0.000861 
3722.187206 0.001187 
3720.720014 0.001688 
3719.252823 0.002006 
3717.785631 0.002354 
3716.318440 0.002726 
3714.851248 0.003420 
3713.384057 0.004837 
3711.916865 0.007035 
3710.449674 0.012941 
3708.982482 0.031067 
3707.515291 0.048120 
3706.048099 0.030939 
3704.580908 0.012259 
3703.113717 0.006954 
3701.646525 0.004870 
3700.179334 0.003737 
3698.712142 0.003154 
3697.244951 0.002558 
3695.777759 0.002298 
3694.310568 0.001962 
3692.843376 0.001760 
3691.376185 0.001617 
3689.908993 0.001679 
3688.441802 0.001483 
3686.974610 0.001765 
3685.507419 0.001845 
3684.040227 0.002048 
3682.573036 0.002300 
3681.105844 0.002422 
3679.638653 0.002661 
3678.171461 0.002920 
3676.704270 0.003202 
3675.237078 0.003343 
3673.769887 0.003958 
3672.302695 0.004202 
3670.835504 0.004541 
3669.368312 0.005279 
3667.901121 0.006312 
3666.433929 0.006639 
3664.966738 0.006327 
3663.499546 0.006508 
3662.032355 0.006676 
3660.565163 0.006992 
3659.097972 0.007229 
3657.630780 0.007411 
3656.163589 0.007342 
3654.696397 0.007569 
3653.229206 0.007650 
3651.762014 0.007780 
3650.294823 0.007772 
3648.827631 0.007605 
3647.360440 0.007572 
3645.893248 0.007533 
3644.426057 0.007514 
3642.958865 0.007400 
3641.491674 0.007292 
3640.024482 0.007270 
3638.557291 0.007302 
3637.090099 0.007337 
3635.622908 0.007242 
3634.155716 0.007209 
3632.688525 0.007603 
3631.221333 0.007651 
3629.754142 0.007264 
3628.286950 0.007244 
3626.819759 0.007352 
3625.352567 0.007286 
3623.885376 0.007448 
3622.418184 0.007600 
3620.950993 0.007801 
3619.483801 0.007829 
3618.016610 0.008051 
3616.549418 0.008299 
3615.082227 0.008465 
3613.615035 0.008787 
3612.147844 0.008910 
3610.680652 0.009116 
3609.213461 0.009362 
3607.746269 0.009758 
3606.279078 0.010229 
3604.811886 0.011041 
3603.344695 0.011974 
3601.877503 0.016210 
3600.410312 0.027247 
3598.943120 0.032095 
3597.475929 0.017851 
3596.008737 0.012933 
3594.541546 0.012277 
3593.074354 0.012046 
3591.607163 0.012205 
3590.139971 0.012266 
3588.672780 0.012440 
3587.205588 0.012604 
3585.738397 0.012773 
3584.271205 0.013182 
3582.804014 0.013416 
3581.336822 0.013722 
3579.869631 0.013935 
3578.402439 0.014306 
3576.935248 0.014627 
3575.468056 0.014976 
3574.000865 0.015327 
3572.533673 0.015677 
3571.066482 0.016090 
3569.599290 0.016528 
3568.132099 0.017017 
3566.664907 0.017389 
3565.197716 0.018074 
3563.730524 0.018976 
3562.263333 0.019468 
3560.796141 0.019261 
3559.328950 0.019626 
3557.861758 0.020025 
3556.394567 0.020391 
3554.927375 0.020833 
3553.460184 0.021401 
3551.992992 0.021813 
3550.525801 0.022345 
3549.058609 0.022743 
3547.591418 0.023248 
3546.124226 0.023876 
3544.657035 0.024396 
3543.189843 0.024940 
3541.722652 0.025381 
3540.255460 0.026107 
3538.788269 0.026723 
3537.321077 0.027292 
3535.853886 0.027872 
3534.386694 0.028538 
3532.919503 0.029094 
3531.452311 0.029712 
3529.985120 0.030463 
3528.517928 0.031205 
3527.050737 0.031775 
3525.583545 0.032431 
3524.116354 0.033085 
3522.649162 0.033814 
3521.181971 0.034608 
3519.714779 0.035271 
3518.247588 0.036029 
3516.780396 0.036769 
3515.313205 0.037519 
3513.846013 0.038382 
3512.378822 0.039055 
3510.911630 0.039751 
3509.444439 0.040501 
3507.977247 0.041358 
3506.510056 0.042177 
3505.042864 0.042923 
3503.575673 0.043706 
3502.108481 0.044613 
3500.641290 0.045393 
3499.174098 0.046317 
3497.706907 0.047145 
3496.239715 0.047985 
3494.772524 0.048794 
3493.305332 0.049736 
3491.838141 0.050659 
3490.370949 0.051555 
3488.903758 0.052498 
3487.436566 0.053364 
3485.969375 0.054317 
3484.502183 0.055314 
3483.034992 0.056346 
3481.567800 0.057203 
3480.100609 0.058153 
3478.633417 0.059107 
3477.166226 0.060116 
3475.699034 0.061226 
3474.231843 0.062184 
3472.764651 0.063057 
3471.297460 0.064196 
3469.830268 0.065133 
3468.363077 0.066183 
3466.895885 0.067185 
3465.428694 0.068257 
3463.961502 0.069371 
3462.494311 0.070425 
3461.027119 0.071384 
3459.559928 0.072412 
3458.092736 0.073531 
3456.625545 0.074508 
3455.158353 0.075573 
3453.691162 0.076699 
3452.223970 0.077765 
3450.756779 0.078799 
3449.289587 0.079844 
3447.822396 0.080843 
3446.355205 0.081890 
3444.888013 0.083024 
3443.420822 0.084037 
3441.953630 0.085043 
3440.486439 0.086065 
3439.019247 0.087110 
3437.552056 0.088132 
3436.084864 0.089175 
3434.617673 0.090065 
3433.150481 0.091109 
3431.683290 0.092298 
3430.216098 0.093229 
3428.748907 0.094216 
3427.281715 0.095140 
3425.814524 0.096130 
3424.347332 0.097125 
3422.880141 0.098099 
3421.412949 0.099025 
3419.945758 0.099987 
3418.478566 0.100725 
3417.011375 0.101699 
3415.544183 0.102696 
3414.076992 0.103528 
3412.609800 0.104444 
3411.142609 0.105357 
3409.675417 0.106186 
3408.208226 0.107121 
3406.741034 0.107965 
3405.273843 0.108793 
3403.806651 0.109579 
3402.339460 0.110257 
3400.872268 0.111043 
3399.405077 0.111911 
3397.937885 0.112741 
3396.470694 0.113379 
3395.003502 0.114116 
3393.536311 0.114904 
3392.069119 0.115594 
3390.601928 0.116285 
3389.134736 0.116968 
3387.667545 0.117571 
3386.200353 0.118234 
3384.733162 0.118993 
3383.265970 0.119651 
3381.798779 0.120260 
3380.331587 0.120805 
3378.864396 0.121401 
3377.397204 0.122067 
3375.930013 0.122658 
3374.462821 0.123232 
3372.995630 0.123744 
3371.528438 0.124360 
3370.061247 0.124957 
3368.594055 0.125415 
3367.126864 0.126051 
3365.659672 0.126595 
3364.192481 0.126959 
3362.725289 0.127721 
3361.258098 0.128167 
3359.790906 0.128689 
3358.323715 0.129238 
3356.856523 0.129641 
3355.389332 0.130117 
3353.922140 0.130642 
3352.454949 0.131222 
3350.987757 0.131760 
3349.520566 0.132149 
3348.053374 0.132586 
3346.586183 0.133151 
3345.118991 0.133735 
3343.651800 0.134304 
3342.184608 0.134677 
3340.717417 0.135095 
3339.250225 0.135664 
3337.783034 0.136068 
3336.315842 0.136576 
3334.848651 0.137043 
3333.381459 0.137599 
3331.914268 0.138120 
3330.447076 0.138595 
3328.979885 0.139094 
3327.512693 0.139495 
3326.045502 0.139959 
3324.578310 0.140463 
3323.111119 0.140986 
3321.643927 0.141553 
3320.176736 0.141948 
3318.709544 0.142406 
3317.242353 0.142819 
3315.775161 0.143252 
3314.307970 0.143811 
3312.840778 0.144371 
3311.373587 0.144680 
3309.906395 0.145123 
3308.439204 0.145675 
3306.972012 0.146105 
3305.504821 0.146402 
3304.037629 0.146833 
3302.570438 0.147292 
3301.103246 0.147667 
3299.636055 0.148135 
3298.168863 0.148509 
3296.701672 0.148833 
3295.234480 0.149273 
3293.767289 0.149492 
3292.300097 0.149948 
3290.832906 0.150209 
3289.365714 0.150563 
3287.898523 0.150753 
3286.431331 0.151041 
3284.964140 0.151409 
3283.496948 0.151558 
3282.029757 0.151800 
3280.562565 0.151966 
3279.095374 0.152106 
3277.628182 0.152276 
3276.160991 0.152460 
3274.693799 0.152568 
3273.226608 0.152682 
3271.759416 0.152624 
3270.292225 0.152626 
3268.825033 0.152680 
3267.357842 0.152764 
3265.890650 0.152711 
3264.423459 0.152603 
3262.956267 0.152502 
3261.489076 0.152433 
3260.021884 0.152341 
3258.554693 0.152161 
3257.087501 0.151961 
3255.620310 0.151750 
3254.153118 0.151526 
3252.685927 0.151272 
3251.218735 0.150914 
3249.751544 0.150630 
3248.284352 0.150293 
3246.817161 0.149933 
3245.349969 0.149635 
3243.882778 0.149198 
3242.415586 0.148853 
3240.948395 0.148298 
3239.481203 0.147843 
3238.014012 0.147401 
3236.546820 0.146910 
3235.079629 0.146343 
3233.612437 0.145673 
3232.145246 0.145223 
3230.678054 0.144677 
3229.210863 0.144090 
3227.743671 0.143479 
3226.276480 0.142772 
3224.809288 0.142137 
3223.342097 0.141471 
3221.874905 0.140826 
3220.407714 0.140128 
3218.940522 0.139380 
3217.473331 0.138655 
3216.006139 0.138010 
3214.538948 0.137220 
3213.071756 0.136399 
3211.604565 0.135585 
3210.137373 0.134761 
3208.670182 0.133992 
3207.202990 0.133216 
3205.735799 0.132383 
3204.268607 0.131513 
3202.801416 0.130619 
3201.334224 0.129764 
3199.867033 0.128954 
3198.399841 0.128063 
3196.932650 0.127174 
3195.465458 0.126229 
3193.998267 0.125317 
3192.531075 0.124398 
3191.063884 0.123439 
3189.596692 0.122594 
3188.129501 0.121590 
3186.662310 0.120606 
3185.195118 0.119722 
3183.727927 0.118726 
3182.260735 0.117707 
3180.793544 0.116750 
3179.326352 0.115742 
3177.859161 0.114710 
3176.391969 0.113667 
3174.924778 0.112715 
3173.457586 0.111642 
3171.990395 0.110631 
3170.523203 0.109559 
3169.056012 0.108527 
3167.588820 0.107534 
3166.121629 0.106435 
3164.654437 0.105293 
3163.187246 0.104296 
3161.720054 0.103189 
3160.252863 0.102103 
3158.785671 0.101067 
3157.318480 0.099856 
3155.851288 0.098886 
3154.384097 0.097626 
3152.916905 0.096573 
3151.449714 0.095394 
3149.982522 0.094322 
3148.515331 0.093185 
3147.048139 0.092038 
3145.580948 0.090875 
3144.113756 0.089755 
3142.646565 0.088552 
3141.179373 0.087410 
3139.712182 0.086320 
3138.244990 0.085156 
3136.777799 0.083925 
3135.310607 0.082762 
3133.843416 0.081566 
3132.376224 0.080395 
3130.909033 0.079285 
3129.441841 0.078079 
3127.974650 0.076899 
3126.507458 0.075687 
3125.040267 0.074562 
3123.573075 0.073453 
3122.105884 0.072262 
3120.638692 0.071035 
3119.171501 0.069751 
3117.704309 0.068665 
3116.237118 0.067487 
3114.769926 0.066317 
3113.302735 0.065155 
3111.835543 0.063982 
3110.368352 0.062783 
3108.901160 0.061623 
3107.433969 0.060440 
3105.966777 0.059312 
3104.499586 0.058145 
3103.032394 0.057030 
3101.565203 0.055885 
3100.098011 0.054699 
3098.630820 0.053574 
3097.163628 0.052370 
3095.696437 0.051247 
3094.229245 0.050056 
3092.762054 0.048992 
3091.294862 0.047935 
3089.827671 0.046749 
3088.360479 0.045707 
3086.893288 0.044556 
3085.426096 0.043524 
3083.958905 0.042514 
3082.491713 0.041400 
3081.024522 0.040339 
3079.557330 0.039249 
3078.090139 0.038275 
3076.622947 0.037301 
3075.155756 0.036242 
3073.688564 0.035386 
3072.221373 0.034277 
3070.754181 0.033420 
3069.286990 0.032420 
3067.819798 0.031567 
3066.352607 0.030718 
3064.885415 0.029721 
3063.418224 0.028939 
3061.951032 0.028052 
3060.483841 0.027258 
3059.016649 0.026461 
3057.549458 0.025603 
3056.082266 0.024891 
3054.615075 0.024153 
3053.147883 0.023373 
3051.680692 0.022753 
3050.213500 0.021979 
3048.746309 0.021364 
3047.279117 0.020688 
3045.811926 0.020089 
3044.344734 0.019456 
3042.877543 0.018858 
3041.410351 0.018363 
3039.943160 0.017660 
3038.475968 0.017228 
3037.008777 0.016667 
3035.541585 0.016199 
3034.074394 0.015673 
3032.607202 0.015185 
3031.140011 0.014803 
3029.672819 0.014310 
3028.205628 0.013900 
3026.738436 0.013499 
3025.271245 0.013070 
3023.804053 0.012689 
3022.336862 0.012276 
3020.869670 0.011932 
3019.402479 0.011588 
3017.935287 0.011202 
3016.468096 0.011020 
3015.000904 0.010625 
3013.533713 0.010453 
3012.066521 0.010033 
3010.599330 0.009792 
3009.132138 0.009507 
3007.664947 0.009237 
3006.197755 0.009048 
3004.730564 0.008720 
3003.263372 0.008455 
3001.796181 0.008245 
3000.328989 0.007981 
2998.861798 0.007849 
2997.394606 0.007572 
2995.927415 0.007340 
2994.460223 0.007203 
2992.993032 0.006979 
2991.525840 0.006884 
2990.058649 0.006589 
2988.591457 0.006443 
2987.124266 0.006240 
2985.657074 0.006058 
2984.189883 0.005968 
2982.722691 0.005723 
2981.255500 0.005639 
2979.788308 0.005417 
2978.321117 0.005317 
2976.853925 0.005215 
2975.386734 0.005041 
2973.919542 0.004969 
2972.452351 0.004803 
2970.985159 0.004731 
2969.517968 0.004594 
2968.050776 0.004507 
2966.583585 0.004404 
2965.116393 0.004243 
2963.649202 0.004167 
2962.182010 0.004123 
2960.714819 0.003932 
2959.247627 0.003920 
2957.780436 0.003765 
2956.313244 0.003753 
2954.846053 0.003618 
2953.378861 0.003605 
2951.911670 0.003633 
2950.444478 0.003415 
2948.977287 0.003384 
2947.510095 0.003331 
2946.042904 0.003297 
2944.575712 0.003243 
2943.108521 0.003152 
2941.641329 0.003117 
2940.174138 0.003039 
2938.706946 0.003029 
2937.239755 0.003001 
2935.772563 0.002909 
2934.305372 0.002959 
2932.838180 0.002782 
2931.370989 0.002810 
2929.903797 0.002743 
2928.436606 0.002689 
2926.969415 0.002695 
2925.502223 0.002501 
2924.035032 0.002670 
2922.567840 0.002578 
2921.100649 0.002567 
2919.633457 0.002509 
2918.166266 0.002431 
2916.699074 0.002526 
2915.231883 0.002506 
2913.764691 0.002533 
2912.297500 0.002561 
2910.830308 0.002428 
2909.363117 0.002495 
2907.895925 0.002491 
2906.428734 0.002575 
2904.961542 0.002533 
2903.494351 0.002455 
2902.027159 0.002586 
2900.559968 0.002545 
2899.092776 0.002628 
2897.625585 0.002618 
2896.158393 0.002617 
2894.691202 0.002699 
2893.224010 0.002653 
2891.756819 0.002804 
2890.289627 0.002714 
2888.822436 0.002773 
2887.355244 0.002818 
2885.888053 0.002816 
2884.420861 0.002976 
2882.953670 0.002972 
2881.486478 0.003036 
2880.019287 0.003127 
2878.552095 0.003060 
2877.084904 0.003267 
2875.617712 0.003223 
2874.150521 0.003289 
2872.683329 0.003296 
2871.216138 0.003318 
2869.748946 0.003424 
2868.281755 0.003381 
2866.814563 0.003515 
2865.347372 0.003511 
2863.880180 0.003506 
2862.412989 0.003624 
2860.945797 0.003612 
2859.478606 0.003680 
2858.011414 0.003580 
2856.544223 0.003614 
2855.077031 0.003622 
2853.609840 0.003543 
2852.142648 0.003623 
2850.675457 0.003475 
2849.208265 0.003465 
2847.741074 0.003461 
2846.273882 0.003409 
2844.806691 0.003547 
2843.339499 0.003386 
2841.872308 0.003422 
2840.405116 0.003313 
2838.937925 0.003277 
2837.470733 0.003380 
2836.003542 0.003188 
2834.536350 0.003203 
2833.069159 0.003122 
2831.601967 0.003078 
2830.134776 0.003075 
2828.667584 0.002891 
2827.200393 0.002968 
2825.733201 0.002861 
2824.266010 0.002804 
2822.798818 0.002825 
2821.331627 0.002686 
2819.864435 0.002753 
2818.397244 0.002609 
2816.930052 0.002609 
2815.462861 0.002578 
2813.995669 0.002473 
2812.528478 0.002465 
2811.061286 0.002220 
2809.594095 0.002289 
2808.126903 0.002241 
2806.659712 0.002229 
2805.192520 0.002185 
2803.725329 0.002074 
2802.258137 0.002171 
2800.790946 0.002020 
2799.323754 0.002005 
2797.856563 0.002009 
2796.389371 0.001853 
2794.922180 0.001903 
2793.454988 0.001802 
2791.987797 0.001786 
2790.520605 0.001751 
2789.053414 0.001613 
2787.586222 0.001690 
2786.119031 0.001527 
2784.651839 0.001614 
2783.184648 0.001611 
2781.717456 0.001534 
2780.250265 0.001487 
2778.783073 0.001382 
2777.315882 0.001401 
2775.848690 0.001310 
2774.381499 0.001327 
2772.914307 0.001380 
2771.447116 0.001147 
2769.979924 0.001267 
2768.512733 0.001157 
2767.045541 0.001128 
2765.578350 0.001153 
2764.111158 0.001068 
2762.643967 0.001159 
2761.176775 0.000976 
2759.709584 0.001029 
2758.242392 0.000982 
2756.775201 0.000896 
2755.308009 0.000921 
2753.840818 0.000782 
2752.373626 0.000923 
2750.906435 0.000864 
2749.439243 0.000789 
2747.972052 0.000838 
2746.504860 0.000745 
2745.037669 0.000795 
2743.570477 0.000754 
2742.103286 0.000666 
2740.636094 0.000691 
2739.168903 0.000580 
2737.701711 0.000623 
2736.234520 0.000527 
2734.767328 0.000547 
2733.300137 0.000552 
2731.832945 0.000423 
2730.365754 0.000516 
2728.898562 0.000387 
2727.431371 0.000450 
2725.964179 0.000383 
2724.496988 0.000331 
2723.029796 0.000395 
2721.562605 0.000255 
2720.095413 0.000323 
2718.628222 0.000263 
2717.161030 0.000197 
2715.693839 0.000209 
2714.226647 0.000093 
2712.759456 0.000193 
2711.292264 0.000075 
2709.825073 0.000032 
2708.357881 0.000112 
2706.890690 -0.000010 
2705.423498 0.000088 
2703.956307 -0.000039 
2702.489115 -0.000039 
2701.021924 -0.000072 
2699.554732 -0.000130 
2698.087541 -0.000087 
2696.620349 -0.000256 
2695.153158 -0.000185 
2693.685966 -0.000236 
2692.218775 -0.000305 
2690.751583 -0.000239 
2689.284392 -0.000323 
2687.817200 -0.000277 
2686.350009 -0.000358 
2684.882817 -0.000385 
2683.415626 -0.000282 
2681.948434 -0.000427 
2680.481243 -0.000389 
2679.014051 -0.000540 
2677.546860 -0.000469 
2676.079668 -0.000430 
2674.612477 -0.000582 
2673.145285 -0.000438 
2671.678094 -0.000586 
2670.210903 -0.000484 
2668.743711 -0.000522 
2667.276520 -0.000529 
2665.809328 -0.000409 
2664.342137 -0.000594 
2662.874945 -0.000559 
2661.407754 -0.000589 
2659.940562 -0.000595 
2658.473371 -0.000530 
2657.006179 -0.000698 
2655.538988 -0.000573 
2654.071796 -0.000577 
2652.604605 -0.000642 
2651.137413 -0.000487 
2649.670222 -0.000589 
2648.203030 -0.000451 
2646.735839 -0.000612 
2645.268647 -0.000535 
2643.801456 -0.000460 
2642.334264 -0.000568 
2640.867073 -0.000438 
2639.399881 -0.000548 
2637.932690 -0.000489 
2636.465498 -0.000448 
2634.998307 -0.000534 
2633.531115 -0.000408 
2632.063924 -0.000492 
2630.596732 -0.000377 
2629.129541 -0.000389 
2627.662349 -0.000415 
2626.195158 -0.000333 
2624.727966 -0.000479 
2623.260775 -0.000328 
2621.793583 -0.000426 
2620.326392 -0.000350 
2618.859200 -0.000295 
2617.392009 -0.000451 
2615.924817 -0.000250 
2614.457626 -0.000392 
2612.990434 -0.000278 
2611.523243 -0.000268 
2610.056051 -0.000313 
2608.588860 -0.000237 
2607.121668 -0.000334 
2605.654477 -0.000216 
2604.187285 -0.000252 
2602.720094 -0.000280 
2601.252902 -0.000176 
2599.785711 -0.000359 
2598.318519 -0.000228 
2596.851328 -0.000217 
2595.384136 -0.000284 
2593.916945 -0.000114 
2592.449753 -0.000249 
2590.982562 -0.000054 
2589.515370 -0.000199 
2588.048179 -0.000121 
2586.580987 -0.000057 
2585.113796 -0.000161 
2583.646604 -0.000051 
2582.179413 -0.000193 
2580.712221 -0.000086 
2579.245030 -0.000067 
2577.777838 -0.000145 
2576.310647 -0.000021 
2574.843455 -0.000067 
2573.376264 -0.000021 
2571.909072 -0.000010 
2570.441881 -0.000098 
2568.974689 0.000072 
2567.507498 -0.000093 
2566.040306 0.000068 
2564.573115 -0.000051 
2563.105923 -0.000042 
2561.638732 0.000056 
2560.171540 -0.000080 
2558.704349 0.000093 
2557.237157 0.000009 
2555.769966 0.000027 
2554.302774 0.000060 
2552.835583 0.000030 
2551.368391 0.000142 
2549.901200 0.000018 
2548.434008 0.000090 
2546.966817 0.000075 
2545.499625 -0.000045 
2544.032434 0.000074 
2542.565242 -0.000045 
2541.098051 0.000044 
2539.630859 0.000004 
2538.163668 -0.000108 
2536.696476 0.000048 
2535.229285 -0.000056 
2533.762093 0.000099 
2532.294902 -0.000034 
2530.827710 -0.000048 
2529.360519 0.000014 
2527.893327 -0.000112 
2526.426136 0.000041 
2524.958944 -0.000105 
2523.491753 -0.000101 
2522.024561 -0.000032 
2520.557370 -0.000086 
2519.090178 -0.000043 
2517.622987 -0.000104 
2516.155795 -0.000024 
2514.688604 -0.000035 
2513.221412 -0.000110 
2511.754221 0.000079 
2510.287029 -0.000127 
2508.819838 -0.000030 
2507.352646 -0.000060 
2505.885455 -0.000081 
2504.418263 0.000014 
2502.951072 -0.000156 
2501.483880 0.000066 
2500.016689 -0.000040 
2498.549497 0.000020 
2497.082306 0.000076 
2495.615114 0.000047 
2494.147923 0.000197 
2492.680731 0.000137 
2491.213540 0.000213 
2489.746348 0.000319 
2488.279157 0.000229 
2486.811965 0.000408 
2485.344774 0.000346 
2483.877582 0.000500 
2482.410391 0.000581 
2480.943199 0.000553 
2479.476008 0.000848 
2478.008816 0.000830 
2476.541625 0.001063 
2475.074433 0.001122 
2473.607242 0.001285 
2472.140050 0.001502 
2470.672859 0.001551 
2469.205667 0.001821 
2467.738476 0.001902 
2466.271284 0.002063 
2464.804093 0.002319 
2463.336901 0.002348 
2461.869710 0.002605 
2460.402518 0.002665 
2458.935327 0.002824 
2457.468135 0.003003 
2456.000944 0.002980 
2454.533752 0.003199 
2453.066561 0.003024 
2451.599369 0.003131 
2450.132178 0.003081 
2448.664986 0.003090 
2447.197795 0.003113 
2445.730603 0.002994 
2444.263412 0.003103 
2442.796220 0.003000 
2441.329029 0.003032 
2439.861837 0.003061 
2438.394646 0.003008 
2436.927454 0.003109 
2435.460263 0.003110 
2433.993071 0.003164 
2432.525880 0.003243 
2431.058688 0.003206 
2429.591497 0.003391 
2428.124305 0.003309 
2426.657114 0.003499 
2425.189922 0.003612 
2423.722731 0.003606 
2422.255539 0.003845 
2420.788348 0.003854 
2419.321156 0.004083 
2417.853965 0.004186 
2416.386773 0.004353 
2414.919582 0.004569 
2413.452390 0.004622 
2411.985199 0.004889 
2410.518008 0.005063 
2409.050816 0.005361 
2407.583625 0.005675 
2406.116433 0.005918 
2404.649242 0.006335 
2403.182050 0.006583 
2401.714859 0.006936 
2400.247667 0.007420 
2398.780476 0.007764 
2397.313284 0.008347 
2395.846093 0.008742 
2394.378901 0.009517 
2392.911710 0.010106 
2391.444518 0.010941 
2389.977327 0.011927 
2388.510135 0.012991 
2387.042944 0.014514 
2385.575752 0.016131 
2384.108561 0.018347 
2382.641369 0.021373 
2381.174178 0.027555 
2379.706986 0.041165 
2378.239795 0.063970 
2376.772603 0.091230 
2375.305412 0.118903 
2373.838220 0.143272 
2372.371029 0.162687 
2370.903837 0.178828 
2369.436646 0.192178 
2367.969454 0.203534 
2366.502263 0.213737 
2365.035071 0.222089 
2363.567880 0.230480 
2362.100688 0.238478 
2360.633497 0.246909 
2359.166305 0.256726 
2357.699114 0.266825 
2356.231922 0.279972 
2354.764731 0.295172 
2353.297539 0.314057 
2351.830348 0.340259 
2350.363156 0.376516 
2348.895965 0.428487 
2347.428773 0.505822 
2345.961582 0.612321 
2344.494390 0.734140 
2343.027199 0.810345 
2341.560007 0.764989 
2340.092816 0.620289 
2338.625624 0.475444 
2337.158433 0.364737 
2335.691241 0.281437 
2334.224050 0.220390 
2332.756858 0.175024 
2331.289667 0.141714 
2329.822475 0.120243 
2328.355284 0.114438 
2326.888092 0.102262 
2325.420901 0.070295 
2323.953709 0.049960 
2322.486518 0.038487 
2321.019326 0.029875 
2319.552135 0.022426 
2318.084943 0.017949 
2316.617752 0.014894 
2315.150560 0.013337 
2313.683369 0.013658 
2312.216177 0.015414 
2310.748986 0.011854 
2309.281794 0.009094 
2307.814603 0.008044 
2306.347411 0.006959 
2304.880220 0.005963 
2303.413028 0.005432 
2301.945837 0.004575 
2300.478645 0.004311 
2299.011454 0.003738 
2297.544262 0.003347 
2296.077071 0.003166 
2294.609879 0.002494 
2293.142688 0.002441 
2291.675496 0.001946 
2290.208305 0.001754 
2288.741113 0.001595 
2287.273922 0.001561 
2285.806730 0.004405 
2284.339539 0.013137 
2282.872347 0.036487 
2281.405156 0.034445 
2279.937964 0.015969 
2278.470773 0.009036 
2277.003581 0.006091 
2275.536390 0.004663 
2274.069198 0.003275 
2272.602007 0.002039 
2271.134815 0.001397 
2269.667624 0.000758 
2268.200432 0.000904 
2266.733241 0.001123 
2265.266049 0.001846 
2263.798858 0.001294 
2262.331666 0.000590 
2260.864475 0.000731 
2259.397283 0.000377 
2257.930092 0.000384 
2256.462900 0.000360 
2254.995709 0.000103 
2253.528517 0.000260 
2252.061326 -0.000053 
2250.594134 0.000148 
2249.126943 0.000179 
2247.659751 0.000107 
2246.192560 0.000326 
2244.725368 0.000060 
2243.258177 0.000243 
2241.790985 0.000174 
2240.323794 0.000080 
2238.856602 0.000313 
2237.389411 0.000057 
2235.922219 0.000272 
2234.455028 0.000100 
2232.987836 0.000122 
2231.520645 0.000204 
2230.053453 -0.000032 
2228.586262 0.000309 
2227.119070 0.000126 
2225.651879 0.000259 
2224.184687 0.000285 
2222.717496 0.000148 
2221.250304 0.000431 
2219.783113 0.000197 
2218.315921 0.000355 
2216.848730 0.000346 
2215.381538 0.000201 
2213.914347 0.000416 
2212.447155 0.000149 
2210.979964 0.000396 
2209.512772 0.000358 
2208.045581 0.000233 
2206.578389 0.000497 
2205.111198 0.000241 
2203.644006 0.000562 
2202.176815 0.000372 
2200.709623 0.000372 
2199.242432 0.000457 
2197.775240 0.000241 
2196.308049 0.000462 
2194.840857 0.000242 
2193.373666 0.000390 
2191.906474 0.000362 
2190.439283 0.000211 
2188.972091 0.000431 
2187.504900 0.000219 
2186.037708 0.000354 
2184.570517 0.000323 
2183.103325 0.000163 
2181.636134 0.000388 
2180.168942 0.000081 
2178.701751 0.000187 
2177.234559 0.000037 
2175.767368 -0.000025 
2174.300176 0.000066 
2172.832985 -0.000180 
2171.365793 0.000058 
2169.898602 -0.000080 
2168.431410 -0.000048 
2166.964219 0.000060 
2165.497027 -0.000132 
2164.029836 0.000058 
2162.562644 -0.000102 
2161.095453 -0.000077 
2159.628261 -0.000039 
2158.161070 -0.000218 
2156.693878 0.000057 
2155.226687 -0.000158 
2153.759495 0.000164 
2152.292304 0.000344 
2150.825113 0.000703 
2149.357921 0.002250 
2147.890730 0.004441 
2146.423538 0.007885 
2144.956347 0.011334 
2143.489155 0.014756 
2142.021964 0.018359 
2140.554772 0.020865 
2139.087581 0.021561 
2137.620389 0.017086 
2136.153198 0.011123 
2134.686006 0.006776 
2133.218815 0.003722 
2131.751623 0.002375 
2130.284432 0.001205 
2128.817240 0.000671 
2127.350049 0.000565 
2125.882857 0.000179 
2124.415666 0.000428 
2122.948474 0.000066 
2121.481283 0.000151 
2120.014091 0.000075 
2118.546900 -0.000022 
2117.079708 0.000120 
2115.612517 -0.000103 
2114.145325 0.000109 
2112.678134 0.000048 
2111.210942 -0.000006 
2109.743751 0.000152 
2108.276559 -0.000086 
2106.809368 0.000157 
2105.342176 -0.000042 
2103.874985 -0.000034 
2102.407793 0.000119 
2100.940602 -0.000156 
2099.473410 0.000122 
2098.006219 -0.000042 
2096.539027 0.000128 
2095.071836 0.000274 
2093.604644 0.000138 
2092.137453 0.000498 
2090.670261 0.000277 
2089.203070 0.000356 
2087.735878 0.000273 
2086.268687 0.000101 
2084.801495 0.000218 
2083.334304 -0.000091 
2081.867112 0.000045 
2080.399921 -0.000074 
2078.932729 -0.000170 
2077.465538 0.000058 
2075.998346 -0.000231 
2074.531155 0.000024 
2073.063963 -0.000070 
2071.596772 -0.000081 
2070.129580 0.000075 
2068.662389 -0.000171 
2067.195197 0.000107 
2065.728006 -0.000130 
2064.260814 -0.000094 
2062.793623 -0.000037 
2061.326431 -0.000252 
2059.859240 -0.000024 
2058.392048 -0.000281 
2056.924857 -0.000133 
2055.457665 -0.000109 
2053.990474 -0.000283 
2052.523282 0.000015 
2051.056091 -0.000164 
2049.588899 0.000116 
2048.121708 0.000373 
2046.654516 0.001004 
2045.187325 0.001809 
2043.720133 0.001071 
2042.252942 0.000693 
2040.785750 0.000243 
2039.318559 0.000114 
2037.851367 0.000103 
2036.384176 -0.000256 
2034.916984 0.000039 
2033.449793 -0.000101 
2031.982601 -0.000040 
2030.515410 0.000065 
2029.048218 -0.000119 
2027.581027 0.000126 
2026.113835 -0.000066 
2024.646644 0.000034 
2023.179452 0.000094 
2021.712261 -0.000031 
2020.245069 0.000176 
2018.777878 -0.000090 
2017.310686 0.000107 
2015.843495 0.000029 
2014.376303 -0.000062 
2012.909112 0.000109 
2011.441920 -0.000132 
2009.974729 0.000112 
2008.507537 -0.000049 
2007.040346 -0.000095 
2005.573154 0.000051 
2004.105963 -0.000180 
2002.638771 -0.000013 
2001.171580 -0.000184 
1999.704388 -0.000109 
1998.237197 -0.000082 
1996.770005 -0.000283 
1995.302814 -0.000002 
1993.835622 -0.000155 
1992.368431 -0.000056 
1990.901239 -0.000018 
1989.434048 -0.000185 
1987.966856 0.000055 
1986.499665 -0.000240 
1985.032473 -0.000077 
1983.565282 -0.000128 
1982.098090 -0.000234 
1980.630899 -0.000033 
1979.163707 -0.000221 
1977.696516 -0.000019 
1976.229324 -0.000110 
1974.762133 -0.000114 
1973.294941 0.000040 
1971.827750 -0.000129 
1970.360558 0.000105 
1968.893367 -0.000091 
1967.426175 -0.000075 
1965.958984 -0.000013 
1964.491792 -0.000207 
1963.024601 0.000000 
1961.557409 -0.000226 
1960.090218 -0.000093 
1958.623026 -0.000076 
1957.155835 -0.000192 
1955.688643 0.000053 
1954.221452 -0.000162 
1952.754260 0.000034 
1951.287069 -0.000082 
1949.819877 -0.000120 
1948.352686 0.000064 
1946.885494 -0.000177 
1945.418303 -0.000024 
1943.951111 -0.000108 
1942.483920 -0.000166 
1941.016728 -0.000000 
1939.549537 -0.000156 
1938.082345 0.000078 
1936.615154 -0.000053 
1935.147962 0.000029 
1933.680771 0.000086 
1932.213579 -0.000096 
1930.746388 0.000126 
1929.279196 -0.000147 
1927.812005 -0.000034 
1926.344813 -0.000019 
1924.877622 -0.000183 
1923.410430 -0.000020 
1921.943239 -0.000216 
1920.476047 -0.000022 
1919.008856 -0.000124 
1917.541664 -0.000179 
1916.074473 0.000036 
1914.607281 -0.000141 
1913.140090 0.000043 
1911.672898 -0.000062 
1910.205707 -0.000100 
1908.738515 -0.000026 
1907.271324 -0.000254 
1905.804132 -0.000037 
1904.336941 -0.000232 
1902.869749 -0.000178 
1901.402558 -0.000089 
1899.935366 -0.000316 
1898.468175 -0.000072 
1897.000983 -0.000224 
1895.533792 -0.000152 
1894.066601 -0.000154 
1892.599409 -0.000233 
1891.132218 -0.000087 
1889.665026 -0.000342 
1888.197835 -0.000185 
1886.730643 -0.000215 
1885.263452 -0.000306 
1883.796260 -0.000089 
1882.329069 -0.000308 
1880.861877 -0.000062 
1879.394686 -0.000169 
1877.927494 -0.000199 
1876.460303 -0.000086 
1874.993111 -0.000364 
1873.525920 -0.000139 
1872.058728 -0.000398 
1870.591537 -0.000372 
1869.124345 -0.000345 
1867.657154 -0.000541 
1866.189962 -0.000332 
1864.722771 -0.000529 
1863.255579 -0.000444 
1861.788388 -0.000393 
1860.321196 -0.000477 
1858.854005 -0.000285 
1857.386813 -0.000512 
1855.919622 -0.000377 
1854.452430 -0.000363 
1852.985239 -0.000464 
1851.518047 -0.000274 
1850.050856 -0.000588 
1848.583664 -0.000348 
1847.116473 -0.000478 
1845.649281 -0.000480 
1844.182090 -0.000439 
1842.714898 -0.000567 
1841.247707 -0.000283 
1839.780515 -0.000466 
1838.313324 -0.000367 
1836.846132 -0.000276 
1835.378941 -0.000443 
1833.911749 -0.000207 
1832.444558 -0.000430 
1830.977366 -0.000341 
1829.510175 -0.000297 
1828.042983 -0.000469 
1826.575792 -0.000236 
1825.108600 -0.000453 
1823.641409 -0.000217 
1822.174217 -0.000234 
1820.707026 -0.000317 
1819.239834 -0.000015 
1817.772643 -0.000280 
1816.305451 -0.000026 
1814.838260 -0.000162 
1813.371068 -0.000114 
1811.903877 -0.000008 
1810.436685 -0.000220 
1808.969494 0.000023 
1807.502302 -0.000114 
1806.035111 -0.000019 
1804.567919 0.000054 
1803.100728 -0.000085 
1801.633536 0.000146 
1800.166345 0.000040 
1798.699153 0.000134 
1797.231962 0.000237 
1795.764770 0.000153 
1794.297579 0.000442 
1792.830387 0.000094 
1791.363196 0.000360 
1789.896004 0.000400 
1788.428813 0.000363 
1786.961621 0.000601 
1785.494430 0.000441 
1784.027238 0.000735 
1782.560047 0.000655 
1781.092855 0.000679 
1779.625664 0.000908 
1778.158472 0.000802 
1776.691281 0.001031 
1775.224089 0.000916 
1773.756898 0.001028 
1772.289706 0.001078 
1770.822515 0.001059 
1769.355323 0.001373 
1767.888132 0.001230 
1766.420940 0.001464 
1764.953749 0.001608 
1763.486557 0.001549 
1762.019366 0.001853 
1760.552174 0.001807 
1759.084983 0.002076 
1757.617791 0.002125 
1756.150600 0.002178 
1754.683408 0.002507 
1753.216217 0.002412 
1751.749025 0.002680 
1750.281834 0.002799 
1748.814642 0.002869 
1747.347451 0.003216 
1745.880259 0.003223 
1744.413068 0.003607 
1742.945876 0.003646 
1741.478685 0.003898 
1740.011493 0.004150 
1738.544302 0.004246 
1737.077110 0.004683 
1735.609919 0.004687 
1734.142727 0.004874 
1732.675536 0.005253 
1731.208344 0.005317 
1729.741153 0.005819 
1728.273961 0.005879 
1726.806770 0.006289 
1725.339578 0.006540 
1723.872387 0.006699 
1722.405195 0.007205 
1720.938004 0.007260 
1719.470812 0.007641 
1718.003621 0.007701 
1716.536429 0.007923 
1715.069238 0.008310 
1713.602046 0.008337 
1712.134855 0.008756 
1710.667663 0.008861 
1709.200472 0.009055 
1707.733280 0.009334 
1706.266089 0.009308 
1704.798897 0.009735 
1703.331706 0.009816 
1701.864514 0.010013 
1700.397323 0.010006 
1698.930131 0.010200 
1697.462940 0.010588 
1695.995748 0.010212 
1694.528557 0.010698 
1693.061365 0.010865 
1691.594174 0.010804 
1690.126982 0.011096 
1688.659791 0.010989 
1687.192599 0.011219 
1685.725408 0.011162 
1684.258216 0.011050 
1682.791025 0.011465 
1681.323833 0.011296 
1679.856642 0.011538 
1678.389450 0.011453 
1676.922259 0.011430 
1675.455067 0.011475 
1673.987876 0.011352 
1672.520684 0.011560 
1671.053493 0.011437 
1669.586301 0.011385 
1668.119110 0.011580 
1666.651918 0.011426 
1665.184727 0.011600 
1663.717535 0.011372 
1662.250344 0.011407 
1660.783152 0.011383 
1659.315961 0.011170 
1657.848769 0.011263 
1656.381578 0.010859 
1654.914386 0.010787 
1653.447195 0.010379 
1651.980003 0.010261 
1650.512812 0.010379 
1649.045620 0.009999 
1647.578429 0.009961 
1646.111237 0.009627 
1644.644046 0.009568 
1643.176854 0.009579 
1641.709663 0.009181 
1640.242471 0.009261 
1638.775280 0.008962 
1637.308088 0.008850 
1635.840897 0.008744 
1634.373706 0.008597 
1632.906514 0.008722 
1631.439323 0.008466 
1629.972131 0.008423 
1628.504940 0.008372 
1627.037748 0.008136 
1625.570557 0.008296 
1624.103365 0.008053 
1622.636174 0.008157 
1621.168982 0.008040 
1619.701791 0.007817 
1618.234599 0.007847 
1616.767408 0.007308 
1615.300216 0.007641 
1613.833025 0.007562 
1612.365833 0.007370 
1610.898642 0.007425 
1609.431450 0.007156 
1607.964259 0.007311 
1606.497067 0.007125 
1605.029876 0.007125 
1603.562684 0.007082 
1602.095493 0.006858 
1600.628301 0.006994 
1599.161110 0.006738 
1597.693918 0.006683 
1596.226727 0.006644 
1594.759535 0.006399 
1593.292344 0.006580 
1591.825152 0.006339 
1590.357961 0.006369 
1588.890769 0.006322 
1587.423578 0.006212 
1585.956386 0.006308 
1584.489195 0.006075 
1583.022003 0.006159 
1581.554812 0.006073 
1580.087620 0.005946 
1578.620429 0.006039 
1577.153237 0.005701 
1575.686046 0.005731 
1574.218854 0.005725 
1572.751663 0.005714 
1571.284471 0.005718 
1569.817280 0.005398 
1568.350088 0.005627 
1566.882897 0.005422 
1565.415705 0.005451 
1563.948514 0.005365 
1562.481322 0.005179 
1561.014131 0.005212 
1559.546939 0.004766 
1558.079748 0.004784 
1556.612556 0.004861 
1555.145365 0.004683 
1553.678173 0.004708 
1552.210982 0.004537 
1550.743790 0.004563 
1549.276599 0.004445 
1547.809407 0.004382 
1546.342216 0.004400 
1544.875024 0.004095 
1543.407833 0.004227 
1541.940641 0.003876 
1540.473450 0.003842 
1539.006258 0.003771 
1537.539067 0.003793 
1536.071875 0.003920 
1534.604684 0.003728 
1533.137492 0.003745 
1531.670301 0.003750 
1530.203109 0.003653 
1528.735918 0.003728 
1527.268726 0.003564 
1525.801535 0.003666 
1524.334343 0.003553 
1522.867152 0.003422 
1521.399960 0.003442 
1519.932769 0.003353 
1518.465577 0.003478 
1516.998386 0.003328 
1515.531194 0.003362 
1514.064003 0.003449 
1512.596811 0.003316 
1511.129620 0.003528 
1509.662428 0.003413 
1508.195237 0.003458 
1506.728045 0.003457 
1505.260854 0.003395 
1503.793662 0.003763 
1502.326471 0.003681 
1500.859279 0.003784 
1499.392088 0.003866 
1497.924896 0.003799 
1496.457705 0.003876 
1494.990513 0.003926 
1493.523322 0.004060 
1492.056130 0.004077 
1490.588939 0.004009 
1489.121747 0.004243 
1487.654556 0.004082 
1486.187364 0.004291 
1484.720173 0.004201 
1483.252981 0.004274 
1481.785790 0.004297 
1480.318598 0.004206 
1478.851407 0.004356 
1477.384215 0.004226 
1475.917024 0.004227 
1474.449832 0.004289 
1472.982641 0.004155 
1471.515449 0.004305 
1470.048258 0.004189 
1468.581066 0.004250 
1467.113875 0.004252 
1465.646683 0.004091 
1464.179492 0.004209 
1462.712300 0.004038 
1461.245109 0.004116 
1459.777917 0.004057 
1458.310726 0.003902 
1456.843534 0.003856 
1455.376343 0.003839 
1453.909151 0.003997 
1452.441960 0.003814 
1450.974768 0.003854 
1449.507577 0.003875 
1448.040385 0.003724 
1446.573194 0.003858 
1445.106002 0.003695 
1443.638811 0.003736 
1442.171619 0.003680 
1440.704428 0.003581 
1439.237236 0.003695 
1437.770045 0.003498 
1436.302853 0.003542 
1434.835662 0.003600 
1433.368470 0.003557 
1431.901279 0.003694 
1430.434087 0.003533 
1428.966896 0.003704 
1427.499704 0.003670 
1426.032513 0.003643 
1424.565321 0.003821 
1423.098130 0.003737 
1421.630938 0.003967 
1420.163747 0.003848 
1418.696555 0.004005 
1417.229364 0.004174 
1415.762172 0.004225 
1414.294981 0.004477 
1412.827789 0.004438 
1411.360598 0.004625 
1409.893406 0.004685 
1408.426215 0.004673 
1406.959023 0.004900 
1405.491832 0.004789 
1404.024640 0.004894 
1402.557449 0.004837 
1401.090257 0.004722 
1399.623066 0.004770 
1398.155874 0.004512 
1396.688683 0.004580 
1395.221491 0.004303 
1393.754300 0.004180 
1392.287108 0.004156 
1390.819917 0.003817 
1389.352725 0.003898 
1387.885534 0.003594 
1386.418342 0.003562 
1384.951151 0.003629 
1383.483959 0.003948 
1382.016768 0.003718 
1380.549576 0.003444 
1379.082385 0.003544 
1377.615193 0.003500 
1376.148002 0.003503 
1374.680811 0.003710 
1373.213619 0.003645 
1371.746428 0.003824 
1370.279236 0.003839 
1368.812045 0.003789 
1367.344853 0.003920 
1365.877662 0.003739 
1364.410470 0.003876 
1362.943279 0.003651 
1361.476087 0.003603 
1360.008896 0.003628 
1358.541704 0.003319 
1357.074513 0.003364 
1355.607321 0.003011 
1354.140130 0.002942 
1352.672938 0.002691 
1351.205747 0.002360 
1349.738555 0.002322 
1348.271364 0.001954 
1346.804172 0.001829 
1345.336981 0.001651 
1343.869789 0.001422 
1342.402598 0.001426 
1340.935406 0.001118 
1339.468215 0.001202 
1338.001023 0.001126 
1336.533832 0.001004 
1335.066640 0.001129 
1333.599449 0.000924 
1332.132257 0.001101 
1330.665066 0.000974 
1329.197874 0.000975 
1327.730683 0.001054 
1326.263491 0.000961 
1324.796300 0.001215 
1323.329108 0.001110 
1321.861917 0.001237 
1320.394725 0.001343 
1318.927534 0.001290 
1317.460342 0.001558 
1315.993151 0.001391 
1314.525959 0.001564 
1313.058768 0.001498 
1311.591576 0.001408 
1310.124385 0.001589 
1308.657193 0.001382 
1307.190002 0.001562 
1305.722810 0.001511 
1304.255619 0.001483 
1302.788427 0.001646 
1301.321236 0.001357 
1299.854044 0.001615 
1298.386853 0.001406 
1296.919661 0.001431 
1295.452470 0.001502 
1293.985278 0.001354 
1292.518087 0.001499 
1291.050895 0.001268 
1289.583704 0.001335 
1288.116512 0.001349 
1286.649321 0.001188 
1285.182129 0.001352 
1283.714938 0.001056 
1282.247746 0.001165 
1280.780555 0.001007 
1279.313363 0.000787 
1277.846172 0.000880 
1276.378980 0.000730 
1274.911789 0.000604 
1273.444597 0.000267 
1271.977406 0.000141 
1270.510214 0.000171 
1269.043023 -0.000185 
1267.575831 -0.000078 
1266.108640 -0.000318 
1264.641448 -0.000328 
1263.174257 -0.000295 
1261.707065 -0.000478 
1260.239874 -0.000207 
1258.772682 -0.000407 
1257.305491 -0.000215 
1255.838299 -0.000192 
1254.371108 -0.000253 
1252.903916 -0.000029 
1251.436725 -0.000324 
1249.969533 -0.000148 
1248.502342 -0.000229 
1247.035150 -0.000253 
1245.567959 -0.000058 
1244.100767 -0.000278 
1242.633576 -0.000030 
1241.166384 -0.000085 
1239.699193 -0.000031 
1238.232001 0.000100 
1236.764810 -0.000100 
1235.297618 0.000110 
1233.830427 -0.000165 
1232.363235 0.000081 
1230.896044 0.000274 
1229.428852 0.000326 
1227.961661 0.000783 
1226.494469 0.000803 
1225.027278 0.001055 
1223.560086 0.001102 
1222.092895 0.001039 
1220.625703 0.001218 
1219.158512 0.000910 
1217.691320 0.001044 
1216.224129 0.000901 
1214.756937 0.000918 
1213.289746 0.001071 
1211.822554 0.000838 
1210.355363 0.001085 
1208.888171 0.000916 
1207.420980 0.000934 
1205.953788 0.000985 
1204.486597 0.000764 
1203.019405 0.001034 
1201.552214 0.000791 
1200.085022 0.000899 
1198.617831 0.000860 
1197.150639 0.000712 
1195.683448 0.000880 
1194.216256 0.000532 
1192.749065 0.000715 
1191.281873 0.000623 
1189.814682 0.000503 
1188.347490 0.000647 
1186.880299 0.000438 
1185.413107 0.000602 
1183.945916 0.000474 
1182.478724 0.000444 
1181.011533 0.000533 
1179.544341 0.000320 
1178.077150 0.000579 
1176.609958 0.000357 
1175.142767 0.000378 
1173.675575 0.000433 
1172.208384 0.000192 
1170.741192 0.000446 
1169.274001 0.000221 
1167.806809 0.000381 
1166.339618 0.000353 
1164.872426 0.000272 
1163.405235 0.000495 
1161.938043 0.000245 
1160.470852 0.000440 
1159.003660 0.000291 
1157.536469 0.000280 
1156.069277 0.000395 
1154.602086 0.000116 
1153.134894 0.000366 
1151.667703 0.000229 
1150.200511 0.000202 
1148.733320 0.000377 
1147.266128 0.000173 
1145.798937 0.000461 
1144.331745 0.000276 
1142.864554 0.000381 
1141.397362 0.000369 
1139.930171 0.000231 
1138.462979 0.000507 
1136.995788 0.000189 
1135.528596 0.000386 
1134.061405 0.000380 
1132.594213 0.000252 
1131.127022 0.000492 
1129.659830 0.000259 
1128.192639 0.000621 
1126.725447 0.000405 
1125.258256 0.000397 
1123.791064 0.000536 
1122.323873 0.000278 
1120.856681 0.000514 
1119.389490 0.000282 
1117.922298 0.000334 
1116.455107 0.000388 
1114.987916 0.000122 
1113.520724 0.000378 
1112.053533 0.000137 
1110.586341 0.000360 
1109.119150 0.000314 
1107.651958 0.000157 
1106.184767 0.000447 
1104.717575 0.000150 
1103.250384 0.000314 
1101.783192 0.000196 
1100.316001 0.000106 
1098.848809 0.000330 
1097.381618 -0.000090 
1095.914426 0.000265 
1094.447235 0.000057 
1092.980043 0.000050 
1091.512852 0.000187 
1090.045660 -0.000012 
1088.578469 0.000366 
1087.111277 -0.000024 
1085.644086 0.000117 
1084.176894 0.000215 
1082.709703 -0.000043 
1081.242511 0.000260 
1079.775320 -0.000184 
1078.308128 0.000123 
1076.840937 -0.000022 
1075.373745 -0.000103 
1073.906554 0.000247 
1072.439362 -0.000123 
1070.972171 0.000245 
1069.504979 0.000096 
1068.037788 0.000067 
1066.570596 0.000368 
1065.103405 0.000000 
1063.636213 0.000342 
1062.169022 0.000001 
1060.701830 0.000141 
1059.234639 0.000263 
1057.767447 -0.000054 
1056.300256 0.000284 
1054.833064 -0.000041 
1053.365873 0.000223 
1051.898681 0.000202 
1050.431490 0.000121 
1048.964298 0.001013 
1047.497107 0.001862 
1046.029915 0.002412 
1044.562724 0.001680 
1043.095532 0.001164 
1041.628341 0.001237 
1040.161149 0.000726 
1038.693958 0.001077 
1037.226766 0.000676 
1035.759575 0.000475 
1034.292383 0.000457 
1032.825192 -0.000050 
1031.358000 0.000284 
1029.890809 -0.000182 
1028.423617 -0.000037 
1026.956426 0.000085 
1025.489234 -0.000269 
1024.022043 0.000010 
1022.554851 -0.000475 
1021.087660 -0.000176 
1019.620468 -0.000181 
1018.153277 -0.000428 
1016.686085 0.000122 
1015.218894 -0.000277 
1013.751702 0.000206 
1012.284511 0.000057 
1010.817319 0.000126 
1009.350128 0.000471 
1007.882936 -0.000022 
1006.415745 0.000460 
1004.948553 0.000186 
1003.481362 0.000341 
1002.014170 0.000529 
1000.546979 0.000292 
999.079787 0.000824 
997.612596 0.000461 
996.145404 0.000847 
994.678213 0.000978 
993.211021 0.000838 
991.743830 0.001349 
990.276638 0.001057 
988.809447 0.001534 
987.342255 0.001503 
985.875064 0.001583 
984.407872 0.002044 
982.940681 0.001620 
981.473489 0.002265 
980.006298 0.002243 
978.539106 0.002420 
977.071915 0.002931 
975.604723 0.002813 
974.137532 0.003600 
972.670340 0.003363 
971.203149 0.003701 
969.735957 0.004226 
968.268766 0.003873 
966.801574 0.004571 
965.334383 0.004266 
963.867191 0.004884 
962.400000 0.005098 
960.932808 0.005054 
959.465617 0.005797 
957.998425 0.005621 
956.531234 0.006446 
955.064042 0.006527 
953.596851 0.006780 
952.129659 0.007286 
950.662468 0.007169 
949.195276 0.007886 
947.728085 0.007764 
946.260893 0.008125 
944.793702 0.008652 
943.326510 0.008435 
941.859319 0.009176 
940.392127 0.009219 
938.924936 0.009682 
937.457744 0.010139 
935.990553 0.010041 
934.523361 0.011111 
933.056170 0.010829 
931.588978 0.011160 
930.121787 0.011559 
928.654595 0.011600 
927.187404 0.012138 
925.720212 0.011822 
924.253021 0.012765 
922.785829 0.012811 
921.318638 0.013020 
919.851446 0.013671 
918.384255 0.013529 
916.917063 0.014379 
915.449872 0.014214 
913.982680 0.014578 
912.515489 0.015140 
911.048297 0.014938 
909.581106 0.015612 
908.113914 0.015424 
906.646723 0.016023 
905.179531 0.016170 
903.712340 0.016282 
902.245148 0.016982 
900.777957 0.016836 
899.310765 0.017358 
897.843574 0.017626 
896.376382 0.017769 
894.909191 0.018507 
893.441999 0.018263 
891.974808 0.018807 
890.507616 0.018788 
889.040425 0.019010 
887.573233 0.019517 
886.106042 0.019170 
884.638850 0.019977 
883.171659 0.019856 
881.704467 0.020305 
880.237276 0.020864 
878.770084 0.020690 
877.302893 0.021453 
875.835701 0.021067 
874.368510 0.021665 
872.901318 0.021770 
871.434127 0.021574 
869.966935 0.022187 
868.499744 0.021713 
867.032552 0.022264 
865.565361 0.022172 
864.098169 0.022223 
862.630978 0.022883 
861.163786 0.022536 
859.696595 0.023348 
858.229404 0.023154 
856.762212 0.023284 
855.295021 0.023634 
853.827829 0.023461 
852.360638 0.024113 
850.893446 0.023575 
849.426255 0.024061 
847.959063 0.024273 
846.491872 0.023910 
845.024680 0.024612 
843.557489 0.024322 
842.090297 0.024808 
840.623106 0.024826 
839.155914 0.024773 
837.688723 0.025457 
836.221531 0.025045 
834.754340 0.025518 
833.287148 0.025387 
831.819957 0.025605 
830.352765 0.026179 
828.885574 0.025615 
827.418382 0.026346 
825.951191 0.026082 
824.483999 0.026256 
823.016808 0.026702 
821.549616 0.026544 
820.082425 0.027263 
818.615233 0.026688 
817.148042 0.027115 
815.680850 0.027318 
814.213659 0.026953 
812.746467 0.027329 
811.279276 0.026907 
809.812084 0.027204 
808.344893 0.026971 
806.877701 0.026799 
805.410510 0.027006 
803.943318 0.026208 
802.476127 0.026836 
801.008935 0.026392 
799.541744 0.026396 
798.074552 0.026498 
796.607361 0.025778 
795.140169 0.026238 
793.672978 0.025583 
792.205786 0.025793 
790.738595 0.025874 
789.271403 0.025444 
787.804212 0.026095 
786.337020 0.025499 
784.869829 0.026014 
783.402637 0.025896 
781.935446 0.025742 
780.468254 0.026225 
779.001063 0.025508 
777.533871 0.026078 
776.066680 0.025544 
774.599488 0.025521 
773.132297 0.025925 
771.665105 0.025055 
770.197914 0.025841 
768.730722 0.025390 
767.263531 0.025627 
765.796339 0.025771 
764.329148 0.025367 
762.861956 0.025904 
761.394765 0.025135 
759.927573 0.025334 
758.460382 0.025237 
756.993190 0.024895 
755.525999 0.025043 
754.058807 0.024153 
752.591616 0.024597 
751.124424 0.024274 
749.657233 0.024368 
748.190041 0.024223 
746.722850 0.023610 
745.255658 0.024206 
743.788467 0.023517 
742.321275 0.023428 
740.854084 0.023387 
739.386892 0.022872 
737.919701 0.023041 
736.452509 0.022137 
734.985318 0.022561 
733.518126 0.022260 
732.050935 0.021690 
730.583743 0.021910 
729.116552 0.021376 
727.649360 0.021654 
726.182169 0.021132 
724.714977 0.020753 
723.247786 0.021083 
721.780594 0.020166 
720.313403 0.020608 
718.846211 0.019806 
717.379020 0.019685 
715.911828 0.019460 
714.444637 0.018886 
712.977445 0.019104 
711.510254 0.018395 
710.043062 0.018740 
708.575871 0.018216 
707.108679 0.017741 
705.641488 0.018160 
704.174296 0.017159 
702.707105 0.017282 
701.239913 0.016263 
699.772722 0.016192 
698.305530 0.015960 
696.838339 0.015291 
695.371147 0.015409 
693.903956 0.014390 
692.436764 0.014448 
690.969573 0.014226 
689.502381 0.013312 
688.035190 0.013955 
686.567998 0.012656 
685.100807 0.012552 
683.633615 0.011518 
682.166424 0.011253 
680.699232 0.010721 
679.232041 0.009494 
677.764849 0.009969 
676.297658 0.014663 
674.830466 0.028274 
673.363275 0.042205 
671.896083 0.053627 
670.428892 0.063082 
668.961700 0.072283 
667.494509 0.081961 
666.027317 0.091730 
664.560126 0.106544 
663.092934 0.128943 
661.625743 0.168526 
660.158551 0.204135 
658.691360 0.171029 
657.224168 0.133487 
655.756977 0.177385 
654.289785 0.208958 
652.822594 0.121203 
651.355402 0.073658 
649.888211 0.055947 
648.421019 0.045586 
646.953828 0.038192 
645.486636 0.035152 
644.019445 0.029936 
642.552253 0.028084 
641.085062 0.027751 
639.617870 0.026039 
638.150679 0.027423 
636.683487 0.021389 
635.216296 0.019458 
633.749104 0.018610 
632.281913 0.017228 
630.814721 0.017192 
629.347530 0.014478 
627.880338 0.015300 
626.413147 0.013166 
624.945955 0.012811 
623.478764 0.013048 
622.011572 0.010519 
620.544381 0.010995 
619.077189 0.010025 
617.609998 0.008503 
616.142806 0.009479 
614.675615 0.008044 
613.208423 0.007647 
611.741232 0.007280 
610.274040 0.006735 
608.806849 0.004682 
607.339657 0.004846 
605.872466 0.004208 
604.405274 0.004866 
602.938083 0.002404 
601.470891 0.001406 
600.003700 -0.000123 
