5000.111000 -0.000400 
4998.643809 0.000667 
4997.176617 -0.000365 
4995.709426 -0.000449 
4994.242234 -0.000739 
4992.775043 -0.000123 
4991.307851 -0.000500 
4989.840660 -0.000685 
4988.373468 0.000025 
4986.906277 -0.000623 
4985.439085 -0.000710 
4983.971894 -0.001657 
4982.504702 -0.000989 
4981.037511 -0.000378 
4979.570319 -0.001435 
4978.103128 -0.000042 
4976.635936 -0.000676 
4975.168745 -0.000386 
4973.701553 -0.000999 
4972.234362 -0.000599 
4970.767170 -0.000179 
4969.299979 -0.000360 
4967.832787 -0.000893 
4966.365596 -0.000652 
4964.898404 -0.000808 
4963.431213 -0.000609 
4961.964021 -0.000196 
4960.496830 0.000088 
4959.029638 -0.000493 
4957.562447 -0.000324 
4956.095255 -0.000199 
4954.628064 -0.000570 
4953.160872 -0.000811 
4951.693681 -0.000081 
4950.226489 0.000352 
4948.759298 0.000539 
4947.292106 -0.000093 
4945.824915 -0.000049 
4944.357723 0.000106 
4942.890532 -0.000102 
4941.423340 0.000161 
4939.956149 0.000389 
4938.488957 0.001731 
4937.021766 0.000549 
4935.554574 -0.000205 
4934.087383 0.000990 
4932.620191 -0.000166 
4931.153000 0.000563 
4929.685808 -0.000015 
4928.218617 0.000976 
4926.751425 0.000058 
4925.284234 -0.000414 
4923.817042 0.000405 
4922.349851 0.001074 
4920.882659 0.000892 
4919.415468 -0.000043 
4917.948276 0.001074 
4916.481085 0.000712 
4915.013893 0.000463 
4913.546702 0.000585 
4912.079510 0.000527 
4910.612319 0.000614 
4909.145127 0.000616 
4907.677936 -0.000008 
4906.210744 0.000083 
4904.743553 0.000192 
4903.276361 0.000991 
4901.809170 0.000724 
4900.341978 0.000400 
4898.874787 0.000974 
4897.407595 0.000323 
4895.940404 0.000504 
4894.473212 0.001139 
4893.006021 -0.000136 
4891.538829 0.000063 
4890.071638 0.000307 
4888.604446 0.000394 
4887.137255 0.000341 
4885.670063 0.001322 
4884.202872 0.000465 
4882.735680 0.000512 
4881.268489 0.000237 
4879.801297 0.000284 
4878.334106 0.000166 
4876.866914 -0.000015 
4875.399723 0.000307 
4873.932531 0.001372 
4872.465340 0.000904 
4870.998148 -0.000274 
4869.530957 0.000372 
4868.063765 0.000245 
4866.596574 0.000725 
4865.129382 0.000666 
4863.662191 0.000385 
4862.194999 0.000526 
4860.727808 0.000349 
4859.260616 0.000587 
4857.793425 0.000268 
4856.326233 0.000337 
4854.859042 -0.000190 
4853.391850 0.000218 
4851.924659 -0.000111 
4850.457467 0.000027 
4848.990276 0.000806 
4847.523084 0.000732 
4846.055893 0.000308 
4844.588701 0.000779 
4843.121510 0.000287 
4841.654318 0.000506 
4840.187127 0.000316 
4838.719935 -0.000089 
4837.252744 0.000678 
4835.785552 -0.000601 
4834.318361 0.000335 
4832.851169 0.000160 
4831.383978 0.000025 
4829.916786 -0.000379 
4828.449595 -0.000572 
4826.982403 0.000752 
4825.515212 0.000171 
4824.048020 0.000471 
4822.580829 0.000339 
4821.113637 -0.000136 
4819.646446 0.000167 
4818.179254 0.000583 
4816.712063 0.000188 
4815.244871 0.000867 
4813.777680 0.000494 
4812.310488 0.000088 
4810.843297 -0.000175 
4809.376105 -0.000231 
4807.908914 -0.000208 
4806.441722 0.000089 
4804.974531 0.000329 
4803.507339 0.000721 
4802.040148 0.000534 
4800.572956 0.000698 
4799.105765 0.000337 
4797.638573 -0.000067 
4796.171382 -0.000333 
4794.704190 0.000409 
4793.236999 -0.000454 
4791.769807 -0.000333 
4790.302616 0.000260 
4788.835424 -0.000053 
4787.368233 -0.000115 
4785.901041 0.000281 
4784.433850 -0.000653 
4782.966658 0.000271 
4781.499467 0.000090 
4780.032275 -0.000160 
4778.565084 0.000066 
4777.097892 -0.000006 
4775.630701 0.000006 
4774.163509 -0.000201 
4772.696318 -0.000191 
4771.229126 -0.000182 
4769.761935 -0.000435 
4768.294743 -0.000810 
4766.827552 -0.000246 
4765.360360 -0.000098 
4763.893169 -0.000055 
4762.425977 0.000004 
4760.958786 -0.000520 
4759.491594 0.000210 
4758.024403 -0.000580 
4756.557211 0.000029 
4755.090020 -0.000327 
4753.622828 0.000768 
4752.155637 -0.000395 
4750.688445 -0.000421 
4749.221254 -0.000839 
4747.754062 -0.000152 
4746.286871 -0.000044 
4744.819679 0.000676 
4743.352488 0.000478 
4741.885296 -0.000391 
4740.418105 -0.000490 
4738.950914 -0.000557 
4737.483722 -0.000028 
4736.016531 0.000207 
4734.549339 -0.000311 
4733.082148 -0.000966 
4731.614956 -0.000335 
4730.147765 0.000379 
4728.680573 0.000601 
4727.213382 -0.000007 
4725.746190 -0.000113 
4724.278999 0.000085 
4722.811807 0.000202 
4721.344616 -0.000187 
4719.877424 -0.000034 
4718.410233 -0.000024 
4716.943041 -0.000485 
4715.475850 0.000627 
4714.008658 0.000118 
4712.541467 -0.000232 
4711.074275 -0.000146 
4709.607084 -0.000084 
4708.139892 0.000426 
4706.672701 0.000323 
4705.205509 0.000944 
4703.738318 0.000069 
4702.271126 0.000150 
4700.803935 0.000342 
4699.336743 -0.000150 
4697.869552 0.000030 
4696.402360 -0.000617 
4694.935169 0.000135 
4693.467977 -0.000453 
4692.000786 0.000567 
4690.533594 0.000039 
4689.066403 0.000799 
4687.599211 0.000223 
4686.132020 0.000459 
4684.664828 0.000421 
4683.197637 0.000689 
4681.730445 0.000993 
4680.263254 0.000902 
4678.796062 0.001195 
4677.328871 0.000997 
4675.861679 0.001075 
4674.394488 0.000810 
4672.927296 0.000429 
4671.460105 0.000430 
4669.992913 0.000927 
4668.525722 0.000481 
4667.058530 -0.000091 
4665.591339 -0.000212 
4664.124147 -0.000002 
4662.656956 -0.000235 
4661.189764 0.000968 
4659.722573 0.000319 
4658.255381 -0.000230 
4656.788190 0.000365 
4655.320998 0.000176 
4653.853807 0.000316 
4652.386615 0.000184 
4650.919424 0.000091 
4649.452232 0.000362 
4647.985041 0.000137 
4646.517849 -0.000232 
4645.050658 -0.000035 
4643.583466 0.001135 
4642.116275 0.000223 
4640.649083 0.000531 
4639.181892 0.000522 
4637.714700 0.000709 
4636.247509 0.000617 
4634.780317 0.000634 
4633.313126 0.000685 
4631.845934 0.000774 
4630.378743 0.000501 
4628.911551 0.000561 
4627.444360 0.000900 
4625.977168 0.000947 
4624.509977 0.001044 
4623.042785 0.000984 
4621.575594 0.000617 
4620.108402 0.000942 
4618.641211 0.001273 
4617.174019 0.001347 
4615.706828 0.000782 
4614.239636 0.000704 
4612.772445 0.001099 
4611.305253 0.001623 
4609.838062 0.000899 
4608.370870 0.001808 
4606.903679 0.001403 
4605.436487 0.002016 
4603.969296 0.001741 
4602.502104 0.001582 
4601.034913 0.001723 
4599.567721 0.001440 
4598.100530 0.001641 
4596.633338 0.002020 
4595.166147 0.002427 
4593.698955 0.001966 
4592.231764 0.002645 
4590.764572 0.002249 
4589.297381 0.002343 
4587.830189 0.002392 
4586.362998 0.002349 
4584.895806 0.002534 
4583.428615 0.002241 
4581.961423 0.002732 
4580.494232 0.002713 
4579.027040 0.002879 
4577.559849 0.002778 
4576.092657 0.003560 
4574.625466 0.003876 
4573.158274 0.003381 
4571.691083 0.003556 
4570.223891 0.002999 
4568.756700 0.003634 
4567.289508 0.003583 
4565.822317 0.003717 
4564.355125 0.003385 
4562.887934 0.003504 
4561.420742 0.003662 
4559.953551 0.004330 
4558.486359 0.004452 
4557.019168 0.004122 
4555.551976 0.003178 
4554.084785 0.004318 
4552.617593 0.004055 
4551.150402 0.004493 
4549.683210 0.004369 
4548.216019 0.004485 
4546.748827 0.004972 
4545.281636 0.004255 
4543.814444 0.004274 
4542.347253 0.003878 
4540.880061 0.003951 
4539.412870 0.004142 
4537.945678 0.004472 
4536.478487 0.004631 
4535.011295 0.004463 
4533.544104 0.004646 
4532.076912 0.004494 
4530.609721 0.004733 
4529.142529 0.004198 
4527.675338 0.005138 
4526.208146 0.003863 
4524.740955 0.004207 
4523.273763 0.003857 
4521.806572 0.004746 
4520.339380 0.004805 
4518.872189 0.004125 
4517.404997 0.004446 
4515.937806 0.004173 
4514.470614 0.004412 
4513.003423 0.004191 
4511.536231 0.004058 
4510.069040 0.003686 
4508.601848 0.003730 
4507.134657 0.003651 
4505.667465 0.003837 
4504.200274 0.003671 
4502.733082 0.004084 
4501.265891 0.004013 
4499.798699 0.004214 
4498.331508 0.004344 
4496.864316 0.003474 
4495.397125 0.004130 
4493.929933 0.003675 
4492.462742 0.004218 
4490.995550 0.003650 
4489.528359 0.003626 
4488.061167 0.003073 
4486.593976 0.003354 
4485.126784 0.003160 
4483.659593 0.002577 
4482.192402 0.002530 
4480.725210 0.002548 
4479.258019 0.002080 
4477.790827 0.001857 
4476.323636 0.003240 
4474.856444 0.001961 
4473.389253 0.001888 
4471.922061 0.001718 
4470.454870 0.001350 
4468.987678 0.001619 
4467.520487 0.001016 
4466.053295 0.001257 
4464.586104 0.000979 
4463.118912 0.000536 
4461.651721 0.000852 
4460.184529 0.001110 
4458.717338 0.000941 
4457.250146 0.000580 
4455.782955 0.000394 
4454.315763 0.000578 
4452.848572 0.000443 
4451.381380 0.000194 
4449.914189 0.000551 
4448.446997 -0.000287 
4446.979806 0.000094 
4445.512614 0.000144 
4444.045423 -0.000030 
4442.578231 -0.000415 
4441.111040 -0.000564 
4439.643848 -0.000405 
4438.176657 -0.000154 
4436.709465 -0.000065 
4435.242274 0.000101 
4433.775082 -0.000654 
4432.307891 -0.000398 
4430.840699 -0.000402 
4429.373508 -0.000363 
4427.906316 -0.000799 
4426.439125 -0.000523 
4424.971933 -0.000600 
4423.504742 -0.001184 
4422.037550 -0.000347 
4420.570359 -0.000764 
4419.103167 -0.000647 
4417.635976 -0.000721 
4416.168784 -0.000722 
4414.701593 0.000015 
4413.234401 -0.000587 
4411.767210 -0.000458 
4410.300018 -0.001235 
4408.832827 -0.000846 
4407.365635 -0.000691 
4405.898444 -0.000749 
4404.431252 -0.000681 
4402.964061 -0.001236 
4401.496869 -0.000798 
4400.029678 -0.001221 
4398.562486 -0.001143 
4397.095295 -0.000780 
4395.628103 -0.000833 
4394.160912 -0.000464 
4392.693720 -0.000733 
4391.226529 -0.000630 
4389.759337 -0.001131 
4388.292146 -0.001002 
4386.824954 -0.000923 
4385.357763 -0.000940 
4383.890571 -0.001238 
4382.423380 -0.000816 
4380.956188 -0.000724 
4379.488997 -0.000790 
4378.021805 -0.001269 
4376.554614 -0.000760 
4375.087422 -0.000728 
4373.620231 -0.001309 
4372.153039 -0.001317 
4370.685848 -0.001114 
4369.218656 -0.000999 
4367.751465 -0.001104 
4366.284273 -0.000571 
4364.817082 -0.001258 
4363.349890 -0.000938 
4361.882699 -0.001246 
4360.415507 -0.000928 
4358.948316 -0.000810 
4357.481124 -0.001221 
4356.013933 -0.001038 
4354.546741 -0.000993 
4353.079550 -0.000142 
4351.612358 -0.000931 
4350.145167 -0.000632 
4348.677975 -0.001439 
4347.210784 -0.000765 
4345.743592 -0.000758 
4344.276401 -0.001137 
4342.809209 -0.000819 
4341.342018 -0.000910 
4339.874826 -0.000802 
4338.407635 -0.001278 
4336.940443 -0.001156 
4335.473252 -0.000764 
4334.006060 -0.000175 
4332.538869 -0.000895 
4331.071677 -0.000886 
4329.604486 -0.000412 
4328.137294 -0.000462 
4326.670103 -0.000654 
4325.202911 -0.001159 
4323.735720 -0.000643 
4322.268528 -0.000982 
4320.801337 -0.001150 
4319.334145 -0.000844 
4317.866954 -0.000967 
4316.399762 -0.000596 
4314.932571 -0.000949 
4313.465379 -0.000318 
4311.998188 -0.000836 
4310.530996 -0.000795 
4309.063805 -0.000309 
4307.596613 0.000074 
4306.129422 -0.000310 
4304.662230 -0.000072 
4303.195039 -0.000390 
4301.727847 0.000085 
4300.260656 -0.000114 
4298.793464 -0.000131 
4297.326273 0.000242 
4295.859081 -0.000592 
4294.391890 0.000027 
4292.924698 -0.000599 
4291.457507 -0.000840 
4289.990315 -0.000698 
4288.523124 -0.000628 
4287.055932 -0.000749 
4285.588741 -0.000907 
4284.121549 -0.000617 
4282.654358 -0.000194 
4281.187166 -0.000189 
4279.719975 -0.000476 
4278.252783 -0.000703 
4276.785592 -0.001122 
4275.318400 -0.001119 
4273.851209 -0.002087 
4272.384017 -0.001315 
4270.916826 -0.001804 
4269.449634 -0.001386 
4267.982443 -0.001783 
4266.515251 -0.001406 
4265.048060 -0.001127 
4263.580868 -0.001697 
4262.113677 -0.001425 
4260.646485 -0.001984 
4259.179294 -0.001490 
4257.712102 -0.001822 
4256.244911 -0.000978 
4254.777719 -0.001367 
4253.310528 -0.001223 
4251.843336 -0.001036 
4250.376145 -0.001358 
4248.908953 -0.000476 
4247.441762 -0.000928 
4245.974570 -0.000779 
4244.507379 -0.000649 
4243.040187 -0.000548 
4241.572996 -0.001279 
4240.105804 -0.000944 
4238.638613 -0.000804 
4237.171421 -0.001569 
4235.704230 -0.001111 
4234.237038 -0.001205 
4232.769847 -0.001357 
4231.302655 -0.001319 
4229.835464 -0.000957 
4228.368272 -0.001397 
4226.901081 -0.001213 
4225.433889 -0.001257 
4223.966698 -0.001448 
4222.499507 -0.001787 
4221.032315 -0.001371 
4219.565124 -0.001722 
4218.097932 -0.001401 
4216.630741 -0.001308 
4215.163549 -0.001699 
4213.696358 -0.001624 
4212.229166 -0.001479 
4210.761975 -0.001040 
4209.294783 -0.001223 
4207.827592 -0.000952 
4206.360400 -0.000756 
4204.893209 -0.000638 
4203.426017 -0.000862 
4201.958826 -0.000657 
4200.491634 -0.000541 
4199.024443 -0.001186 
4197.557251 -0.000741 
4196.090060 -0.001183 
4194.622868 -0.000809 
4193.155677 -0.000638 
4191.688485 -0.000899 
4190.221294 -0.000908 
4188.754102 -0.001074 
4187.286911 -0.001010 
4185.819719 -0.001100 
4184.352528 -0.000946 
4182.885336 -0.001103 
4181.418145 -0.000934 
4179.950953 -0.001629 
4178.483762 -0.001260 
4177.016570 -0.001486 
4175.549379 -0.001510 
4174.082187 -0.001675 
4172.614996 -0.001250 
4171.147804 -0.001272 
4169.680613 -0.001239 
4168.213421 -0.000828 
4166.746230 -0.000995 
4165.279038 -0.001130 
4163.811847 -0.000808 
4162.344655 -0.001364 
4160.877464 -0.001126 
4159.410272 -0.000835 
4157.943081 -0.001036 
4156.475889 -0.001266 
4155.008698 -0.001399 
4153.541506 -0.001893 
4152.074315 -0.001298 
4150.607123 -0.002023 
4149.139932 -0.000889 
4147.672740 -0.001418 
4146.205549 -0.001627 
4144.738357 -0.001209 
4143.271166 -0.001595 
4141.803974 -0.002256 
4140.336783 -0.001107 
4138.869591 -0.001246 
4137.402400 -0.001718 
4135.935208 -0.001319 
4134.468017 -0.001297 
4133.000825 -0.000841 
4131.533634 -0.000990 
4130.066442 -0.000958 
4128.599251 -0.000969 
4127.132059 -0.000770 
4125.664868 -0.000922 
4124.197676 -0.000865 
4122.730485 -0.001209 
4121.263293 -0.001174 
4119.796102 -0.001154 
4118.328910 -0.001631 
4116.861719 -0.000966 
4115.394527 -0.001562 
4113.927336 -0.001187 
4112.460144 -0.001638 
4110.992953 -0.001388 
4109.525761 -0.001554 
4108.058570 -0.001252 
4106.591378 -0.001483 
4105.124187 -0.001579 
4103.656995 -0.001416 
4102.189804 -0.001512 
4100.722612 -0.001216 
4099.255421 -0.001638 
4097.788229 -0.001064 
4096.321038 -0.001220 
4094.853846 -0.001148 
4093.386655 -0.000804 
4091.919463 -0.001457 
4090.452272 -0.000987 
4088.985080 -0.001068 
4087.517889 -0.000404 
4086.050697 -0.000832 
4084.583506 -0.000766 
4083.116314 -0.000990 
4081.649123 -0.000613 
4080.181931 -0.000622 
4078.714740 -0.000852 
4077.247548 -0.000694 
4075.780357 -0.000258 
4074.313165 -0.000039 
4072.845974 -0.000779 
4071.378782 -0.000019 
4069.911591 -0.000125 
4068.444399 -0.000304 
4066.977208 -0.000432 
4065.510016 -0.000316 
4064.042825 -0.000575 
4062.575633 -0.000929 
4061.108442 -0.000370 
4059.641250 -0.000819 
4058.174059 -0.000706 
4056.706867 -0.001049 
4055.239676 -0.000427 
4053.772484 -0.000905 
4052.305293 -0.000911 
4050.838101 -0.000814 
4049.370910 -0.000852 
4047.903718 -0.000952 
4046.436527 -0.000873 
4044.969335 -0.000685 
4043.502144 -0.000718 
4042.034952 -0.001009 
4040.567761 -0.001112 
4039.100569 -0.000628 
4037.633378 -0.001084 
4036.166186 -0.001092 
4034.698995 -0.000726 
4033.231803 -0.000505 
4031.764612 -0.000795 
4030.297420 -0.001099 
4028.830229 -0.000419 
4027.363037 -0.000508 
4025.895846 -0.000425 
4024.428654 -0.000421 
4022.961463 -0.000478 
4021.494271 -0.000971 
4020.027080 -0.000719 
4018.559888 -0.000670 
4017.092697 -0.000268 
4015.625505 -0.000580 
4014.158314 -0.000022 
4012.691122 -0.000385 
4011.223931 -0.000838 
4009.756739 -0.000170 
4008.289548 -0.000189 
4006.822356 -0.000160 
4005.355165 -0.000628 
4003.887973 -0.000262 
4002.420782 -0.000563 
4000.953590 0.000117 
3999.486399 -0.000017 
3998.019207 -0.000400 
3996.552016 0.000564 
3995.084824 -0.000422 
3993.617633 0.000073 
3992.150441 -0.000619 
3990.683250 0.000058 
3989.216058 -0.000061 
3987.748867 0.000196 
3986.281675 0.000290 
3984.814484 0.000157 
3983.347292 -0.000004 
3981.880101 -0.000344 
3980.412909 0.000252 
3978.945718 0.000106 
3977.478526 0.000259 
3976.011335 -0.000071 
3974.544143 0.000127 
3973.076952 -0.000046 
3971.609760 0.000107 
3970.142569 0.000026 
3968.675377 -0.000417 
3967.208186 -0.000055 
3965.740994 -0.000187 
3964.273803 0.000097 
3962.806612 -0.000265 
3961.339420 0.000078 
3959.872229 -0.000321 
3958.405037 0.000150 
3956.937846 -0.000093 
3955.470654 -0.000026 
3954.003463 0.000062 
3952.536271 0.000125 
3951.069080 0.000453 
3949.601888 0.000539 
3948.134697 0.000611 
3946.667505 0.000087 
3945.200314 0.000436 
3943.733122 0.000303 
3942.265931 0.000628 
3940.798739 -0.000098 
3939.331548 0.000555 
3937.864356 0.000035 
3936.397165 -0.000141 
3934.929973 0.000590 
3933.462782 0.000263 
3931.995590 0.000297 
3930.528399 -0.000003 
3929.061207 0.000325 
3927.594016 0.000073 
3926.126824 0.000185 
3924.659633 -0.000145 
3923.192441 0.000300 
3921.725250 -0.000186 
3920.258058 0.000072 
3918.790867 0.000106 
3917.323675 -0.000118 
3915.856484 -0.000153 
3914.389292 -0.000284 
3912.922101 0.000218 
3911.454909 -0.000379 
3909.987718 -0.000367 
3908.520526 -0.000479 
3907.053335 -0.000468 
3905.586143 0.000014 
3904.118952 -0.000118 
3902.651760 -0.000178 
3901.184569 0.000028 
3899.717377 0.000133 
3898.250186 -0.000629 
3896.782994 -0.000391 
3895.315803 -0.000889 
3893.848611 -0.000757 
3892.381420 -0.000652 
3890.914228 -0.000137 
3889.447037 -0.000802 
3887.979845 -0.001156 
3886.512654 -0.000542 
3885.045462 -0.000809 
3883.578271 -0.000662 
3882.111079 -0.000778 
3880.643888 -0.000270 
3879.176696 -0.000796 
3877.709505 -0.000726 
3876.242313 -0.001026 
3874.775122 -0.000472 
3873.307930 -0.000203 
3871.840739 -0.000863 
3870.373547 0.000369 
3868.906356 0.000189 
3867.439164 0.000311 
3865.971973 -0.000330 
3864.504781 0.000675 
3863.037590 -0.000179 
3861.570398 0.000064 
3860.103207 0.000328 
3858.636015 0.000069 
3857.168824 0.000503 
3855.701632 -0.000110 
3854.234441 0.002442 
3852.767249 0.001161 
3851.300058 0.001790 
3849.832866 0.000331 
3848.365675 0.000431 
3846.898483 -0.000222 
3845.431292 0.000244 
3843.964100 0.000413 
3842.496909 0.000071 
3841.029717 0.000391 
3839.562526 0.000028 
3838.095334 0.001119 
3836.628143 0.000366 
3835.160951 -0.000034 
3833.693760 -0.000364 
3832.226568 0.000187 
3830.759377 -0.000169 
3829.292185 -0.000391 
3827.824994 -0.000289 
3826.357802 -0.000212 
3824.890611 -0.000242 
3823.423419 -0.000346 
3821.956228 0.000454 
3820.489036 0.000425 
3819.021845 -0.000164 
3817.554653 -0.000693 
3816.087462 0.000701 
3814.620270 -0.000163 
3813.153079 -0.000588 
3811.685887 -0.000564 
3810.218696 -0.000675 
3808.751504 -0.000758 
3807.284313 -0.000289 
3805.817121 -0.000024 
3804.349930 -0.000797 
3802.882738 -0.000358 
3801.415547 0.000300 
3799.948355 -0.000201 
3798.481164 -0.001004 
3797.013972 -0.000542 
3795.546781 -0.000654 
3794.079589 -0.001083 
3792.612398 -0.000811 
3791.145206 -0.001043 
3789.678015 -0.000822 
3788.210823 -0.001401 
3786.743632 -0.001191 
3785.276440 -0.001253 
3783.809249 -0.000939 
3782.342057 -0.001309 
3780.874866 -0.000874 
3779.407674 -0.000571 
3777.940483 -0.000833 
3776.473291 -0.000560 
3775.006100 -0.001337 
3773.538908 -0.000517 
3772.071717 -0.001076 
3770.604525 -0.000680 
3769.137334 -0.000533 
3767.670142 -0.000127 
3766.202951 -0.000260 
3764.735759 -0.000122 
3763.268568 0.000209 
3761.801376 0.000236 
3760.334185 0.000693 
3758.866993 0.000753 
3757.399802 0.001417 
3755.932610 0.001307 
3754.465419 0.002005 
3752.998227 0.002633 
3751.531036 0.004238 
3750.063844 0.004011 
3748.596653 0.005275 
3747.129461 0.005397 
3745.662270 0.006278 
3744.195078 0.010082 
3742.727887 0.008520 
3741.260695 0.009770 
3739.793504 0.009865 
3738.326312 0.010070 
3736.859121 0.010438 
3735.391929 0.009777 
3733.924738 0.009569 
3732.457546 0.008323 
3730.990355 0.008106 
3729.523163 0.006780 
3728.055972 0.006501 
3726.588780 0.005709 
3725.121589 0.004920 
3723.654397 0.003988 
3722.187206 0.003658 
3720.720014 0.003406 
3719.252823 0.002701 
3717.785631 0.002297 
3716.318440 0.001495 
3714.851248 0.001723 
3713.384057 0.000554 
3711.916865 0.001381 
3710.449674 0.000548 
3708.982482 0.000620 
3707.515291 0.000215 
3706.048099 0.000047 
3704.580908 -0.000215 
3703.113717 -0.000185 
3701.646525 0.000199 
3700.179334 -0.000322 
3698.712142 0.000302 
3697.244951 0.000029 
3695.777759 0.000617 
3694.310568 0.000681 
3692.843376 0.000694 
3691.376185 0.000574 
3689.908993 0.000465 
3688.441802 0.001087 
3686.974610 -0.000333 
3685.507419 -0.000463 
3684.040227 -0.000714 
3682.573036 -0.000556 
3681.105844 -0.001331 
3679.638653 -0.000528 
3678.171461 -0.001342 
3676.704270 -0.000672 
3675.237078 -0.000282 
3673.769887 -0.001010 
3672.302695 -0.001223 
3670.835504 -0.000249 
3669.368312 -0.000271 
3667.901121 -0.000611 
3666.433929 -0.000668 
3664.966738 -0.001219 
3663.499546 -0.000514 
3662.032355 -0.001109 
3660.565163 -0.000370 
3659.097972 -0.000646 
3657.630780 -0.000126 
3656.163589 0.000684 
3654.696397 0.000265 
3653.229206 0.000993 
3651.762014 0.000963 
3650.294823 0.002139 
3648.827631 0.002277 
3647.360440 0.002893 
3645.893248 0.003003 
3644.426057 0.003502 
3642.958865 0.003953 
3641.491674 0.004720 
3640.024482 0.005250 
3638.557291 0.005280 
3637.090099 0.006930 
3635.622908 0.007228 
3634.155716 0.008445 
3632.688525 0.008530 
3631.221333 0.009579 
3629.754142 0.010546 
3628.286950 0.011551 
3626.819759 0.011926 
3625.352567 0.012336 
3623.885376 0.013188 
3622.418184 0.013441 
3620.950993 0.015056 
3619.483801 0.015156 
3618.016610 0.015951 
3616.549418 0.016281 
3615.082227 0.017556 
3613.615035 0.018114 
3612.147844 0.018676 
3610.680652 0.019084 
3609.213461 0.020178 
3607.746269 0.020788 
3606.279078 0.020853 
3604.811886 0.022088 
3603.344695 0.021918 
3601.877503 0.022655 
3600.410312 0.023057 
3598.943120 0.023869 
3597.475929 0.024138 
3596.008737 0.024499 
3594.541546 0.025927 
3593.074354 0.025914 
3591.607163 0.026653 
3590.139971 0.026608 
3588.672780 0.028266 
3587.205588 0.028493 
3585.738397 0.029162 
3584.271205 0.029579 
3582.804014 0.030193 
3581.336822 0.030882 
3579.869631 0.031307 
3578.402439 0.031993 
3576.935248 0.032361 
3575.468056 0.033238 
3574.000865 0.033863 
3572.533673 0.034974 
3571.066482 0.035404 
3569.599290 0.036460 
3568.132099 0.037781 
3566.664907 0.038379 
3565.197716 0.039339 
3563.730524 0.039740 
3562.263333 0.040939 
3560.796141 0.041719 
3559.328950 0.043088 
3557.861758 0.043552 
3556.394567 0.045679 
3554.927375 0.046206 
3553.460184 0.047839 
3551.992992 0.049051 
3550.525801 0.050118 
3549.058609 0.051624 
3547.591418 0.052701 
3546.124226 0.054660 
3544.657035 0.055646 
3543.189843 0.057475 
3541.722652 0.058992 
3540.255460 0.060706 
3538.788269 0.062106 
3537.321077 0.064080 
3535.853886 0.065675 
3534.386694 0.067373 
3532.919503 0.069173 
3531.452311 0.070744 
3529.985120 0.073124 
3528.517928 0.074727 
3527.050737 0.076615 
3525.583545 0.078337 
3524.116354 0.080938 
3522.649162 0.082224 
3521.181971 0.084985 
3519.714779 0.087100 
3518.247588 0.089356 
3516.780396 0.091400 
3515.313205 0.093277 
3513.846013 0.096115 
3512.378822 0.097344 
3510.911630 0.100413 
3509.444439 0.102269 
3507.977247 0.104783 
3506.510056 0.106739 
3505.042864 0.109522 
3503.575673 0.111816 
3502.108481 0.113587 
3500.641290 0.116414 
3499.174098 0.118417 
3497.706907 0.121711 
3496.239715 0.122997 
3494.772524 0.126243 
3493.305332 0.128081 
3491.838141 0.130816 
3490.370949 0.132933 
3488.903758 0.135296 
3487.436566 0.138240 
3485.969375 0.140309 
3484.502183 0.142926 
3483.034992 0.145029 
3481.567800 0.148019 
3480.100609 0.149491 
3478.633417 0.152362 
3477.166226 0.154782 
3475.699034 0.157691 
3474.231843 0.160342 
3472.764651 0.162259 
3471.297460 0.165791 
3469.830268 0.167637 
3468.363077 0.170697 
3466.895885 0.172877 
3465.428694 0.175785 
3463.961502 0.177908 
3462.494311 0.180429 
3461.027119 0.183368 
3459.559928 0.186046 
3458.092736 0.188928 
3456.625545 0.191126 
3455.158353 0.194385 
3453.691162 0.196053 
3452.223970 0.199101 
3450.756779 0.201871 
3449.289587 0.204669 
3447.822396 0.207121 
3446.355205 0.209705 
3444.888013 0.212526 
3443.420822 0.215206 
3441.953630 0.217807 
3440.486439 0.219661 
3439.019247 0.222979 
3437.552056 0.225443 
3436.084864 0.228473 
3434.617673 0.230755 
3433.150481 0.233957 
3431.683290 0.236450 
3430.216098 0.239133 
3428.748907 0.242155 
3427.281715 0.244732 
3425.814524 0.247527 
3424.347332 0.250753 
3422.880141 0.254537 
3421.412949 0.256530 
3419.945758 0.259789 
3418.478566 0.263013 
3417.011375 0.266831 
3415.544183 0.270157 
3414.076992 0.273703 
3412.609800 0.277837 
3411.142609 0.280982 
3409.675417 0.285025 
3408.208226 0.288098 
3406.741034 0.292276 
3405.273843 0.295249 
3403.806651 0.299426 
3402.339460 0.302494 
3400.872268 0.305123 
3399.405077 0.308048 
3397.937885 0.311266 
3396.470694 0.313806 
3395.003502 0.315481 
3393.536311 0.318159 
3392.069119 0.320004 
3390.601928 0.323022 
3389.134736 0.324352 
3387.667545 0.326623 
3386.200353 0.328095 
3384.733162 0.330396 
3383.265970 0.332001 
3381.798779 0.332941 
3380.331587 0.335007 
3378.864396 0.335582 
3377.397204 0.337195 
3375.930013 0.338407 
3374.462821 0.340561 
3372.995630 0.340405 
3371.528438 0.342053 
3370.061247 0.342450 
3368.594055 0.342904 
3367.126864 0.343523 
3365.659672 0.344110 
3364.192481 0.346072 
3362.725289 0.346161 
3361.258098 0.347507 
3359.790906 0.347961 
3358.323715 0.349252 
3356.856523 0.349568 
3355.389332 0.350486 
3353.922140 0.350318 
3352.454949 0.350958 
3350.987757 0.352002 
3349.520566 0.352537 
3348.053374 0.354495 
3346.586183 0.354134 
3345.118991 0.355649 
3343.651800 0.355150 
3342.184608 0.356286 
3340.717417 0.356989 
3339.250225 0.358059 
3337.783034 0.358742 
3336.315842 0.359302 
3334.848651 0.360170 
3333.381459 0.360456 
3331.914268 0.361958 
3330.447076 0.361826 
3328.979885 0.363392 
3327.512693 0.363941 
3326.045502 0.365362 
3324.578310 0.365948 
3323.111119 0.366601 
3321.643927 0.368412 
3320.176736 0.368860 
3318.709544 0.371202 
3317.242353 0.372607 
3315.775161 0.375737 
3314.307970 0.377491 
3312.840778 0.381188 
3311.373587 0.384237 
3309.906395 0.387793 
3308.439204 0.391016 
3306.972012 0.395059 
3305.504821 0.398743 
3304.037629 0.402089 
3302.570438 0.406904 
3301.103246 0.409981 
3299.636055 0.413894 
3298.168863 0.416927 
3296.701672 0.420677 
3295.234480 0.423332 
3293.767289 0.425455 
3292.300097 0.428145 
3290.832906 0.429679 
3289.365714 0.432301 
3287.898523 0.433789 
3286.431331 0.435689 
3284.964140 0.436244 
3283.496948 0.437390 
3282.029757 0.437702 
3280.562565 0.438264 
3279.095374 0.437444 
3277.628182 0.437856 
3276.160991 0.437421 
3274.693799 0.436951 
3273.226608 0.435954 
3271.759416 0.434289 
3270.292225 0.433032 
3268.825033 0.432052 
3267.357842 0.431276 
3265.890650 0.429477 
3264.423459 0.428348 
3262.956267 0.426444 
3261.489076 0.424813 
3260.021884 0.423319 
3258.554693 0.422664 
3257.087501 0.422411 
3255.620310 0.422345 
3254.153118 0.423559 
3252.685927 0.425068 
3251.218735 0.428890 
3249.751544 0.432618 
3248.284352 0.438202 
3246.817161 0.444053 
3245.349969 0.450361 
3243.882778 0.457232 
3242.415586 0.463568 
3240.948395 0.469848 
3239.481203 0.474172 
3238.014012 0.478580 
3236.546820 0.480769 
3235.079629 0.483107 
3233.612437 0.482390 
3232.145246 0.482370 
3230.678054 0.480806 
3229.210863 0.478484 
3227.743671 0.476138 
3226.276480 0.472918 
3224.809288 0.470022 
3223.342097 0.466014 
3221.874905 0.463192 
3220.407714 0.459412 
3218.940522 0.456381 
3217.473331 0.451802 
3216.006139 0.449247 
3214.538948 0.446168 
3213.071756 0.442249 
3211.604565 0.440126 
3210.137373 0.436743 
3208.670182 0.434472 
3207.202990 0.430285 
3205.735799 0.428566 
3204.268607 0.424936 
3202.801416 0.422533 
3201.334224 0.419908 
3199.867033 0.417234 
3198.399841 0.415119 
3196.932650 0.411924 
3195.465458 0.409577 
3193.998267 0.406025 
3192.531075 0.404133 
3191.063884 0.400885 
3189.596692 0.398558 
3188.129501 0.396308 
3186.662310 0.392996 
3185.195118 0.390203 
3183.727927 0.387379 
3182.260735 0.384895 
3180.793544 0.381048 
3179.326352 0.378786 
3177.859161 0.375425 
3176.391969 0.373939 
3174.924778 0.369807 
3173.457586 0.366862 
3171.990395 0.363977 
3170.523203 0.360797 
3169.056012 0.358123 
3167.588820 0.354556 
3166.121629 0.352689 
3164.654437 0.348479 
3163.187246 0.346552 
3161.720054 0.342651 
3160.252863 0.340525 
3158.785671 0.337049 
3157.318480 0.334337 
3155.851288 0.331534 
3154.384097 0.328115 
3152.916905 0.325580 
3151.449714 0.322511 
3149.982522 0.320278 
3148.515331 0.317155 
3147.048139 0.314839 
3145.580948 0.311832 
3144.113756 0.309625 
3142.646565 0.306849 
3141.179373 0.304625 
3139.712182 0.302148 
3138.244990 0.299362 
3136.777799 0.297307 
3135.310607 0.294246 
3133.843416 0.292558 
3132.376224 0.289448 
3130.909033 0.287365 
3129.441841 0.284733 
3127.974650 0.282594 
3126.507458 0.280251 
3125.040267 0.277871 
3123.573075 0.276276 
3122.105884 0.273543 
3120.638692 0.271492 
3119.171501 0.269001 
3117.704309 0.267238 
3116.237118 0.264686 
3114.769926 0.262979 
3113.302735 0.260820 
3111.835543 0.259019 
3110.368352 0.256831 
3108.901160 0.254606 
3107.433969 0.253036 
3105.966777 0.250756 
3104.499586 0.249427 
3103.032394 0.247414 
3101.565203 0.246119 
3100.098011 0.244066 
3098.630820 0.243178 
3097.163628 0.242094 
3095.696437 0.241779 
3094.229245 0.241759 
3092.762054 0.241565 
3091.294862 0.242020 
3089.827671 0.240473 
3088.360479 0.239803 
3086.893288 0.237157 
3085.426096 0.235587 
3083.958905 0.231839 
3082.491713 0.229845 
3081.024522 0.227653 
3079.557330 0.225395 
3078.090139 0.223210 
3076.622947 0.221212 
3075.155756 0.220022 
3073.688564 0.217726 
3072.221373 0.216690 
3070.754181 0.214256 
3069.286990 0.213093 
3067.819798 0.210957 
3066.352607 0.209934 
3064.885415 0.208276 
3063.418224 0.206235 
3061.951032 0.204946 
3060.483841 0.202704 
3059.016649 0.201445 
3057.549458 0.198441 
3056.082266 0.197460 
3054.615075 0.195167 
3053.147883 0.194182 
3051.680692 0.191996 
3050.213500 0.190754 
3048.746309 0.189795 
3047.279117 0.188036 
3045.811926 0.187667 
3044.344734 0.185567 
3042.877543 0.184950 
3041.410351 0.183254 
3039.943160 0.183024 
3038.475968 0.181782 
3037.008777 0.181249 
3035.541585 0.180166 
3034.074394 0.178924 
3032.607202 0.178616 
3031.140011 0.176280 
3029.672819 0.175811 
3028.205628 0.173959 
3026.738436 0.173361 
3025.271245 0.171372 
3023.804053 0.170684 
3022.336862 0.169718 
3020.869670 0.168446 
3019.402479 0.168088 
3017.935287 0.167540 
3016.468096 0.169128 
3015.000904 0.170831 
3013.533713 0.174437 
3012.066521 0.177071 
3010.599330 0.179798 
3009.132138 0.180358 
3007.664947 0.179446 
3006.197755 0.177777 
3004.730564 0.174681 
3003.263372 0.171771 
3001.796181 0.168090 
3000.328989 0.165916 
2998.861798 0.162160 
2997.394606 0.160010 
2995.927415 0.157113 
2994.460223 0.155060 
2992.993032 0.152861 
2991.525840 0.151053 
2990.058649 0.149841 
2988.591457 0.148847 
2987.124266 0.148896 
2985.657074 0.148739 
2984.189883 0.150203 
2982.722691 0.150705 
2981.255500 0.153655 
2979.788308 0.157164 
2978.321117 0.161849 
2976.853925 0.166212 
2975.386734 0.170606 
2973.919542 0.174456 
2972.452351 0.175110 
2970.985159 0.175206 
2969.517968 0.173475 
2968.050776 0.172089 
2966.583585 0.169841 
2965.116393 0.169258 
2963.649202 0.168031 
2962.182010 0.167870 
2960.714819 0.167496 
2959.247627 0.166689 
2957.780436 0.165948 
2956.313244 0.163944 
2954.846053 0.162352 
2953.378861 0.159984 
2951.911670 0.158482 
2950.444478 0.156274 
2948.977287 0.155265 
2947.510095 0.154375 
2946.042904 0.155059 
2944.575712 0.156248 
2943.108521 0.158456 
2941.641329 0.161717 
2940.174138 0.164441 
2938.706946 0.168746 
2937.239755 0.171597 
2935.772563 0.175490 
2934.305372 0.177704 
2932.838180 0.180158 
2931.370989 0.182046 
2929.903797 0.183469 
2928.436606 0.184086 
2926.969415 0.183982 
2925.502223 0.183803 
2924.035032 0.181363 
2922.567840 0.179831 
2921.100649 0.176981 
2919.633457 0.174589 
2918.166266 0.171801 
2916.699074 0.169643 
2915.231883 0.167405 
2913.764691 0.164927 
2912.297500 0.163124 
2910.830308 0.160509 
2909.363117 0.159199 
2907.895925 0.155757 
2906.428734 0.154181 
2904.961542 0.151096 
2903.494351 0.149224 
2902.027159 0.146090 
2900.559968 0.143831 
2899.092776 0.141995 
2897.625585 0.139844 
2896.158393 0.138494 
2894.691202 0.135936 
2893.224010 0.135244 
2891.756819 0.132881 
2890.289627 0.132330 
2888.822436 0.130956 
2887.355244 0.130393 
2885.888053 0.129746 
2884.420861 0.129702 
2882.953670 0.130340 
2881.486478 0.129763 
2880.019287 0.130688 
2878.552095 0.130431 
2877.084904 0.131985 
2875.617712 0.131191 
2874.150521 0.131485 
2872.683329 0.131261 
2871.216138 0.130388 
2869.748946 0.129674 
2868.281755 0.128022 
2866.814563 0.127305 
2865.347372 0.125844 
2863.880180 0.126074 
2862.412989 0.125315 
2860.945797 0.126348 
2859.478606 0.126294 
2858.011414 0.127251 
2856.544223 0.127790 
2855.077031 0.128379 
2853.609840 0.128455 
2852.142648 0.127312 
2850.675457 0.126926 
2849.208265 0.124253 
2847.741074 0.122561 
2846.273882 0.119946 
2844.806691 0.117670 
2843.339499 0.114690 
2841.872308 0.112624 
2840.405116 0.110554 
2838.937925 0.108189 
2837.470733 0.106547 
2836.003542 0.104531 
2834.536350 0.103440 
2833.069159 0.101077 
2831.601967 0.099965 
2830.134776 0.098076 
2828.667584 0.097037 
2827.200393 0.095164 
2825.733201 0.093648 
2824.266010 0.092722 
2822.798818 0.090870 
2821.331627 0.090024 
2819.864435 0.088638 
2818.397244 0.088165 
2816.930052 0.086464 
2815.462861 0.085982 
2813.995669 0.084336 
2812.528478 0.083394 
2811.061286 0.082113 
2809.594095 0.081185 
2808.126903 0.080364 
2806.659712 0.078948 
2805.192520 0.078588 
2803.725329 0.077122 
2802.258137 0.077000 
2800.790946 0.075465 
2799.323754 0.075167 
2797.856563 0.074258 
2796.389371 0.073443 
2794.922180 0.072589 
2793.454988 0.072076 
2791.987797 0.071699 
2790.520605 0.070503 
2789.053414 0.070271 
2787.586222 0.069227 
2786.119031 0.068973 
2784.651839 0.067662 
2783.184648 0.067578 
2781.717456 0.066726 
2780.250265 0.066326 
2778.783073 0.065860 
2777.315882 0.064974 
2775.848690 0.065106 
2774.381499 0.063629 
2772.914307 0.063759 
2771.447116 0.062586 
2769.979924 0.062797 
2768.512733 0.061702 
2767.045541 0.061566 
2765.578350 0.061128 
2764.111158 0.060397 
2762.643967 0.060393 
2761.176775 0.059254 
2759.709584 0.059499 
2758.242392 0.058329 
2756.775201 0.058681 
2755.308009 0.057642 
2753.840818 0.057951 
2752.373626 0.056989 
2750.906435 0.056709 
2749.439243 0.056575 
2747.972052 0.055930 
2746.504860 0.055815 
2745.037669 0.054904 
2743.570477 0.055395 
2742.103286 0.054306 
2740.636094 0.054870 
2739.168903 0.054030 
2737.701711 0.054072 
2736.234520 0.053668 
2734.767328 0.053039 
2733.300137 0.052922 
2731.832945 0.052046 
2730.365754 0.052433 
2728.898562 0.051508 
2727.431371 0.051933 
2725.964179 0.050624 
2724.496988 0.050493 
2723.029796 0.050008 
2721.562605 0.049607 
2720.095413 0.049281 
2718.628222 0.048397 
2717.161030 0.048626 
2715.693839 0.047527 
2714.226647 0.047887 
2712.759456 0.046700 
2711.292264 0.046708 
2709.825073 0.045824 
2708.357881 0.045429 
2706.890690 0.045102 
2705.423498 0.044610 
2703.956307 0.044810 
2702.489115 0.043740 
2701.021924 0.044178 
2699.554732 0.043128 
2698.087541 0.043095 
2696.620349 0.042055 
2695.153158 0.042380 
2693.685966 0.041786 
2692.218775 0.041386 
2690.751583 0.041413 
2689.284392 0.040679 
2687.817200 0.040857 
2686.350009 0.039851 
2684.882817 0.040133 
2683.415626 0.039280 
2681.948434 0.039462 
2680.481243 0.038521 
2679.014051 0.038864 
2677.546860 0.038388 
2676.079668 0.037801 
2674.612477 0.037969 
2673.145285 0.037203 
2671.678094 0.037363 
2670.210903 0.036431 
2668.743711 0.036855 
2667.276520 0.036146 
2665.809328 0.036350 
2664.342137 0.035958 
2662.874945 0.035789 
2661.407754 0.035694 
2659.940562 0.035134 
2658.473371 0.035097 
2657.006179 0.034401 
2655.538988 0.034555 
2654.071796 0.033798 
2652.604605 0.034179 
2651.137413 0.033099 
2649.670222 0.033091 
2648.203030 0.032399 
2646.735839 0.032276 
2645.268647 0.032082 
2643.801456 0.031538 
2642.334264 0.031609 
2640.867073 0.030850 
2639.399881 0.031349 
2637.932690 0.030341 
2636.465498 0.030616 
2634.998307 0.029760 
2633.531115 0.029758 
2632.063924 0.029305 
2630.596732 0.029277 
2629.129541 0.029097 
2627.662349 0.028340 
2626.195158 0.028724 
2624.727966 0.027900 
2623.260775 0.028116 
2621.793583 0.027183 
2620.326392 0.027620 
2618.859200 0.027011 
2617.392009 0.027057 
2615.924817 0.026791 
2614.457626 0.026473 
2612.990434 0.026724 
2611.523243 0.025760 
2610.056051 0.025978 
2608.588860 0.025217 
2607.121668 0.025641 
2605.654477 0.024689 
2604.187285 0.024941 
2602.720094 0.024607 
2601.252902 0.024351 
2599.785711 0.024515 
2598.318519 0.023799 
2596.851328 0.024054 
2595.384136 0.023356 
2593.916945 0.023714 
2592.449753 0.022898 
2590.982562 0.023314 
2589.515370 0.022590 
2588.048179 0.022567 
2586.580987 0.022520 
2585.113796 0.021778 
2583.646604 0.021866 
2582.179413 0.021192 
2580.712221 0.021668 
2579.245030 0.020921 
2577.777838 0.021509 
2576.310647 0.020583 
2574.843455 0.020572 
2573.376264 0.020250 
2571.909072 0.019957 
2570.441881 0.020050 
2568.974689 0.019301 
2567.507498 0.019727 
2566.040306 0.019142 
2564.573115 0.019545 
2563.105923 0.018505 
2561.638732 0.018863 
2560.171540 0.018282 
2558.704349 0.018381 
2557.237157 0.018260 
2555.769966 0.017888 
2554.302774 0.018091 
2552.835583 0.017267 
2551.368391 0.017964 
2549.901200 0.016953 
2548.434008 0.017178 
2546.966817 0.016448 
2545.499625 0.016660 
2544.032434 0.016385 
2542.565242 0.016290 
2541.098051 0.016203 
2539.630859 0.015639 
2538.163668 0.016126 
2536.696476 0.015272 
2535.229285 0.015641 
2533.762093 0.015028 
2532.294902 0.015348 
2530.827710 0.014709 
2529.360519 0.014917 
2527.893327 0.014778 
2526.426136 0.014258 
2524.958944 0.014379 
2523.491753 0.013873 
2522.024561 0.014112 
2520.557370 0.013358 
2519.090178 0.013729 
2517.622987 0.013163 
2516.155795 0.013376 
2514.688604 0.012928 
2513.221412 0.012900 
2511.754221 0.012850 
2510.287029 0.012355 
2508.819838 0.012505 
2507.352646 0.011931 
2505.885455 0.012403 
2504.418263 0.011807 
2502.951072 0.012003 
2501.483880 0.011580 
2500.016689 0.011629 
2498.549497 0.011268 
2497.082306 0.010882 
2495.615114 0.011041 
2494.147923 0.010629 
2492.680731 0.010807 
2491.213540 0.010259 
2489.746348 0.010759 
2488.279157 0.009942 
2486.811965 0.010144 
2485.344774 0.009813 
2483.877582 0.009762 
2482.410391 0.009410 
2480.943199 0.009157 
2479.476008 0.009605 
2478.008816 0.009083 
2476.541625 0.009301 
2475.074433 0.008682 
2473.607242 0.008969 
2472.140050 0.008184 
2470.672859 0.008359 
2469.205667 0.008186 
2467.738476 0.008215 
2466.271284 0.008117 
2464.804093 0.007788 
2463.336901 0.008107 
2461.869710 0.007325 
2460.402518 0.007585 
2458.935327 0.007009 
2457.468135 0.007314 
2456.000944 0.006810 
2454.533752 0.006990 
2453.066561 0.006755 
2451.599369 0.006539 
2450.132178 0.006614 
2448.664986 0.005946 
2447.197795 0.006419 
2445.730603 0.005540 
2444.263412 0.005905 
2442.796220 0.005489 
2441.329029 0.005976 
2439.861837 0.005327 
2438.394646 0.005276 
2436.927454 0.005338 
2435.460263 0.004844 
2433.993071 0.005078 
2432.525880 0.004527 
2431.058688 0.005196 
2429.591497 0.004358 
2428.124305 0.004760 
2426.657114 0.004279 
2425.189922 0.004319 
2423.722731 0.004049 
2422.255539 0.003830 
2420.788348 0.004177 
2419.321156 0.003424 
2417.853965 0.003833 
2416.386773 0.003476 
2414.919582 0.003937 
2413.452390 0.003049 
2411.985199 0.003397 
2410.518008 0.003067 
2409.050816 0.002872 
2407.583625 0.002858 
2406.116433 0.002481 
2404.649242 0.002958 
2403.182050 0.002135 
2401.714859 0.002486 
2400.247667 0.001884 
2398.780476 0.002235 
2397.313284 0.001456 
2395.846093 0.001847 
2394.378901 0.001645 
2392.911710 0.001274 
2391.444518 0.001342 
2389.977327 0.000952 
2388.510135 0.001185 
2387.042944 0.000682 
2385.575752 0.000893 
2384.108561 0.000292 
2382.641369 0.000630 
2381.174178 0.000274 
2379.706986 0.000187 
2378.239795 0.000425 
2376.772603 0.000430 
2375.305412 0.000852 
2373.838220 0.000574 
2372.371029 0.001082 
2370.903837 0.000604 
2369.436646 0.001474 
2367.969454 0.001281 
2366.502263 0.001836 
2365.035071 0.001355 
2363.567880 0.001466 
2362.100688 0.001119 
2360.633497 0.000881 
2359.166305 0.000828 
2357.699114 -0.000647 
2356.231922 -0.000292 
2354.764731 -0.001645 
2353.297539 -0.002581 
2351.830348 -0.003394 
2350.363156 -0.004253 
2348.895965 -0.004668 
2347.428773 -0.002960 
2345.961582 0.002695 
2344.494390 0.015383 
2343.027199 0.039612 
2341.560007 0.070319 
2340.092816 0.101234 
2338.625624 0.119040 
2337.158433 0.117075 
2335.691241 0.095404 
2334.224050 0.063293 
2332.756858 0.036568 
2331.289667 0.020889 
2329.822475 0.015790 
2328.355284 0.013118 
2326.888092 0.012256 
2325.420901 0.010575 
2323.953709 0.009935 
2322.486518 0.009106 
2321.019326 0.008948 
2319.552135 0.007986 
2318.084943 0.007286 
2316.617752 0.007111 
2315.150560 0.006583 
2313.683369 0.006476 
2312.216177 0.005783 
2310.748986 0.006031 
2309.281794 0.005333 
2307.814603 0.005466 
2306.347411 0.005000 
2304.880220 0.005215 
2303.413028 0.005220 
2301.945837 0.005217 
2300.478645 0.005475 
2299.011454 0.004991 
2297.544262 0.005484 
2296.077071 0.005070 
2294.609879 0.005726 
2293.142688 0.005345 
2291.675496 0.005903 
2290.208305 0.005644 
2288.741113 0.005700 
2287.273922 0.005813 
2285.806730 0.005831 
2284.339539 0.006361 
2282.872347 0.006208 
2281.405156 0.007063 
2279.937964 0.007028 
2278.470773 0.008047 
2277.003581 0.008543 
2275.536390 0.009702 
2274.069198 0.010443 
2272.602007 0.011189 
2271.134815 0.012171 
2269.667624 0.012465 
2268.200432 0.013508 
2266.733241 0.013920 
2265.266049 0.015481 
2263.798858 0.016042 
2262.331666 0.017139 
2260.864475 0.017492 
2259.397283 0.018097 
2257.930092 0.018456 
2256.462900 0.018258 
2254.995709 0.018548 
2253.528517 0.018210 
2252.061326 0.018744 
2250.594134 0.017913 
2249.126943 0.018361 
2247.659751 0.018041 
2246.192560 0.017785 
2244.725368 0.017567 
2243.258177 0.017266 
2241.790985 0.017309 
2240.323794 0.016892 
2238.856602 0.017309 
2237.389411 0.016897 
2235.922219 0.017598 
2234.455028 0.017473 
2232.987836 0.018147 
2231.520645 0.018518 
2230.053453 0.018736 
2228.586262 0.018918 
2227.119070 0.018876 
2225.651879 0.019269 
2224.184687 0.018575 
2222.717496 0.018997 
2221.250304 0.018560 
2219.783113 0.018805 
2218.315921 0.018239 
2216.848730 0.018243 
2215.381538 0.017892 
2213.914347 0.017321 
2212.447155 0.017100 
2210.979964 0.016462 
2209.512772 0.016213 
2208.045581 0.015324 
2206.578389 0.015608 
2205.111198 0.015037 
2203.644006 0.015171 
2202.176815 0.014759 
2200.709623 0.014796 
2199.242432 0.014915 
2197.775240 0.014809 
2196.308049 0.015230 
2194.840857 0.015191 
2193.373666 0.016237 
2191.906474 0.016460 
2190.439283 0.017834 
2188.972091 0.018887 
2187.504900 0.020609 
2186.037708 0.022365 
2184.570517 0.024818 
2183.103325 0.027631 
2181.636134 0.030399 
2180.168942 0.034129 
2178.701751 0.037764 
2177.234559 0.042047 
2175.767368 0.045615 
2174.300176 0.049789 
2172.832985 0.053070 
2171.365793 0.056487 
2169.898602 0.058834 
2168.431410 0.060885 
2166.964219 0.062316 
2165.497027 0.062304 
2164.029836 0.062240 
2162.562644 0.060477 
2161.095453 0.058556 
2159.628261 0.055177 
2158.161070 0.051899 
2156.693878 0.047420 
2155.226687 0.043208 
2153.759495 0.038266 
2152.292304 0.033215 
2150.825113 0.028377 
2149.357921 0.022899 
2147.890730 0.018929 
2146.423538 0.016299 
2144.956347 0.020513 
2143.489155 0.033509 
2142.021964 0.065922 
2140.554772 0.126237 
2139.087581 0.190401 
2137.620389 0.232849 
2136.153198 0.227330 
2134.686006 0.189141 
2133.218815 0.152770 
2131.751623 0.130752 
2130.284432 0.114386 
2128.817240 0.101275 
2127.350049 0.087476 
2125.882857 0.075632 
2124.415666 0.065335 
2122.948474 0.057509 
2121.481283 0.052847 
2120.014091 0.049314 
2118.546900 0.048220 
2117.079708 0.046712 
2115.612517 0.046630 
2114.145325 0.045175 
2112.678134 0.044604 
2111.210942 0.042818 
2109.743751 0.041228 
2108.276559 0.039777 
2106.809368 0.037695 
2105.342176 0.036652 
2103.874985 0.035107 
2102.407793 0.034659 
2100.940602 0.032861 
2099.473410 0.032629 
2098.006219 0.031731 
2096.539027 0.031880 
2095.071836 0.032179 
2093.604644 0.033069 
2092.137453 0.035340 
2090.670261 0.036161 
2089.203070 0.037296 
2087.735878 0.037214 
2086.268687 0.038315 
2084.801495 0.038150 
2083.334304 0.039285 
2081.867112 0.039641 
2080.399921 0.039852 
2078.932729 0.039645 
2077.465538 0.038638 
2075.998346 0.037745 
2074.531155 0.035309 
2073.063963 0.033853 
2071.596772 0.031358 
2070.129580 0.030144 
2068.662389 0.027983 
2067.195197 0.026858 
2065.728006 0.025682 
2064.260814 0.024491 
2062.793623 0.023919 
2061.326431 0.022763 
2059.859240 0.022546 
2058.392048 0.021225 
2056.924857 0.021326 
2055.457665 0.020224 
2053.990474 0.020153 
2052.523282 0.018990 
2051.056091 0.018664 
2049.588899 0.018160 
2048.121708 0.017533 
2046.654516 0.017493 
2045.187325 0.016617 
2043.720133 0.017034 
2042.252942 0.016245 
2040.785750 0.016741 
2039.318559 0.015947 
2037.851367 0.015978 
2036.384176 0.015532 
2034.916984 0.015241 
2033.449793 0.015105 
2031.982601 0.014407 
2030.515410 0.014610 
2029.048218 0.013708 
2027.581027 0.014049 
2026.113835 0.012919 
2024.646644 0.013052 
2023.179452 0.012314 
2021.712261 0.012267 
2020.245069 0.011969 
2018.777878 0.011597 
2017.310686 0.011732 
2015.843495 0.011041 
2014.376303 0.011393 
2012.909112 0.010446 
2011.441920 0.010979 
2009.974729 0.010359 
2008.507537 0.010849 
2007.040346 0.010518 
2005.573154 0.010510 
2004.105963 0.010349 
2002.638771 0.009592 
2001.171580 0.009790 
1999.704388 0.008633 
1998.237197 0.009001 
1996.770005 0.007810 
1995.302814 0.008302 
1993.835622 0.007652 
1992.368431 0.007847 
1990.901239 0.007595 
1989.434048 0.007233 
1987.966856 0.007389 
1986.499665 0.006589 
1985.032473 0.007068 
1983.565282 0.006318 
1982.098090 0.007019 
1980.630899 0.006275 
1979.163707 0.006860 
1977.696516 0.006513 
1976.229324 0.006640 
1974.762133 0.006779 
1973.294941 0.006669 
1971.827750 0.007339 
1970.360558 0.006750 
1968.893367 0.007844 
1967.426175 0.007385 
1965.958984 0.008613 
1964.491792 0.008508 
1963.024601 0.009753 
1961.557409 0.011092 
1960.090218 0.012630 
1958.623026 0.014811 
1957.155835 0.015219 
1955.688643 0.016413 
1954.221452 0.015588 
1952.754260 0.016531 
1951.287069 0.015779 
1949.819877 0.016566 
1948.352686 0.016232 
1946.885494 0.015882 
1945.418303 0.015147 
1943.951111 0.013865 
1942.483920 0.014116 
1941.016728 0.012792 
1939.549537 0.013332 
1938.082345 0.012149 
1936.615154 0.012520 
1935.147962 0.011194 
1933.680771 0.011200 
1932.213579 0.010729 
1930.746388 0.010125 
1929.279196 0.010005 
1927.812005 0.008900 
1926.344813 0.009216 
1924.877622 0.007713 
1923.410430 0.008084 
1921.943239 0.007024 
1920.476047 0.007305 
1919.008856 0.006459 
1917.541664 0.006678 
1916.074473 0.006277 
1914.607281 0.005474 
1913.140090 0.005876 
1911.672898 0.004853 
1910.205707 0.005495 
1908.738515 0.004349 
1907.271324 0.005254 
1905.804132 0.004572 
1904.336941 0.004933 
1902.869749 0.004613 
1901.402558 0.004360 
1899.935366 0.004631 
1898.468175 0.003685 
1897.000983 0.004342 
1895.533792 0.003500 
1894.066601 0.004224 
1892.599409 0.003355 
1891.132218 0.003951 
1889.665026 0.003392 
1888.197835 0.003228 
1886.730643 0.003282 
1885.263452 0.002580 
1883.796260 0.003212 
1882.329069 0.002154 
1880.861877 0.003158 
1879.394686 0.002100 
1877.927494 0.002992 
1876.460303 0.001999 
1874.993111 0.002343 
1873.525920 0.002085 
1872.058728 0.001891 
1870.591537 0.002239 
1869.124345 0.001922 
1867.657154 0.002492 
1866.189962 0.001476 
1864.722771 0.002438 
1863.255579 0.001399 
1861.788388 0.001935 
1860.321196 0.001302 
1858.854005 0.001747 
1857.386813 0.001818 
1855.919622 0.001318 
1854.452430 0.002172 
1852.985239 0.001285 
1851.518047 0.002202 
1850.050856 0.000997 
1848.583664 0.002054 
1847.116473 0.001191 
1845.649281 0.001799 
1844.182090 0.001967 
1842.714898 0.001605 
1841.247707 0.002030 
1839.780515 0.001297 
1838.313324 0.002178 
1836.846132 0.001089 
1835.378941 0.002197 
1833.911749 0.000976 
1832.444558 0.002009 
1830.977366 0.001472 
1829.510175 0.002113 
1828.042983 0.001877 
1826.575792 0.001383 
1825.108600 0.002042 
1823.641409 0.000672 
1822.174217 0.001619 
1820.707026 0.000414 
1819.239834 0.001492 
1817.772643 0.000581 
1816.305451 0.001043 
1814.838260 0.000550 
1813.371068 0.000433 
1811.903877 0.000585 
1810.436685 -0.000137 
1808.969494 0.000610 
1807.502302 -0.000563 
1806.035111 0.000538 
1804.567919 -0.000537 
1803.100728 0.000467 
1801.633536 -0.000271 
1800.166345 -0.000035 
1798.699153 -0.000055 
1797.231962 -0.000657 
1795.764770 0.000068 
1794.297579 -0.000957 
1792.830387 0.001018 
1791.363196 -0.000771 
1789.896004 0.000165 
1788.428813 -0.000898 
1786.961621 -0.000275 
1785.494430 -0.000862 
1784.027238 -0.000813 
1782.560047 -0.000376 
1781.092855 -0.001223 
1779.625664 -0.000026 
1778.158472 -0.001183 
1776.691281 0.000101 
1775.224089 -0.001241 
1773.756898 -0.000272 
1772.289706 -0.000091 
1770.822515 -0.000336 
1769.355323 -0.000366 
1767.888132 -0.000375 
1766.420940 0.000549 
1764.953749 -0.000752 
1763.486557 0.000548 
1762.019366 -0.000253 
1760.552174 0.000599 
1759.084983 -0.000628 
1757.617791 0.000287 
1756.150600 0.000425 
1754.683408 0.000215 
1753.216217 0.001006 
1751.749025 0.000829 
1750.281834 0.001953 
1748.814642 0.000605 
1747.347451 0.002210 
1745.880259 0.001311 
1744.413068 0.002911 
1742.945876 0.002774 
1741.478685 0.003803 
1740.011493 0.005008 
1738.544302 0.004904 
1737.077110 0.006415 
1735.609919 0.006324 
1734.142727 0.009905 
1732.675536 0.009404 
1731.208344 0.011968 
1729.741153 0.013055 
1728.273961 0.016044 
1726.806770 0.017874 
1725.339578 0.020744 
1723.872387 0.024012 
1722.405195 0.025857 
1720.938004 0.029554 
1719.470812 0.030783 
1718.003621 0.034834 
1716.536429 0.034981 
1715.069238 0.037043 
1713.602046 0.036653 
1712.134855 0.037412 
1710.667663 0.037592 
1709.200472 0.037357 
1707.733280 0.038383 
1706.266089 0.037951 
1704.798897 0.039905 
1703.331706 0.039170 
1701.864514 0.041255 
1700.397323 0.042713 
1698.930131 0.043638 
1697.462940 0.044128 
1695.995748 0.047577 
1694.528557 0.048506 
1693.061365 0.049060 
1691.594174 0.052208 
1690.126982 0.052743 
1688.659791 0.055873 
1687.192599 0.055969 
1685.725408 0.059107 
1684.258216 0.060969 
1682.791025 0.061460 
1681.323833 0.062542 
1679.856642 0.063506 
1678.389450 0.065721 
1676.922259 0.065646 
1675.455067 0.069002 
1673.987876 0.068006 
1672.520684 0.070510 
1671.053493 0.070524 
1669.586301 0.073185 
1668.119110 0.073475 
1666.651918 0.073972 
1665.184727 0.075600 
1663.717535 0.075457 
1662.250344 0.077614 
1660.783152 0.076093 
1659.315961 0.078572 
1657.848769 0.077749 
1656.381578 0.079857 
1654.914386 0.079998 
1653.447195 0.082414 
1651.980003 0.082874 
1650.512812 0.081368 
1649.045620 0.083118 
1647.578429 0.082903 
1646.111237 0.086823 
1644.644046 0.086686 
1643.176854 0.090700 
1641.709663 0.090488 
1640.242471 0.091717 
1638.775280 0.090501 
1637.308088 0.089542 
1635.840897 0.089355 
1634.373706 0.086244 
1632.906514 0.086296 
1631.439323 0.083672 
1629.972131 0.084924 
1628.504940 0.082588 
1627.037748 0.083557 
1625.570557 0.081427 
1624.103365 0.081319 
1622.636174 0.080480 
1621.168982 0.078909 
1619.701791 0.079245 
1618.234599 0.077337 
1616.767408 0.079875 
1615.300216 0.075964 
1613.833025 0.076102 
1612.365833 0.073237 
1610.898642 0.072948 
1609.431450 0.071096 
1607.964259 0.069701 
1606.497067 0.069454 
1605.029876 0.067617 
1603.562684 0.068688 
1602.095493 0.066437 
1600.628301 0.067991 
1599.161110 0.065371 
1597.693918 0.065919 
1596.226727 0.063784 
1594.759535 0.063231 
1593.292344 0.062279 
1591.825152 0.061266 
1590.357961 0.062882 
1588.890769 0.060489 
1587.423578 0.060465 
1585.956386 0.056690 
1584.489195 0.057487 
1583.022003 0.054861 
1581.554812 0.054876 
1580.087620 0.053548 
1578.620429 0.052753 
1577.153237 0.052855 
1575.686046 0.051566 
1574.218854 0.051221 
1572.751663 0.048179 
1571.284471 0.049224 
1569.817280 0.047039 
1568.350088 0.047617 
1566.882897 0.045724 
1565.415705 0.045566 
1563.948514 0.044828 
1562.481322 0.043451 
1561.014131 0.044252 
1559.546939 0.042562 
1558.079748 0.044332 
1556.612556 0.040551 
1555.145365 0.041951 
1553.678173 0.040072 
1552.210982 0.040399 
1550.743790 0.039462 
1549.276599 0.038740 
1547.809407 0.038472 
1546.342216 0.036636 
1544.875024 0.038256 
1543.407833 0.035218 
1541.940641 0.038099 
1540.473450 0.035266 
1539.006258 0.036832 
1537.539067 0.033570 
1536.071875 0.033580 
1534.604684 0.033126 
1533.137492 0.032252 
1531.670301 0.032820 
1530.203109 0.030907 
1528.735918 0.033029 
1527.268726 0.030267 
1525.801535 0.032260 
1524.334343 0.029762 
1522.867152 0.030709 
1521.399960 0.030396 
1519.932769 0.029802 
1518.465577 0.030219 
1516.998386 0.029383 
1515.531194 0.031303 
1514.064003 0.029547 
1512.596811 0.031953 
1511.129620 0.029638 
1509.662428 0.032089 
1508.195237 0.031604 
1506.728045 0.033663 
1505.260854 0.033863 
1503.793662 0.032964 
1502.326471 0.035137 
1500.859279 0.033711 
1499.392088 0.036648 
1497.924896 0.035171 
1496.457705 0.038475 
1494.990513 0.036469 
1493.523322 0.037769 
1492.056130 0.036957 
1490.588939 0.036685 
1489.121747 0.037057 
1487.654556 0.035197 
1486.187364 0.036333 
1484.720173 0.033116 
1483.252981 0.035453 
1481.785790 0.034100 
1480.318598 0.037598 
1478.851407 0.037643 
1477.384215 0.037735 
1475.917024 0.036719 
1474.449832 0.034795 
1472.982641 0.037118 
1471.515449 0.036432 
1470.048258 0.040269 
1468.581066 0.040437 
1467.113875 0.046233 
1465.646683 0.047930 
1464.179492 0.051534 
1462.712300 0.051999 
1461.245109 0.053177 
1459.777917 0.055091 
1458.310726 0.054978 
1456.843534 0.059883 
1455.376343 0.059330 
1453.909151 0.064530 
1452.441960 0.064696 
1450.974768 0.068494 
1449.507577 0.067204 
1448.040385 0.067149 
1446.573194 0.066271 
1445.106002 0.065354 
1443.638811 0.067975 
1442.171619 0.067965 
1440.704428 0.074426 
1439.237236 0.076056 
1437.770045 0.081615 
1436.302853 0.081566 
1434.835662 0.081785 
1433.368470 0.078311 
1431.901279 0.074007 
1430.434087 0.070540 
1428.966896 0.065178 
1427.499704 0.063711 
1426.032513 0.058178 
1424.565321 0.058413 
1423.098130 0.054138 
1421.630938 0.054304 
1420.163747 0.051986 
1418.696555 0.052566 
1417.229364 0.051849 
1415.762172 0.050517 
1414.294981 0.051844 
1412.827789 0.049185 
1411.360598 0.050460 
1409.893406 0.046368 
1408.426215 0.047969 
1406.959023 0.045071 
1405.491832 0.045581 
1404.024640 0.043820 
1402.557449 0.042966 
1401.090257 0.042532 
1399.623066 0.039709 
1398.155874 0.040625 
1396.688683 0.037267 
1395.221491 0.039344 
1393.754300 0.036865 
1392.287108 0.039353 
1390.819917 0.038169 
1389.352725 0.039013 
1387.885534 0.039667 
1386.418342 0.038946 
1384.951151 0.040576 
1383.483959 0.038615 
1382.016768 0.042663 
1380.549576 0.042004 
1379.082385 0.046297 
1377.615193 0.045600 
1376.148002 0.048191 
1374.680811 0.047436 
1373.213619 0.046776 
1371.746428 0.046450 
1370.279236 0.043361 
1368.812045 0.044130 
1367.344853 0.039799 
1365.877662 0.041444 
1364.410470 0.037426 
1362.943279 0.038338 
1361.476087 0.035271 
1360.008896 0.035161 
1358.541704 0.034196 
1357.074513 0.032191 
1355.607321 0.033457 
1354.140130 0.031012 
1352.672938 0.033512 
1351.205747 0.030203 
1349.738555 0.032647 
1348.271364 0.029688 
1346.804172 0.030413 
1345.336981 0.028319 
1343.869789 0.026678 
1342.402598 0.028001 
1340.935406 0.026433 
1339.468215 0.029024 
1338.001023 0.025879 
1336.533832 0.027751 
1335.066640 0.023786 
1333.599449 0.025645 
1332.132257 0.023377 
1330.665066 0.023970 
1329.197874 0.023822 
1327.730683 0.023063 
1326.263491 0.024468 
1324.796300 0.021835 
1323.329108 0.024379 
1321.861917 0.021128 
1320.394725 0.023674 
1318.927534 0.021204 
1317.460342 0.023120 
1315.993151 0.021905 
1314.525959 0.021786 
1313.058768 0.022313 
1311.591576 0.020473 
1310.124385 0.022501 
1308.657193 0.020877 
1307.190002 0.030737 
1305.722810 0.040113 
1304.255619 0.053259 
1302.788427 0.055880 
1301.321236 0.057098 
1299.854044 0.053234 
1298.386853 0.046360 
1296.919661 0.041833 
1295.452470 0.034314 
1293.985278 0.032882 
1292.518087 0.026932 
1291.050895 0.028422 
1289.583704 0.024662 
1288.116512 0.025222 
1286.649321 0.023324 
1285.182129 0.023111 
1283.714938 0.022903 
1282.247746 0.020236 
1280.780555 0.022208 
1279.313363 0.019110 
1277.846172 0.021971 
1276.378980 0.018643 
1274.911789 0.020960 
1273.444597 0.018443 
1271.977406 0.018913 
1270.510214 0.018490 
1269.043023 0.017649 
1267.575831 0.019481 
1266.108640 0.016994 
1264.641448 0.020186 
1263.174257 0.016635 
1261.707065 0.018997 
1260.239874 0.015501 
1258.772682 0.017470 
1257.305491 0.015974 
1255.838299 0.015612 
1254.371108 0.016030 
1252.903916 0.014247 
1251.436725 0.016401 
1249.969533 0.012555 
1248.502342 0.015237 
1247.035150 0.011468 
1245.567959 0.013576 
1244.100767 0.010999 
1242.633576 0.012355 
1241.166384 0.011742 
1239.699193 0.010697 
1238.232001 0.012048 
1236.764810 0.009306 
1235.297618 0.011036 
1233.830427 0.006618 
1232.363235 0.010274 
1230.896044 0.007322 
1229.428852 0.009261 
1227.961661 0.007571 
1226.494469 0.008170 
1225.027278 0.008439 
1223.560086 0.006236 
1222.092895 0.008284 
1220.625703 0.004825 
1219.158512 0.007552 
1217.691320 0.003901 
1216.224129 0.007250 
1214.756937 0.004417 
1213.289746 0.005518 
1211.822554 0.004543 
1210.355363 0.004025 
1208.888171 0.004668 
1207.420980 0.001699 
1205.953788 0.004740 
1204.486597 0.001698 
1203.019405 0.004762 
1201.552214 0.001522 
1200.085022 0.003704 
1198.617831 0.001564 
1197.150639 0.001664 
1195.683448 0.001672 
1194.216256 0.000474 
1192.749065 0.002580 
1191.281873 -0.000330 
1189.814682 0.003507 
1188.347490 0.000158 
1186.880299 0.002666 
1185.413107 -0.000131 
1183.945916 0.001893 
1182.478724 0.000892 
1181.011533 0.000313 
1179.544341 0.002322 
1178.077150 0.000884 
1176.609958 0.004005 
1175.142767 0.000630 
1173.675575 0.004151 
1172.208384 0.000558 
1170.741192 0.002768 
1169.274001 0.001479 
1167.806809 0.002998 
1166.339618 0.003361 
1164.872426 0.002457 
1163.405235 0.005508 
1161.938043 0.002389 
1160.470852 0.005278 
1159.003660 0.001908 
1157.536469 0.005868 
1156.069277 0.003227 
1154.602086 0.005228 
1153.134894 0.005002 
1151.667703 0.005249 
1150.200511 0.006299 
1148.733320 0.004468 
1147.266128 0.007660 
1145.798937 0.003737 
1144.331745 0.007471 
1142.864554 0.005081 
1141.397362 0.009103 
1139.930171 0.007055 
1138.462979 0.008632 
1136.995788 0.009304 
1135.528596 0.007889 
1134.061405 0.009486 
1132.594213 0.006858 
1131.127022 0.011334 
1129.659830 0.007986 
1128.192639 0.011857 
1126.725447 0.009674 
1125.258256 0.011997 
1123.791064 0.010327 
1122.323873 0.010645 
1120.856681 0.012046 
1119.389490 0.009436 
1117.922298 0.012257 
1116.455107 0.009385 
1114.987916 0.014021 
1113.520724 0.009815 
1112.053533 0.012967 
1110.586341 0.010735 
1109.119150 0.011562 
1107.651958 0.010551 
1106.184767 0.009898 
1104.717575 0.012118 
1103.250384 0.009192 
1101.783192 0.012616 
1100.316001 0.009075 
1098.848809 0.011931 
1097.381618 0.007520 
1095.914426 0.010533 
1094.447235 0.009320 
1092.980043 0.009201 
1091.512852 0.009592 
1090.045660 0.008049 
1088.578469 0.010648 
1087.111277 0.006072 
1085.644086 0.009020 
1084.176894 0.005158 
1082.709703 0.007679 
1081.242511 0.004588 
1079.775320 0.006754 
1078.308128 0.006040 
1076.840937 0.005128 
1075.373745 0.006786 
1073.906554 0.004099 
1072.439362 0.006472 
1070.972171 0.001988 
1069.504979 0.005669 
1068.037788 0.002146 
1066.570596 0.003984 
1065.103405 0.001899 
1063.636213 0.002293 
1062.169022 0.002095 
1060.701830 -0.000361 
1059.234639 0.001754 
1057.767447 -0.001936 
1056.300256 0.001370 
1054.833064 -0.002170 
1053.365873 0.001907 
1051.898681 -0.001185 
1050.431490 0.000476 
1048.964298 -0.000197 
1047.497107 -0.000465 
1046.029915 0.000601 
1044.562724 -0.002169 
1043.095532 0.001436 
1041.628341 -0.002006 
1040.161149 0.002042 
1038.693958 -0.000909 
1037.226766 0.002730 
1035.759575 0.000339 
1034.292383 0.000752 
1032.825192 0.000680 
1031.358000 -0.000893 
1029.890809 0.001272 
1028.423617 -0.001251 
1026.956426 0.003336 
1025.489234 -0.000984 
1024.022043 0.002386 
1022.554851 -0.000413 
1021.087660 0.002335 
1019.620468 0.000688 
1018.153277 0.000652 
1016.686085 0.002332 
1015.218894 -0.000013 
1013.751702 0.002806 
1012.284511 -0.000074 
1010.817319 0.003957 
1009.350128 -0.000279 
1007.882936 0.003579 
1006.415745 0.002583 
1004.948553 0.005225 
1003.481362 0.005560 
1002.014170 0.006326 
1000.546979 0.010132 
999.079787 0.007338 
997.612596 0.011140 
996.145404 0.007800 
994.678213 0.011730 
993.211021 0.007715 
991.743830 0.009932 
990.276638 0.007283 
988.809447 0.006272 
987.342255 0.005757 
985.875064 0.003571 
984.407872 0.005667 
982.940681 0.001939 
981.473489 0.007296 
980.006298 0.005396 
978.539106 0.010342 
977.071915 0.009192 
975.604723 0.013129 
974.137532 0.013158 
972.670340 0.013245 
971.203149 0.015507 
969.735957 0.013328 
968.268766 0.016356 
966.801574 0.013525 
965.334383 0.018917 
963.867191 0.016053 
962.400000 0.020040 
960.932808 0.020358 
959.465617 0.023790 
957.998425 0.025357 
956.531234 0.025342 
955.064042 0.029273 
953.596851 0.025698 
952.129659 0.027152 
950.662468 0.020577 
949.195276 0.020583 
947.728085 0.013023 
946.260893 0.012638 
944.793702 0.010313 
943.326510 0.009735 
941.859319 0.010705 
940.392127 0.009752 
938.924936 0.014131 
937.457744 0.010683 
935.990553 0.014292 
934.523361 0.010964 
933.056170 0.014964 
931.588978 0.013107 
930.121787 0.016165 
928.654595 0.018096 
927.187404 0.019501 
925.720212 0.024341 
924.253021 0.023546 
922.785829 0.029003 
921.318638 0.026736 
919.851446 0.033532 
918.384255 0.032855 
916.917063 0.036913 
915.449872 0.035483 
913.982680 0.036113 
912.515489 0.035547 
911.048297 0.032176 
909.581106 0.033589 
908.113914 0.028061 
906.646723 0.030474 
905.179531 0.025636 
903.712340 0.028662 
902.245148 0.023863 
900.777957 0.023981 
899.310765 0.021473 
897.843574 0.020588 
896.376382 0.020367 
894.909191 0.016375 
893.441999 0.020504 
891.974808 0.017229 
890.507616 0.020800 
889.040425 0.016739 
887.573233 0.019818 
886.106042 0.016609 
884.638850 0.017607 
883.171659 0.018042 
881.704467 0.017554 
880.237276 0.020560 
878.770084 0.018551 
877.302893 0.024327 
875.835701 0.020491 
874.368510 0.024132 
872.901318 0.021474 
871.434127 0.025452 
869.966935 0.024338 
868.499744 0.026972 
867.032552 0.029005 
865.565361 0.028487 
864.098169 0.033397 
862.630978 0.030590 
861.163786 0.035598 
859.696595 0.031833 
858.229404 0.036212 
856.762212 0.035037 
855.295021 0.037772 
853.827829 0.036860 
852.360638 0.038460 
850.893446 0.040479 
849.426255 0.036893 
847.959063 0.040367 
846.491872 0.035272 
845.024680 0.039602 
843.557489 0.035214 
842.090297 0.038261 
840.623106 0.035223 
839.155914 0.035620 
837.688723 0.033970 
836.221531 0.032839 
834.754340 0.034174 
833.287148 0.029900 
831.819957 0.034809 
830.352765 0.031169 
828.885574 0.035797 
827.418382 0.032816 
825.951191 0.036855 
824.483999 0.035445 
823.016808 0.038002 
821.549616 0.039062 
820.082425 0.038589 
818.615233 0.042133 
817.148042 0.038423 
815.680850 0.045413 
814.213659 0.040786 
812.746467 0.044531 
811.279276 0.042393 
809.812084 0.045433 
808.344893 0.045067 
806.877701 0.047655 
805.410510 0.049333 
803.943318 0.048997 
802.476127 0.054939 
801.008935 0.051402 
799.541744 0.056788 
798.074552 0.053492 
796.607361 0.058318 
795.140169 0.058405 
793.672978 0.060734 
792.205786 0.062234 
790.738595 0.065009 
789.271403 0.067188 
787.804212 0.065555 
786.337020 0.071615 
784.869829 0.067565 
783.402637 0.075358 
781.935446 0.074115 
780.468254 0.078889 
779.001063 0.080056 
777.533871 0.082349 
776.066680 0.086121 
774.599488 0.088385 
773.132297 0.093231 
771.665105 0.094441 
770.197914 0.103176 
768.730722 0.101248 
767.263531 0.112213 
765.796339 0.111641 
764.329148 0.116639 
762.861956 0.119661 
761.394765 0.121608 
759.927573 0.124615 
758.460382 0.123653 
756.993190 0.127604 
755.525999 0.124435 
754.058807 0.129538 
752.591616 0.120961 
751.124424 0.125181 
749.657233 0.116594 
748.190041 0.114840 
746.722850 0.110697 
745.255658 0.103688 
743.788467 0.098536 
742.321275 0.091109 
740.854084 0.087263 
739.386892 0.075623 
737.919701 0.072823 
736.452509 0.059585 
734.985318 0.060324 
733.518126 0.049742 
732.050935 0.048643 
730.583743 0.044672 
729.116552 0.039519 
727.649360 0.039084 
726.182169 0.034650 
724.714977 0.034190 
723.247786 0.028810 
721.780594 0.032109 
720.313403 0.024620 
718.846211 0.028913 
717.379020 0.023274 
715.911828 0.023312 
714.444637 0.021448 
712.977445 0.018745 
711.510254 0.020189 
710.043062 0.015231 
708.575871 0.017901 
707.108679 0.015477 
705.641488 0.018426 
704.174296 0.012533 
702.707105 0.016541 
701.239913 0.010516 
699.772722 0.012063 
698.305530 0.011736 
696.838339 0.008808 
695.371147 0.012413 
693.903956 0.008175 
692.436764 0.013359 
690.969573 0.008723 
689.502381 0.012420 
688.035190 0.009061 
686.567998 0.012342 
685.100807 0.007687 
683.633615 0.010565 
682.166424 0.007861 
680.699232 0.004985 
679.232041 0.007822 
677.764849 0.003147 
676.297658 0.006420 
674.830466 0.001855 
673.363275 0.007089 
671.896083 0.003262 
670.428892 0.007066 
668.961700 0.005778 
667.494509 0.009395 
666.027317 0.005609 
664.560126 0.006529 
663.092934 0.010044 
661.625743 0.006070 
660.158551 0.015324 
658.691360 0.011332 
657.224168 0.017346 
655.756977 0.013462 
654.289785 0.016143 
652.822594 0.012495 
651.355402 0.012381 
649.888211 0.013164 
648.421019 0.008723 
646.953828 0.011108 
645.486636 0.006028 
644.019445 0.008707 
642.552253 -0.000682 
641.085062 0.003771 
639.617870 -0.002311 
638.150679 0.000065 
636.683487 -0.000613 
635.216296 0.001676 
633.749104 0.002350 
632.281913 0.000288 
630.814721 0.003610 
629.347530 -0.003474 
627.880338 0.000532 
626.413147 -0.004111 
624.945955 -0.001045 
623.478764 -0.006195 
622.011572 0.000111 
620.544381 -0.004563 
619.077189 -0.003134 
617.609998 -0.000605 
616.142806 -0.002250 
614.675615 0.000041 
613.208423 -0.004354 
611.741232 0.003579 
610.274040 -0.006260 
608.806849 0.004111 
607.339657 -0.002781 
605.872466 0.001245 
604.405274 0.000502 
602.938083 0.008337 
601.470891 0.005089 
600.003700 0.004900 
