5000.111000 -0.000200 
4998.643809 0.000200 
4997.176617 0.000315 
4995.709426 0.000749 
4994.242234 -0.000181 
4992.775043 -0.000305 
4991.307851 -0.000903 
4989.840660 -0.000576 
4988.373468 0.000713 
4986.906277 -0.000677 
4985.439085 -0.001568 
4983.971894 -0.000642 
4982.504702 -0.000792 
4981.037511 -0.000279 
4979.570319 0.000488 
4978.103128 -0.000700 
4976.635936 -0.000564 
4975.168745 -0.000410 
4973.701553 -0.000397 
4972.234362 -0.000279 
4970.767170 -0.000537 
4969.299979 0.000019 
4967.832787 0.000142 
4966.365596 -0.000245 
4964.898404 -0.000729 
4963.431213 -0.000398 
4961.964021 -0.000942 
4960.496830 -0.001538 
4959.029638 -0.001592 
4957.562447 -0.001007 
4956.095255 -0.001480 
4954.628064 -0.000857 
4953.160872 -0.000796 
4951.693681 -0.001007 
4950.226489 -0.000363 
4948.759298 -0.001212 
4947.292106 -0.000155 
4945.824915 -0.000427 
4944.357723 -0.000485 
4942.890532 -0.000070 
4941.423340 -0.000068 
4939.956149 0.000053 
4938.488957 -0.001334 
4937.021766 -0.000428 
4935.554574 0.000085 
4934.087383 -0.000722 
4932.620191 0.000110 
4931.153000 -0.000563 
4929.685808 -0.000442 
4928.218617 -0.000568 
4926.751425 -0.000120 
4925.284234 0.000069 
4923.817042 -0.000027 
4922.349851 0.000429 
4920.882659 0.000838 
4919.415468 0.000976 
4917.948276 0.001298 
4916.481085 0.000685 
4915.013893 0.000851 
4913.546702 0.001296 
4912.079510 0.001472 
4910.612319 0.001156 
4909.145127 0.001094 
4907.677936 0.001734 
4906.210744 0.001714 
4904.743553 0.001890 
4903.276361 0.001400 
4901.809170 0.001876 
4900.341978 0.001805 
4898.874787 0.001738 
4897.407595 0.001269 
4895.940404 0.001340 
4894.473212 0.001547 
4893.006021 0.001931 
4891.538829 0.000939 
4890.071638 0.001000 
4888.604446 0.001186 
4887.137255 0.000796 
4885.670063 0.001084 
4884.202872 0.000362 
4882.735680 0.001039 
4881.268489 0.000015 
4879.801297 0.000821 
4878.334106 0.000764 
4876.866914 0.000469 
4875.399723 -0.000389 
4873.932531 0.000880 
4872.465340 0.001195 
4870.998148 0.000145 
4869.530957 0.000868 
4868.063765 0.000390 
4866.596574 0.000534 
4865.129382 0.000591 
4863.662191 0.000891 
4862.194999 0.001290 
4860.727808 0.000446 
4859.260616 0.000554 
4857.793425 0.000867 
4856.326233 0.000245 
4854.859042 0.000596 
4853.391850 0.000278 
4851.924659 0.000957 
4850.457467 0.000577 
4848.990276 0.000301 
4847.523084 -0.000014 
4846.055893 0.000695 
4844.588701 0.000386 
4843.121510 0.000364 
4841.654318 0.000402 
4840.187127 0.000326 
4838.719935 0.000218 
4837.252744 0.000013 
4835.785552 0.000532 
4834.318361 0.000377 
4832.851169 -0.000001 
4831.383978 -0.000073 
4829.916786 0.000151 
4828.449595 0.000603 
4826.982403 0.001099 
4825.515212 0.001158 
4824.048020 0.000043 
4822.580829 0.000053 
4821.113637 0.000560 
4819.646446 0.000300 
4818.179254 -0.000088 
4816.712063 0.000026 
4815.244871 -0.000156 
4813.777680 0.000198 
4812.310488 0.000329 
4810.843297 0.000101 
4809.376105 -0.000168 
4807.908914 -0.000286 
4806.441722 0.000324 
4804.974531 -0.000502 
4803.507339 -0.000779 
4802.040148 -0.000092 
4800.572956 -0.000962 
4799.105765 -0.000359 
4797.638573 -0.000952 
4796.171382 -0.000477 
4794.704190 -0.000034 
4793.236999 -0.001078 
4791.769807 -0.001043 
4790.302616 -0.000478 
4788.835424 -0.001069 
4787.368233 -0.000469 
4785.901041 -0.000880 
4784.433850 -0.000914 
4782.966658 -0.000867 
4781.499467 -0.000727 
4780.032275 -0.001173 
4778.565084 -0.000946 
4777.097892 -0.001415 
4775.630701 -0.001161 
4774.163509 -0.000056 
4772.696318 -0.000607 
4771.229126 -0.000852 
4769.761935 -0.001409 
4768.294743 -0.000711 
4766.827552 -0.000025 
4765.360360 -0.000261 
4763.893169 -0.000412 
4762.425977 0.000285 
4760.958786 -0.000735 
4759.491594 -0.000229 
4758.024403 0.000088 
4756.557211 -0.000097 
4755.090020 -0.000500 
4753.622828 -0.000974 
4752.155637 -0.000870 
4750.688445 -0.000605 
4749.221254 -0.001616 
4747.754062 -0.001231 
4746.286871 -0.000581 
4744.819679 -0.001647 
4743.352488 -0.001728 
4741.885296 -0.001407 
4740.418105 -0.001939 
4738.950914 -0.001536 
4737.483722 -0.001408 
4736.016531 -0.001421 
4734.549339 -0.000881 
4733.082148 -0.002020 
4731.614956 -0.000553 
4730.147765 -0.000372 
4728.680573 -0.001434 
4727.213382 0.001182 
4725.746190 -0.001859 
4724.278999 0.000137 
4722.811807 -0.002306 
4721.344616 -0.000113 
4719.877424 0.000209 
4718.410233 0.000983 
4716.943041 0.001182 
4715.475850 0.000798 
4714.008658 0.002076 
4712.541467 0.001174 
4711.074275 0.001926 
4709.607084 0.001000 
4708.139892 0.002421 
4706.672701 0.001824 
4705.205509 0.002774 
4703.738318 0.002491 
4702.271126 0.002598 
4700.803935 0.003324 
4699.336743 0.002816 
4697.869552 0.003440 
4696.402360 0.003279 
4694.935169 0.003096 
4693.467977 0.003405 
4692.000786 0.002132 
4690.533594 0.004600 
4689.066403 0.003142 
4687.599211 0.006032 
4686.132020 0.002785 
4684.664828 0.004739 
4683.197637 0.003988 
4681.730445 0.004012 
4680.263254 0.004029 
4678.796062 0.000178 
4677.328871 0.004251 
4675.861679 0.000355 
4674.394488 0.002364 
4672.927296 0.000357 
4671.460105 -0.000378 
4669.992913 0.000665 
4668.525722 -0.001438 
4667.058530 0.001049 
4665.591339 -0.001070 
4664.124147 0.000101 
4662.656956 -0.000421 
4661.189764 -0.002770 
4659.722573 0.000022 
4658.255381 -0.001206 
4656.788190 0.000266 
4655.320998 0.000259 
4653.853807 -0.000853 
4652.386615 0.000980 
4650.919424 -0.000098 
4649.452232 -0.000745 
4647.985041 -0.000295 
4646.517849 -0.001319 
4645.050658 0.000460 
4643.583466 0.000532 
4642.116275 0.000618 
4640.649083 0.001318 
4639.181892 0.000578 
4637.714700 0.000705 
4636.247509 0.000637 
4634.780317 0.000544 
4633.313126 0.001057 
4631.845934 0.000308 
4630.378743 0.000205 
4628.911551 0.001128 
4627.444360 0.000483 
4625.977168 0.000659 
4624.509977 0.000819 
4623.042785 0.000855 
4621.575594 0.001484 
4620.108402 0.001130 
4618.641211 0.000730 
4617.174019 0.000786 
4615.706828 0.000984 
4614.239636 0.000885 
4612.772445 0.000841 
4611.305253 0.000755 
4609.838062 0.001183 
4608.370870 0.000930 
4606.903679 0.000813 
4605.436487 0.001028 
4603.969296 0.001006 
4602.502104 0.000623 
4601.034913 0.000394 
4599.567721 0.000572 
4598.100530 0.000601 
4596.633338 0.000155 
4595.166147 0.000230 
4593.698955 0.000309 
4592.231764 0.000664 
4590.764572 0.000071 
4589.297381 0.000236 
4587.830189 0.000264 
4586.362998 0.000448 
4584.895806 0.000881 
4583.428615 0.001407 
4581.961423 0.000523 
4580.494232 0.001044 
4579.027040 0.001123 
4577.559849 0.000724 
4576.092657 0.000984 
4574.625466 0.000796 
4573.158274 0.001269 
4571.691083 0.000695 
4570.223891 0.000028 
4568.756700 0.001374 
4567.289508 0.000806 
4565.822317 0.001241 
4564.355125 0.000856 
4562.887934 0.001015 
4561.420742 0.001392 
4559.953551 0.001124 
4558.486359 0.000480 
4557.019168 0.000965 
4555.551976 0.000234 
4554.084785 0.000310 
4552.617593 0.000429 
4551.150402 0.000787 
4549.683210 0.000133 
4548.216019 0.000202 
4546.748827 0.000977 
4545.281636 0.000812 
4543.814444 0.000648 
4542.347253 0.000571 
4540.880061 -0.000014 
4539.412870 0.000474 
4537.945678 0.001059 
4536.478487 0.000392 
4535.011295 0.000255 
4533.544104 0.000413 
4532.076912 0.000448 
4530.609721 0.000272 
4529.142529 -0.000190 
4527.675338 0.000214 
4526.208146 0.000105 
4524.740955 0.000349 
4523.273763 0.000452 
4521.806572 0.000502 
4520.339380 -0.000067 
4518.872189 0.000513 
4517.404997 -0.000026 
4515.937806 -0.000108 
4514.470614 0.000620 
4513.003423 0.000401 
4511.536231 0.000602 
4510.069040 0.000338 
4508.601848 -0.000127 
4507.134657 0.000214 
4505.667465 0.000110 
4504.200274 0.000413 
4502.733082 -0.000110 
4501.265891 0.000118 
4499.798699 0.000296 
4498.331508 0.000213 
4496.864316 -0.000192 
4495.397125 0.000227 
4493.929933 -0.000250 
4492.462742 0.000437 
4490.995550 0.000042 
4489.528359 0.000263 
4488.061167 -0.000313 
4486.593976 -0.000357 
4485.126784 0.000018 
4483.659593 -0.000208 
4482.192402 0.000237 
4480.725210 -0.000112 
4479.258019 0.000261 
4477.790827 0.000002 
4476.323636 0.000082 
4474.856444 -0.000065 
4473.389253 -0.000358 
4471.922061 -0.000197 
4470.454870 -0.000122 
4468.987678 0.000207 
4467.520487 0.000408 
4466.053295 0.000105 
4464.586104 -0.000359 
4463.118912 -0.001050 
4461.651721 -0.000023 
4460.184529 -0.000369 
4458.717338 -0.000275 
4457.250146 -0.000459 
4455.782955 -0.000152 
4454.315763 0.000440 
4452.848572 -0.000405 
4451.381380 0.000076 
4449.914189 -0.000807 
4448.446997 -0.000647 
4446.979806 -0.000513 
4445.512614 -0.000148 
4444.045423 -0.000505 
4442.578231 -0.000587 
4441.111040 -0.000528 
4439.643848 -0.000899 
4438.176657 -0.000849 
4436.709465 -0.001302 
4435.242274 -0.000925 
4433.775082 -0.001123 
4432.307891 -0.000830 
4430.840699 -0.000586 
4429.373508 -0.000582 
4427.906316 -0.000699 
4426.439125 -0.000774 
4424.971933 -0.001061 
4423.504742 -0.000749 
4422.037550 -0.000453 
4420.570359 -0.000889 
4419.103167 -0.001327 
4417.635976 -0.000590 
4416.168784 -0.000707 
4414.701593 -0.000536 
4413.234401 -0.000364 
4411.767210 -0.000574 
4410.300018 -0.000561 
4408.832827 -0.000572 
4407.365635 -0.000325 
4405.898444 -0.000857 
4404.431252 -0.000453 
4402.964061 -0.000443 
4401.496869 -0.000221 
4400.029678 -0.000114 
4398.562486 -0.000236 
4397.095295 -0.000457 
4395.628103 -0.000125 
4394.160912 0.000138 
4392.693720 0.000331 
4391.226529 0.000355 
4389.759337 0.000147 
4388.292146 -0.000340 
4386.824954 0.000050 
4385.357763 0.000218 
4383.890571 0.000442 
4382.423380 0.000214 
4380.956188 -0.000054 
4379.488997 0.000587 
4378.021805 0.000112 
4376.554614 0.000174 
4375.087422 0.000115 
4373.620231 0.000328 
4372.153039 0.000315 
4370.685848 0.000189 
4369.218656 0.000338 
4367.751465 -0.000003 
4366.284273 0.000089 
4364.817082 0.000070 
4363.349890 0.000314 
4361.882699 0.000468 
4360.415507 0.000447 
4358.948316 0.000537 
4357.481124 0.000410 
4356.013933 0.000357 
4354.546741 0.000338 
4353.079550 0.000038 
4351.612358 0.000284 
4350.145167 0.000224 
4348.677975 0.000190 
4347.210784 0.000630 
4345.743592 0.000936 
4344.276401 0.000532 
4342.809209 0.000168 
4341.342018 0.000087 
4339.874826 0.000619 
4338.407635 0.000264 
4336.940443 0.000382 
4335.473252 0.000112 
4334.006060 -0.000005 
4332.538869 0.000390 
4331.071677 0.000711 
4329.604486 0.000395 
4328.137294 0.000397 
4326.670103 -0.000018 
4325.202911 0.000118 
4323.735720 0.000751 
4322.268528 0.000543 
4320.801337 0.000386 
4319.334145 0.000106 
4317.866954 0.000353 
4316.399762 0.000457 
4314.932571 0.000504 
4313.465379 0.000342 
4311.998188 0.000196 
4310.530996 0.000260 
4309.063805 0.000727 
4307.596613 0.000570 
4306.129422 0.000265 
4304.662230 0.000041 
4303.195039 0.000004 
4301.727847 0.000109 
4300.260656 0.000218 
4298.793464 0.000647 
4297.326273 0.000577 
4295.859081 0.000802 
4294.391890 0.000831 
4292.924698 0.000551 
4291.457507 0.000700 
4289.990315 0.000921 
4288.523124 0.000633 
4287.055932 0.000746 
4285.588741 0.001018 
4284.121549 0.000684 
4282.654358 0.000549 
4281.187166 0.000333 
4279.719975 0.000273 
4278.252783 0.000406 
4276.785592 0.000351 
4275.318400 -0.000101 
4273.851209 -0.000316 
4272.384017 0.000009 
4270.916826 0.000194 
4269.449634 0.000382 
4267.982443 0.000646 
4266.515251 0.000337 
4265.048060 0.000675 
4263.580868 0.000448 
4262.113677 0.000376 
4260.646485 0.000586 
4259.179294 -0.000085 
4257.712102 0.000522 
4256.244911 0.000721 
4254.777719 0.000648 
4253.310528 0.000446 
4251.843336 0.000547 
4250.376145 0.000505 
4248.908953 0.000759 
4247.441762 0.000794 
4245.974570 0.000334 
4244.507379 0.000464 
4243.040187 0.000570 
4241.572996 0.000708 
4240.105804 0.000782 
4238.638613 0.000505 
4237.171421 0.000509 
4235.704230 0.000214 
4234.237038 0.000645 
4232.769847 0.000277 
4231.302655 0.000502 
4229.835464 0.000405 
4228.368272 0.000471 
4226.901081 0.000637 
4225.433889 0.000378 
4223.966698 0.000558 
4222.499507 0.000547 
4221.032315 0.000653 
4219.565124 0.000173 
4218.097932 0.000163 
4216.630741 0.000327 
4215.163549 0.000714 
4213.696358 0.000347 
4212.229166 -0.000092 
4210.761975 0.000269 
4209.294783 0.000547 
4207.827592 0.000322 
4206.360400 0.000325 
4204.893209 0.000523 
4203.426017 0.000517 
4201.958826 0.000278 
4200.491634 0.000230 
4199.024443 0.000059 
4197.557251 -0.000183 
4196.090060 -0.000106 
4194.622868 0.000732 
4193.155677 0.000676 
4191.688485 0.000658 
4190.221294 0.000470 
4188.754102 0.000024 
4187.286911 0.000188 
4185.819719 0.000461 
4184.352528 -0.000012 
4182.885336 0.000060 
4181.418145 -0.000006 
4179.950953 0.000090 
4178.483762 0.000392 
4177.016570 -0.000102 
4175.549379 -0.000188 
4174.082187 -0.000172 
4172.614996 0.000021 
4171.147804 0.000183 
4169.680613 0.000330 
4168.213421 0.000082 
4166.746230 0.000015 
4165.279038 0.000186 
4163.811847 0.000116 
4162.344655 0.000064 
4160.877464 0.000121 
4159.410272 -0.000091 
4157.943081 -0.000058 
4156.475889 0.000020 
4155.008698 0.000336 
4153.541506 -0.000121 
4152.074315 -0.000147 
4150.607123 -0.000134 
4149.139932 0.000582 
4147.672740 0.000726 
4146.205549 0.000686 
4144.738357 0.000396 
4143.271166 0.000284 
4141.803974 0.000195 
4140.336783 0.000178 
4138.869591 0.000414 
4137.402400 0.000379 
4135.935208 0.000355 
4134.468017 0.000387 
4133.000825 0.000564 
4131.533634 0.000370 
4130.066442 0.000426 
4128.599251 0.000302 
4127.132059 0.000660 
4125.664868 0.000532 
4124.197676 0.000482 
4122.730485 0.000194 
4121.263293 0.000240 
4119.796102 0.000856 
4118.328910 0.000579 
4116.861719 0.000594 
4115.394527 0.000596 
4113.927336 0.000393 
4112.460144 0.000475 
4110.992953 0.000561 
4109.525761 0.000778 
4108.058570 0.000834 
4106.591378 0.000267 
4105.124187 0.000548 
4103.656995 0.000505 
4102.189804 0.001169 
4100.722612 0.000851 
4099.255421 0.000443 
4097.788229 0.000611 
4096.321038 0.000677 
4094.853846 0.000726 
4093.386655 0.000571 
4091.919463 0.000891 
4090.452272 0.000605 
4088.985080 0.000433 
4087.517889 0.001083 
4086.050697 0.000722 
4084.583506 0.000495 
4083.116314 0.000385 
4081.649123 0.000778 
4080.181931 0.000635 
4078.714740 0.000872 
4077.247548 0.000756 
4075.780357 0.001172 
4074.313165 0.000789 
4072.845974 0.000897 
4071.378782 0.001092 
4069.911591 0.000866 
4068.444399 0.000638 
4066.977208 0.000922 
4065.510016 0.000965 
4064.042825 0.001136 
4062.575633 0.000761 
4061.108442 0.001069 
4059.641250 0.000828 
4058.174059 0.001089 
4056.706867 0.001085 
4055.239676 0.001155 
4053.772484 0.001060 
4052.305293 0.000635 
4050.838101 0.000596 
4049.370910 0.000906 
4047.903718 0.001482 
4046.436527 0.000621 
4044.969335 0.000873 
4043.502144 0.000901 
4042.034952 0.000899 
4040.567761 0.000635 
4039.100569 0.000687 
4037.633378 0.000568 
4036.166186 0.000792 
4034.698995 0.000910 
4033.231803 0.000961 
4031.764612 0.001085 
4030.297420 0.000623 
4028.830229 0.000741 
4027.363037 0.000998 
4025.895846 0.000640 
4024.428654 0.000765 
4022.961463 0.000628 
4021.494271 0.000467 
4020.027080 0.000774 
4018.559888 0.000958 
4017.092697 0.000815 
4015.625505 0.000601 
4014.158314 0.000781 
4012.691122 0.000483 
4011.223931 0.000886 
4009.756739 0.000837 
4008.289548 0.000689 
4006.822356 0.000365 
4005.355165 0.000325 
4003.887973 0.000494 
4002.420782 0.000812 
4000.953590 0.000800 
3999.486399 0.000466 
3998.019207 0.000212 
3996.552016 0.000524 
3995.084824 0.000913 
3993.617633 0.000481 
3992.150441 0.000311 
3990.683250 0.000493 
3989.216058 0.000423 
3987.748867 0.000741 
3986.281675 0.000358 
3984.814484 0.000231 
3983.347292 -0.000038 
3981.880101 0.000510 
3980.412909 0.000678 
3978.945718 0.000412 
3977.478526 0.000414 
3976.011335 0.000210 
3974.544143 0.000565 
3973.076952 0.000620 
3971.609760 0.000818 
3970.142569 0.000157 
3968.675377 0.000336 
3967.208186 0.000298 
3965.740994 0.000630 
3964.273803 0.000367 
3962.806612 0.000431 
3961.339420 0.000506 
3959.872229 0.000268 
3958.405037 0.000412 
3956.937846 0.000509 
3955.470654 0.000432 
3954.003463 0.000370 
3952.536271 0.000354 
3951.069080 0.000426 
3949.601888 0.000748 
3948.134697 0.000557 
3946.667505 0.000470 
3945.200314 0.000244 
3943.733122 0.000183 
3942.265931 0.000746 
3940.798739 0.000464 
3939.331548 0.000103 
3937.864356 0.000200 
3936.397165 0.000489 
3934.929973 0.000606 
3933.462782 0.000495 
3931.995590 0.000776 
3930.528399 0.000401 
3929.061207 0.000003 
3927.594016 0.000350 
3926.126824 -0.000093 
3924.659633 0.000460 
3923.192441 0.000153 
3921.725250 0.000264 
3920.258058 0.000699 
3918.790867 -0.000277 
3917.323675 0.001054 
3915.856484 0.000392 
3914.389292 0.000030 
3912.922101 -0.000166 
3911.454909 0.000241 
3909.987718 -0.000250 
3908.520526 -0.000557 
3907.053335 -0.000359 
3905.586143 0.000432 
3904.118952 0.002387 
3902.651760 0.000915 
3901.184569 0.001166 
3899.717377 0.000777 
3898.250186 0.000327 
3896.782994 -0.000156 
3895.315803 -0.000360 
3893.848611 -0.000287 
3892.381420 0.000098 
3890.914228 0.002060 
3889.447037 -0.000237 
3887.979845 -0.000205 
3886.512654 0.000515 
3885.045462 0.000858 
3883.578271 0.000116 
3882.111079 -0.000304 
3880.643888 0.001285 
3879.176696 0.000185 
3877.709505 -0.000443 
3876.242313 -0.000873 
3874.775122 0.000675 
3873.307930 0.000375 
3871.840739 -0.000326 
3870.373547 0.002468 
3868.906356 0.001068 
3867.439164 -0.000580 
3865.971973 0.000337 
3864.504781 0.001939 
3863.037590 -0.000096 
3861.570398 0.000428 
3860.103207 -0.000832 
3858.636015 -0.000440 
3857.168824 0.000279 
3855.701632 -0.000171 
3854.234441 0.009490 
3852.767249 0.002904 
3851.300058 0.002603 
3849.832866 0.000016 
3848.365675 -0.000437 
3846.898483 -0.000831 
3845.431292 -0.000770 
3843.964100 0.000243 
3842.496909 0.000058 
3841.029717 0.001182 
3839.562526 -0.000004 
3838.095334 0.003349 
3836.628143 0.000873 
3835.160951 0.001219 
3833.693760 -0.000399 
3832.226568 0.000346 
3830.759377 0.000187 
3829.292185 -0.000125 
3827.824994 -0.000083 
3826.357802 0.000151 
3824.890611 -0.000532 
3823.423419 -0.000420 
3821.956228 0.001970 
3820.489036 0.002530 
3819.021845 0.000035 
3817.554653 -0.000128 
3816.087462 0.004660 
3814.620270 0.000299 
3813.153079 -0.000513 
3811.685887 -0.000080 
3810.218696 -0.000285 
3808.751504 -0.000458 
3807.284313 0.002409 
3805.817121 0.000553 
3804.349930 -0.000314 
3802.882738 0.000571 
3801.415547 0.005827 
3799.948355 0.000248 
3798.481164 0.000057 
3797.013972 0.001009 
3795.546781 0.000589 
3794.079589 -0.000047 
3792.612398 -0.000205 
3791.145206 -0.000175 
3789.678015 0.000206 
3788.210823 -0.000175 
3786.743632 -0.000348 
3785.276440 -0.000213 
3783.809249 -0.000106 
3782.342057 0.000136 
3780.874866 0.000022 
3779.407674 0.001372 
3777.940483 -0.000294 
3776.473291 -0.000204 
3775.006100 0.000056 
3773.538908 0.000079 
3772.071717 -0.000124 
3770.604525 0.000536 
3769.137334 0.000888 
3767.670142 -0.000097 
3766.202951 0.000554 
3764.735759 0.000537 
3763.268568 -0.000195 
3761.801376 -0.000063 
3760.334185 0.000868 
3758.866993 0.000604 
3757.399802 -0.000109 
3755.932610 -0.000122 
3754.465419 -0.000841 
3752.998227 0.000963 
3751.531036 0.003461 
3750.063844 0.001439 
3748.596653 0.001250 
3747.129461 -0.001424 
3745.662270 0.000335 
3744.195078 0.006694 
3742.727887 -0.001057 
3741.260695 -0.001254 
3739.793504 -0.002695 
3738.326312 -0.001912 
3736.859121 0.000520 
3735.391929 0.000572 
3733.924738 -0.000786 
3732.457546 0.000197 
3730.990355 -0.000929 
3729.523163 -0.001213 
3728.055972 -0.001230 
3726.588780 0.000556 
3725.121589 -0.000489 
3723.654397 -0.000660 
3722.187206 0.000815 
3720.720014 -0.000212 
3719.252823 0.000282 
3717.785631 0.000117 
3716.318440 0.000422 
3714.851248 0.001020 
3713.384057 0.001208 
3711.916865 0.004403 
3710.449674 0.003134 
3708.982482 0.007361 
3707.515291 0.008097 
3706.048099 0.007818 
3704.580908 0.008317 
3703.113717 0.008447 
3701.646525 0.009342 
3700.179334 0.007491 
3698.712142 0.006526 
3697.244951 0.005912 
3695.777759 0.004811 
3694.310568 0.003930 
3692.843376 0.003689 
3691.376185 0.005435 
3689.908993 0.003963 
3688.441802 0.007952 
3686.974610 0.003222 
3685.507419 0.002875 
3684.040227 0.003027 
3682.573036 0.003113 
3681.105844 0.003344 
3679.638653 0.004000 
3678.171461 0.003733 
3676.704270 0.006593 
3675.237078 0.008945 
3673.769887 0.005859 
3672.302695 0.005374 
3670.835504 0.009717 
3669.368312 0.007827 
3667.901121 0.008168 
3666.433929 0.008043 
3664.966738 0.007667 
3663.499546 0.008601 
3662.032355 0.009708 
3660.565163 0.010917 
3659.097972 0.011418 
3657.630780 0.011808 
3656.163589 0.016050 
3654.696397 0.014108 
3653.229206 0.014821 
3651.762014 0.016819 
3650.294823 0.018536 
3648.827631 0.021321 
3647.360440 0.020719 
3645.893248 0.019406 
3644.426057 0.019415 
3642.958865 0.020003 
3641.491674 0.020490 
3640.024482 0.021134 
3638.557291 0.021818 
3637.090099 0.022624 
3635.622908 0.023084 
3634.155716 0.023897 
3632.688525 0.024308 
3631.221333 0.024907 
3629.754142 0.029939 
3628.286950 0.029183 
3626.819759 0.026824 
3625.352567 0.027595 
3623.885376 0.028208 
3622.418184 0.029324 
3620.950993 0.030030 
3619.483801 0.032180 
3618.016610 0.032163 
3616.549418 0.032574 
3615.082227 0.033858 
3613.615035 0.034972 
3612.147844 0.036217 
3610.680652 0.036000 
3609.213461 0.039252 
3607.746269 0.038413 
3606.279078 0.039840 
3604.811886 0.040226 
3603.344695 0.041630 
3601.877503 0.044011 
3600.410312 0.046757 
3598.943120 0.048110 
3597.475929 0.048487 
3596.008737 0.050140 
3594.541546 0.051214 
3593.074354 0.052436 
3591.607163 0.053504 
3590.139971 0.054838 
3588.672780 0.057392 
3587.205588 0.058276 
3585.738397 0.059068 
3584.271205 0.060320 
3582.804014 0.061992 
3581.336822 0.063128 
3579.869631 0.064930 
3578.402439 0.066733 
3576.935248 0.068917 
3575.468056 0.070413 
3574.000865 0.072239 
3572.533673 0.074195 
3571.066482 0.076186 
3569.599290 0.078429 
3568.132099 0.081989 
3566.664907 0.083919 
3565.197716 0.085140 
3563.730524 0.087028 
3562.263333 0.089591 
3560.796141 0.092301 
3559.328950 0.094595 
3557.861758 0.096993 
3556.394567 0.099535 
3554.927375 0.101937 
3553.460184 0.104960 
3551.992992 0.108332 
3550.525801 0.110161 
3549.058609 0.112973 
3547.591418 0.116204 
3546.124226 0.119619 
3544.657035 0.122223 
3543.189843 0.125181 
3541.722652 0.128080 
3540.255460 0.131370 
3538.788269 0.134623 
3537.321077 0.138574 
3535.853886 0.141525 
3534.386694 0.144769 
3532.919503 0.148505 
3531.452311 0.152210 
3529.985120 0.156636 
3528.517928 0.159935 
3527.050737 0.163791 
3525.583545 0.167810 
3524.116354 0.171879 
3522.649162 0.175870 
3521.181971 0.179909 
3519.714779 0.184435 
3518.247588 0.188365 
3516.780396 0.192697 
3515.313205 0.197343 
3513.846013 0.201571 
3512.378822 0.206154 
3510.911630 0.210681 
3509.444439 0.215619 
3507.977247 0.220426 
3506.510056 0.225405 
3505.042864 0.229932 
3503.575673 0.234564 
3502.108481 0.239136 
3500.641290 0.244785 
3499.174098 0.249980 
3497.706907 0.254875 
3496.239715 0.260102 
3494.772524 0.264939 
3493.305332 0.270654 
3491.838141 0.276461 
3490.370949 0.281934 
3488.903758 0.286605 
3487.436566 0.292904 
3485.969375 0.297972 
3484.502183 0.304811 
3483.034992 0.310367 
3481.567800 0.315857 
3480.100609 0.321349 
3478.633417 0.326801 
3477.166226 0.333432 
3475.699034 0.339821 
3474.231843 0.345786 
3472.764651 0.351610 
3471.297460 0.357865 
3469.830268 0.364524 
3468.363077 0.369076 
3466.895885 0.375056 
3465.428694 0.381586 
3463.961502 0.388730 
3462.494311 0.395528 
3461.027119 0.401783 
3459.559928 0.408015 
3458.092736 0.414121 
3456.625545 0.420281 
3455.158353 0.427303 
3453.691162 0.433514 
3452.223970 0.440161 
3450.756779 0.445792 
3449.289587 0.452390 
3447.822396 0.458920 
3446.355205 0.465588 
3444.888013 0.471551 
3443.420822 0.477605 
3441.953630 0.483885 
3440.486439 0.490079 
3439.019247 0.496991 
3437.552056 0.502331 
3436.084864 0.508323 
3434.617673 0.512579 
3433.150481 0.519774 
3431.683290 0.527555 
3430.216098 0.532500 
3428.748907 0.538387 
3427.281715 0.544792 
3425.814524 0.550603 
3424.347332 0.556970 
3422.880141 0.563282 
3421.412949 0.569423 
3419.945758 0.574646 
3418.478566 0.580147 
3417.011375 0.586136 
3415.544183 0.592241 
3414.076992 0.596946 
3412.609800 0.601940 
3411.142609 0.607343 
3409.675417 0.612671 
3408.208226 0.617837 
3406.741034 0.623918 
3405.273843 0.628916 
3403.806651 0.633910 
3402.339460 0.638731 
3400.872268 0.640354 
3399.405077 0.644529 
3397.937885 0.651314 
3396.470694 0.656998 
3395.003502 0.661037 
3393.536311 0.666498 
3392.069119 0.668689 
3390.601928 0.670474 
3389.134736 0.678598 
3387.667545 0.681849 
3386.200353 0.686424 
3384.733162 0.691079 
3383.265970 0.694839 
3381.798779 0.698360 
3380.331587 0.701998 
3378.864396 0.705434 
3377.397204 0.710025 
3375.930013 0.712205 
3374.462821 0.715936 
3372.995630 0.719570 
3371.528438 0.723954 
3370.061247 0.725580 
3368.594055 0.725173 
3367.126864 0.730678 
3365.659672 0.732924 
3364.192481 0.738590 
3362.725289 0.741761 
3361.258098 0.745196 
3359.790906 0.748466 
3358.323715 0.751389 
3356.856523 0.754876 
3355.389332 0.757163 
3353.922140 0.760372 
3352.454949 0.762944 
3350.987757 0.764952 
3349.520566 0.766139 
3348.053374 0.771342 
3346.586183 0.774658 
3345.118991 0.778173 
3343.651800 0.780279 
3342.184608 0.781933 
3340.717417 0.786014 
3339.250225 0.789618 
3337.783034 0.789668 
3336.315842 0.795100 
3334.848651 0.796805 
3333.381459 0.800320 
3331.914268 0.803354 
3330.447076 0.807559 
3328.979885 0.809187 
3327.512693 0.811745 
3326.045502 0.813827 
3324.578310 0.816296 
3323.111119 0.820016 
3321.643927 0.823525 
3320.176736 0.825349 
3318.709544 0.828048 
3317.242353 0.831611 
3315.775161 0.834775 
3314.307970 0.838524 
3312.840778 0.839625 
3311.373587 0.843323 
3309.906395 0.847673 
3308.439204 0.847778 
3306.972012 0.848480 
3305.504821 0.847280 
3304.037629 0.848883 
3302.570438 0.856217 
3301.103246 0.860000 
3299.636055 0.863042 
3298.168863 0.866098 
3296.701672 0.866780 
3295.234480 0.869151 
3293.767289 0.872102 
3292.300097 0.873118 
3290.832906 0.873399 
3289.365714 0.877462 
3287.898523 0.878787 
3286.431331 0.881502 
3284.964140 0.883200 
3283.496948 0.884418 
3282.029757 0.885901 
3280.562565 0.887301 
3279.095374 0.888665 
3277.628182 0.888745 
3276.160991 0.890431 
3274.693799 0.889095 
3273.226608 0.891190 
3271.759416 0.890551 
3270.292225 0.886831 
3268.825033 0.891229 
3267.357842 0.890925 
3265.890650 0.892104 
3264.423459 0.891624 
3262.956267 0.891853 
3261.489076 0.891150 
3260.021884 0.892886 
3258.554693 0.889497 
3257.087501 0.888623 
3255.620310 0.886531 
3254.153118 0.886371 
3252.685927 0.885762 
3251.218735 0.883952 
3249.751544 0.882464 
3248.284352 0.881158 
3246.817161 0.876479 
3245.349969 0.876307 
3243.882778 0.873953 
3242.415586 0.872630 
3240.948395 0.871005 
3239.481203 0.869247 
3238.014012 0.867134 
3236.546820 0.862020 
3235.079629 0.860918 
3233.612437 0.853042 
3232.145246 0.850284 
3230.678054 0.850354 
3229.210863 0.846353 
3227.743671 0.844255 
3226.276480 0.840295 
3224.809288 0.837249 
3223.342097 0.832600 
3221.874905 0.829127 
3220.407714 0.825965 
3218.940522 0.821199 
3217.473331 0.816484 
3216.006139 0.811928 
3214.538948 0.808891 
3213.071756 0.803088 
3211.604565 0.799129 
3210.137373 0.795056 
3208.670182 0.789864 
3207.202990 0.785113 
3205.735799 0.780287 
3204.268607 0.775477 
3202.801416 0.770652 
3201.334224 0.765931 
3199.867033 0.761221 
3198.399841 0.756016 
3196.932650 0.750700 
3195.465458 0.745857 
3193.998267 0.740501 
3192.531075 0.735325 
3191.063884 0.729930 
3189.596692 0.724823 
3188.129501 0.719184 
3186.662310 0.713969 
3185.195118 0.708728 
3183.727927 0.702661 
3182.260735 0.697294 
3180.793544 0.691380 
3179.326352 0.686236 
3177.859161 0.681451 
3176.391969 0.675534 
3174.924778 0.669058 
3173.457586 0.663478 
3171.990395 0.658015 
3170.523203 0.652567 
3169.056012 0.646299 
3167.588820 0.640009 
3166.121629 0.634490 
3164.654437 0.627943 
3163.187246 0.622565 
3161.720054 0.616479 
3160.252863 0.610339 
3158.785671 0.603899 
3157.318480 0.597761 
3155.851288 0.592481 
3154.384097 0.586202 
3152.916905 0.578030 
3151.449714 0.569820 
3149.982522 0.566141 
3148.515331 0.559970 
3147.048139 0.554054 
3145.580948 0.547844 
3144.113756 0.541324 
3142.646565 0.535646 
3141.179373 0.528880 
3139.712182 0.521761 
3138.244990 0.515230 
3136.777799 0.509493 
3135.310607 0.503395 
3133.843416 0.497041 
3132.376224 0.490992 
3130.909033 0.484716 
3129.441841 0.477406 
3127.974650 0.471303 
3126.507458 0.464507 
3125.040267 0.458622 
3123.573075 0.452217 
3122.105884 0.445685 
3120.638692 0.437753 
3119.171501 0.431335 
3117.704309 0.425281 
3116.237118 0.417434 
3114.769926 0.411143 
3113.302735 0.405809 
3111.835543 0.399920 
3110.368352 0.393439 
3108.901160 0.386456 
3107.433969 0.380493 
3105.966777 0.373855 
3104.499586 0.367541 
3103.032394 0.361444 
3101.565203 0.355621 
3100.098011 0.348691 
3098.630820 0.342833 
3097.163628 0.336609 
3095.696437 0.330426 
3094.229245 0.324628 
3092.762054 0.319064 
3091.294862 0.312518 
3089.827671 0.305759 
3088.360479 0.300512 
3086.893288 0.295269 
3085.426096 0.289245 
3083.958905 0.282626 
3082.491713 0.277782 
3081.024522 0.272109 
3079.557330 0.266600 
3078.090139 0.260884 
3076.622947 0.256123 
3075.155756 0.250997 
3073.688564 0.245726 
3072.221373 0.240910 
3070.754181 0.236218 
3069.286990 0.231230 
3067.819798 0.225884 
3066.352607 0.221139 
3064.885415 0.217201 
3063.418224 0.212647 
3061.951032 0.208092 
3060.483841 0.203813 
3059.016649 0.199453 
3057.549458 0.195251 
3056.082266 0.191582 
3054.615075 0.187464 
3053.147883 0.183911 
3051.680692 0.179514 
3050.213500 0.175911 
3048.746309 0.172978 
3047.279117 0.169470 
3045.811926 0.165937 
3044.344734 0.162372 
3042.877543 0.158888 
3041.410351 0.156087 
3039.943160 0.153120 
3038.475968 0.150379 
3037.008777 0.147559 
3035.541585 0.144717 
3034.074394 0.141765 
3032.607202 0.139154 
3031.140011 0.136747 
3029.672819 0.134171 
3028.205628 0.131646 
3026.738436 0.129303 
3025.271245 0.126981 
3023.804053 0.124854 
3022.336862 0.122347 
3020.869670 0.119883 
3019.402479 0.117585 
3017.935287 0.115446 
3016.468096 0.113258 
3015.000904 0.110870 
3013.533713 0.108056 
3012.066521 0.106250 
3010.599330 0.104149 
3009.132138 0.103032 
3007.664947 0.101540 
3006.197755 0.100344 
3004.730564 0.099141 
3003.263372 0.097957 
3001.796181 0.096603 
3000.328989 0.094952 
2998.861798 0.093263 
2997.394606 0.091528 
2995.927415 0.090383 
2994.460223 0.088784 
2992.993032 0.087341 
2991.525840 0.085782 
2990.058649 0.084128 
2988.591457 0.082741 
2987.124266 0.081821 
2985.657074 0.080463 
2984.189883 0.079136 
2982.722691 0.077867 
2981.255500 0.076597 
2979.788308 0.075777 
2978.321117 0.074696 
2976.853925 0.073933 
2975.386734 0.072677 
2973.919542 0.071836 
2972.452351 0.071029 
2970.985159 0.070580 
2969.517968 0.069971 
2968.050776 0.069066 
2966.583585 0.068162 
2965.116393 0.067757 
2963.649202 0.067162 
2962.182010 0.066768 
2960.714819 0.065955 
2959.247627 0.065479 
2957.780436 0.065132 
2956.313244 0.064988 
2954.846053 0.064626 
2953.378861 0.064155 
2951.911670 0.063607 
2950.444478 0.063259 
2948.977287 0.063121 
2947.510095 0.062895 
2946.042904 0.062360 
2944.575712 0.062235 
2943.108521 0.061720 
2941.641329 0.061531 
2940.174138 0.061483 
2938.706946 0.060990 
2937.239755 0.060687 
2935.772563 0.060175 
2934.305372 0.059831 
2932.838180 0.059636 
2931.370989 0.059092 
2929.903797 0.058709 
2928.436606 0.058211 
2926.969415 0.057819 
2925.502223 0.057647 
2924.035032 0.057470 
2922.567840 0.056997 
2921.100649 0.056650 
2919.633457 0.056474 
2918.166266 0.056349 
2916.699074 0.056074 
2915.231883 0.055936 
2913.764691 0.055258 
2912.297500 0.055113 
2910.830308 0.055134 
2909.363117 0.055219 
2907.895925 0.054923 
2906.428734 0.054662 
2904.961542 0.054544 
2903.494351 0.054260 
2902.027159 0.054387 
2900.559968 0.054276 
2899.092776 0.053850 
2897.625585 0.053400 
2896.158393 0.053448 
2894.691202 0.053201 
2893.224010 0.053094 
2891.756819 0.052557 
2890.289627 0.052448 
2888.822436 0.052132 
2887.355244 0.051974 
2885.888053 0.051899 
2884.420861 0.051642 
2882.953670 0.051166 
2881.486478 0.050926 
2880.019287 0.050847 
2878.552095 0.050708 
2877.084904 0.050797 
2875.617712 0.050241 
2874.150521 0.050089 
2872.683329 0.049649 
2871.216138 0.049888 
2869.748946 0.049764 
2868.281755 0.049408 
2866.814563 0.048878 
2865.347372 0.048824 
2863.880180 0.048844 
2862.412989 0.048709 
2860.945797 0.048444 
2859.478606 0.047915 
2858.011414 0.047734 
2856.544223 0.047506 
2855.077031 0.047370 
2853.609840 0.047006 
2852.142648 0.046336 
2850.675457 0.045991 
2849.208265 0.045518 
2847.741074 0.045291 
2846.273882 0.044863 
2844.806691 0.044571 
2843.339499 0.044157 
2841.872308 0.043590 
2840.405116 0.043371 
2838.937925 0.043110 
2837.470733 0.042534 
2836.003542 0.042092 
2834.536350 0.041744 
2833.069159 0.041370 
2831.601967 0.041177 
2830.134776 0.040638 
2828.667584 0.040002 
2827.200393 0.039558 
2825.733201 0.039365 
2824.266010 0.039374 
2822.798818 0.038845 
2821.331627 0.038163 
2819.864435 0.037801 
2818.397244 0.037604 
2816.930052 0.037440 
2815.462861 0.037061 
2813.995669 0.036569 
2812.528478 0.036204 
2811.061286 0.035842 
2809.594095 0.035906 
2808.126903 0.035682 
2806.659712 0.035335 
2805.192520 0.035021 
2803.725329 0.034547 
2802.258137 0.034588 
2800.790946 0.034464 
2799.323754 0.034209 
2797.856563 0.033726 
2796.389371 0.033652 
2794.922180 0.033568 
2793.454988 0.033512 
2791.987797 0.033297 
2790.520605 0.032855 
2789.053414 0.032500 
2787.586222 0.032321 
2786.119031 0.032462 
2784.651839 0.032340 
2783.184648 0.032162 
2781.717456 0.031680 
2780.250265 0.031669 
2778.783073 0.031608 
2777.315882 0.031624 
2775.848690 0.031472 
2774.381499 0.031047 
2772.914307 0.030743 
2771.447116 0.030849 
2769.979924 0.030740 
2768.512733 0.030577 
2767.045541 0.030285 
2765.578350 0.030074 
2764.111158 0.029988 
2762.643967 0.030130 
2761.176775 0.029887 
2759.709584 0.029670 
2758.242392 0.029306 
2756.775201 0.029127 
2755.308009 0.029238 
2753.840818 0.028980 
2752.373626 0.028951 
2750.906435 0.028624 
2749.439243 0.028410 
2747.972052 0.028426 
2746.504860 0.028510 
2745.037669 0.028339 
2743.570477 0.027925 
2742.103286 0.027780 
2740.636094 0.027710 
2739.168903 0.027724 
2737.701711 0.027626 
2736.234520 0.027244 
2734.767328 0.027032 
2733.300137 0.027071 
2731.832945 0.026956 
2730.365754 0.026845 
2728.898562 0.026757 
2727.431371 0.026498 
2725.964179 0.026385 
2724.496988 0.026360 
2723.029796 0.026197 
2721.562605 0.026014 
2720.095413 0.025786 
2718.628222 0.025574 
2717.161030 0.025570 
2715.693839 0.025603 
2714.226647 0.025445 
2712.759456 0.024979 
2711.292264 0.024869 
2709.825073 0.024796 
2708.357881 0.024874 
2706.890690 0.024837 
2705.423498 0.024501 
2703.956307 0.024175 
2702.489115 0.024129 
2701.021924 0.024144 
2699.554732 0.024001 
2698.087541 0.023841 
2696.620349 0.023706 
2695.153158 0.023654 
2693.685966 0.023593 
2692.218775 0.023578 
2690.751583 0.023383 
2689.284392 0.023197 
2687.817200 0.022814 
2686.350009 0.023118 
2684.882817 0.022900 
2683.415626 0.023026 
2681.948434 0.022812 
2680.481243 0.022458 
2679.014051 0.022291 
2677.546860 0.022359 
2676.079668 0.022335 
2674.612477 0.022258 
2673.145285 0.022006 
2671.678094 0.022076 
2670.210903 0.021986 
2668.743711 0.021983 
2667.276520 0.021750 
2665.809328 0.021796 
2664.342137 0.021752 
2662.874945 0.021653 
2661.407754 0.021685 
2659.940562 0.021724 
2658.473371 0.021383 
2657.006179 0.021314 
2655.538988 0.021259 
2654.071796 0.021500 
2652.604605 0.021683 
2651.137413 0.021213 
2649.670222 0.021195 
2648.203030 0.021231 
2646.735839 0.021392 
2645.268647 0.021406 
2643.801456 0.021319 
2642.334264 0.021123 
2640.867073 0.020991 
2639.399881 0.021214 
2637.932690 0.021134 
2636.465498 0.021140 
2634.998307 0.020922 
2633.531115 0.020906 
2632.063924 0.021078 
2630.596732 0.021263 
2629.129541 0.021137 
2627.662349 0.021043 
2626.195158 0.020999 
2624.727966 0.020930 
2623.260775 0.021080 
2621.793583 0.021000 
2620.326392 0.020947 
2618.859200 0.020790 
2617.392009 0.020804 
2615.924817 0.020811 
2614.457626 0.021042 
2612.990434 0.020837 
2611.523243 0.020753 
2610.056051 0.020559 
2608.588860 0.020669 
2607.121668 0.020709 
2605.654477 0.020713 
2604.187285 0.020689 
2602.720094 0.020615 
2601.252902 0.020413 
2599.785711 0.020666 
2598.318519 0.020555 
2596.851328 0.020446 
2595.384136 0.020439 
2593.916945 0.020336 
2592.449753 0.020411 
2590.982562 0.020369 
2589.515370 0.020321 
2588.048179 0.020202 
2586.580987 0.020212 
2585.113796 0.020329 
2583.646604 0.020226 
2582.179413 0.020413 
2580.712221 0.020196 
2579.245030 0.020101 
2577.777838 0.020209 
2576.310647 0.020153 
2574.843455 0.020263 
2573.376264 0.020060 
2571.909072 0.019784 
2570.441881 0.019903 
2568.974689 0.020102 
2567.507498 0.020100 
2566.040306 0.020023 
2564.573115 0.019919 
2563.105923 0.019766 
2561.638732 0.019762 
2560.171540 0.019803 
2558.704349 0.019740 
2557.237157 0.019622 
2555.769966 0.019427 
2554.302774 0.019552 
2552.835583 0.019480 
2551.368391 0.019597 
2549.901200 0.019509 
2548.434008 0.019292 
2546.966817 0.019276 
2545.499625 0.019336 
2544.032434 0.019370 
2542.565242 0.019136 
2541.098051 0.018980 
2539.630859 0.018908 
2538.163668 0.019119 
2536.696476 0.018858 
2535.229285 0.018742 
2533.762093 0.018697 
2532.294902 0.018641 
2530.827710 0.018678 
2529.360519 0.018741 
2527.893327 0.018569 
2526.426136 0.018425 
2524.958944 0.018358 
2523.491753 0.018287 
2522.024561 0.018357 
2520.557370 0.018379 
2519.090178 0.018178 
2517.622987 0.017938 
2516.155795 0.018102 
2514.688604 0.018020 
2513.221412 0.017949 
2511.754221 0.017921 
2510.287029 0.017742 
2508.819838 0.017761 
2507.352646 0.017789 
2505.885455 0.017878 
2504.418263 0.017769 
2502.951072 0.017576 
2501.483880 0.017556 
2500.016689 0.017525 
2498.549497 0.017483 
2497.082306 0.017519 
2495.615114 0.017428 
2494.147923 0.017386 
2492.680731 0.017172 
2491.213540 0.017438 
2489.746348 0.017395 
2488.279157 0.017221 
2486.811965 0.017151 
2485.344774 0.017038 
2483.877582 0.017260 
2482.410391 0.017362 
2480.943199 0.017288 
2479.476008 0.017044 
2478.008816 0.016967 
2476.541625 0.017030 
2475.074433 0.017099 
2473.607242 0.017140 
2472.140050 0.017052 
2470.672859 0.016893 
2469.205667 0.017018 
2467.738476 0.017045 
2466.271284 0.017187 
2464.804093 0.017021 
2463.336901 0.016927 
2461.869710 0.016946 
2460.402518 0.016990 
2458.935327 0.017058 
2457.468135 0.016955 
2456.000944 0.016981 
2454.533752 0.016837 
2453.066561 0.016967 
2451.599369 0.017054 
2450.132178 0.016981 
2448.664986 0.016833 
2447.197795 0.016739 
2445.730603 0.016787 
2444.263412 0.016743 
2442.796220 0.016774 
2441.329029 0.016730 
2439.861837 0.016484 
2438.394646 0.016478 
2436.927454 0.016476 
2435.460263 0.016762 
2433.993071 0.016610 
2432.525880 0.016385 
2431.058688 0.016361 
2429.591497 0.016350 
2428.124305 0.016464 
2426.657114 0.016494 
2425.189922 0.016309 
2423.722731 0.016294 
2422.255539 0.016215 
2420.788348 0.016309 
2419.321156 0.016362 
2417.853965 0.016210 
2416.386773 0.016161 
2414.919582 0.016002 
2413.452390 0.016101 
2411.985199 0.016083 
2410.518008 0.016008 
2409.050816 0.015871 
2407.583625 0.015803 
2406.116433 0.016009 
2404.649242 0.015889 
2403.182050 0.015926 
2401.714859 0.015633 
2400.247667 0.015560 
2398.780476 0.015604 
2397.313284 0.015698 
2395.846093 0.015683 
2394.378901 0.015520 
2392.911710 0.015334 
2391.444518 0.015179 
2389.977327 0.015176 
2388.510135 0.015246 
2387.042944 0.015036 
2385.575752 0.014752 
2384.108561 0.014450 
2382.641369 0.014335 
2381.174178 0.013964 
2379.706986 0.013570 
2378.239795 0.012963 
2376.772603 0.013272 
2375.305412 0.014639 
2373.838220 0.017115 
2372.371029 0.021734 
2370.903837 0.025302 
2369.436646 0.027252 
2367.969454 0.033360 
2366.502263 0.035795 
2365.035071 0.048578 
2363.567880 0.056819 
2362.100688 0.075390 
2360.633497 0.089700 
2359.166305 0.106995 
2357.699114 0.126844 
2356.231922 0.138770 
2354.764731 0.156554 
2353.297539 0.175495 
2351.830348 0.195339 
2350.363156 0.224298 
2348.895965 0.260310 
2347.428773 0.304109 
2345.961582 0.357637 
2344.494390 0.414827 
2343.027199 0.468397 
2341.560007 0.502292 
2340.092816 0.493317 
2338.625624 0.408410 
2337.158433 0.282841 
2335.691241 0.184921 
2334.224050 0.130253 
2332.756858 0.092951 
2331.289667 0.068291 
2329.822475 0.048749 
2328.355284 0.036351 
2326.888092 0.030412 
2325.420901 0.030458 
2323.953709 0.029481 
2322.486518 0.026039 
2321.019326 0.024351 
2319.552135 0.025270 
2318.084943 0.026395 
2316.617752 0.025022 
2315.150560 0.024236 
2313.683369 0.025110 
2312.216177 0.024855 
2310.748986 0.024148 
2309.281794 0.024668 
2307.814603 0.024865 
2306.347411 0.024129 
2304.880220 0.024278 
2303.413028 0.024697 
2301.945837 0.024465 
2300.478645 0.024404 
2299.011454 0.024563 
2297.544262 0.024457 
2296.077071 0.024558 
2294.609879 0.024769 
2293.142688 0.024721 
2291.675496 0.024554 
2290.208305 0.024774 
2288.741113 0.024921 
2287.273922 0.025342 
2285.806730 0.026054 
2284.339539 0.027444 
2282.872347 0.030483 
2281.405156 0.032577 
2279.937964 0.034513 
2278.470773 0.035988 
2277.003581 0.035713 
2275.536390 0.034587 
2274.069198 0.032879 
2272.602007 0.031488 
2271.134815 0.031485 
2269.667624 0.031974 
2268.200432 0.032718 
2266.733241 0.033414 
2265.266049 0.033977 
2263.798858 0.034409 
2262.331666 0.034400 
2260.864475 0.034269 
2259.397283 0.033827 
2257.930092 0.033506 
2256.462900 0.033361 
2254.995709 0.033074 
2253.528517 0.032733 
2252.061326 0.032377 
2250.594134 0.032130 
2249.126943 0.032156 
2247.659751 0.032155 
2246.192560 0.032256 
2244.725368 0.032004 
2243.258177 0.031800 
2241.790985 0.031554 
2240.323794 0.031297 
2238.856602 0.031143 
2237.389411 0.030814 
2235.922219 0.030343 
2234.455028 0.029683 
2232.987836 0.029398 
2231.520645 0.028950 
2230.053453 0.028465 
2228.586262 0.027805 
2227.119070 0.027390 
2225.651879 0.026785 
2224.184687 0.026384 
2222.717496 0.026091 
2221.250304 0.025765 
2219.783113 0.025257 
2218.315921 0.025058 
2216.848730 0.024894 
2215.381538 0.024827 
2213.914347 0.024727 
2212.447155 0.024456 
2210.979964 0.024203 
2209.512772 0.024112 
2208.045581 0.024093 
2206.578389 0.023992 
2205.111198 0.024081 
2203.644006 0.023641 
2202.176815 0.023639 
2200.709623 0.023739 
2199.242432 0.024015 
2197.775240 0.024167 
2196.308049 0.024053 
2194.840857 0.024290 
2193.373666 0.024545 
2191.906474 0.025028 
2190.439283 0.025721 
2188.972091 0.026226 
2187.504900 0.026841 
2186.037708 0.027648 
2184.570517 0.028734 
2183.103325 0.029811 
2181.636134 0.030953 
2180.168942 0.032140 
2178.701751 0.033109 
2177.234559 0.034348 
2175.767368 0.035325 
2174.300176 0.036095 
2172.832985 0.036433 
2171.365793 0.036737 
2169.898602 0.036559 
2168.431410 0.036321 
2166.964219 0.035674 
2165.497027 0.034567 
2164.029836 0.033313 
2162.562644 0.031702 
2161.095453 0.030114 
2159.628261 0.028779 
2158.161070 0.027366 
2156.693878 0.026237 
2155.226687 0.025684 
2153.759495 0.025128 
2152.292304 0.024451 
2150.825113 0.023192 
2149.357921 0.022318 
2147.890730 0.024596 
2146.423538 0.032654 
2144.956347 0.042647 
2143.489155 0.050097 
2142.021964 0.055364 
2140.554772 0.057296 
2139.087581 0.054301 
2137.620389 0.048696 
2136.153198 0.040967 
2134.686006 0.033717 
2133.218815 0.028100 
2131.751623 0.023749 
2130.284432 0.020837 
2128.817240 0.019009 
2127.350049 0.018093 
2125.882857 0.017249 
2124.415666 0.016735 
2122.948474 0.016151 
2121.481283 0.015803 
2120.014091 0.015374 
2118.546900 0.015293 
2117.079708 0.014952 
2115.612517 0.014474 
2114.145325 0.014193 
2112.678134 0.014114 
2111.210942 0.013960 
2109.743751 0.013972 
2108.276559 0.013806 
2106.809368 0.013851 
2105.342176 0.014699 
2103.874985 0.015821 
2102.407793 0.016774 
2100.940602 0.017555 
2099.473410 0.017727 
2098.006219 0.017901 
2096.539027 0.018154 
2095.071836 0.018520 
2093.604644 0.018742 
2092.137453 0.018716 
2090.670261 0.018594 
2089.203070 0.018405 
2087.735878 0.018091 
2086.268687 0.017555 
2084.801495 0.016655 
2083.334304 0.015949 
2081.867112 0.015086 
2080.399921 0.014530 
2078.932729 0.014077 
2077.465538 0.013499 
2075.998346 0.012920 
2074.531155 0.012193 
2073.063963 0.011907 
2071.596772 0.011586 
2070.129580 0.011231 
2068.662389 0.010714 
2067.195197 0.010321 
2065.728006 0.009905 
2064.260814 0.009660 
2062.793623 0.009567 
2061.326431 0.009109 
2059.859240 0.008599 
2058.392048 0.008211 
2056.924857 0.007940 
2055.457665 0.007841 
2053.990474 0.007765 
2052.523282 0.007367 
2051.056091 0.007011 
2049.588899 0.006702 
2048.121708 0.006728 
2046.654516 0.006531 
2045.187325 0.006393 
2043.720133 0.006276 
2042.252942 0.005922 
2040.785750 0.005831 
2039.318559 0.005692 
2037.851367 0.005600 
2036.384176 0.005395 
2034.916984 0.005125 
2033.449793 0.004990 
2031.982601 0.005027 
2030.515410 0.004933 
2029.048218 0.004777 
2027.581027 0.004499 
2026.113835 0.004182 
2024.646644 0.004086 
2023.179452 0.004189 
2021.712261 0.004061 
2020.245069 0.003769 
2018.777878 0.003499 
2017.310686 0.003479 
2015.843495 0.003339 
2014.376303 0.003284 
2012.909112 0.003212 
2011.441920 0.003021 
2009.974729 0.002879 
2008.507537 0.002735 
2007.040346 0.002772 
2005.573154 0.002694 
2004.105963 0.002620 
2002.638771 0.002371 
2001.171580 0.002293 
1999.704388 0.002214 
1998.237197 0.002325 
1996.770005 0.002258 
1995.302814 0.002092 
1993.835622 0.001791 
1992.368431 0.002024 
1990.901239 0.001892 
1989.434048 0.001916 
1987.966856 0.001762 
1986.499665 0.001533 
1985.032473 0.001379 
1983.565282 0.001396 
1982.098090 0.001378 
1980.630899 0.001421 
1979.163707 0.001219 
1977.696516 0.001154 
1976.229324 0.001149 
1974.762133 0.001097 
1973.294941 0.001130 
1971.827750 0.001042 
1970.360558 0.000964 
1968.893367 0.000879 
1967.426175 0.001025 
1965.958984 0.000986 
1964.491792 0.000858 
1963.024601 0.000693 
1961.557409 0.000595 
1960.090218 0.000726 
1958.623026 0.000655 
1957.155835 0.000647 
1955.688643 0.000778 
1954.221452 0.000523 
1952.754260 0.000419 
1951.287069 0.000402 
1949.819877 0.000554 
1948.352686 0.000554 
1946.885494 0.000450 
1945.418303 0.000313 
1943.951111 0.000378 
1942.483920 0.000967 
1941.016728 0.000512 
1939.549537 0.000295 
1938.082345 0.000291 
1936.615154 0.000193 
1935.147962 0.000149 
1933.680771 0.000377 
1932.213579 0.000354 
1930.746388 0.000231 
1929.279196 0.000195 
1927.812005 0.000010 
1926.344813 0.000108 
1924.877622 0.000198 
1923.410430 0.000427 
1921.943239 0.000230 
1920.476047 -0.000005 
1919.008856 0.000263 
1917.541664 0.001059 
1916.074473 0.000160 
1914.607281 0.000028 
1913.140090 -0.000216 
1911.672898 -0.000178 
1910.205707 0.000010 
1908.738515 0.000058 
1907.271324 0.000062 
1905.804132 -0.000080 
1904.336941 -0.000195 
1902.869749 -0.000273 
1901.402558 -0.000031 
1899.935366 0.000085 
1898.468175 -0.000057 
1897.000983 -0.000042 
1895.533792 0.000010 
1894.066601 -0.000103 
1892.599409 -0.000111 
1891.132218 0.000075 
1889.665026 0.000882 
1888.197835 -0.000013 
1886.730643 -0.000152 
1885.263452 -0.000005 
1883.796260 0.000113 
1882.329069 0.000023 
1880.861877 0.000058 
1879.394686 0.000151 
1877.927494 0.000202 
1876.460303 0.000445 
1874.993111 0.000530 
1873.525920 0.000675 
1872.058728 0.000790 
1870.591537 0.001239 
1869.124345 0.002701 
1867.657154 0.001357 
1866.189962 0.000791 
1864.722771 0.000399 
1863.255579 0.000313 
1861.788388 0.000234 
1860.321196 0.000375 
1858.854005 0.000401 
1857.386813 0.000490 
1855.919622 0.000421 
1854.452430 0.000285 
1852.985239 0.000306 
1851.518047 0.000338 
1850.050856 0.000320 
1848.583664 0.000399 
1847.116473 0.000371 
1845.649281 0.000281 
1844.182090 0.002394 
1842.714898 0.000301 
1841.247707 0.000226 
1839.780515 0.000167 
1838.313324 0.000171 
1836.846132 0.000309 
1835.378941 0.000336 
1833.911749 0.000500 
1832.444558 0.000581 
1830.977366 0.001062 
1829.510175 0.001655 
1828.042983 0.000720 
1826.575792 0.000829 
1825.108600 0.002223 
1823.641409 0.000809 
1822.174217 0.000867 
1820.707026 0.000826 
1819.239834 0.001077 
1817.772643 0.001386 
1816.305451 0.001388 
1814.838260 0.001331 
1813.371068 0.001371 
1811.903877 0.001728 
1810.436685 0.002180 
1808.969494 0.001883 
1807.502302 0.002155 
1806.035111 0.001956 
1804.567919 0.001971 
1803.100728 0.002217 
1801.633536 0.003054 
1800.166345 0.003118 
1798.699153 0.002712 
1797.231962 0.002559 
1795.764770 0.002919 
1794.297579 0.002958 
1792.830387 0.006037 
1791.363196 0.004108 
1789.896004 0.003501 
1788.428813 0.003501 
1786.961621 0.003700 
1785.494430 0.004338 
1784.027238 0.004511 
1782.560047 0.004455 
1781.092855 0.005038 
1779.625664 0.005005 
1778.158472 0.005272 
1776.691281 0.005670 
1775.224089 0.006151 
1773.756898 0.006931 
1772.289706 0.010253 
1770.822515 0.007581 
1769.355323 0.007405 
1767.888132 0.009971 
1766.420940 0.008167 
1764.953749 0.008508 
1763.486557 0.008991 
1762.019366 0.011926 
1760.552174 0.010337 
1759.084983 0.010809 
1757.617791 0.011792 
1756.150600 0.013032 
1754.683408 0.012705 
1753.216217 0.013479 
1751.749025 0.016848 
1750.281834 0.015988 
1748.814642 0.017371 
1747.347451 0.017711 
1745.880259 0.018355 
1744.413068 0.019482 
1742.945876 0.020881 
1741.478685 0.021388 
1740.011493 0.024977 
1738.544302 0.023690 
1737.077110 0.024455 
1735.609919 0.026137 
1734.142727 0.032311 
1732.675536 0.030107 
1731.208344 0.029324 
1729.741153 0.031156 
1728.273961 0.031651 
1726.806770 0.033200 
1725.339578 0.034829 
1723.872387 0.036477 
1722.405195 0.037949 
1720.938004 0.039407 
1719.470812 0.041567 
1718.003621 0.046436 
1716.536429 0.046758 
1715.069238 0.048329 
1713.602046 0.047702 
1712.134855 0.048658 
1710.667663 0.050277 
1709.200472 0.051492 
1707.733280 0.052972 
1706.266089 0.055712 
1704.798897 0.056708 
1703.331706 0.056871 
1701.864514 0.058570 
1700.397323 0.066484 
1698.930131 0.061701 
1697.462940 0.061709 
1695.995748 0.070396 
1694.528557 0.063386 
1693.061365 0.063250 
1691.594174 0.063721 
1690.126982 0.064668 
1688.659791 0.065169 
1687.192599 0.065117 
1685.725408 0.067996 
1684.258216 0.072412 
1682.791025 0.067097 
1681.323833 0.065860 
1679.856642 0.066365 
1678.389450 0.065544 
1676.922259 0.065594 
1675.455067 0.068770 
1673.987876 0.065665 
1672.520684 0.065337 
1671.053493 0.066134 
1669.586301 0.067855 
1668.119110 0.065155 
1666.651918 0.064309 
1665.184727 0.064025 
1663.717535 0.064320 
1662.250344 0.064809 
1660.783152 0.063036 
1659.315961 0.062786 
1657.848769 0.062661 
1656.381578 0.062336 
1654.914386 0.064153 
1653.447195 0.069289 
1651.980003 0.066463 
1650.512812 0.061854 
1649.045620 0.062182 
1647.578429 0.063436 
1646.111237 0.064873 
1644.644046 0.061315 
1643.176854 0.061116 
1641.709663 0.061084 
1640.242471 0.061058 
1638.775280 0.060687 
1637.308088 0.061002 
1635.840897 0.063947 
1634.373706 0.060285 
1632.906514 0.058463 
1631.439323 0.057807 
1629.972131 0.057274 
1628.504940 0.057033 
1627.037748 0.056188 
1625.570557 0.054959 
1624.103365 0.055792 
1622.636174 0.054414 
1621.168982 0.053042 
1619.701791 0.052248 
1618.234599 0.051774 
1616.767408 0.057883 
1615.300216 0.050993 
1613.833025 0.050191 
1612.365833 0.049918 
1610.898642 0.049730 
1609.431450 0.049826 
1607.964259 0.049250 
1606.497067 0.048894 
1605.029876 0.048050 
1603.562684 0.047125 
1602.095493 0.045896 
1600.628301 0.044798 
1599.161110 0.043769 
1597.693918 0.042978 
1596.226727 0.042272 
1594.759535 0.041510 
1593.292344 0.040610 
1591.825152 0.039861 
1590.357961 0.039308 
1588.890769 0.038696 
1587.423578 0.038259 
1585.956386 0.037549 
1584.489195 0.036885 
1583.022003 0.036489 
1581.554812 0.036069 
1580.087620 0.035552 
1578.620429 0.035223 
1577.153237 0.035658 
1575.686046 0.038715 
1574.218854 0.033923 
1572.751663 0.033548 
1571.284471 0.033463 
1569.817280 0.035708 
1568.350088 0.033157 
1566.882897 0.032653 
1565.415705 0.032743 
1563.948514 0.032204 
1562.481322 0.031979 
1561.014131 0.033690 
1559.546939 0.036335 
1558.079748 0.037976 
1556.612556 0.031549 
1555.145365 0.031617 
1553.678173 0.032595 
1552.210982 0.030298 
1550.743790 0.030711 
1549.276599 0.030369 
1547.809407 0.029359 
1546.342216 0.029283 
1544.875024 0.031029 
1543.407833 0.030104 
1541.940641 0.033242 
1540.473450 0.032421 
1539.006258 0.034949 
1537.539067 0.028489 
1536.071875 0.028120 
1534.604684 0.028880 
1533.137492 0.029882 
1531.670301 0.028081 
1530.203109 0.027427 
1528.735918 0.028193 
1527.268726 0.028329 
1525.801535 0.029175 
1524.334343 0.028095 
1522.867152 0.029323 
1521.399960 0.032654 
1519.932769 0.029851 
1518.465577 0.028767 
1516.998386 0.031012 
1515.531194 0.029606 
1514.064003 0.029688 
1512.596811 0.030836 
1511.129620 0.030606 
1509.662428 0.032027 
1508.195237 0.034093 
1506.728045 0.037937 
1505.260854 0.036840 
1503.793662 0.033864 
1502.326471 0.034502 
1500.859279 0.035241 
1499.392088 0.036702 
1497.924896 0.036846 
1496.457705 0.039692 
1494.990513 0.036893 
1493.523322 0.036536 
1492.056130 0.036781 
1490.588939 0.038726 
1489.121747 0.037847 
1487.654556 0.037641 
1486.187364 0.036454 
1484.720173 0.035943 
1483.252981 0.035824 
1481.785790 0.035989 
1480.318598 0.035926 
1478.851407 0.035582 
1477.384215 0.035574 
1475.917024 0.036279 
1474.449832 0.035634 
1472.982641 0.037722 
1471.515449 0.036238 
1470.048258 0.034274 
1468.581066 0.033839 
1467.113875 0.033388 
1465.646683 0.034177 
1464.179492 0.033994 
1462.712300 0.032612 
1461.245109 0.032377 
1459.777917 0.032623 
1458.310726 0.034038 
1456.843534 0.037002 
1455.376343 0.031977 
1453.909151 0.031151 
1452.441960 0.031275 
1450.974768 0.030976 
1449.507577 0.030939 
1448.040385 0.031679 
1446.573194 0.030627 
1445.106002 0.030836 
1443.638811 0.030775 
1442.171619 0.030854 
1440.704428 0.030886 
1439.237236 0.030763 
1437.770045 0.031434 
1436.302853 0.033667 
1434.835662 0.030592 
1433.368470 0.030394 
1431.901279 0.030123 
1430.434087 0.030360 
1428.966896 0.029513 
1427.499704 0.029056 
1426.032513 0.028876 
1424.565321 0.028770 
1423.098130 0.028246 
1421.630938 0.027799 
1420.163747 0.028673 
1418.696555 0.028596 
1417.229364 0.027161 
1415.762172 0.026500 
1414.294981 0.025948 
1412.827789 0.025645 
1411.360598 0.025571 
1409.893406 0.025162 
1408.426215 0.025007 
1406.959023 0.025000 
1405.491832 0.025256 
1404.024640 0.024811 
1402.557449 0.024486 
1401.090257 0.024254 
1399.623066 0.025250 
1398.155874 0.024761 
1396.688683 0.024624 
1395.221491 0.025535 
1393.754300 0.025148 
1392.287108 0.024242 
1390.819917 0.024230 
1389.352725 0.024213 
1387.885534 0.025907 
1386.418342 0.024511 
1384.951151 0.023671 
1383.483959 0.023332 
1382.016768 0.023376 
1380.549576 0.023380 
1379.082385 0.023213 
1377.615193 0.022905 
1376.148002 0.022612 
1374.680811 0.022548 
1373.213619 0.022333 
1371.746428 0.021590 
1370.279236 0.021410 
1368.812045 0.021269 
1367.344853 0.020947 
1365.877662 0.020678 
1364.410470 0.020336 
1362.943279 0.021029 
1361.476087 0.020455 
1360.008896 0.019874 
1358.541704 0.019609 
1357.074513 0.019409 
1355.607321 0.018998 
1354.140130 0.018493 
1352.672938 0.018302 
1351.205747 0.017910 
1349.738555 0.017357 
1348.271364 0.017115 
1346.804172 0.016689 
1345.336981 0.016265 
1343.869789 0.015634 
1342.402598 0.015927 
1340.935406 0.016167 
1339.468215 0.016229 
1338.001023 0.016110 
1336.533832 0.016288 
1335.066640 0.015995 
1333.599449 0.015967 
1332.132257 0.016090 
1330.665066 0.016184 
1329.197874 0.016300 
1327.730683 0.016378 
1326.263491 0.016300 
1324.796300 0.016509 
1323.329108 0.016822 
1321.861917 0.016908 
1320.394725 0.016944 
1318.927534 0.017256 
1317.460342 0.017037 
1315.993151 0.016970 
1314.525959 0.017195 
1313.058768 0.017249 
1311.591576 0.017157 
1310.124385 0.017297 
1308.657193 0.017500 
1307.190002 0.017644 
1305.722810 0.017771 
1304.255619 0.017979 
1302.788427 0.017774 
1301.321236 0.017574 
1299.854044 0.017120 
1298.386853 0.016639 
1296.919661 0.016393 
1295.452470 0.016521 
1293.985278 0.016397 
1292.518087 0.015945 
1291.050895 0.015657 
1289.583704 0.015387 
1288.116512 0.015077 
1286.649321 0.014996 
1285.182129 0.014663 
1283.714938 0.014460 
1282.247746 0.014370 
1280.780555 0.014083 
1279.313363 0.013819 
1277.846172 0.013719 
1276.378980 0.013800 
1274.911789 0.013508 
1273.444597 0.013290 
1271.977406 0.013356 
1270.510214 0.013101 
1269.043023 0.012821 
1267.575831 0.013028 
1266.108640 0.012803 
1264.641448 0.012138 
1263.174257 0.011891 
1261.707065 0.011699 
1260.239874 0.011185 
1258.772682 0.010957 
1257.305491 0.010807 
1255.838299 0.010179 
1254.371108 0.009943 
1252.903916 0.010021 
1251.436725 0.009795 
1249.969533 0.009446 
1248.502342 0.009585 
1247.035150 0.009119 
1245.567959 0.008729 
1244.100767 0.008897 
1242.633576 0.008934 
1241.166384 0.008561 
1239.699193 0.008506 
1238.232001 0.008593 
1236.764810 0.008262 
1235.297618 0.007389 
1233.830427 0.003848 
1232.363235 0.006786 
1230.896044 0.006648 
1229.428852 0.007044 
1227.961661 0.006980 
1226.494469 0.006745 
1225.027278 0.006859 
1223.560086 0.007052 
1222.092895 0.007128 
1220.625703 0.006991 
1219.158512 0.007000 
1217.691320 0.006894 
1216.224129 0.006612 
1214.756937 0.006724 
1213.289746 0.006784 
1211.822554 0.006551 
1210.355363 0.006380 
1208.888171 0.006131 
1207.420980 0.005857 
1205.953788 0.005567 
1204.486597 0.005465 
1203.019405 0.005242 
1201.552214 0.004949 
1200.085022 0.004842 
1198.617831 0.004591 
1197.150639 0.004300 
1195.683448 0.004158 
1194.216256 0.004213 
1192.749065 0.004132 
1191.281873 0.003952 
1189.814682 0.003856 
1188.347490 0.003673 
1186.880299 0.003463 
1185.413107 0.003514 
1183.945916 0.003470 
1182.478724 0.003414 
1181.011533 0.003120 
1179.544341 0.003036 
1178.077150 0.002863 
1176.609958 0.002854 
1175.142767 0.002717 
1173.675575 0.002574 
1172.208384 0.002335 
1170.741192 0.002256 
1169.274001 0.002326 
1167.806809 0.002283 
1166.339618 0.002094 
1164.872426 0.001987 
1163.405235 0.001930 
1161.938043 0.001841 
1160.470852 0.001832 
1159.003660 0.002006 
1157.536469 0.001880 
1156.069277 0.001873 
1154.602086 0.001778 
1153.134894 0.001830 
1151.667703 0.001690 
1150.200511 0.001699 
1148.733320 0.001785 
1147.266128 0.001882 
1145.798937 0.001980 
1144.331745 0.002082 
1142.864554 0.001840 
1141.397362 0.001718 
1139.930171 0.002021 
1138.462979 0.002225 
1136.995788 0.002460 
1135.528596 0.002348 
1134.061405 0.002210 
1132.594213 0.001953 
1131.127022 0.002049 
1129.659830 0.002321 
1128.192639 0.002306 
1126.725447 0.002330 
1125.258256 0.002267 
1123.791064 0.002120 
1122.323873 0.001996 
1120.856681 0.001910 
1119.389490 0.001882 
1117.922298 0.001995 
1116.455107 0.002114 
1114.987916 0.002266 
1113.520724 0.001886 
1112.053533 0.001677 
1110.586341 0.001552 
1109.119150 0.001736 
1107.651958 0.001958 
1106.184767 0.001921 
1104.717575 0.001812 
1103.250384 0.001421 
1101.783192 0.001279 
1100.316001 0.001336 
1098.848809 0.001360 
1097.381618 0.001380 
1095.914426 0.001323 
1094.447235 0.000975 
1092.980043 0.000826 
1091.512852 0.000905 
1090.045660 0.000819 
1088.578469 0.000433 
1087.111277 0.000639 
1085.644086 0.000578 
1084.176894 0.000479 
1082.709703 0.000397 
1081.242511 0.000359 
1079.775320 -0.000055 
1078.308128 0.000022 
1076.840937 0.000260 
1075.373745 0.000110 
1073.906554 -0.000106 
1072.439362 -0.000024 
1070.972171 -0.000087 
1069.504979 -0.000252 
1068.037788 -0.000079 
1066.570596 -0.000020 
1065.103405 -0.000540 
1063.636213 -0.000434 
1062.169022 -0.000032 
1060.701830 -0.000195 
1059.234639 -0.000511 
1057.767447 -0.000333 
1056.300256 -0.000317 
1054.833064 -0.000501 
1053.365873 0.000044 
1051.898681 -0.000180 
1050.431490 -0.000589 
1048.964298 -0.000468 
1047.497107 -0.000173 
1046.029915 -0.000171 
1044.562724 -0.000129 
1043.095532 0.000145 
1041.628341 0.000069 
1040.161149 -0.000106 
1038.693958 0.000580 
1037.226766 0.000944 
1035.759575 0.000569 
1034.292383 0.000742 
1032.825192 0.001024 
1031.358000 0.000845 
1029.890809 0.000782 
1028.423617 0.000854 
1026.956426 0.000352 
1025.489234 0.000027 
1024.022043 0.000380 
1022.554851 0.000796 
1021.087660 -0.000140 
1019.620468 -0.000292 
1018.153277 -0.000181 
1016.686085 -0.000736 
1015.218894 -0.000875 
1013.751702 -0.000291 
1012.284511 -0.000604 
1010.817319 -0.001095 
1009.350128 -0.001006 
1007.882936 -0.000605 
1006.415745 -0.001221 
1004.948553 -0.001394 
1003.481362 -0.001018 
1002.014170 -0.001265 
1000.546979 -0.001606 
999.079787 -0.000901 
997.612596 -0.001043 
996.145404 -0.001576 
994.678213 -0.001214 
993.211021 -0.000465 
991.743830 -0.000630 
990.276638 -0.000615 
988.809447 0.000081 
987.342255 0.000085 
985.875064 0.000057 
984.407872 0.000764 
982.940681 0.001786 
981.473489 0.001547 
980.006298 0.002016 
978.539106 0.002794 
977.071915 0.003231 
975.604723 0.003480 
974.137532 0.004622 
972.670340 0.005491 
971.203149 0.005634 
969.735957 0.006406 
968.268766 0.007603 
966.801574 0.008040 
965.334383 0.008592 
963.867191 0.010055 
962.400000 0.011281 
960.932808 0.011674 
959.465617 0.012590 
957.998425 0.013832 
956.531234 0.014517 
955.064042 0.015498 
953.596851 0.017155 
952.129659 0.018406 
950.662468 0.018740 
949.195276 0.019861 
947.728085 0.021628 
946.260893 0.022676 
944.793702 0.023774 
943.326510 0.025439 
941.859319 0.026664 
940.392127 0.027162 
938.924936 0.028710 
937.457744 0.030793 
935.990553 0.031920 
934.523361 0.032872 
933.056170 0.034896 
931.588978 0.036235 
930.121787 0.036747 
928.654595 0.038644 
927.187404 0.040841 
925.720212 0.041700 
924.253021 0.042946 
922.785829 0.045120 
921.318638 0.046417 
919.851446 0.047152 
918.384255 0.049013 
916.917063 0.051294 
915.449872 0.052130 
913.982680 0.053013 
912.515489 0.055225 
911.048297 0.056491 
909.581106 0.057308 
908.113914 0.059438 
906.646723 0.061720 
905.179531 0.062305 
903.712340 0.063063 
902.245148 0.065298 
900.777957 0.066872 
899.310765 0.067582 
897.843574 0.069634 
896.376382 0.071667 
894.909191 0.072296 
893.441999 0.072917 
891.974808 0.075115 
890.507616 0.076765 
889.040425 0.077219 
887.573233 0.078958 
886.106042 0.081055 
884.638850 0.081260 
883.171659 0.081871 
881.704467 0.083968 
880.237276 0.085062 
878.770084 0.085567 
877.302893 0.087195 
875.835701 0.088889 
874.368510 0.088844 
872.901318 0.089221 
871.434127 0.091141 
869.966935 0.092203 
868.499744 0.092712 
867.032552 0.094047 
865.565361 0.095546 
864.098169 0.095558 
862.630978 0.095963 
861.163786 0.097830 
859.696595 0.098764 
858.229404 0.099134 
856.762212 0.100106 
855.295021 0.101487 
853.827829 0.101766 
852.360638 0.102121 
850.893446 0.103321 
849.426255 0.104167 
847.959063 0.104459 
846.491872 0.105334 
845.024680 0.106371 
843.557489 0.106470 
842.090297 0.106585 
840.623106 0.107521 
839.155914 0.108392 
837.688723 0.108884 
836.221531 0.109401 
834.754340 0.109986 
833.287148 0.110632 
831.819957 0.111309 
830.352765 0.111744 
828.885574 0.112672 
827.418382 0.113208 
825.951191 0.113532 
824.483999 0.114078 
823.016808 0.115018 
821.549616 0.115646 
820.082425 0.115705 
818.615233 0.116079 
817.148042 0.117023 
815.680850 0.117059 
814.213659 0.117046 
812.746467 0.117725 
811.279276 0.118269 
809.812084 0.118106 
808.344893 0.117730 
806.877701 0.118273 
805.410510 0.117697 
803.943318 0.117115 
802.476127 0.117902 
801.008935 0.118679 
799.541744 0.118321 
798.074552 0.117311 
796.607361 0.117511 
795.140169 0.117883 
793.672978 0.117397 
792.205786 0.117505 
790.738595 0.117998 
789.271403 0.117911 
787.804212 0.116548 
786.337020 0.116120 
784.869829 0.116690 
783.402637 0.116305 
781.935446 0.115561 
780.468254 0.115545 
779.001063 0.115426 
777.533871 0.114306 
776.066680 0.113036 
774.599488 0.113406 
773.132297 0.112971 
771.665105 0.111731 
770.197914 0.111572 
768.730722 0.111445 
767.263531 0.110199 
765.796339 0.108940 
764.329148 0.108331 
762.861956 0.108308 
761.394765 0.107811 
759.927573 0.106615 
758.460382 0.106652 
756.993190 0.105237 
755.525999 0.103927 
754.058807 0.102905 
752.591616 0.103176 
751.124424 0.102516 
749.657233 0.101568 
748.190041 0.100807 
746.722850 0.099058 
745.255658 0.098109 
743.788467 0.097152 
742.321275 0.096102 
740.854084 0.095652 
739.386892 0.094494 
737.919701 0.092969 
736.452509 0.092008 
734.985318 0.091283 
733.518126 0.090092 
732.050935 0.088513 
730.583743 0.087458 
729.116552 0.087209 
727.649360 0.085369 
726.182169 0.084068 
724.714977 0.083196 
723.247786 0.082351 
721.780594 0.081042 
720.313403 0.078740 
718.846211 0.078203 
717.379020 0.077660 
715.911828 0.075848 
714.444637 0.074013 
712.977445 0.073124 
711.510254 0.071794 
710.043062 0.069653 
708.575871 0.068997 
707.108679 0.068122 
705.641488 0.066631 
704.174296 0.064068 
702.707105 0.062118 
701.239913 0.061696 
699.772722 0.060913 
698.305530 0.058001 
696.838339 0.056516 
695.371147 0.056159 
693.903956 0.053773 
692.436764 0.051422 
690.969573 0.050015 
689.502381 0.049196 
688.035190 0.047934 
686.567998 0.045030 
685.100807 0.041922 
683.633615 0.041703 
682.166424 0.039991 
680.699232 0.037321 
679.232041 0.035160 
677.764849 0.035288 
676.297658 0.033889 
674.830466 0.032376 
673.363275 0.034771 
671.896083 0.035932 
670.428892 0.038079 
668.961700 0.040554 
667.494509 0.038694 
666.027317 0.059505 
664.560126 0.064927 
663.092934 0.069732 
661.625743 0.075137 
660.158551 0.080753 
658.691360 0.084418 
657.224168 0.088901 
655.756977 0.089735 
654.289785 0.085551 
652.822594 0.077434 
651.355402 0.069917 
649.888211 0.064776 
648.421019 0.057063 
646.953828 0.051833 
645.486636 0.046467 
644.019445 0.040823 
642.552253 0.037599 
641.085062 0.034290 
639.617870 0.030937 
638.150679 0.027631 
636.683487 0.024494 
635.216296 0.022794 
633.749104 0.021447 
632.281913 0.018768 
630.814721 0.017545 
629.347530 0.015875 
627.880338 0.014289 
626.413147 0.012456 
624.945955 0.010133 
623.478764 0.009253 
622.011572 0.009061 
620.544381 0.008700 
619.077189 0.008419 
617.609998 0.006791 
616.142806 0.008186 
614.675615 0.006117 
613.208423 0.005807 
611.741232 0.004212 
610.274040 0.005074 
608.806849 0.003343 
607.339657 0.002674 
605.872466 0.003896 
604.405274 0.002805 
602.938083 0.002223 
601.470891 0.000305 
600.003700 0.000100 
