5000.111000 -0.000200 
4998.643809 0.000719 
4997.176617 -0.000119 
4995.709426 -0.000323 
4994.242234 -0.000001 
4992.775043 0.000043 
4991.307851 -0.000003 
4989.840660 0.000288 
4988.373468 0.000597 
4986.906277 0.000354 
4985.439085 0.000548 
4983.971894 -0.000229 
4982.504702 0.000097 
4981.037511 0.000146 
4979.570319 0.000022 
4978.103128 0.000743 
4976.635936 0.000784 
4975.168745 0.000412 
4973.701553 -0.000707 
4972.234362 0.000065 
4970.767170 0.000191 
4969.299979 0.001734 
4967.832787 0.000428 
4966.365596 0.000131 
4964.898404 -0.000511 
4963.431213 -0.000044 
4961.964021 0.000490 
4960.496830 0.000829 
4959.029638 -0.000250 
4957.562447 -0.000369 
4956.095255 0.000480 
4954.628064 0.000991 
4953.160872 0.000661 
4951.693681 -0.000165 
4950.226489 0.000046 
4948.759298 0.000661 
4947.292106 0.000204 
4945.824915 -0.000457 
4944.357723 0.000839 
4942.890532 0.000293 
4941.423340 0.000577 
4939.956149 0.001266 
4938.488957 0.000873 
4937.021766 0.000580 
4935.554574 0.000657 
4934.087383 0.001141 
4932.620191 0.000389 
4931.153000 0.000368 
4929.685808 0.000116 
4928.218617 0.000632 
4926.751425 0.000470 
4925.284234 0.000600 
4923.817042 0.000351 
4922.349851 0.000972 
4920.882659 0.000833 
4919.415468 -0.000060 
4917.948276 0.000584 
4916.481085 -0.000475 
4915.013893 0.000667 
4913.546702 0.000425 
4912.079510 0.000167 
4910.612319 0.000981 
4909.145127 0.001211 
4907.677936 0.001612 
4906.210744 0.000511 
4904.743553 0.000869 
4903.276361 0.000239 
4901.809170 0.001048 
4900.341978 0.000038 
4898.874787 0.000484 
4897.407595 0.000822 
4895.940404 0.000640 
4894.473212 0.001084 
4893.006021 0.000548 
4891.538829 0.000752 
4890.071638 0.001003 
4888.604446 0.000952 
4887.137255 0.000829 
4885.670063 0.000011 
4884.202872 0.000242 
4882.735680 0.000092 
4881.268489 0.000491 
4879.801297 0.000778 
4878.334106 0.000549 
4876.866914 -0.000074 
4875.399723 0.000164 
4873.932531 0.000259 
4872.465340 0.000501 
4870.998148 0.000633 
4869.530957 0.000443 
4868.063765 0.000778 
4866.596574 0.000200 
4865.129382 -0.000016 
4863.662191 0.000078 
4862.194999 0.000271 
4860.727808 0.000418 
4859.260616 0.001013 
4857.793425 0.000195 
4856.326233 -0.000316 
4854.859042 -0.000648 
4853.391850 -0.000732 
4851.924659 -0.000032 
4850.457467 0.001035 
4848.990276 -0.000170 
4847.523084 0.000046 
4846.055893 -0.000283 
4844.588701 0.000228 
4843.121510 -0.000467 
4841.654318 -0.000646 
4840.187127 0.000339 
4838.719935 -0.000922 
4837.252744 0.000677 
4835.785552 -0.000592 
4834.318361 -0.000499 
4832.851169 -0.000589 
4831.383978 -0.000520 
4829.916786 0.000048 
4828.449595 -0.000715 
4826.982403 -0.000721 
4825.515212 -0.000630 
4824.048020 0.000002 
4822.580829 -0.000261 
4821.113637 -0.000408 
4819.646446 -0.000542 
4818.179254 -0.000317 
4816.712063 0.000102 
4815.244871 -0.000447 
4813.777680 -0.000176 
4812.310488 -0.000408 
4810.843297 0.000097 
4809.376105 -0.000609 
4807.908914 -0.000079 
4806.441722 0.000574 
4804.974531 -0.000779 
4803.507339 -0.000693 
4802.040148 -0.000211 
4800.572956 -0.000057 
4799.105765 -0.000139 
4797.638573 -0.001171 
4796.171382 -0.000498 
4794.704190 0.000281 
4793.236999 -0.000125 
4791.769807 -0.000247 
4790.302616 -0.000445 
4788.835424 -0.000460 
4787.368233 -0.000446 
4785.901041 0.000042 
4784.433850 -0.000250 
4782.966658 -0.000738 
4781.499467 0.000154 
4780.032275 -0.000577 
4778.565084 -0.000382 
4777.097892 0.000445 
4775.630701 -0.000188 
4774.163509 0.000157 
4772.696318 -0.000101 
4771.229126 0.000383 
4769.761935 -0.000173 
4768.294743 0.000044 
4766.827552 -0.000099 
4765.360360 -0.000354 
4763.893169 0.000101 
4762.425977 -0.000534 
4760.958786 0.000406 
4759.491594 0.000411 
4758.024403 -0.000880 
4756.557211 -0.000103 
4755.090020 -0.000654 
4753.622828 0.000509 
4752.155637 0.000289 
4750.688445 -0.000225 
4749.221254 -0.000357 
4747.754062 -0.000054 
4746.286871 -0.000490 
4744.819679 0.000176 
4743.352488 0.000010 
4741.885296 0.001034 
4740.418105 0.000600 
4738.950914 0.000184 
4737.483722 -0.000006 
4736.016531 -0.000595 
4734.549339 -0.000141 
4733.082148 -0.000619 
4731.614956 0.000592 
4730.147765 0.000544 
4728.680573 -0.000278 
4727.213382 -0.000064 
4725.746190 0.000434 
4724.278999 0.000436 
4722.811807 0.000406 
4721.344616 0.000007 
4719.877424 0.000375 
4718.410233 0.000176 
4716.943041 0.000257 
4715.475850 0.001247 
4714.008658 0.001030 
4712.541467 0.000017 
4711.074275 -0.000020 
4709.607084 -0.000256 
4708.139892 0.000768 
4706.672701 0.000354 
4705.205509 -0.000051 
4703.738318 0.000556 
4702.271126 0.000662 
4700.803935 0.000319 
4699.336743 0.000631 
4697.869552 0.000732 
4696.402360 0.000427 
4694.935169 0.000496 
4693.467977 0.000888 
4692.000786 0.000312 
4690.533594 0.000212 
4689.066403 0.000490 
4687.599211 0.000493 
4686.132020 0.000514 
4684.664828 0.000173 
4683.197637 0.000530 
4681.730445 0.000025 
4680.263254 -0.000005 
4678.796062 0.000700 
4677.328871 0.000984 
4675.861679 0.001198 
4674.394488 0.001633 
4672.927296 -0.000124 
4671.460105 0.000650 
4669.992913 0.001029 
4668.525722 0.000507 
4667.058530 0.000920 
4665.591339 0.000516 
4664.124147 0.001020 
4662.656956 0.000675 
4661.189764 0.001167 
4659.722573 0.001410 
4658.255381 0.001256 
4656.788190 0.001021 
4655.320998 -0.000529 
4653.853807 0.000904 
4652.386615 0.001600 
4650.919424 0.000924 
4649.452232 0.000686 
4647.985041 -0.000258 
4646.517849 0.001052 
4645.050658 0.000737 
4643.583466 0.001005 
4642.116275 0.001162 
4640.649083 0.000385 
4639.181892 0.000310 
4637.714700 0.000548 
4636.247509 0.000985 
4634.780317 -0.000011 
4633.313126 0.000539 
4631.845934 0.000900 
4630.378743 0.000828 
4628.911551 0.001038 
4627.444360 0.001009 
4625.977168 0.000870 
4624.509977 0.000271 
4623.042785 0.000555 
4621.575594 0.000267 
4620.108402 0.000909 
4618.641211 0.001448 
4617.174019 0.000680 
4615.706828 0.001352 
4614.239636 0.000647 
4612.772445 -0.000165 
4611.305253 0.000682 
4609.838062 0.000323 
4608.370870 0.001344 
4606.903679 0.000403 
4605.436487 0.000496 
4603.969296 0.001261 
4602.502104 0.001042 
4601.034913 0.000496 
4599.567721 -0.000224 
4598.100530 0.000352 
4596.633338 0.000861 
4595.166147 0.000269 
4593.698955 -0.000127 
4592.231764 0.000394 
4590.764572 0.000737 
4589.297381 0.000437 
4587.830189 0.000495 
4586.362998 -0.000056 
4584.895806 0.000077 
4583.428615 0.000064 
4581.961423 0.000297 
4580.494232 0.000331 
4579.027040 0.000039 
4577.559849 0.000351 
4576.092657 -0.000040 
4574.625466 0.000530 
4573.158274 0.000158 
4571.691083 -0.000176 
4570.223891 0.000233 
4568.756700 0.000480 
4567.289508 0.001084 
4565.822317 0.000485 
4564.355125 0.000011 
4562.887934 -0.000019 
4561.420742 0.001040 
4559.953551 0.001093 
4558.486359 0.001095 
4557.019168 0.000513 
4555.551976 0.000711 
4554.084785 0.001378 
4552.617593 0.000950 
4551.150402 0.000912 
4549.683210 0.001442 
4548.216019 0.001385 
4546.748827 0.002455 
4545.281636 0.002428 
4543.814444 0.001993 
4542.347253 0.002233 
4540.880061 0.002115 
4539.412870 0.002354 
4537.945678 0.002754 
4536.478487 0.002940 
4535.011295 0.003065 
4533.544104 0.003220 
4532.076912 0.003201 
4530.609721 0.003617 
4529.142529 0.003990 
4527.675338 0.003635 
4526.208146 0.003557 
4524.740955 0.003973 
4523.273763 0.004550 
4521.806572 0.003924 
4520.339380 0.004178 
4518.872189 0.003964 
4517.404997 0.003875 
4515.937806 0.003893 
4514.470614 0.004145 
4513.003423 0.004060 
4511.536231 0.003813 
4510.069040 0.004733 
4508.601848 0.004682 
4507.134657 0.004413 
4505.667465 0.003981 
4504.200274 0.003964 
4502.733082 0.004324 
4501.265891 0.004721 
4499.798699 0.004736 
4498.331508 0.004814 
4496.864316 0.005557 
4495.397125 0.005410 
4493.929933 0.004711 
4492.462742 0.004422 
4490.995550 0.004636 
4489.528359 0.004408 
4488.061167 0.004490 
4486.593976 0.004658 
4485.126784 0.004631 
4483.659593 0.004439 
4482.192402 0.004855 
4480.725210 0.004397 
4479.258019 0.004244 
4477.790827 0.004167 
4476.323636 0.004680 
4474.856444 0.003965 
4473.389253 0.004129 
4471.922061 0.004608 
4470.454870 0.004018 
4468.987678 0.004885 
4467.520487 0.003817 
4466.053295 0.004212 
4464.586104 0.004249 
4463.118912 0.003948 
4461.651721 0.004127 
4460.184529 0.004717 
4458.717338 0.004503 
4457.250146 0.003900 
4455.782955 0.004313 
4454.315763 0.003656 
4452.848572 0.003587 
4451.381380 0.004356 
4449.914189 0.004226 
4448.446997 0.003838 
4446.979806 0.004561 
4445.512614 0.004282 
4444.045423 0.004097 
4442.578231 0.003984 
4441.111040 0.003885 
4439.643848 0.004138 
4438.176657 0.004173 
4436.709465 0.004145 
4435.242274 0.004526 
4433.775082 0.004832 
4432.307891 0.004384 
4430.840699 0.003894 
4429.373508 0.004377 
4427.906316 0.004367 
4426.439125 0.004652 
4424.971933 0.005192 
4423.504742 0.004162 
4422.037550 0.004303 
4420.570359 0.004533 
4419.103167 0.004375 
4417.635976 0.004720 
4416.168784 0.004669 
4414.701593 0.005417 
4413.234401 0.004516 
4411.767210 0.005053 
4410.300018 0.005611 
4408.832827 0.005402 
4407.365635 0.005458 
4405.898444 0.004862 
4404.431252 0.004662 
4402.964061 0.005241 
4401.496869 0.005751 
4400.029678 0.005090 
4398.562486 0.005559 
4397.095295 0.005717 
4395.628103 0.005578 
4394.160912 0.005925 
4392.693720 0.005670 
4391.226529 0.005675 
4389.759337 0.006077 
4388.292146 0.006130 
4386.824954 0.006017 
4385.357763 0.006957 
4383.890571 0.006373 
4382.423380 0.006260 
4380.956188 0.006642 
4379.488997 0.006808 
4378.021805 0.007006 
4376.554614 0.007153 
4375.087422 0.008053 
4373.620231 0.007391 
4372.153039 0.007286 
4370.685848 0.008049 
4369.218656 0.007897 
4367.751465 0.007642 
4366.284273 0.008152 
4364.817082 0.007613 
4363.349890 0.007761 
4361.882699 0.007195 
4360.415507 0.008354 
4358.948316 0.008020 
4357.481124 0.007868 
4356.013933 0.007709 
4354.546741 0.008273 
4353.079550 0.007699 
4351.612358 0.008060 
4350.145167 0.008470 
4348.677975 0.008265 
4347.210784 0.008240 
4345.743592 0.008734 
4344.276401 0.008048 
4342.809209 0.008175 
4341.342018 0.007633 
4339.874826 0.008106 
4338.407635 0.008728 
4336.940443 0.008497 
4335.473252 0.008420 
4334.006060 0.009535 
4332.538869 0.009909 
4331.071677 0.009599 
4329.604486 0.009617 
4328.137294 0.009717 
4326.670103 0.009909 
4325.202911 0.009986 
4323.735720 0.009831 
4322.268528 0.009516 
4320.801337 0.008756 
4319.334145 0.008683 
4317.866954 0.008844 
4316.399762 0.008384 
4314.932571 0.007689 
4313.465379 0.008227 
4311.998188 0.007299 
4310.530996 0.007372 
4309.063805 0.007439 
4307.596613 0.006873 
4306.129422 0.006696 
4304.662230 0.006805 
4303.195039 0.006614 
4301.727847 0.007297 
4300.260656 0.007341 
4298.793464 0.006478 
4297.326273 0.006994 
4295.859081 0.006520 
4294.391890 0.006684 
4292.924698 0.006539 
4291.457507 0.007147 
4289.990315 0.007011 
4288.523124 0.006296 
4287.055932 0.006223 
4285.588741 0.005968 
4284.121549 0.005944 
4282.654358 0.006004 
4281.187166 0.006897 
4279.719975 0.006238 
4278.252783 0.006986 
4276.785592 0.007190 
4275.318400 0.007408 
4273.851209 0.006982 
4272.384017 0.007991 
4270.916826 0.007963 
4269.449634 0.008114 
4267.982443 0.008239 
4266.515251 0.009575 
4265.048060 0.010627 
4263.580868 0.009738 
4262.113677 0.011427 
4260.646485 0.011022 
4259.179294 0.011167 
4257.712102 0.011344 
4256.244911 0.011421 
4254.777719 0.010277 
4253.310528 0.009711 
4251.843336 0.009271 
4250.376145 0.008391 
4248.908953 0.007667 
4247.441762 0.007052 
4245.974570 0.006676 
4244.507379 0.006302 
4243.040187 0.006811 
4241.572996 0.005956 
4240.105804 0.005427 
4238.638613 0.005593 
4237.171421 0.005407 
4235.704230 0.005561 
4234.237038 0.005630 
4232.769847 0.005648 
4231.302655 0.005225 
4229.835464 0.005453 
4228.368272 0.004753 
4226.901081 0.004498 
4225.433889 0.004247 
4223.966698 0.004365 
4222.499507 0.004104 
4221.032315 0.003775 
4219.565124 0.003499 
4218.097932 0.004142 
4216.630741 0.003740 
4215.163549 0.002994 
4213.696358 0.004242 
4212.229166 0.003954 
4210.761975 0.003739 
4209.294783 0.004217 
4207.827592 0.004630 
4206.360400 0.004733 
4204.893209 0.004318 
4203.426017 0.004436 
4201.958826 0.004819 
4200.491634 0.004951 
4199.024443 0.004704 
4197.557251 0.005494 
4196.090060 0.004445 
4194.622868 0.004907 
4193.155677 0.005136 
4191.688485 0.005401 
4190.221294 0.005037 
4188.754102 0.004947 
4187.286911 0.005422 
4185.819719 0.005327 
4184.352528 0.004896 
4182.885336 0.004398 
4181.418145 0.005190 
4179.950953 0.005060 
4178.483762 0.004901 
4177.016570 0.005675 
4175.549379 0.004868 
4174.082187 0.005299 
4172.614996 0.005411 
4171.147804 0.005771 
4169.680613 0.006032 
4168.213421 0.006498 
4166.746230 0.005719 
4165.279038 0.006393 
4163.811847 0.005461 
4162.344655 0.005115 
4160.877464 0.004610 
4159.410272 0.004423 
4157.943081 0.003470 
4156.475889 0.003830 
4155.008698 0.003912 
4153.541506 0.003546 
4152.074315 0.003484 
4150.607123 0.003355 
4149.139932 0.003367 
4147.672740 0.003127 
4146.205549 0.003227 
4144.738357 0.003393 
4143.271166 0.002580 
4141.803974 0.002535 
4140.336783 0.002822 
4138.869591 0.002677 
4137.402400 0.002870 
4135.935208 0.002460 
4134.468017 0.003018 
4133.000825 0.002678 
4131.533634 0.002300 
4130.066442 0.002830 
4128.599251 0.002797 
4127.132059 0.002801 
4125.664868 0.003088 
4124.197676 0.003084 
4122.730485 0.003066 
4121.263293 0.003100 
4119.796102 0.002834 
4118.328910 0.003368 
4116.861719 0.003480 
4115.394527 0.003539 
4113.927336 0.003433 
4112.460144 0.003832 
4110.992953 0.003761 
4109.525761 0.004567 
4108.058570 0.004206 
4106.591378 0.004495 
4105.124187 0.004601 
4103.656995 0.003887 
4102.189804 0.004298 
4100.722612 0.004537 
4099.255421 0.003431 
4097.788229 0.003800 
4096.321038 0.002924 
4094.853846 0.002685 
4093.386655 0.002993 
4091.919463 0.002749 
4090.452272 0.002388 
4088.985080 0.002301 
4087.517889 0.003313 
4086.050697 0.002420 
4084.583506 0.003098 
4083.116314 0.002541 
4081.649123 0.003353 
4080.181931 0.003527 
4078.714740 0.003247 
4077.247548 0.002865 
4075.780357 0.002985 
4074.313165 0.002445 
4072.845974 0.001916 
4071.378782 0.002155 
4069.911591 0.002003 
4068.444399 0.001962 
4066.977208 0.001664 
4065.510016 0.001656 
4064.042825 0.001668 
4062.575633 0.001848 
4061.108442 0.001754 
4059.641250 0.001426 
4058.174059 0.001586 
4056.706867 0.001565 
4055.239676 0.001921 
4053.772484 0.001317 
4052.305293 0.001079 
4050.838101 0.001067 
4049.370910 0.001029 
4047.903718 0.001067 
4046.436527 0.000963 
4044.969335 0.001009 
4043.502144 0.001012 
4042.034952 0.000874 
4040.567761 0.000591 
4039.100569 0.000995 
4037.633378 0.000456 
4036.166186 0.000438 
4034.698995 0.001138 
4033.231803 0.001130 
4031.764612 0.000417 
4030.297420 0.000454 
4028.830229 0.000826 
4027.363037 0.000810 
4025.895846 0.000577 
4024.428654 0.000936 
4022.961463 0.000761 
4021.494271 0.000436 
4020.027080 0.000297 
4018.559888 0.000467 
4017.092697 0.000572 
4015.625505 0.000764 
4014.158314 0.001048 
4012.691122 0.000991 
4011.223931 0.000784 
4009.756739 0.001522 
4008.289548 0.000645 
4006.822356 0.001765 
4005.355165 0.001759 
4003.887973 0.001532 
4002.420782 0.001512 
4000.953590 0.001576 
3999.486399 0.000579 
3998.019207 0.001045 
3996.552016 0.000964 
3995.084824 0.000469 
3993.617633 0.000269 
3992.150441 0.000176 
3990.683250 0.000289 
3989.216058 0.000065 
3987.748867 0.000139 
3986.281675 0.000025 
3984.814484 0.000121 
3983.347292 0.000016 
3981.880101 0.000034 
3980.412909 0.000003 
3978.945718 0.000449 
3977.478526 0.000149 
3976.011335 0.000313 
3974.544143 0.000327 
3973.076952 0.000355 
3971.609760 0.000907 
3970.142569 0.000885 
3968.675377 0.000784 
3967.208186 0.001030 
3965.740994 0.000984 
3964.273803 0.001975 
3962.806612 0.001398 
3961.339420 0.001796 
3959.872229 0.001837 
3958.405037 0.002104 
3956.937846 0.001409 
3955.470654 0.001410 
3954.003463 0.001806 
3952.536271 0.001838 
3951.069080 0.002050 
3949.601888 0.002386 
3948.134697 0.002344 
3946.667505 0.001670 
3945.200314 0.001912 
3943.733122 0.001547 
3942.265931 0.001743 
3940.798739 0.001236 
3939.331548 0.001520 
3937.864356 0.000992 
3936.397165 0.000453 
3934.929973 0.000742 
3933.462782 0.000617 
3931.995590 0.000460 
3930.528399 0.000177 
3929.061207 0.000366 
3927.594016 -0.000126 
3926.126824 -0.000494 
3924.659633 -0.000569 
3923.192441 -0.000647 
3921.725250 -0.000300 
3920.258058 -0.000477 
3918.790867 -0.000383 
3917.323675 -0.000358 
3915.856484 -0.000120 
3914.389292 -0.000393 
3912.922101 -0.000252 
3911.454909 -0.000407 
3909.987718 -0.000600 
3908.520526 -0.000695 
3907.053335 -0.000925 
3905.586143 0.000059 
3904.118952 -0.000509 
3902.651760 -0.000151 
3901.184569 -0.000007 
3899.717377 0.000035 
3898.250186 -0.000795 
3896.782994 -0.000412 
3895.315803 -0.000871 
3893.848611 -0.000905 
3892.381420 -0.000717 
3890.914228 0.000117 
3889.447037 -0.000743 
3887.979845 -0.000719 
3886.512654 -0.000687 
3885.045462 -0.000401 
3883.578271 -0.000517 
3882.111079 -0.000584 
3880.643888 0.000206 
3879.176696 -0.000140 
3877.709505 -0.000080 
3876.242313 -0.000116 
3874.775122 0.000103 
3873.307930 0.000165 
3871.840739 -0.000113 
3870.373547 0.000199 
3868.906356 0.000621 
3867.439164 -0.000071 
3865.971973 -0.000657 
3864.504781 -0.000148 
3863.037590 -0.000629 
3861.570398 -0.000383 
3860.103207 -0.001120 
3858.636015 -0.000668 
3857.168824 -0.000283 
3855.701632 -0.000944 
3854.234441 0.000847 
3852.767249 -0.000004 
3851.300058 0.000173 
3849.832866 -0.000297 
3848.365675 -0.000143 
3846.898483 -0.000369 
3845.431292 -0.000392 
3843.964100 -0.000085 
3842.496909 -0.000264 
3841.029717 -0.000227 
3839.562526 -0.000565 
3838.095334 0.000495 
3836.628143 -0.000735 
3835.160951 -0.000265 
3833.693760 -0.000576 
3832.226568 -0.000304 
3830.759377 -0.000280 
3829.292185 -0.000048 
3827.824994 -0.000210 
3826.357802 -0.000331 
3824.890611 -0.000056 
3823.423419 0.000176 
3821.956228 0.000486 
3820.489036 0.000181 
3819.021845 0.000294 
3817.554653 -0.000215 
3816.087462 0.001267 
3814.620270 0.000470 
3813.153079 0.000048 
3811.685887 0.000620 
3810.218696 0.000454 
3808.751504 -0.000480 
3807.284313 0.000602 
3805.817121 0.000508 
3804.349930 0.000051 
3802.882738 0.000464 
3801.415547 0.000990 
3799.948355 0.000755 
3798.481164 0.000595 
3797.013972 0.000471 
3795.546781 0.000353 
3794.079589 -0.000065 
3792.612398 0.000172 
3791.145206 0.000102 
3789.678015 0.000206 
3788.210823 -0.000218 
3786.743632 0.000313 
3785.276440 0.000439 
3783.809249 0.000096 
3782.342057 -0.000148 
3780.874866 -0.000036 
3779.407674 0.000088 
3777.940483 -0.000292 
3776.473291 0.000025 
3775.006100 -0.000196 
3773.538908 -0.000145 
3772.071717 -0.000667 
3770.604525 -0.000094 
3769.137334 -0.000085 
3767.670142 0.000191 
3766.202951 -0.000543 
3764.735759 -0.000792 
3763.268568 -0.000400 
3761.801376 -0.000613 
3760.334185 0.000016 
3758.866993 -0.000244 
3757.399802 0.000458 
3755.932610 -0.000202 
3754.465419 0.000284 
3752.998227 0.001059 
3751.531036 0.001068 
3750.063844 0.000490 
3748.596653 0.000295 
3747.129461 -0.000459 
3745.662270 0.000018 
3744.195078 0.001411 
3742.727887 -0.000153 
3741.260695 -0.000061 
3739.793504 -0.000155 
3738.326312 -0.000009 
3736.859121 0.000631 
3735.391929 0.000129 
3733.924738 0.000251 
3732.457546 0.000527 
3730.990355 0.000648 
3729.523163 0.000472 
3728.055972 0.000755 
3726.588780 0.000481 
3725.121589 0.000695 
3723.654397 -0.000013 
3722.187206 0.000402 
3720.720014 0.000681 
3719.252823 0.000081 
3717.785631 0.000430 
3716.318440 0.000382 
3714.851248 0.000492 
3713.384057 -0.000237 
3711.916865 0.000384 
3710.449674 -0.000405 
3708.982482 0.000398 
3707.515291 -0.000222 
3706.048099 -0.000235 
3704.580908 -0.000540 
3703.113717 -0.000457 
3701.646525 -0.000064 
3700.179334 -0.000852 
3698.712142 -0.000828 
3697.244951 -0.001459 
3695.777759 -0.000814 
3694.310568 -0.000871 
3692.843376 -0.000941 
3691.376185 -0.000773 
3689.908993 -0.000701 
3688.441802 0.000308 
3686.974610 -0.000450 
3685.507419 -0.000202 
3684.040227 -0.000096 
3682.573036 0.000086 
3681.105844 0.000096 
3679.638653 0.000359 
3678.171461 0.000373 
3676.704270 0.000753 
3675.237078 0.001057 
3673.769887 0.000688 
3672.302695 0.000364 
3670.835504 0.000752 
3669.368312 0.000845 
3667.901121 0.001025 
3666.433929 0.001082 
3664.966738 0.000537 
3663.499546 0.000672 
3662.032355 0.000472 
3660.565163 0.000929 
3659.097972 0.001017 
3657.630780 0.000863 
3656.163589 0.001421 
3654.696397 0.000800 
3653.229206 0.001434 
3651.762014 0.001714 
3650.294823 0.002039 
3648.827631 0.001814 
3647.360440 0.002561 
3645.893248 0.002530 
3644.426057 0.002649 
3642.958865 0.002753 
3641.491674 0.003114 
3640.024482 0.003321 
3638.557291 0.003362 
3637.090099 0.004319 
3635.622908 0.004639 
3634.155716 0.005309 
3632.688525 0.005390 
3631.221333 0.005273 
3629.754142 0.006146 
3628.286950 0.006321 
3626.819759 0.006039 
3625.352567 0.006480 
3623.885376 0.006551 
3622.418184 0.006626 
3620.950993 0.007824 
3619.483801 0.007359 
3618.016610 0.007328 
3616.549418 0.008103 
3615.082227 0.009089 
3613.615035 0.009224 
3612.147844 0.009326 
3610.680652 0.010186 
3609.213461 0.010798 
3607.746269 0.011136 
3606.279078 0.011078 
3604.811886 0.012186 
3603.344695 0.012088 
3601.877503 0.012409 
3600.410312 0.012963 
3598.943120 0.014113 
3597.475929 0.014020 
3596.008737 0.014520 
3594.541546 0.015785 
3593.074354 0.016067 
3591.607163 0.016691 
3590.139971 0.016580 
3588.672780 0.017808 
3587.205588 0.018697 
3585.738397 0.019313 
3584.271205 0.019851 
3582.804014 0.020450 
3581.336822 0.021768 
3579.869631 0.022018 
3578.402439 0.023012 
3576.935248 0.023526 
3575.468056 0.024566 
3574.000865 0.025405 
3572.533673 0.026997 
3571.066482 0.027265 
3569.599290 0.028491 
3568.132099 0.029941 
3566.664907 0.030820 
3565.197716 0.032070 
3563.730524 0.032682 
3562.263333 0.034029 
3560.796141 0.035190 
3559.328950 0.036539 
3557.861758 0.037650 
3556.394567 0.039211 
3554.927375 0.040094 
3553.460184 0.041652 
3551.992992 0.043300 
3550.525801 0.044510 
3549.058609 0.045737 
3547.591418 0.047260 
3546.124226 0.049649 
3544.657035 0.050431 
3543.189843 0.052961 
3541.722652 0.054514 
3540.255460 0.056634 
3538.788269 0.058431 
3537.321077 0.060767 
3535.853886 0.062880 
3534.386694 0.064567 
3532.919503 0.066720 
3531.452311 0.068692 
3529.985120 0.071256 
3528.517928 0.073006 
3527.050737 0.075656 
3525.583545 0.077973 
3524.116354 0.080821 
3522.649162 0.082984 
3521.181971 0.085579 
3519.714779 0.088979 
3518.247588 0.091822 
3516.780396 0.094001 
3515.313205 0.096982 
3513.846013 0.099952 
3512.378822 0.102718 
3510.911630 0.106297 
3509.444439 0.109306 
3507.977247 0.112096 
3506.510056 0.115352 
3505.042864 0.118712 
3503.575673 0.121945 
3502.108481 0.125195 
3500.641290 0.128094 
3499.174098 0.131347 
3497.706907 0.135214 
3496.239715 0.138218 
3494.772524 0.141388 
3493.305332 0.145098 
3491.838141 0.148514 
3490.370949 0.151870 
3488.903758 0.155648 
3487.436566 0.158962 
3485.969375 0.162802 
3484.502183 0.166203 
3483.034992 0.170333 
3481.567800 0.174070 
3480.100609 0.176834 
3478.633417 0.180603 
3477.166226 0.185082 
3475.699034 0.188987 
3474.231843 0.191895 
3472.764651 0.195947 
3471.297460 0.199855 
3469.830268 0.203873 
3468.363077 0.207697 
3466.895885 0.211495 
3465.428694 0.215905 
3463.961502 0.218885 
3462.494311 0.223906 
3461.027119 0.227887 
3459.559928 0.232074 
3458.092736 0.236229 
3456.625545 0.239515 
3455.158353 0.243751 
3453.691162 0.247075 
3452.223970 0.251681 
3450.756779 0.256107 
3449.289587 0.260326 
3447.822396 0.264228 
3446.355205 0.268575 
3444.888013 0.272839 
3443.420822 0.275991 
3441.953630 0.280180 
3440.486439 0.285053 
3439.019247 0.288958 
3437.552056 0.292917 
3436.084864 0.297961 
3434.617673 0.301802 
3433.150481 0.306358 
3431.683290 0.309587 
3430.216098 0.315114 
3428.748907 0.320712 
3427.281715 0.324790 
3425.814524 0.330805 
3424.347332 0.336612 
3422.880141 0.343985 
3421.412949 0.351042 
3419.945758 0.358433 
3418.478566 0.367326 
3417.011375 0.376999 
3415.544183 0.385339 
3414.076992 0.396553 
3412.609800 0.406696 
3411.142609 0.414306 
3409.675417 0.424067 
3408.208226 0.432813 
3406.741034 0.440988 
3405.273843 0.445703 
3403.806651 0.452791 
3402.339460 0.457917 
3400.872268 0.463094 
3399.405077 0.466618 
3397.937885 0.470935 
3396.470694 0.475439 
3395.003502 0.477640 
3393.536311 0.481189 
3392.069119 0.484443 
3390.601928 0.488831 
3389.134736 0.491672 
3387.667545 0.495837 
3386.200353 0.498576 
3384.733162 0.501474 
3383.265970 0.503803 
3381.798779 0.505310 
3380.331587 0.508904 
3378.864396 0.508140 
3377.397204 0.509146 
3375.930013 0.509583 
3374.462821 0.509142 
3372.995630 0.508701 
3371.528438 0.507987 
3370.061247 0.507636 
3368.594055 0.506859 
3367.126864 0.506260 
3365.659672 0.504258 
3364.192481 0.504510 
3362.725289 0.503149 
3361.258098 0.503966 
3359.790906 0.503736 
3358.323715 0.502553 
3356.856523 0.501389 
3355.389332 0.502714 
3353.922140 0.503565 
3352.454949 0.504202 
3350.987757 0.504243 
3349.520566 0.504828 
3348.053374 0.506543 
3346.586183 0.505258 
3345.118991 0.506677 
3343.651800 0.507114 
3342.184608 0.510198 
3340.717417 0.510463 
3339.250225 0.511156 
3337.783034 0.513873 
3336.315842 0.514922 
3334.848651 0.516057 
3333.381459 0.517316 
3331.914268 0.518907 
3330.447076 0.522015 
3328.979885 0.524296 
3327.512693 0.524124 
3326.045502 0.527319 
3324.578310 0.529505 
3323.111119 0.530279 
3321.643927 0.534421 
3320.176736 0.536686 
3318.709544 0.538339 
3317.242353 0.541050 
3315.775161 0.545707 
3314.307970 0.549497 
3312.840778 0.552272 
3311.373587 0.555480 
3309.906395 0.559619 
3308.439204 0.562439 
3306.972012 0.563055 
3305.504821 0.564951 
3304.037629 0.565965 
3302.570438 0.567457 
3301.103246 0.568899 
3299.636055 0.569401 
3298.168863 0.569756 
3296.701672 0.571437 
3295.234480 0.571101 
3293.767289 0.572331 
3292.300097 0.573432 
3290.832906 0.573073 
3289.365714 0.574134 
3287.898523 0.574049 
3286.431331 0.575754 
3284.964140 0.576283 
3283.496948 0.577189 
3282.029757 0.578274 
3280.562565 0.579226 
3279.095374 0.579008 
3277.628182 0.579985 
3276.160991 0.581674 
3274.693799 0.580930 
3273.226608 0.582390 
3271.759416 0.581865 
3270.292225 0.581524 
3268.825033 0.583091 
3267.357842 0.583125 
3265.890650 0.582294 
3264.423459 0.584445 
3262.956267 0.585849 
3261.489076 0.585218 
3260.021884 0.585292 
3258.554693 0.585532 
3257.087501 0.586233 
3255.620310 0.586218 
3254.153118 0.587401 
3252.685927 0.585749 
3251.218735 0.585131 
3249.751544 0.585994 
3248.284352 0.586090 
3246.817161 0.586047 
3245.349969 0.585407 
3243.882778 0.584094 
3242.415586 0.582692 
3240.948395 0.582790 
3239.481203 0.580627 
3238.014012 0.580736 
3236.546820 0.577999 
3235.079629 0.576279 
3233.612437 0.573352 
3232.145246 0.572665 
3230.678054 0.570139 
3229.210863 0.567412 
3227.743671 0.566001 
3226.276480 0.563891 
3224.809288 0.561235 
3223.342097 0.558877 
3221.874905 0.556982 
3220.407714 0.553973 
3218.940522 0.551311 
3217.473331 0.549369 
3216.006139 0.546673 
3214.538948 0.543985 
3213.071756 0.540853 
3211.604565 0.539636 
3210.137373 0.536772 
3208.670182 0.534963 
3207.202990 0.531811 
3205.735799 0.528583 
3204.268607 0.526754 
3202.801416 0.523835 
3201.334224 0.521333 
3199.867033 0.518026 
3198.399841 0.516041 
3196.932650 0.513430 
3195.465458 0.510326 
3193.998267 0.507926 
3192.531075 0.505513 
3191.063884 0.503006 
3189.596692 0.498252 
3188.129501 0.496084 
3186.662310 0.494065 
3185.195118 0.492127 
3183.727927 0.489318 
3182.260735 0.485540 
3180.793544 0.482138 
3179.326352 0.479513 
3177.859161 0.477381 
3176.391969 0.474282 
3174.924778 0.470856 
3173.457586 0.467729 
3171.990395 0.463555 
3170.523203 0.461305 
3169.056012 0.457491 
3167.588820 0.454795 
3166.121629 0.451979 
3164.654437 0.448477 
3163.187246 0.445894 
3161.720054 0.441772 
3160.252863 0.438399 
3158.785671 0.434815 
3157.318480 0.431660 
3155.851288 0.427559 
3154.384097 0.423885 
3152.916905 0.420495 
3151.449714 0.416434 
3149.982522 0.413723 
3148.515331 0.409320 
3147.048139 0.405905 
3145.580948 0.402235 
3144.113756 0.398804 
3142.646565 0.395705 
3141.179373 0.392130 
3139.712182 0.388582 
3138.244990 0.384228 
3136.777799 0.381447 
3135.310607 0.377722 
3133.843416 0.374128 
3132.376224 0.370320 
3130.909033 0.367465 
3129.441841 0.364402 
3127.974650 0.361004 
3126.507458 0.357087 
3125.040267 0.353578 
3123.573075 0.350625 
3122.105884 0.346363 
3120.638692 0.343727 
3119.171501 0.340125 
3117.704309 0.336454 
3116.237118 0.333001 
3114.769926 0.329874 
3113.302735 0.326571 
3111.835543 0.323305 
3110.368352 0.319853 
3108.901160 0.315909 
3107.433969 0.313482 
3105.966777 0.309636 
3104.499586 0.306679 
3103.032394 0.303997 
3101.565203 0.300952 
3100.098011 0.297120 
3098.630820 0.294667 
3097.163628 0.292596 
3095.696437 0.289092 
3094.229245 0.287163 
3092.762054 0.285240 
3091.294862 0.283696 
3089.827671 0.279789 
3088.360479 0.277419 
3086.893288 0.274005 
3085.426096 0.269880 
3083.958905 0.266298 
3082.491713 0.262427 
3081.024522 0.259534 
3079.557330 0.255661 
3078.090139 0.253230 
3076.622947 0.249746 
3075.155756 0.246885 
3073.688564 0.243279 
3072.221373 0.240905 
3070.754181 0.237667 
3069.286990 0.234198 
3067.819798 0.231192 
3066.352607 0.228195 
3064.885415 0.226045 
3063.418224 0.222415 
3061.951032 0.220407 
3060.483841 0.217034 
3059.016649 0.213529 
3057.549458 0.209754 
3056.082266 0.206660 
3054.615075 0.203578 
3053.147883 0.200635 
3051.680692 0.197637 
3050.213500 0.194911 
3048.746309 0.192850 
3047.279117 0.190373 
3045.811926 0.188624 
3044.344734 0.186101 
3042.877543 0.184255 
3041.410351 0.181798 
3039.943160 0.180887 
3038.475968 0.178744 
3037.008777 0.176810 
3035.541585 0.175527 
3034.074394 0.174075 
3032.607202 0.173290 
3031.140011 0.171346 
3029.672819 0.170901 
3028.205628 0.170097 
3026.738436 0.170479 
3025.271245 0.170397 
3023.804053 0.170810 
3022.336862 0.170971 
3020.869670 0.170289 
3019.402479 0.168929 
3017.935287 0.166417 
3016.468096 0.163656 
3015.000904 0.160108 
3013.533713 0.157728 
3012.066521 0.154747 
3010.599330 0.152177 
3009.132138 0.149947 
3007.664947 0.148343 
3006.197755 0.146881 
3004.730564 0.144304 
3003.263372 0.142419 
3001.796181 0.140700 
3000.328989 0.139158 
2998.861798 0.136388 
2997.394606 0.135219 
2995.927415 0.133470 
2994.460223 0.131552 
2992.993032 0.129976 
2991.525840 0.128666 
2990.058649 0.127602 
2988.591457 0.126495 
2987.124266 0.126375 
2985.657074 0.125810 
2984.189883 0.126296 
2982.722691 0.126031 
2981.255500 0.126692 
2979.788308 0.127312 
2978.321117 0.128243 
2976.853925 0.129103 
2975.386734 0.130678 
2973.919542 0.131508 
2972.452351 0.130461 
2970.985159 0.130142 
2969.517968 0.129047 
2968.050776 0.129113 
2966.583585 0.129223 
2965.116393 0.131174 
2963.649202 0.133000 
2962.182010 0.135321 
2960.714819 0.139046 
2959.247627 0.141941 
2957.780436 0.146467 
2956.313244 0.149604 
2954.846053 0.155291 
2953.378861 0.160726 
2951.911670 0.168326 
2950.444478 0.178223 
2948.977287 0.191612 
2947.510095 0.209533 
2946.042904 0.232356 
2944.575712 0.260764 
2943.108521 0.294333 
2941.641329 0.334750 
2940.174138 0.378955 
2938.706946 0.432156 
2937.239755 0.498662 
2935.772563 0.580109 
2934.305372 0.672730 
2932.838180 0.767324 
2931.370989 0.861420 
2929.903797 0.946060 
2928.436606 1.020266 
2926.969415 1.076501 
2925.502223 1.116997 
2924.035032 1.125709 
2922.567840 1.100947 
2921.100649 1.043984 
2919.633457 0.961196 
2918.166266 0.874259 
2916.699074 0.799930 
2915.231883 0.742237 
2913.764691 0.699429 
2912.297500 0.667693 
2910.830308 0.647731 
2909.363117 0.633552 
2907.895925 0.617109 
2906.428734 0.594691 
2904.961542 0.560245 
2903.494351 0.516740 
2902.027159 0.472867 
2900.559968 0.433330 
2899.092776 0.397771 
2897.625585 0.365984 
2896.158393 0.340495 
2894.691202 0.321295 
2893.224010 0.305266 
2891.756819 0.289261 
2890.289627 0.273308 
2888.822436 0.257909 
2887.355244 0.243746 
2885.888053 0.231340 
2884.420861 0.221304 
2882.953670 0.212781 
2881.486478 0.204485 
2880.019287 0.197950 
2878.552095 0.192938 
2877.084904 0.190214 
2875.617712 0.189164 
2874.150521 0.190594 
2872.683329 0.193878 
2871.216138 0.198056 
2869.748946 0.202839 
2868.281755 0.206552 
2866.814563 0.212475 
2865.347372 0.218205 
2863.880180 0.228013 
2862.412989 0.241908 
2860.945797 0.263258 
2859.478606 0.293625 
2858.011414 0.338407 
2856.544223 0.397881 
2855.077031 0.469226 
2853.609840 0.549613 
2852.142648 0.626804 
2850.675457 0.690229 
2849.208265 0.715576 
2847.741074 0.690442 
2846.273882 0.610140 
2844.806691 0.500569 
2843.339499 0.393243 
2841.872308 0.307206 
2840.405116 0.251159 
2838.937925 0.216049 
2837.470733 0.196424 
2836.003542 0.184006 
2834.536350 0.175393 
2833.069159 0.166844 
2831.601967 0.159324 
2830.134776 0.151463 
2828.667584 0.143687 
2827.200393 0.137469 
2825.733201 0.131903 
2824.266010 0.128128 
2822.798818 0.125140 
2821.331627 0.123340 
2819.864435 0.121200 
2818.397244 0.120403 
2816.930052 0.118094 
2815.462861 0.116044 
2813.995669 0.113292 
2812.528478 0.110645 
2811.061286 0.108671 
2809.594095 0.106825 
2808.126903 0.106169 
2806.659712 0.104789 
2805.192520 0.104312 
2803.725329 0.103703 
2802.258137 0.103675 
2800.790946 0.103623 
2799.323754 0.104164 
2797.856563 0.105637 
2796.389371 0.106276 
2794.922180 0.107562 
2793.454988 0.108965 
2791.987797 0.109010 
2790.520605 0.107599 
2789.053414 0.105939 
2787.586222 0.103021 
2786.119031 0.100495 
2784.651839 0.098258 
2783.184648 0.095964 
2781.717456 0.093900 
2780.250265 0.091866 
2778.783073 0.090192 
2777.315882 0.088596 
2775.848690 0.087894 
2774.381499 0.085975 
2772.914307 0.084636 
2771.447116 0.082931 
2769.979924 0.081795 
2768.512733 0.080397 
2767.045541 0.078784 
2765.578350 0.078240 
2764.111158 0.076459 
2762.643967 0.075994 
2761.176775 0.074624 
2759.709584 0.073862 
2758.242392 0.072724 
2756.775201 0.072174 
2755.308009 0.070998 
2753.840818 0.070114 
2752.373626 0.069056 
2750.906435 0.067965 
2749.439243 0.067305 
2747.972052 0.066163 
2746.504860 0.065353 
2745.037669 0.064586 
2743.570477 0.063799 
2742.103286 0.062904 
2740.636094 0.062288 
2739.168903 0.061768 
2737.701711 0.060770 
2736.234520 0.060604 
2734.767328 0.059515 
2733.300137 0.059059 
2731.832945 0.058252 
2730.365754 0.057771 
2728.898562 0.056960 
2727.431371 0.056610 
2725.964179 0.055562 
2724.496988 0.055055 
2723.029796 0.054602 
2721.562605 0.053999 
2720.095413 0.053790 
2718.628222 0.052701 
2717.161030 0.052912 
2715.693839 0.052228 
2714.226647 0.052040 
2712.759456 0.051577 
2711.292264 0.051291 
2709.825073 0.051040 
2708.357881 0.049755 
2706.890690 0.049455 
2705.423498 0.049406 
2703.956307 0.049296 
2702.489115 0.048996 
2701.021924 0.049653 
2699.554732 0.049762 
2698.087541 0.050352 
2696.620349 0.050647 
2695.153158 0.050869 
2693.685966 0.050594 
2692.218775 0.049496 
2690.751583 0.049551 
2689.284392 0.048619 
2687.817200 0.048779 
2686.350009 0.048111 
2684.882817 0.047854 
2683.415626 0.046769 
2681.948434 0.045202 
2680.481243 0.043526 
2679.014051 0.042082 
2677.546860 0.041027 
2676.079668 0.039916 
2674.612477 0.039783 
2673.145285 0.038898 
2671.678094 0.039218 
2670.210903 0.038814 
2668.743711 0.039534 
2667.276520 0.040203 
2665.809328 0.042278 
2664.342137 0.047772 
2662.874945 0.057314 
2661.407754 0.069297 
2659.940562 0.074708 
2658.473371 0.069758 
2657.006179 0.059383 
2655.538988 0.053735 
2654.071796 0.049930 
2652.604605 0.045253 
2651.137413 0.040147 
2649.670222 0.036595 
2648.203030 0.034598 
2646.735839 0.032888 
2645.268647 0.032170 
2643.801456 0.031036 
2642.334264 0.030693 
2640.867073 0.029976 
2639.399881 0.029864 
2637.932690 0.029030 
2636.465498 0.028845 
2634.998307 0.028259 
2633.531115 0.027840 
2632.063924 0.027792 
2630.596732 0.027532 
2629.129541 0.027020 
2627.662349 0.026551 
2626.195158 0.027017 
2624.727966 0.026825 
2623.260775 0.027157 
2621.793583 0.027426 
2620.326392 0.028322 
2618.859200 0.029182 
2617.392009 0.029962 
2615.924817 0.031295 
2614.457626 0.032055 
2612.990434 0.032035 
2611.523243 0.031004 
2610.056051 0.030361 
2608.588860 0.029803 
2607.121668 0.029552 
2605.654477 0.029291 
2604.187285 0.029103 
2602.720094 0.029459 
2601.252902 0.029037 
2599.785711 0.029470 
2598.318519 0.029271 
2596.851328 0.029403 
2595.384136 0.029068 
2593.916945 0.028700 
2592.449753 0.027739 
2590.982562 0.026471 
2589.515370 0.025529 
2588.048179 0.024372 
2586.580987 0.023579 
2585.113796 0.022206 
2583.646604 0.021780 
2582.179413 0.020783 
2580.712221 0.020590 
2579.245030 0.020150 
2577.777838 0.020479 
2576.310647 0.020060 
2574.843455 0.019755 
2573.376264 0.019680 
2571.909072 0.019382 
2570.441881 0.019142 
2568.974689 0.018405 
2567.507498 0.018050 
2566.040306 0.017746 
2564.573115 0.017409 
2563.105923 0.017002 
2561.638732 0.016870 
2560.171540 0.017046 
2558.704349 0.016563 
2557.237157 0.016611 
2555.769966 0.016408 
2554.302774 0.016680 
2552.835583 0.016330 
2551.368391 0.016481 
2549.901200 0.016076 
2548.434008 0.015674 
2546.966817 0.015317 
2545.499625 0.014842 
2544.032434 0.014568 
2542.565242 0.014341 
2541.098051 0.014077 
2539.630859 0.014121 
2538.163668 0.014058 
2536.696476 0.013595 
2535.229285 0.013954 
2533.762093 0.013520 
2532.294902 0.013458 
2530.827710 0.013225 
2529.360519 0.013247 
2527.893327 0.013006 
2526.426136 0.012448 
2524.958944 0.012541 
2523.491753 0.012304 
2522.024561 0.012187 
2520.557370 0.011847 
2519.090178 0.011865 
2517.622987 0.011506 
2516.155795 0.011298 
2514.688604 0.011250 
2513.221412 0.011189 
2511.754221 0.011466 
2510.287029 0.011098 
2508.819838 0.010832 
2507.352646 0.010608 
2505.885455 0.010580 
2504.418263 0.010229 
2502.951072 0.010076 
2501.483880 0.010048 
2500.016689 0.009646 
2498.549497 0.009469 
2497.082306 0.009086 
2495.615114 0.009384 
2494.147923 0.008868 
2492.680731 0.008777 
2491.213540 0.008738 
2489.746348 0.008392 
2488.279157 0.008421 
2486.811965 0.008444 
2485.344774 0.008610 
2483.877582 0.008432 
2482.410391 0.008511 
2480.943199 0.008626 
2479.476008 0.009151 
2478.008816 0.009011 
2476.541625 0.008825 
2475.074433 0.008720 
2473.607242 0.008371 
2472.140050 0.007936 
2470.672859 0.007547 
2469.205667 0.007526 
2467.738476 0.007103 
2466.271284 0.006853 
2464.804093 0.006610 
2463.336901 0.006563 
2461.869710 0.006074 
2460.402518 0.006023 
2458.935327 0.005731 
2457.468135 0.005683 
2456.000944 0.005541 
2454.533752 0.005176 
2453.066561 0.005460 
2451.599369 0.005029 
2450.132178 0.004979 
2448.664986 0.004513 
2447.197795 0.004575 
2445.730603 0.004375 
2444.263412 0.004056 
2442.796220 0.004170 
2441.329029 0.003894 
2439.861837 0.003778 
2438.394646 0.003883 
2436.927454 0.003794 
2435.460263 0.003487 
2433.993071 0.003372 
2432.525880 0.003307 
2431.058688 0.003155 
2429.591497 0.003046 
2428.124305 0.002919 
2426.657114 0.003014 
2425.189922 0.002739 
2423.722731 0.002653 
2422.255539 0.002603 
2420.788348 0.002700 
2419.321156 0.002400 
2417.853965 0.002401 
2416.386773 0.002784 
2414.919582 0.002700 
2413.452390 0.002826 
2411.985199 0.002634 
2410.518008 0.002567 
2409.050816 0.001999 
2407.583625 0.001711 
2406.116433 0.001337 
2404.649242 0.001153 
2403.182050 0.000609 
2401.714859 0.000594 
2400.247667 0.000648 
2398.780476 0.001041 
2397.313284 0.000916 
2395.846093 0.001544 
2394.378901 0.001716 
2392.911710 0.001260 
2391.444518 0.000817 
2389.977327 0.000109 
2388.510135 -0.000366 
2387.042944 -0.000673 
2385.575752 -0.000800 
2384.108561 -0.000603 
2382.641369 -0.000611 
2381.174178 -0.000583 
2379.706986 -0.000468 
2378.239795 0.000233 
2376.772603 0.000544 
2375.305412 0.000794 
2373.838220 0.000805 
2372.371029 0.000574 
2370.903837 0.000621 
2369.436646 0.001172 
2367.969454 0.001454 
2366.502263 0.002279 
2365.035071 0.002223 
2363.567880 0.002203 
2362.100688 0.001724 
2360.633497 0.001773 
2359.166305 0.001682 
2357.699114 0.001363 
2356.231922 0.001419 
2354.764731 0.001144 
2353.297539 0.000776 
2351.830348 0.001068 
2350.363156 0.000912 
2348.895965 0.001213 
2347.428773 0.001921 
2345.961582 0.002889 
2344.494390 0.004559 
2343.027199 0.006312 
2341.560007 0.008424 
2340.092816 0.010328 
2338.625624 0.011701 
2337.158433 0.012238 
2335.691241 0.012489 
2334.224050 0.011519 
2332.756858 0.008610 
2331.289667 0.005195 
2329.822475 0.004206 
2328.355284 0.004171 
2326.888092 0.004286 
2325.420901 0.004130 
2323.953709 0.003896 
2322.486518 0.004006 
2321.019326 0.003948 
2319.552135 0.003779 
2318.084943 0.003624 
2316.617752 0.003558 
2315.150560 0.003733 
2313.683369 0.003822 
2312.216177 0.004038 
2310.748986 0.004141 
2309.281794 0.004238 
2307.814603 0.004628 
2306.347411 0.004820 
2304.880220 0.005008 
2303.413028 0.005100 
2301.945837 0.005359 
2300.478645 0.005242 
2299.011454 0.005151 
2297.544262 0.004956 
2296.077071 0.004870 
2294.609879 0.004835 
2293.142688 0.004850 
2291.675496 0.005220 
2290.208305 0.005348 
2288.741113 0.005444 
2287.273922 0.005578 
2285.806730 0.005754 
2284.339539 0.005865 
2282.872347 0.006163 
2281.405156 0.006481 
2279.937964 0.006164 
2278.470773 0.006200 
2277.003581 0.006029 
2275.536390 0.006270 
2274.069198 0.005909 
2272.602007 0.005965 
2271.134815 0.006148 
2269.667624 0.006340 
2268.200432 0.006546 
2266.733241 0.006641 
2265.266049 0.006892 
2263.798858 0.006576 
2262.331666 0.006887 
2260.864475 0.006625 
2259.397283 0.007221 
2257.930092 0.007425 
2256.462900 0.007932 
2254.995709 0.008242 
2253.528517 0.008592 
2252.061326 0.008834 
2250.594134 0.009085 
2249.126943 0.009443 
2247.659751 0.009467 
2246.192560 0.009557 
2244.725368 0.009396 
2243.258177 0.009471 
2241.790985 0.009075 
2240.323794 0.009071 
2238.856602 0.009167 
2237.389411 0.008885 
2235.922219 0.008766 
2234.455028 0.008664 
2232.987836 0.009028 
2231.520645 0.008925 
2230.053453 0.009281 
2228.586262 0.009167 
2227.119070 0.009218 
2225.651879 0.009013 
2224.184687 0.008950 
2222.717496 0.008933 
2221.250304 0.008898 
2219.783113 0.008940 
2218.315921 0.008239 
2216.848730 0.008422 
2215.381538 0.008079 
2213.914347 0.008241 
2212.447155 0.007975 
2210.979964 0.008300 
2209.512772 0.008239 
2208.045581 0.008181 
2206.578389 0.008245 
2205.111198 0.008174 
2203.644006 0.008222 
2202.176815 0.007769 
2200.709623 0.007918 
2199.242432 0.007665 
2197.775240 0.007635 
2196.308049 0.007197 
2194.840857 0.007102 
2193.373666 0.006912 
2191.906474 0.006500 
2190.439283 0.006488 
2188.972091 0.006199 
2187.504900 0.006083 
2186.037708 0.005875 
2184.570517 0.006440 
2183.103325 0.006532 
2181.636134 0.007329 
2180.168942 0.007858 
2178.701751 0.008489 
2177.234559 0.008535 
2175.767368 0.007559 
2174.300176 0.007345 
2172.832985 0.006840 
2171.365793 0.007049 
2169.898602 0.006573 
2168.431410 0.006722 
2166.964219 0.006259 
2165.497027 0.005916 
2164.029836 0.005641 
2162.562644 0.005266 
2161.095453 0.005017 
2159.628261 0.004371 
2158.161070 0.004518 
2156.693878 0.003998 
2155.226687 0.004019 
2153.759495 0.003518 
2152.292304 0.003483 
2150.825113 0.002839 
2149.357921 0.002259 
2147.890730 0.001989 
2146.423538 0.001595 
2144.956347 0.001916 
2143.489155 0.002111 
2142.021964 0.003251 
2140.554772 0.003664 
2139.087581 0.005502 
2137.620389 0.006972 
2136.153198 0.009194 
2134.686006 0.010306 
2133.218815 0.011181 
2131.751623 0.011070 
2130.284432 0.008522 
2128.817240 0.006292 
2127.350049 0.003714 
2125.882857 0.002696 
2124.415666 0.001469 
2122.948474 0.000784 
2121.481283 0.000296 
2120.014091 0.000112 
2118.546900 0.000052 
2117.079708 -0.000263 
2115.612517 0.000051 
2114.145325 -0.000436 
2112.678134 0.000010 
2111.210942 -0.000559 
2109.743751 -0.000147 
2108.276559 -0.000232 
2106.809368 -0.000193 
2105.342176 -0.000143 
2103.874985 -0.000265 
2102.407793 -0.000030 
2100.940602 -0.000856 
2099.473410 -0.000386 
2098.006219 -0.000941 
2096.539027 -0.000433 
2095.071836 -0.000978 
2093.604644 -0.000426 
2092.137453 -0.000542 
2090.670261 -0.000719 
2089.203070 -0.000745 
2087.735878 -0.000994 
2086.268687 -0.000497 
2084.801495 -0.001084 
2083.334304 -0.000375 
2081.867112 -0.000699 
2080.399921 -0.000197 
2078.932729 -0.000489 
2077.465538 -0.000151 
2075.998346 -0.000022 
2074.531155 -0.000319 
2073.063963 -0.000004 
2071.596772 -0.000388 
2070.129580 0.000116 
2068.662389 -0.000566 
2067.195197 0.000131 
2065.728006 -0.000111 
2064.260814 0.000200 
2062.793623 0.000437 
2061.326431 0.000722 
2059.859240 0.001305 
2058.392048 0.000810 
2056.924857 0.001075 
2055.457665 -0.000028 
2053.990474 0.000493 
2052.523282 -0.000560 
2051.056091 -0.000065 
2049.588899 -0.000469 
2048.121708 -0.000280 
2046.654516 -0.000228 
2045.187325 -0.000309 
2043.720133 0.000122 
2042.252942 -0.000375 
2040.785750 0.000403 
2039.318559 -0.000473 
2037.851367 -0.000098 
2036.384176 -0.000618 
2034.916984 -0.000384 
2033.449793 -0.000546 
2031.982601 -0.000705 
2030.515410 -0.000292 
2029.048218 -0.000692 
2027.581027 -0.000250 
2026.113835 -0.000988 
2024.646644 -0.000294 
2023.179452 -0.000803 
2021.712261 -0.000172 
2020.245069 -0.000441 
2018.777878 -0.000055 
2017.310686 -0.000051 
2015.843495 -0.000505 
2014.376303 -0.000316 
2012.909112 -0.001073 
2011.441920 -0.000364 
2009.974729 -0.001073 
2008.507537 -0.000482 
2007.040346 -0.000984 
2005.573154 -0.000622 
2004.105963 -0.000753 
2002.638771 -0.000962 
2001.171580 -0.000634 
1999.704388 -0.001249 
1998.237197 -0.000715 
1996.770005 -0.001388 
1995.302814 -0.000504 
1993.835622 -0.000898 
1992.368431 -0.000119 
1990.901239 -0.000102 
1989.434048 0.000385 
1987.966856 0.000739 
1986.499665 0.000305 
1985.032473 0.000607 
1983.565282 -0.000428 
1982.098090 -0.000079 
1980.630899 -0.000876 
1979.163707 -0.000216 
1977.696516 -0.001035 
1976.229324 -0.000669 
1974.762133 -0.000906 
1973.294941 -0.000866 
1971.827750 -0.000500 
1970.360558 -0.001098 
1968.893367 -0.000205 
1967.426175 -0.000840 
1965.958984 0.000211 
1964.491792 -0.000352 
1963.024601 0.000435 
1961.557409 0.000494 
1960.090218 0.000910 
1958.623026 0.001478 
1957.155835 0.001341 
1955.688643 0.002231 
1954.221452 0.001965 
1952.754260 0.003000 
1951.287069 0.002280 
1949.819877 0.002665 
1948.352686 0.001714 
1946.885494 0.001591 
1945.418303 0.001114 
1943.951111 0.000717 
1942.483920 0.001223 
1941.016728 0.000402 
1939.549537 0.000927 
1938.082345 -0.000055 
1936.615154 0.000665 
1935.147962 -0.000198 
1933.680771 0.000547 
1932.213579 0.000332 
1930.746388 0.000421 
1929.279196 0.000339 
1927.812005 -0.000173 
1926.344813 0.000280 
1924.877622 -0.000830 
1923.410430 -0.000138 
1921.943239 -0.000940 
1920.476047 -0.000295 
1919.008856 -0.000889 
1917.541664 -0.000382 
1916.074473 -0.000679 
1914.607281 -0.001046 
1913.140090 -0.000770 
1911.672898 -0.001485 
1910.205707 -0.000782 
1908.738515 -0.001755 
1907.271324 -0.000664 
1905.804132 -0.001522 
1904.336941 -0.000861 
1902.869749 -0.001527 
1901.402558 -0.001377 
1899.935366 -0.001214 
1898.468175 -0.001585 
1897.000983 -0.000888 
1895.533792 -0.001593 
1894.066601 -0.000661 
1892.599409 -0.001435 
1891.132218 -0.000480 
1889.665026 -0.001313 
1888.197835 -0.000802 
1886.730643 -0.000676 
1885.263452 -0.000852 
1883.796260 -0.000211 
1882.329069 -0.001119 
1880.861877 0.000113 
1879.394686 -0.000620 
1877.927494 0.000281 
1876.460303 -0.000638 
1874.993111 -0.000027 
1873.525920 -0.000199 
1872.058728 -0.000232 
1870.591537 0.000273 
1869.124345 0.000034 
1867.657154 0.000602 
1866.189962 -0.000203 
1864.722771 0.000907 
1863.255579 -0.000321 
1861.788388 0.000288 
1860.321196 -0.000286 
1858.854005 0.000291 
1857.386813 0.000314 
1855.919622 -0.000040 
1854.452430 0.000638 
1852.985239 0.000100 
1851.518047 0.001055 
1850.050856 0.000016 
1848.583664 0.001089 
1847.116473 0.000420 
1845.649281 0.001236 
1844.182090 0.001304 
1842.714898 0.001477 
1841.247707 0.001879 
1839.780515 0.001476 
1838.313324 0.002304 
1836.846132 0.001527 
1835.378941 0.002670 
1833.911749 0.001812 
1832.444558 0.002851 
1830.977366 0.002491 
1829.510175 0.003059 
1828.042983 0.003204 
1826.575792 0.003094 
1825.108600 0.003757 
1823.641409 0.002769 
1822.174217 0.003818 
1820.707026 0.003037 
1819.239834 0.004185 
1817.772643 0.003531 
1816.305451 0.004222 
1814.838260 0.003991 
1813.371068 0.004013 
1811.903877 0.004214 
1810.436685 0.003928 
1808.969494 0.004761 
1807.502302 0.003854 
1806.035111 0.004921 
1804.567919 0.004148 
1803.100728 0.005179 
1801.633536 0.004711 
1800.166345 0.005102 
1798.699153 0.005227 
1797.231962 0.004715 
1795.764770 0.005560 
1794.297579 0.004844 
1792.830387 0.006631 
1791.363196 0.005469 
1789.896004 0.006573 
1788.428813 0.005770 
1786.961621 0.006472 
1785.494430 0.006344 
1784.027238 0.006685 
1782.560047 0.007481 
1781.092855 0.007371 
1779.625664 0.008776 
1778.158472 0.008172 
1776.691281 0.009494 
1775.224089 0.008068 
1773.756898 0.008950 
1772.289706 0.008643 
1770.822515 0.008918 
1769.355323 0.009155 
1767.888132 0.009220 
1766.420940 0.010373 
1764.953749 0.009364 
1763.486557 0.010712 
1762.019366 0.010215 
1760.552174 0.011212 
1759.084983 0.010402 
1757.617791 0.011549 
1756.150600 0.011855 
1754.683408 0.012115 
1753.216217 0.012949 
1751.749025 0.012886 
1750.281834 0.014190 
1748.814642 0.013162 
1747.347451 0.014977 
1745.880259 0.014341 
1744.413068 0.016087 
1742.945876 0.016032 
1741.478685 0.017201 
1740.011493 0.018436 
1738.544302 0.018452 
1737.077110 0.019885 
1735.609919 0.019709 
1734.142727 0.022353 
1732.675536 0.021931 
1731.208344 0.024105 
1729.741153 0.024854 
1728.273961 0.026981 
1726.806770 0.028002 
1725.339578 0.029634 
1723.872387 0.031570 
1722.405195 0.032192 
1720.938004 0.034548 
1719.470812 0.034938 
1718.003621 0.037800 
1716.536429 0.037562 
1715.069238 0.039309 
1713.602046 0.039473 
1712.134855 0.040511 
1710.667663 0.041534 
1709.200472 0.041934 
1707.733280 0.043859 
1706.266089 0.043982 
1704.798897 0.046400 
1703.331706 0.046053 
1701.864514 0.048134 
1700.397323 0.048547 
1698.930131 0.049208 
1697.462940 0.049271 
1695.995748 0.050747 
1694.528557 0.051000 
1693.061365 0.050931 
1691.594174 0.052845 
1690.126982 0.051942 
1688.659791 0.053816 
1687.192599 0.053222 
1685.725408 0.054944 
1684.258216 0.055442 
1682.791025 0.055550 
1681.323833 0.056064 
1679.856642 0.055650 
1678.389450 0.056885 
1676.922259 0.055777 
1675.455067 0.057757 
1673.987876 0.056112 
1672.520684 0.057406 
1671.053493 0.056787 
1669.586301 0.058153 
1668.119110 0.058205 
1666.651918 0.058034 
1665.184727 0.059538 
1663.717535 0.058857 
1662.250344 0.060650 
1660.783152 0.059552 
1659.315961 0.061728 
1657.848769 0.061566 
1656.381578 0.064226 
1654.914386 0.066087 
1653.447195 0.068724 
1651.980003 0.069655 
1650.512812 0.068741 
1649.045620 0.070962 
1647.578429 0.071580 
1646.111237 0.075755 
1644.644046 0.076731 
1643.176854 0.080686 
1641.709663 0.081351 
1640.242471 0.082401 
1638.775280 0.081957 
1637.308088 0.081089 
1635.840897 0.081703 
1634.373706 0.079951 
1632.906514 0.081465 
1631.439323 0.080151 
1629.972131 0.081890 
1628.504940 0.081303 
1627.037748 0.082715 
1625.570557 0.081957 
1624.103365 0.082046 
1622.636174 0.082266 
1621.168982 0.080774 
1619.701791 0.081023 
1618.234599 0.078529 
1616.767408 0.079404 
1615.300216 0.075760 
1613.833025 0.075001 
1612.365833 0.072105 
1610.898642 0.071119 
1609.431450 0.069539 
1607.964259 0.067683 
1606.497067 0.067524 
1605.029876 0.065605 
1603.562684 0.066302 
1602.095493 0.063861 
1600.628301 0.064677 
1599.161110 0.062441 
1597.693918 0.062615 
1596.226727 0.061555 
1594.759535 0.061303 
1593.292344 0.061487 
1591.825152 0.060936 
1590.357961 0.062594 
1588.890769 0.060393 
1587.423578 0.060620 
1585.956386 0.058261 
1584.489195 0.059230 
1583.022003 0.057818 
1581.554812 0.057560 
1580.087620 0.057377 
1578.620429 0.056792 
1577.153237 0.057482 
1575.686046 0.056141 
1574.218854 0.056838 
1572.751663 0.054517 
1571.284471 0.055621 
1569.817280 0.054245 
1568.350088 0.054787 
1566.882897 0.053986 
1565.415705 0.053797 
1563.948514 0.053963 
1562.481322 0.052937 
1561.014131 0.054008 
1559.546939 0.052132 
1558.079748 0.053937 
1556.612556 0.051531 
1555.145365 0.052821 
1553.678173 0.051812 
1552.210982 0.052181 
1550.743790 0.052009 
1549.276599 0.051193 
1547.809407 0.051884 
1546.342216 0.050196 
1544.875024 0.051876 
1543.407833 0.049792 
1541.940641 0.052101 
1540.473450 0.050415 
1539.006258 0.051572 
1537.539067 0.050270 
1536.071875 0.049873 
1534.604684 0.050064 
1533.137492 0.048687 
1531.670301 0.049847 
1530.203109 0.048122 
1528.735918 0.049831 
1527.268726 0.047788 
1525.801535 0.049317 
1524.334343 0.047898 
1522.867152 0.048456 
1521.399960 0.048673 
1519.932769 0.047831 
1518.465577 0.048818 
1516.998386 0.047529 
1515.531194 0.049534 
1514.064003 0.047980 
1512.596811 0.049539 
1511.129620 0.047966 
1509.662428 0.049185 
1508.195237 0.048830 
1506.728045 0.049070 
1505.260854 0.049667 
1503.793662 0.048280 
1502.326471 0.049994 
1500.859279 0.047958 
1499.392088 0.049871 
1497.924896 0.047841 
1496.457705 0.049173 
1494.990513 0.047409 
1493.523322 0.047449 
1492.056130 0.047046 
1490.588939 0.045874 
1489.121747 0.046906 
1487.654556 0.045020 
1486.187364 0.046119 
1484.720173 0.043465 
1483.252981 0.045250 
1481.785790 0.044316 
1480.318598 0.046576 
1478.851407 0.046655 
1477.384215 0.044757 
1475.917024 0.044197 
1474.449832 0.041820 
1472.982641 0.042859 
1471.515449 0.041717 
1470.048258 0.046422 
1468.581066 0.050388 
1467.113875 0.057541 
1465.646683 0.059791 
1464.179492 0.060657 
1462.712300 0.058765 
1461.245109 0.054170 
1459.777917 0.052832 
1458.310726 0.052941 
1456.843534 0.064794 
1455.376343 0.094474 
1453.909151 0.152374 
1452.441960 0.198553 
1450.974768 0.224875 
1449.507577 0.228104 
1448.040385 0.218941 
1446.573194 0.204315 
1445.106002 0.184329 
1443.638811 0.169511 
1442.171619 0.155307 
1440.704428 0.148149 
1439.237236 0.136009 
1437.770045 0.123380 
1436.302853 0.105988 
1434.835662 0.098263 
1433.368470 0.093753 
1431.901279 0.085863 
1430.434087 0.080252 
1428.966896 0.073852 
1427.499704 0.071837 
1426.032513 0.066499 
1424.565321 0.065624 
1423.098130 0.061619 
1421.630938 0.059997 
1420.163747 0.057263 
1418.696555 0.055801 
1417.229364 0.055279 
1415.762172 0.052601 
1414.294981 0.053665 
1412.827789 0.051052 
1411.360598 0.051745 
1409.893406 0.048503 
1408.426215 0.049013 
1406.959023 0.046812 
1405.491832 0.045872 
1404.024640 0.045560 
1402.557449 0.044203 
1401.090257 0.044577 
1399.623066 0.041937 
1398.155874 0.043187 
1396.688683 0.040508 
1395.221491 0.041728 
1393.754300 0.040497 
1392.287108 0.042323 
1390.819917 0.041102 
1389.352725 0.039445 
1387.885534 0.039893 
1386.418342 0.038005 
1384.951151 0.038850 
1383.483959 0.035448 
1382.016768 0.037731 
1380.549576 0.036502 
1379.082385 0.038463 
1377.615193 0.038733 
1376.148002 0.040433 
1374.680811 0.040578 
1373.213619 0.038856 
1371.746428 0.039830 
1370.279236 0.037585 
1368.812045 0.038880 
1367.344853 0.036169 
1365.877662 0.038355 
1364.410470 0.035996 
1362.943279 0.035650 
1361.476087 0.034054 
1360.008896 0.033090 
1358.541704 0.033120 
1357.074513 0.031416 
1355.607321 0.035757 
1354.140130 0.038683 
1352.672938 0.045526 
1351.205747 0.046151 
1349.738555 0.044956 
1348.271364 0.039193 
1346.804172 0.038152 
1345.336981 0.037043 
1343.869789 0.034118 
1342.402598 0.035733 
1340.935406 0.034443 
1339.468215 0.036853 
1338.001023 0.033190 
1336.533832 0.032790 
1335.066640 0.029397 
1333.599449 0.029649 
1332.132257 0.028398 
1330.665066 0.027659 
1329.197874 0.028330 
1327.730683 0.026752 
1326.263491 0.027680 
1324.796300 0.024954 
1323.329108 0.027581 
1321.861917 0.026938 
1320.394725 0.027156 
1318.927534 0.025686 
1317.460342 0.027047 
1315.993151 0.025723 
1314.525959 0.023684 
1313.058768 0.024866 
1311.591576 0.022753 
1310.124385 0.023798 
1308.657193 0.020837 
1307.190002 0.022714 
1305.722810 0.021056 
1304.255619 0.023109 
1302.788427 0.024718 
1301.321236 0.027246 
1299.854044 0.029418 
1298.386853 0.027464 
1296.919661 0.027075 
1295.452470 0.021957 
1293.985278 0.022128 
1292.518087 0.019000 
1291.050895 0.020268 
1289.583704 0.018276 
1288.116512 0.017922 
1286.649321 0.017536 
1285.182129 0.016345 
1283.714938 0.016974 
1282.247746 0.014251 
1280.780555 0.016052 
1279.313363 0.013424 
1277.846172 0.015224 
1276.378980 0.013242 
1274.911789 0.014451 
1273.444597 0.014050 
1271.977406 0.015283 
1270.510214 0.018488 
1269.043023 0.019053 
1267.575831 0.022406 
1266.108640 0.020939 
1264.641448 0.023810 
1263.174257 0.020524 
1261.707065 0.021420 
1260.239874 0.023453 
1258.772682 0.028922 
1257.305491 0.031869 
1255.838299 0.031566 
1254.371108 0.030168 
1252.903916 0.022832 
1251.436725 0.019549 
1249.969533 0.013374 
1248.502342 0.013711 
1247.035150 0.010537 
1245.567959 0.011057 
1244.100767 0.009964 
1242.633576 0.010067 
1241.166384 0.010653 
1239.699193 0.008835 
1238.232001 0.010105 
1236.764810 0.007269 
1235.297618 0.008338 
1233.830427 0.005206 
1232.363235 0.007221 
1230.896044 0.005384 
1229.428852 0.005693 
1227.961661 0.005372 
1226.494469 0.004665 
1225.027278 0.005679 
1223.560086 0.003362 
1222.092895 0.005408 
1220.625703 0.002669 
1219.158512 0.004084 
1217.691320 0.001882 
1216.224129 0.003248 
1214.756937 0.001923 
1213.289746 0.001643 
1211.822554 0.002326 
1210.355363 0.000721 
1208.888171 0.001528 
1207.420980 -0.001026 
1205.953788 0.001181 
1204.486597 -0.000972 
1203.019405 0.000768 
1201.552214 -0.000656 
1200.085022 0.000035 
1198.617831 -0.000470 
1197.150639 -0.001451 
1195.683448 -0.000380 
1194.216256 -0.002291 
1192.749065 -0.000042 
1191.281873 -0.002094 
1189.814682 0.000622 
1188.347490 -0.001439 
1186.880299 -0.000236 
1185.413107 -0.000806 
1183.945916 -0.000554 
1182.478724 -0.000093 
1181.011533 -0.001124 
1179.544341 0.001271 
1178.077150 -0.000309 
1176.609958 0.002423 
1175.142767 0.000744 
1173.675575 0.003057 
1172.208384 0.001675 
1170.741192 0.002648 
1169.274001 0.002999 
1167.806809 0.002989 
1166.339618 0.004667 
1164.872426 0.004189 
1163.405235 0.007798 
1161.938043 0.006439 
1160.470852 0.010486 
1159.003660 0.010762 
1157.536469 0.013027 
1156.069277 0.011367 
1154.602086 0.011775 
1153.134894 0.013696 
1151.667703 0.013680 
1150.200511 0.016673 
1148.733320 0.016130 
1147.266128 0.019695 
1145.798937 0.018247 
1144.331745 0.021929 
1142.864554 0.022825 
1141.397362 0.027094 
1139.930171 0.030905 
1138.462979 0.036180 
1136.995788 0.041542 
1135.528596 0.038082 
1134.061405 0.037064 
1132.594213 0.034319 
1131.127022 0.037515 
1129.659830 0.036609 
1128.192639 0.039615 
1126.725447 0.040444 
1125.258256 0.041747 
1123.791064 0.042989 
1122.323873 0.043245 
1120.856681 0.045992 
1119.389490 0.044293 
1117.922298 0.047568 
1116.455107 0.046634 
1114.987916 0.049895 
1113.520724 0.049097 
1112.053533 0.051588 
1110.586341 0.052257 
1109.119150 0.051762 
1107.651958 0.052045 
1106.184767 0.049321 
1104.717575 0.050069 
1103.250384 0.046605 
1101.783192 0.048578 
1100.316001 0.046204 
1098.848809 0.046703 
1097.381618 0.043991 
1095.914426 0.043810 
1094.447235 0.043157 
1092.980043 0.041361 
1091.512852 0.041866 
1090.045660 0.038659 
1088.578469 0.038918 
1087.111277 0.034280 
1085.644086 0.034523 
1084.176894 0.031152 
1082.709703 0.030431 
1081.242511 0.028211 
1079.775320 0.026862 
1078.308128 0.026534 
1076.840937 0.023779 
1075.373745 0.024565 
1073.906554 0.020843 
1072.439362 0.021282 
1070.972171 0.017497 
1069.504979 0.017592 
1068.037788 0.014811 
1066.570596 0.013273 
1065.103405 0.012022 
1063.636213 0.010163 
1062.169022 0.010558 
1060.701830 0.007901 
1059.234639 0.009390 
1057.767447 0.006061 
1056.300256 0.006465 
1054.833064 0.002389 
1053.365873 0.002081 
1051.898681 0.000777 
1050.431490 0.000498 
1048.964298 0.001452 
1047.497107 0.000403 
1046.029915 0.002571 
1044.562724 0.001764 
1043.095532 0.006051 
1041.628341 0.005687 
1040.161149 0.009233 
1038.693958 0.010206 
1037.226766 0.012751 
1035.759575 0.012042 
1034.292383 0.008595 
1032.825192 0.008313 
1031.358000 0.006905 
1029.890809 0.009914 
1028.423617 0.009628 
1026.956426 0.013209 
1025.489234 0.011381 
1024.022043 0.012688 
1022.554851 0.014822 
1021.087660 0.018759 
1019.620468 0.020299 
1018.153277 0.017374 
1016.686085 0.015331 
1015.218894 0.008776 
1013.751702 0.007517 
1012.284511 0.003828 
1010.817319 0.003751 
1009.350128 0.000089 
1007.882936 0.000667 
1006.415745 0.000751 
1004.948553 0.000699 
1003.481362 0.002054 
1002.014170 0.001828 
1000.546979 0.005179 
999.079787 0.003687 
997.612596 0.006892 
996.145404 0.006736 
994.678213 0.009552 
993.211021 0.009490 
991.743830 0.009715 
990.276638 0.009142 
988.809447 0.006629 
987.342255 0.006755 
985.875064 0.003782 
984.407872 0.004619 
982.940681 0.001966 
981.473489 0.004139 
980.006298 0.003329 
978.539106 0.004614 
977.071915 0.005670 
975.604723 0.007245 
974.137532 0.009868 
972.670340 0.010117 
971.203149 0.013378 
969.735957 0.012037 
968.268766 0.013828 
966.801574 0.012657 
965.334383 0.015022 
963.867191 0.014091 
962.400000 0.014642 
960.932808 0.015802 
959.465617 0.015621 
957.998425 0.017299 
956.531234 0.016479 
955.064042 0.020803 
953.596851 0.020756 
952.129659 0.023594 
950.662468 0.023412 
949.195276 0.025749 
947.728085 0.024822 
946.260893 0.023549 
944.793702 0.023316 
943.326510 0.020967 
941.859319 0.021646 
940.392127 0.019358 
938.924936 0.021962 
937.457744 0.020304 
935.990553 0.022432 
934.523361 0.022112 
933.056170 0.023056 
931.588978 0.022984 
930.121787 0.022602 
928.654595 0.024925 
927.187404 0.024487 
925.720212 0.028207 
924.253021 0.027025 
922.785829 0.030159 
921.318638 0.029756 
919.851446 0.035417 
918.384255 0.041736 
916.917063 0.048641 
915.449872 0.050418 
913.982680 0.048915 
912.515489 0.052177 
911.048297 0.051130 
909.581106 0.054575 
908.113914 0.057127 
906.646723 0.070298 
905.179531 0.081102 
903.712340 0.089888 
902.245148 0.087687 
900.777957 0.074967 
899.310765 0.058568 
897.843574 0.048270 
896.376382 0.047412 
894.909191 0.043978 
893.441999 0.046779 
891.974808 0.046493 
890.507616 0.049035 
889.040425 0.047915 
887.573233 0.048116 
886.106042 0.047816 
884.638850 0.046132 
883.171659 0.047661 
881.704467 0.046496 
880.237276 0.051700 
878.770084 0.054952 
877.302893 0.060322 
875.835701 0.054640 
874.368510 0.052588 
872.901318 0.051778 
871.434127 0.051208 
869.966935 0.051792 
868.499744 0.053297 
867.032552 0.064760 
865.565361 0.079758 
864.098169 0.104762 
862.630978 0.121790 
861.163786 0.130284 
859.696595 0.107610 
858.229404 0.079126 
856.762212 0.070385 
855.295021 0.066367 
853.827829 0.066612 
852.360638 0.065364 
850.893446 0.068038 
849.426255 0.065890 
847.959063 0.068997 
846.491872 0.067888 
845.024680 0.069990 
843.557489 0.069842 
842.090297 0.070550 
840.623106 0.071373 
839.155914 0.071255 
837.688723 0.073048 
836.221531 0.070941 
834.754340 0.072067 
833.287148 0.069748 
831.819957 0.071689 
830.352765 0.069744 
828.885574 0.071165 
827.418382 0.071462 
825.951191 0.072397 
824.483999 0.073475 
823.016808 0.073225 
821.549616 0.075463 
820.082425 0.073694 
818.615233 0.076387 
817.148042 0.074946 
815.680850 0.077749 
814.213659 0.075685 
812.746467 0.077273 
811.279276 0.077872 
809.812084 0.076980 
808.344893 0.077270 
806.877701 0.075566 
805.410510 0.077473 
803.943318 0.074807 
802.476127 0.078635 
801.008935 0.076775 
799.541744 0.076986 
798.074552 0.075126 
796.607361 0.075168 
795.140169 0.074908 
793.672978 0.073209 
792.205786 0.074989 
790.738595 0.073514 
789.271403 0.075593 
787.804212 0.073426 
786.337020 0.075767 
784.869829 0.072021 
783.402637 0.072740 
781.935446 0.071567 
780.468254 0.070053 
779.001063 0.069516 
777.533871 0.068071 
776.066680 0.069413 
774.599488 0.066065 
773.132297 0.067880 
771.665105 0.065664 
770.197914 0.066526 
768.730722 0.064253 
767.263531 0.065488 
765.796339 0.064132 
764.329148 0.062874 
762.861956 0.063671 
761.394765 0.061930 
759.927573 0.062526 
758.460382 0.059773 
756.993190 0.063269 
755.525999 0.060248 
754.058807 0.061904 
752.591616 0.061041 
751.124424 0.061468 
749.657233 0.059575 
748.190041 0.058229 
746.722850 0.059016 
745.255658 0.055801 
743.788467 0.056112 
742.321275 0.053905 
740.854084 0.055577 
739.386892 0.051170 
737.919701 0.052591 
736.452509 0.050320 
734.985318 0.049242 
733.518126 0.048392 
732.050935 0.046916 
730.583743 0.045996 
729.116552 0.042633 
727.649360 0.044942 
726.182169 0.040764 
724.714977 0.042521 
723.247786 0.042761 
721.780594 0.047724 
720.313403 0.049511 
718.846211 0.048254 
717.379020 0.042935 
715.911828 0.034374 
714.444637 0.032774 
712.977445 0.029735 
711.510254 0.029077 
710.043062 0.025209 
708.575871 0.026721 
707.108679 0.024540 
705.641488 0.024603 
704.174296 0.023679 
702.707105 0.022936 
701.239913 0.022543 
699.772722 0.019696 
698.305530 0.021109 
696.838339 0.016536 
695.371147 0.018745 
693.903956 0.016282 
692.436764 0.017084 
690.969573 0.014722 
689.502381 0.015566 
688.035190 0.014762 
686.567998 0.013441 
685.100807 0.015000 
683.633615 0.012378 
682.166424 0.014465 
680.699232 0.012712 
679.232041 0.015531 
677.764849 0.012428 
676.297658 0.011855 
674.830466 0.009629 
673.363275 0.007362 
671.896083 0.005211 
670.428892 0.004244 
668.961700 0.005792 
667.494509 0.003858 
666.027317 0.006259 
664.560126 0.002706 
663.092934 0.005009 
661.625743 0.003458 
660.158551 0.006079 
658.691360 0.002649 
657.224168 0.002465 
655.756977 0.003867 
654.289785 0.001583 
652.822594 0.003296 
651.355402 0.003317 
649.888211 0.006525 
648.421019 0.005857 
646.953828 0.016242 
645.486636 0.022419 
644.019445 0.030132 
642.552253 0.032531 
641.085062 0.027654 
639.617870 0.019098 
638.150679 0.009979 
636.683487 0.008183 
635.216296 0.003478 
633.749104 0.005955 
632.281913 0.001553 
630.814721 0.004157 
629.347530 0.003897 
627.880338 0.005648 
626.413147 0.003241 
624.945955 0.001621 
623.478764 0.002407 
622.011572 -0.000811 
620.544381 0.001992 
619.077189 -0.004117 
617.609998 0.003232 
616.142806 -0.002665 
614.675615 0.000194 
613.208423 -0.001028 
611.741232 0.000118 
610.274040 -0.000371 
608.806849 -0.001040 
607.339657 0.002198 
605.872466 -0.005132 
604.405274 0.000786 
602.938083 -0.011000 
601.470891 -0.010007 
600.003700 -0.012700 
