5000.111000 0.000200 
4998.643809 0.000242 
4997.176617 0.000417 
4995.709426 0.000823 
4994.242234 -0.000027 
4992.775043 -0.000019 
4991.307851 0.001003 
4989.840660 0.001114 
4988.373468 0.001032 
4986.906277 0.001232 
4985.439085 0.001294 
4983.971894 0.001144 
4982.504702 0.001394 
4981.037511 0.001423 
4979.570319 0.002152 
4978.103128 0.002330 
4976.635936 0.002267 
4975.168745 0.002181 
4973.701553 0.002056 
4972.234362 0.002625 
4970.767170 0.003239 
4969.299979 0.003677 
4967.832787 0.003194 
4966.365596 0.003353 
4964.898404 0.003203 
4963.431213 0.003916 
4961.964021 0.003975 
4960.496830 0.003898 
4959.029638 0.005202 
4957.562447 0.004947 
4956.095255 0.005896 
4954.628064 0.005553 
4953.160872 0.005614 
4951.693681 0.006645 
4950.226489 0.006843 
4948.759298 0.007205 
4947.292106 0.008373 
4945.824915 0.008307 
4944.357723 0.008033 
4942.890532 0.008998 
4941.423340 0.009464 
4939.956149 0.010236 
4938.488957 0.009839 
4937.021766 0.009986 
4935.554574 0.011166 
4934.087383 0.010522 
4932.620191 0.011393 
4931.153000 0.011638 
4929.685808 0.012507 
4928.218617 0.012183 
4926.751425 0.011759 
4925.284234 0.011865 
4923.817042 0.011909 
4922.349851 0.013098 
4920.882659 0.012567 
4919.415468 0.012873 
4917.948276 0.013532 
4916.481085 0.013404 
4915.013893 0.013255 
4913.546702 0.013643 
4912.079510 0.013019 
4910.612319 0.013672 
4909.145127 0.013669 
4907.677936 0.014006 
4906.210744 0.013175 
4904.743553 0.012966 
4903.276361 0.014062 
4901.809170 0.013291 
4900.341978 0.013404 
4898.874787 0.013389 
4897.407595 0.013986 
4895.940404 0.013504 
4894.473212 0.013480 
4893.006021 0.012733 
4891.538829 0.012628 
4890.071638 0.012366 
4888.604446 0.012619 
4887.137255 0.012900 
4885.670063 0.012837 
4884.202872 0.012601 
4882.735680 0.012491 
4881.268489 0.012480 
4879.801297 0.011811 
4878.334106 0.012445 
4876.866914 0.012096 
4875.399723 0.011388 
4873.932531 0.011470 
4872.465340 0.010952 
4870.998148 0.010648 
4869.530957 0.010846 
4868.063765 0.010791 
4866.596574 0.010449 
4865.129382 0.009654 
4863.662191 0.010393 
4862.194999 0.009955 
4860.727808 0.009583 
4859.260616 0.009278 
4857.793425 0.009701 
4856.326233 0.009718 
4854.859042 0.009194 
4853.391850 0.008431 
4851.924659 0.008720 
4850.457467 0.007788 
4848.990276 0.007245 
4847.523084 0.007469 
4846.055893 0.007512 
4844.588701 0.007515 
4843.121510 0.006541 
4841.654318 0.007098 
4840.187127 0.006508 
4838.719935 0.006236 
4837.252744 0.006436 
4835.785552 0.006441 
4834.318361 0.005595 
4832.851169 0.005512 
4831.383978 0.005916 
4829.916786 0.005236 
4828.449595 0.004397 
4826.982403 0.004050 
4825.515212 0.004239 
4824.048020 0.004366 
4822.580829 0.004395 
4821.113637 0.004227 
4819.646446 0.003867 
4818.179254 0.003638 
4816.712063 0.003331 
4815.244871 0.002218 
4813.777680 0.002729 
4812.310488 0.002744 
4810.843297 0.002646 
4809.376105 0.001433 
4807.908914 0.002012 
4806.441722 0.002346 
4804.974531 0.001931 
4803.507339 0.001683 
4802.040148 0.002006 
4800.572956 0.001347 
4799.105765 0.001889 
4797.638573 0.001586 
4796.171382 0.001778 
4794.704190 0.001182 
4793.236999 0.001067 
4791.769807 0.000513 
4790.302616 0.000271 
4788.835424 0.000053 
4787.368233 0.000131 
4785.901041 0.000611 
4784.433850 0.000034 
4782.966658 -0.000348 
4781.499467 -0.000170 
4780.032275 -0.000552 
4778.565084 -0.000255 
4777.097892 0.000276 
4775.630701 -0.000326 
4774.163509 0.000437 
4772.696318 -0.000251 
4771.229126 -0.000552 
4769.761935 -0.000035 
4768.294743 -0.000656 
4766.827552 -0.000269 
4765.360360 -0.000268 
4763.893169 -0.000179 
4762.425977 -0.000089 
4760.958786 -0.000185 
4759.491594 0.000289 
4758.024403 0.000033 
4756.557211 0.000123 
4755.090020 0.000211 
4753.622828 0.000758 
4752.155637 0.000924 
4750.688445 0.000620 
4749.221254 0.001500 
4747.754062 0.001295 
4746.286871 0.000976 
4744.819679 0.001895 
4743.352488 0.001308 
4741.885296 0.002097 
4740.418105 0.001607 
4738.950914 0.002421 
4737.483722 0.002756 
4736.016531 0.001419 
4734.549339 0.002990 
4733.082148 0.003068 
4731.614956 0.003231 
4730.147765 0.004086 
4728.680573 0.003621 
4727.213382 0.005274 
4725.746190 0.004958 
4724.278999 0.005810 
4722.811807 0.005487 
4721.344616 0.006550 
4719.877424 0.006846 
4718.410233 0.006567 
4716.943041 0.007626 
4715.475850 0.007676 
4714.008658 0.008434 
4712.541467 0.008628 
4711.074275 0.009639 
4709.607084 0.009327 
4708.139892 0.010576 
4706.672701 0.010737 
4705.205509 0.011330 
4703.738318 0.011925 
4702.271126 0.012084 
4700.803935 0.012547 
4699.336743 0.012341 
4697.869552 0.013279 
4696.402360 0.013197 
4694.935169 0.014171 
4693.467977 0.014873 
4692.000786 0.015061 
4690.533594 0.016556 
4689.066403 0.016245 
4687.599211 0.017606 
4686.132020 0.016281 
4684.664828 0.018581 
4683.197637 0.018124 
4681.730445 0.019942 
4680.263254 0.019879 
4678.796062 0.018743 
4677.328871 0.021362 
4675.861679 0.020194 
4674.394488 0.021313 
4672.927296 0.020804 
4671.460105 0.020277 
4669.992913 0.021767 
4668.525722 0.020225 
4667.058530 0.022650 
4665.591339 0.021861 
4664.124147 0.022907 
4662.656956 0.022071 
4661.189764 0.021812 
4659.722573 0.023656 
4658.255381 0.022929 
4656.788190 0.024714 
4655.320998 0.024805 
4653.853807 0.024403 
4652.386615 0.025215 
4650.919424 0.025312 
4649.452232 0.026239 
4647.985041 0.026441 
4646.517849 0.026298 
4645.050658 0.027638 
4643.583466 0.027420 
4642.116275 0.028141 
4640.649083 0.028456 
4639.181892 0.028694 
4637.714700 0.029005 
4636.247509 0.028939 
4634.780317 0.029238 
4633.313126 0.029708 
4631.845934 0.029658 
4630.378743 0.030620 
4628.911551 0.030365 
4627.444360 0.029974 
4625.977168 0.030731 
4624.509977 0.031217 
4623.042785 0.031207 
4621.575594 0.032204 
4620.108402 0.032166 
4618.641211 0.031893 
4617.174019 0.032380 
4615.706828 0.032599 
4614.239636 0.032778 
4612.772445 0.033212 
4611.305253 0.033618 
4609.838062 0.033439 
4608.370870 0.033955 
4606.903679 0.033652 
4605.436487 0.034197 
4603.969296 0.034385 
4602.502104 0.033968 
4601.034913 0.034314 
4599.567721 0.034736 
4598.100530 0.034227 
4596.633338 0.034516 
4595.166147 0.034264 
4593.698955 0.034614 
4592.231764 0.034949 
4590.764572 0.034531 
4589.297381 0.035236 
4587.830189 0.034881 
4586.362998 0.034633 
4584.895806 0.035296 
4583.428615 0.035405 
4581.961423 0.035071 
4580.494232 0.034904 
4579.027040 0.035100 
4577.559849 0.035006 
4576.092657 0.034812 
4574.625466 0.035115 
4573.158274 0.035194 
4571.691083 0.035056 
4570.223891 0.035949 
4568.756700 0.035255 
4567.289508 0.035276 
4565.822317 0.035638 
4564.355125 0.034963 
4562.887934 0.034928 
4561.420742 0.034980 
4559.953551 0.034936 
4558.486359 0.034429 
4557.019168 0.035443 
4555.551976 0.035177 
4554.084785 0.035215 
4552.617593 0.035116 
4551.150402 0.034576 
4549.683210 0.035347 
4548.216019 0.035000 
4546.748827 0.034637 
4545.281636 0.034051 
4543.814444 0.034423 
4542.347253 0.034016 
4540.880061 0.035150 
4539.412870 0.034773 
4537.945678 0.034270 
4536.478487 0.033766 
4535.011295 0.034058 
4533.544104 0.034600 
4532.076912 0.034154 
4530.609721 0.034059 
4529.142529 0.034371 
4527.675338 0.033675 
4526.208146 0.033653 
4524.740955 0.033707 
4523.273763 0.033655 
4521.806572 0.033228 
4520.339380 0.032828 
4518.872189 0.033278 
4517.404997 0.033647 
4515.937806 0.033241 
4514.470614 0.033717 
4513.003423 0.033695 
4511.536231 0.033191 
4510.069040 0.033001 
4508.601848 0.033002 
4507.134657 0.031788 
4505.667465 0.032729 
4504.200274 0.032850 
4502.733082 0.032440 
4501.265891 0.032857 
4499.798699 0.032173 
4498.331508 0.032986 
4496.864316 0.031756 
4495.397125 0.032158 
4493.929933 0.032224 
4492.462742 0.032308 
4490.995550 0.031750 
4489.528359 0.031674 
4488.061167 0.032125 
4486.593976 0.031558 
4485.126784 0.031353 
4483.659593 0.031852 
4482.192402 0.031634 
4480.725210 0.032089 
4479.258019 0.031829 
4477.790827 0.031719 
4476.323636 0.031301 
4474.856444 0.031515 
4473.389253 0.031363 
4471.922061 0.031025 
4470.454870 0.030814 
4468.987678 0.030836 
4467.520487 0.030903 
4466.053295 0.031523 
4464.586104 0.031358 
4463.118912 0.030381 
4461.651721 0.030370 
4460.184529 0.030653 
4458.717338 0.030634 
4457.250146 0.030404 
4455.782955 0.030295 
4454.315763 0.030373 
4452.848572 0.030252 
4451.381380 0.030569 
4449.914189 0.030831 
4448.446997 0.030721 
4446.979806 0.029881 
4445.512614 0.029979 
4444.045423 0.030202 
4442.578231 0.030090 
4441.111040 0.029657 
4439.643848 0.030080 
4438.176657 0.029577 
4436.709465 0.029717 
4435.242274 0.030003 
4433.775082 0.030012 
4432.307891 0.029557 
4430.840699 0.029654 
4429.373508 0.029469 
4427.906316 0.029742 
4426.439125 0.029699 
4424.971933 0.029484 
4423.504742 0.029445 
4422.037550 0.029369 
4420.570359 0.028983 
4419.103167 0.029298 
4417.635976 0.029386 
4416.168784 0.028936 
4414.701593 0.029366 
4413.234401 0.029128 
4411.767210 0.028979 
4410.300018 0.028898 
4408.832827 0.028820 
4407.365635 0.028847 
4405.898444 0.028702 
4404.431252 0.029155 
4402.964061 0.029133 
4401.496869 0.028864 
4400.029678 0.028670 
4398.562486 0.028977 
4397.095295 0.028985 
4395.628103 0.028697 
4394.160912 0.028681 
4392.693720 0.029065 
4391.226529 0.028518 
4389.759337 0.028505 
4388.292146 0.028301 
4386.824954 0.028684 
4385.357763 0.028446 
4383.890571 0.028188 
4382.423380 0.028344 
4380.956188 0.028049 
4379.488997 0.028108 
4378.021805 0.028088 
4376.554614 0.028345 
4375.087422 0.028251 
4373.620231 0.028276 
4372.153039 0.028468 
4370.685848 0.027979 
4369.218656 0.028168 
4367.751465 0.028058 
4366.284273 0.028454 
4364.817082 0.028137 
4363.349890 0.027820 
4361.882699 0.028441 
4360.415507 0.028173 
4358.948316 0.028260 
4357.481124 0.027738 
4356.013933 0.027888 
4354.546741 0.027978 
4353.079550 0.027539 
4351.612358 0.027900 
4350.145167 0.027814 
4348.677975 0.027915 
4347.210784 0.027207 
4345.743592 0.027881 
4344.276401 0.027378 
4342.809209 0.027714 
4341.342018 0.027564 
4339.874826 0.027661 
4338.407635 0.027165 
4336.940443 0.027703 
4335.473252 0.027724 
4334.006060 0.027986 
4332.538869 0.027852 
4331.071677 0.027684 
4329.604486 0.027483 
4328.137294 0.027711 
4326.670103 0.027680 
4325.202911 0.027588 
4323.735720 0.027944 
4322.268528 0.027680 
4320.801337 0.027853 
4319.334145 0.027627 
4317.866954 0.027905 
4316.399762 0.028116 
4314.932571 0.027625 
4313.465379 0.027689 
4311.998188 0.028074 
4310.530996 0.027932 
4309.063805 0.027799 
4307.596613 0.028262 
4306.129422 0.028204 
4304.662230 0.028000 
4303.195039 0.027988 
4301.727847 0.028452 
4300.260656 0.027877 
4298.793464 0.028171 
4297.326273 0.027993 
4295.859081 0.028214 
4294.391890 0.027590 
4292.924698 0.027156 
4291.457507 0.027490 
4289.990315 0.027391 
4288.523124 0.027022 
4287.055932 0.027228 
4285.588741 0.026833 
4284.121549 0.027316 
4282.654358 0.027015 
4281.187166 0.026989 
4279.719975 0.027254 
4278.252783 0.026881 
4276.785592 0.026722 
4275.318400 0.026473 
4273.851209 0.026733 
4272.384017 0.027338 
4270.916826 0.026874 
4269.449634 0.026926 
4267.982443 0.026436 
4266.515251 0.026122 
4265.048060 0.026098 
4263.580868 0.026169 
4262.113677 0.026253 
4260.646485 0.026325 
4259.179294 0.026195 
4257.712102 0.026510 
4256.244911 0.026700 
4254.777719 0.026243 
4253.310528 0.026387 
4251.843336 0.026081 
4250.376145 0.026369 
4248.908953 0.025965 
4247.441762 0.026096 
4245.974570 0.026346 
4244.507379 0.026230 
4243.040187 0.025979 
4241.572996 0.025953 
4240.105804 0.026017 
4238.638613 0.026071 
4237.171421 0.025970 
4235.704230 0.025874 
4234.237038 0.025528 
4232.769847 0.025997 
4231.302655 0.026075 
4229.835464 0.025812 
4228.368272 0.026213 
4226.901081 0.025862 
4225.433889 0.025818 
4223.966698 0.026147 
4222.499507 0.025693 
4221.032315 0.025635 
4219.565124 0.025764 
4218.097932 0.025792 
4216.630741 0.025888 
4215.163549 0.026087 
4213.696358 0.025796 
4212.229166 0.025739 
4210.761975 0.025868 
4209.294783 0.025586 
4207.827592 0.026287 
4206.360400 0.026410 
4204.893209 0.026663 
4203.426017 0.026228 
4201.958826 0.026283 
4200.491634 0.026174 
4199.024443 0.025928 
4197.557251 0.025792 
4196.090060 0.025659 
4194.622868 0.025357 
4193.155677 0.025299 
4191.688485 0.025348 
4190.221294 0.025114 
4188.754102 0.025072 
4187.286911 0.024718 
4185.819719 0.025062 
4184.352528 0.024735 
4182.885336 0.024837 
4181.418145 0.024860 
4179.950953 0.024479 
4178.483762 0.024700 
4177.016570 0.024784 
4175.549379 0.024827 
4174.082187 0.024504 
4172.614996 0.024664 
4171.147804 0.023847 
4169.680613 0.024575 
4168.213421 0.024657 
4166.746230 0.024685 
4165.279038 0.024340 
4163.811847 0.024446 
4162.344655 0.024512 
4160.877464 0.024352 
4159.410272 0.024526 
4157.943081 0.024191 
4156.475889 0.024447 
4155.008698 0.024288 
4153.541506 0.023963 
4152.074315 0.023967 
4150.607123 0.023718 
4149.139932 0.023861 
4147.672740 0.023842 
4146.205549 0.023995 
4144.738357 0.023781 
4143.271166 0.023859 
4141.803974 0.023974 
4140.336783 0.023800 
4138.869591 0.023707 
4137.402400 0.023629 
4135.935208 0.023308 
4134.468017 0.023649 
4133.000825 0.023822 
4131.533634 0.023611 
4130.066442 0.023639 
4128.599251 0.023263 
4127.132059 0.022980 
4125.664868 0.023222 
4124.197676 0.023590 
4122.730485 0.023235 
4121.263293 0.023355 
4119.796102 0.023101 
4118.328910 0.022798 
4116.861719 0.023183 
4115.394527 0.023061 
4113.927336 0.023204 
4112.460144 0.022581 
4110.992953 0.022561 
4109.525761 0.022750 
4108.058570 0.022636 
4106.591378 0.022627 
4105.124187 0.022672 
4103.656995 0.022510 
4102.189804 0.022976 
4100.722612 0.022386 
4099.255421 0.022100 
4097.788229 0.022318 
4096.321038 0.022268 
4094.853846 0.022150 
4093.386655 0.022344 
4091.919463 0.021905 
4090.452272 0.022078 
4088.985080 0.021897 
4087.517889 0.021942 
4086.050697 0.021947 
4084.583506 0.021986 
4083.116314 0.021981 
4081.649123 0.021900 
4080.181931 0.021927 
4078.714740 0.021733 
4077.247548 0.021953 
4075.780357 0.021736 
4074.313165 0.021728 
4072.845974 0.021826 
4071.378782 0.021778 
4069.911591 0.021284 
4068.444399 0.021099 
4066.977208 0.021521 
4065.510016 0.021100 
4064.042825 0.021248 
4062.575633 0.021028 
4061.108442 0.021243 
4059.641250 0.021429 
4058.174059 0.020650 
4056.706867 0.020900 
4055.239676 0.021003 
4053.772484 0.020769 
4052.305293 0.020672 
4050.838101 0.020705 
4049.370910 0.020694 
4047.903718 0.020562 
4046.436527 0.020230 
4044.969335 0.020479 
4043.502144 0.020425 
4042.034952 0.020572 
4040.567761 0.020310 
4039.100569 0.020410 
4037.633378 0.020471 
4036.166186 0.020145 
4034.698995 0.020093 
4033.231803 0.020008 
4031.764612 0.019869 
4030.297420 0.019679 
4028.830229 0.019530 
4027.363037 0.019706 
4025.895846 0.019652 
4024.428654 0.019480 
4022.961463 0.019861 
4021.494271 0.019630 
4020.027080 0.019404 
4018.559888 0.019343 
4017.092697 0.019229 
4015.625505 0.019599 
4014.158314 0.019243 
4012.691122 0.019109 
4011.223931 0.019194 
4009.756739 0.019030 
4008.289548 0.019260 
4006.822356 0.019139 
4005.355165 0.018946 
4003.887973 0.019036 
4002.420782 0.018657 
4000.953590 0.018704 
3999.486399 0.018511 
3998.019207 0.018835 
3996.552016 0.018669 
3995.084824 0.018287 
3993.617633 0.018558 
3992.150441 0.018146 
3990.683250 0.018475 
3989.216058 0.018332 
3987.748867 0.018477 
3986.281675 0.018339 
3984.814484 0.018351 
3983.347292 0.018244 
3981.880101 0.017886 
3980.412909 0.017779 
3978.945718 0.017783 
3977.478526 0.017379 
3976.011335 0.017916 
3974.544143 0.017692 
3973.076952 0.017637 
3971.609760 0.017664 
3970.142569 0.017764 
3968.675377 0.017847 
3967.208186 0.017530 
3965.740994 0.017597 
3964.273803 0.017288 
3962.806612 0.017649 
3961.339420 0.017008 
3959.872229 0.016735 
3958.405037 0.016945 
3956.937846 0.016793 
3955.470654 0.016755 
3954.003463 0.016685 
3952.536271 0.016707 
3951.069080 0.016750 
3949.601888 0.016302 
3948.134697 0.016584 
3946.667505 0.016146 
3945.200314 0.016423 
3943.733122 0.016564 
3942.265931 0.015990 
3940.798739 0.016090 
3939.331548 0.015929 
3937.864356 0.015917 
3936.397165 0.015905 
3934.929973 0.015704 
3933.462782 0.015919 
3931.995590 0.015512 
3930.528399 0.015488 
3929.061207 0.015543 
3927.594016 0.015570 
3926.126824 0.015312 
3924.659633 0.015069 
3923.192441 0.014866 
3921.725250 0.015072 
3920.258058 0.014994 
3918.790867 0.014868 
3917.323675 0.015043 
3915.856484 0.014767 
3914.389292 0.014750 
3912.922101 0.014636 
3911.454909 0.014692 
3909.987718 0.014148 
3908.520526 0.014217 
3907.053335 0.014217 
3905.586143 0.014213 
3904.118952 0.014299 
3902.651760 0.013940 
3901.184569 0.013646 
3899.717377 0.014154 
3898.250186 0.013512 
3896.782994 0.013689 
3895.315803 0.013465 
3893.848611 0.013462 
3892.381420 0.013483 
3890.914228 0.012975 
3889.447037 0.012894 
3887.979845 0.013055 
3886.512654 0.013041 
3885.045462 0.012769 
3883.578271 0.012671 
3882.111079 0.012968 
3880.643888 0.012936 
3879.176696 0.012393 
3877.709505 0.012376 
3876.242313 0.012188 
3874.775122 0.012316 
3873.307930 0.011951 
3871.840739 0.012284 
3870.373547 0.012335 
3868.906356 0.011793 
3867.439164 0.011983 
3865.971973 0.011800 
3864.504781 0.011662 
3863.037590 0.011862 
3861.570398 0.011480 
3860.103207 0.011509 
3858.636015 0.011406 
3857.168824 0.010896 
3855.701632 0.011334 
3854.234441 0.011747 
3852.767249 0.010908 
3851.300058 0.010594 
3849.832866 0.011148 
3848.365675 0.010871 
3846.898483 0.010783 
3845.431292 0.010700 
3843.964100 0.010488 
3842.496909 0.010347 
3841.029717 0.010574 
3839.562526 0.010404 
3838.095334 0.010655 
3836.628143 0.009702 
3835.160951 0.010024 
3833.693760 0.009461 
3832.226568 0.009901 
3830.759377 0.009388 
3829.292185 0.009463 
3827.824994 0.009636 
3826.357802 0.009229 
3824.890611 0.009312 
3823.423419 0.009344 
3821.956228 0.009279 
3820.489036 0.009119 
3819.021845 0.009114 
3817.554653 0.008993 
3816.087462 0.009159 
3814.620270 0.008511 
3813.153079 0.008700 
3811.685887 0.008283 
3810.218696 0.008489 
3808.751504 0.008298 
3807.284313 0.008614 
3805.817121 0.008003 
3804.349930 0.008043 
3802.882738 0.008119 
3801.415547 0.008157 
3799.948355 0.007520 
3798.481164 0.007900 
3797.013972 0.007864 
3795.546781 0.007128 
3794.079589 0.007474 
3792.612398 0.007554 
3791.145206 0.007393 
3789.678015 0.007086 
3788.210823 0.007099 
3786.743632 0.007410 
3785.276440 0.006791 
3783.809249 0.006752 
3782.342057 0.006461 
3780.874866 0.006618 
3779.407674 0.006717 
3777.940483 0.006361 
3776.473291 0.006147 
3775.006100 0.006370 
3773.538908 0.005852 
3772.071717 0.006113 
3770.604525 0.006085 
3769.137334 0.005628 
3767.670142 0.005759 
3766.202951 0.005615 
3764.735759 0.005260 
3763.268568 0.005299 
3761.801376 0.005404 
3760.334185 0.005572 
3758.866993 0.004657 
3757.399802 0.005242 
3755.932610 0.005072 
3754.465419 0.004781 
3752.998227 0.005031 
3751.531036 0.004604 
3750.063844 0.004960 
3748.596653 0.004035 
3747.129461 0.004059 
3745.662270 0.004850 
3744.195078 0.003976 
3742.727887 0.004004 
3741.260695 0.004031 
3739.793504 0.003939 
3738.326312 0.003938 
3736.859121 0.003721 
3735.391929 0.003673 
3733.924738 0.003374 
3732.457546 0.003853 
3730.990355 0.003248 
3729.523163 0.003422 
3728.055972 0.003616 
3726.588780 0.003616 
3725.121589 0.003183 
3723.654397 0.003140 
3722.187206 0.002704 
3720.720014 0.002804 
3719.252823 0.002873 
3717.785631 0.002844 
3716.318440 0.002936 
3714.851248 0.002378 
3713.384057 0.002424 
3711.916865 0.002311 
3710.449674 0.003383 
3708.982482 0.009328 
3707.515291 0.019202 
3706.048099 0.009773 
3704.580908 0.007869 
3703.113717 0.008115 
3701.646525 0.009332 
3700.179334 0.009857 
3698.712142 0.009750 
3697.244951 0.009172 
3695.777759 0.008102 
3694.310568 0.006872 
3692.843376 0.005245 
3691.376185 0.004230 
3689.908993 0.003085 
3688.441802 0.002821 
3686.974610 0.001428 
3685.507419 0.001048 
3684.040227 0.000648 
3682.573036 0.000492 
3681.105844 0.000022 
3679.638653 -0.000180 
3678.171461 -0.000100 
3676.704270 0.000183 
3675.237078 -0.000240 
3673.769887 0.000113 
3672.302695 0.000277 
3670.835504 0.000321 
3669.368312 0.000403 
3667.901121 0.000726 
3666.433929 0.001429 
3664.966738 0.001592 
3663.499546 0.002214 
3662.032355 0.002693 
3660.565163 0.003187 
3659.097972 0.003434 
3657.630780 0.004063 
3656.163589 0.004650 
3654.696397 0.005056 
3653.229206 0.005606 
3651.762014 0.005751 
3650.294823 0.006292 
3648.827631 0.006467 
3647.360440 0.006763 
3645.893248 0.006718 
3644.426057 0.006841 
3642.958865 0.006764 
3641.491674 0.007137 
3640.024482 0.007125 
3638.557291 0.007556 
3637.090099 0.007615 
3635.622908 0.007766 
3634.155716 0.008101 
3632.688525 0.008147 
3631.221333 0.008516 
3629.754142 0.008781 
3628.286950 0.008608 
3626.819759 0.008849 
3625.352567 0.009512 
3623.885376 0.009883 
3622.418184 0.010226 
3620.950993 0.010550 
3619.483801 0.010909 
3618.016610 0.011463 
3616.549418 0.011654 
3615.082227 0.012351 
3613.615035 0.012884 
3612.147844 0.013538 
3610.680652 0.014024 
3609.213461 0.014811 
3607.746269 0.015192 
3606.279078 0.015964 
3604.811886 0.016684 
3603.344695 0.017334 
3601.877503 0.019233 
3600.410312 0.024247 
3598.943120 0.026583 
3597.475929 0.022883 
3596.008737 0.023640 
3594.541546 0.024744 
3593.074354 0.025919 
3591.607163 0.027180 
3590.139971 0.027902 
3588.672780 0.029080 
3587.205588 0.030074 
3585.738397 0.030972 
3584.271205 0.031509 
3582.804014 0.032135 
3581.336822 0.032889 
3579.869631 0.034306 
3578.402439 0.035282 
3576.935248 0.036101 
3575.468056 0.037490 
3574.000865 0.038984 
3572.533673 0.040374 
3571.066482 0.041793 
3569.599290 0.043369 
3568.132099 0.045047 
3566.664907 0.046577 
3565.197716 0.048282 
3563.730524 0.049601 
3562.263333 0.051921 
3560.796141 0.053692 
3559.328950 0.055359 
3557.861758 0.057694 
3556.394567 0.059614 
3554.927375 0.061618 
3553.460184 0.064124 
3551.992992 0.066118 
3550.525801 0.068520 
3549.058609 0.070862 
3547.591418 0.073306 
3546.124226 0.076014 
3544.657035 0.078758 
3543.189843 0.081173 
3541.722652 0.083838 
3540.255460 0.086832 
3538.788269 0.089714 
3537.321077 0.092918 
3535.853886 0.095988 
3534.386694 0.099072 
3532.919503 0.102294 
3531.452311 0.105804 
3529.985120 0.109380 
3528.517928 0.113180 
3527.050737 0.116990 
3525.583545 0.120624 
3524.116354 0.124635 
3522.649162 0.128931 
3521.181971 0.132876 
3519.714779 0.136813 
3518.247588 0.141528 
3516.780396 0.145864 
3515.313205 0.150438 
3513.846013 0.155075 
3512.378822 0.160121 
3510.911630 0.164843 
3509.444439 0.170226 
3507.977247 0.175249 
3506.510056 0.180368 
3505.042864 0.185772 
3503.575673 0.191203 
3502.108481 0.196818 
3500.641290 0.202677 
3499.174098 0.208236 
3497.706907 0.214883 
3496.239715 0.220614 
3494.772524 0.226829 
3493.305332 0.233114 
3491.838141 0.239738 
3490.370949 0.246423 
3488.903758 0.252873 
3487.436566 0.260126 
3485.969375 0.266630 
3484.502183 0.273856 
3483.034992 0.281464 
3481.567800 0.288751 
3480.100609 0.296511 
3478.633417 0.303835 
3477.166226 0.311599 
3475.699034 0.319646 
3474.231843 0.327786 
3472.764651 0.335673 
3471.297460 0.343414 
3469.830268 0.351991 
3468.363077 0.360622 
3466.895885 0.368877 
3465.428694 0.377204 
3463.961502 0.385840 
3462.494311 0.394235 
3461.027119 0.403609 
3459.559928 0.412721 
3458.092736 0.421088 
3456.625545 0.430255 
3455.158353 0.438847 
3453.691162 0.448223 
3452.223970 0.457461 
3450.756779 0.466495 
3449.289587 0.475936 
3447.822396 0.484908 
3446.355205 0.492928 
3444.888013 0.502536 
3443.420822 0.511888 
3441.953630 0.520673 
3440.486439 0.530204 
3439.019247 0.538333 
3437.552056 0.547559 
3436.084864 0.555843 
3434.617673 0.565186 
3433.150481 0.573613 
3431.683290 0.582397 
3430.216098 0.590824 
3428.748907 0.599410 
3427.281715 0.607564 
3425.814524 0.616988 
3424.347332 0.624723 
3422.880141 0.633962 
3421.412949 0.641956 
3419.945758 0.649132 
3418.478566 0.657194 
3417.011375 0.666116 
3415.544183 0.674834 
3414.076992 0.681185 
3412.609800 0.688530 
3411.142609 0.696865 
3409.675417 0.703930 
3408.208226 0.710691 
3406.741034 0.719594 
3405.273843 0.726363 
3403.806651 0.733686 
3402.339460 0.740406 
3400.872268 0.745044 
3399.405077 0.751784 
3397.937885 0.758354 
3396.470694 0.766178 
3395.003502 0.772357 
3393.536311 0.779307 
3392.069119 0.784708 
3390.601928 0.790583 
3389.134736 0.798512 
3387.667545 0.802684 
3386.200353 0.807689 
3384.733162 0.812966 
3383.265970 0.820156 
3381.798779 0.826378 
3380.331587 0.830856 
3378.864396 0.835904 
3377.397204 0.841626 
3375.930013 0.847565 
3374.462821 0.853739 
3372.995630 0.857983 
3371.528438 0.862978 
3370.061247 0.867819 
3368.594055 0.870696 
3367.126864 0.876598 
3365.659672 0.881550 
3364.192481 0.887295 
3362.725289 0.892283 
3361.258098 0.897949 
3359.790906 0.903865 
3358.323715 0.908439 
3356.856523 0.913381 
3355.389332 0.918618 
3353.922140 0.924824 
3352.454949 0.929562 
3350.987757 0.934529 
3349.520566 0.937170 
3348.053374 0.943937 
3346.586183 0.947008 
3345.118991 0.954618 
3343.651800 0.958684 
3342.184608 0.963150 
3340.717417 0.967995 
3339.250225 0.975288 
3337.783034 0.976694 
3336.315842 0.985750 
3334.848651 0.991662 
3333.381459 0.994125 
3331.914268 1.001336 
3330.447076 1.006973 
3328.979885 1.013061 
3327.512693 1.018891 
3326.045502 1.023513 
3324.578310 1.028120 
3323.111119 1.035062 
3321.643927 1.039349 
3320.176736 1.047107 
3318.709544 1.052315 
3317.242353 1.058170 
3315.775161 1.062002 
3314.307970 1.068788 
3312.840778 1.076693 
3311.373587 1.082570 
3309.906395 1.087110 
3308.439204 1.088933 
3306.972012 1.097797 
3305.504821 1.101199 
3304.037629 1.103609 
3302.570438 1.113014 
3301.103246 1.118617 
3299.636055 1.125405 
3298.168863 1.133992 
3296.701672 1.137512 
3295.234480 1.142883 
3293.767289 1.145996 
3292.300097 1.152746 
3290.832906 1.155493 
3289.365714 1.161739 
3287.898523 1.168009 
3286.431331 1.171510 
3284.964140 1.178724 
3283.496948 1.184197 
3282.029757 1.187515 
3280.562565 1.191325 
3279.095374 1.193917 
3277.628182 1.198995 
3276.160991 1.201684 
3274.693799 1.206474 
3273.226608 1.215745 
3271.759416 1.215145 
3270.292225 1.213393 
3268.825033 1.220604 
3267.357842 1.225123 
3265.890650 1.224678 
3264.423459 1.228176 
3262.956267 1.230110 
3261.489076 1.233840 
3260.021884 1.235517 
3258.554693 1.239797 
3257.087501 1.241068 
3255.620310 1.239767 
3254.153118 1.240822 
3252.685927 1.244518 
3251.218735 1.245109 
3249.751544 1.247510 
3248.284352 1.249031 
3246.817161 1.244061 
3245.349969 1.245318 
3243.882778 1.250824 
3242.415586 1.249316 
3240.948395 1.248574 
3239.481203 1.246459 
3238.014012 1.248485 
3236.546820 1.252097 
3235.079629 1.249694 
3233.612437 1.244470 
3232.145246 1.239666 
3230.678054 1.243594 
3229.210863 1.245132 
3227.743671 1.243595 
3226.276480 1.243073 
3224.809288 1.238167 
3223.342097 1.237928 
3221.874905 1.236302 
3220.407714 1.236482 
3218.940522 1.230816 
3217.473331 1.228787 
3216.006139 1.228883 
3214.538948 1.225603 
3213.071756 1.224520 
3211.604565 1.223464 
3210.137373 1.216567 
3208.670182 1.213802 
3207.202990 1.212383 
3205.735799 1.210328 
3204.268607 1.206742 
3202.801416 1.201296 
3201.334224 1.199817 
3199.867033 1.194687 
3198.399841 1.196213 
3196.932650 1.189373 
3195.465458 1.184302 
3193.998267 1.180961 
3192.531075 1.175761 
3191.063884 1.173622 
3189.596692 1.168746 
3188.129501 1.162582 
3186.662310 1.157706 
3185.195118 1.152762 
3183.727927 1.147926 
3182.260735 1.143755 
3180.793544 1.134692 
3179.326352 1.132543 
3177.859161 1.126071 
3176.391969 1.121474 
3174.924778 1.115030 
3173.457586 1.110900 
3171.990395 1.104034 
3170.523203 1.096607 
3169.056012 1.091563 
3167.588820 1.082787 
3166.121629 1.077326 
3164.654437 1.068519 
3163.187246 1.060546 
3161.720054 1.053635 
3160.252863 1.046181 
3158.785671 1.039570 
3157.318480 1.030790 
3155.851288 1.023359 
3154.384097 1.015751 
3152.916905 1.008457 
3151.449714 0.996087 
3149.982522 0.987564 
3148.515331 0.979970 
3147.048139 0.971704 
3145.580948 0.961667 
3144.113756 0.953583 
3142.646565 0.943742 
3141.179373 0.934900 
3139.712182 0.923928 
3138.244990 0.914590 
3136.777799 0.904460 
3135.310607 0.894478 
3133.843416 0.884038 
3132.376224 0.873596 
3130.909033 0.863400 
3129.441841 0.853194 
3127.974650 0.842986 
3126.507458 0.830712 
3125.040267 0.819559 
3123.573075 0.809227 
3122.105884 0.798532 
3120.638692 0.786067 
3119.171501 0.774785 
3117.704309 0.764201 
3116.237118 0.751850 
3114.769926 0.740923 
3113.302735 0.729719 
3111.835543 0.718923 
3110.368352 0.706923 
3108.901160 0.695372 
3107.433969 0.683336 
3105.966777 0.673267 
3104.499586 0.661597 
3103.032394 0.649703 
3101.565203 0.638854 
3100.098011 0.626768 
3098.630820 0.614944 
3097.163628 0.604195 
3095.696437 0.593009 
3094.229245 0.581374 
3092.762054 0.570463 
3091.294862 0.559612 
3089.827671 0.548007 
3088.360479 0.537537 
3086.893288 0.526604 
3085.426096 0.516018 
3083.958905 0.505786 
3082.491713 0.495443 
3081.024522 0.485248 
3079.557330 0.474985 
3078.090139 0.464854 
3076.622947 0.455498 
3075.155756 0.446089 
3073.688564 0.437229 
3072.221373 0.427913 
3070.754181 0.419105 
3069.286990 0.410794 
3067.819798 0.402249 
3066.352607 0.394129 
3064.885415 0.386279 
3063.418224 0.378236 
3061.951032 0.370292 
3060.483841 0.363741 
3059.016649 0.356815 
3057.549458 0.349879 
3056.082266 0.343288 
3054.615075 0.337038 
3053.147883 0.330691 
3051.680692 0.324564 
3050.213500 0.318812 
3048.746309 0.313028 
3047.279117 0.307603 
3045.811926 0.302627 
3044.344734 0.297555 
3042.877543 0.292464 
3041.410351 0.287717 
3039.943160 0.283427 
3038.475968 0.278512 
3037.008777 0.274432 
3035.541585 0.270548 
3034.074394 0.266273 
3032.607202 0.262742 
3031.140011 0.259063 
3029.672819 0.255774 
3028.205628 0.252852 
3026.738436 0.249855 
3025.271245 0.247537 
3023.804053 0.245107 
3022.336862 0.242785 
3020.869670 0.241192 
3019.402479 0.240116 
3017.935287 0.238768 
3016.468096 0.237530 
3015.000904 0.237050 
3013.533713 0.236016 
3012.066521 0.234841 
3010.599330 0.233447 
3009.132138 0.231148 
3007.664947 0.227994 
3006.197755 0.224516 
3004.730564 0.220279 
3003.263372 0.215079 
3001.796181 0.210574 
3000.328989 0.206001 
2998.861798 0.201995 
2997.394606 0.198453 
2995.927415 0.195018 
2994.460223 0.192001 
2992.993032 0.189370 
2991.525840 0.186191 
2990.058649 0.183941 
2988.591457 0.181645 
2987.124266 0.179459 
2985.657074 0.177558 
2984.189883 0.175299 
2982.722691 0.173965 
2981.255500 0.172286 
2979.788308 0.170638 
2978.321117 0.168820 
2976.853925 0.167282 
2975.386734 0.165729 
2973.919542 0.164084 
2972.452351 0.162094 
2970.985159 0.160373 
2969.517968 0.158642 
2968.050776 0.157221 
2966.583585 0.155727 
2965.116393 0.154458 
2963.649202 0.153084 
2962.182010 0.151782 
2960.714819 0.150496 
2959.247627 0.149310 
2957.780436 0.148416 
2956.313244 0.147143 
2954.846053 0.146246 
2953.378861 0.145236 
2951.911670 0.144220 
2950.444478 0.143435 
2948.977287 0.142610 
2947.510095 0.141904 
2946.042904 0.141309 
2944.575712 0.141000 
2943.108521 0.140278 
2941.641329 0.139613 
2940.174138 0.138975 
2938.706946 0.138170 
2937.239755 0.137522 
2935.772563 0.136915 
2934.305372 0.135914 
2932.838180 0.135263 
2931.370989 0.134414 
2929.903797 0.133722 
2928.436606 0.132785 
2926.969415 0.132048 
2925.502223 0.131107 
2924.035032 0.130382 
2922.567840 0.129803 
2921.100649 0.129416 
2919.633457 0.128616 
2918.166266 0.128242 
2916.699074 0.127635 
2915.231883 0.127300 
2913.764691 0.127257 
2912.297500 0.126620 
2910.830308 0.126162 
2909.363117 0.125511 
2907.895925 0.125300 
2906.428734 0.124684 
2904.961542 0.124567 
2903.494351 0.124057 
2902.027159 0.123300 
2900.559968 0.122544 
2899.092776 0.121861 
2897.625585 0.121309 
2896.158393 0.120904 
2894.691202 0.120307 
2893.224010 0.119839 
2891.756819 0.119357 
2890.289627 0.118756 
2888.822436 0.118400 
2887.355244 0.118036 
2885.888053 0.117949 
2884.420861 0.117346 
2882.953670 0.117172 
2881.486478 0.116457 
2880.019287 0.115934 
2878.552095 0.115604 
2877.084904 0.115004 
2875.617712 0.114660 
2874.150521 0.114205 
2872.683329 0.114148 
2871.216138 0.113569 
2869.748946 0.113056 
2868.281755 0.112894 
2866.814563 0.112409 
2865.347372 0.112159 
2863.880180 0.111605 
2862.412989 0.111254 
2860.945797 0.110873 
2859.478606 0.110495 
2858.011414 0.110022 
2856.544223 0.109561 
2855.077031 0.108804 
2853.609840 0.108265 
2852.142648 0.107807 
2850.675457 0.107545 
2849.208265 0.106957 
2847.741074 0.106203 
2846.273882 0.105720 
2844.806691 0.105073 
2843.339499 0.104635 
2841.872308 0.104289 
2840.405116 0.103892 
2838.937925 0.103713 
2837.470733 0.103270 
2836.003542 0.103060 
2834.536350 0.102814 
2833.069159 0.102600 
2831.601967 0.102176 
2830.134776 0.101655 
2828.667584 0.101018 
2827.200393 0.100542 
2825.733201 0.099849 
2824.266010 0.099192 
2822.798818 0.098359 
2821.331627 0.097842 
2819.864435 0.097233 
2818.397244 0.096724 
2816.930052 0.096116 
2815.462861 0.095441 
2813.995669 0.094697 
2812.528478 0.094046 
2811.061286 0.093600 
2809.594095 0.092773 
2808.126903 0.092031 
2806.659712 0.091500 
2805.192520 0.090821 
2803.725329 0.090395 
2802.258137 0.089763 
2800.790946 0.089009 
2799.323754 0.088601 
2797.856563 0.088074 
2796.389371 0.087681 
2794.922180 0.087253 
2793.454988 0.086499 
2791.987797 0.085915 
2790.520605 0.085455 
2789.053414 0.085072 
2787.586222 0.084569 
2786.119031 0.084107 
2784.651839 0.083599 
2783.184648 0.083198 
2781.717456 0.082762 
2780.250265 0.082233 
2778.783073 0.082000 
2777.315882 0.081533 
2775.848690 0.081209 
2774.381499 0.080899 
2772.914307 0.080442 
2771.447116 0.080181 
2769.979924 0.079706 
2768.512733 0.079540 
2767.045541 0.079156 
2765.578350 0.078794 
2764.111158 0.078472 
2762.643967 0.077900 
2761.176775 0.077833 
2759.709584 0.077514 
2758.242392 0.077205 
2756.775201 0.076811 
2755.308009 0.076466 
2753.840818 0.076099 
2752.373626 0.075933 
2750.906435 0.075656 
2749.439243 0.075498 
2747.972052 0.075114 
2746.504860 0.074765 
2745.037669 0.074627 
2743.570477 0.074184 
2742.103286 0.073857 
2740.636094 0.073996 
2739.168903 0.073514 
2737.701711 0.073117 
2736.234520 0.072899 
2734.767328 0.072666 
2733.300137 0.072234 
2731.832945 0.072099 
2730.365754 0.071884 
2728.898562 0.071506 
2727.431371 0.071451 
2725.964179 0.071079 
2724.496988 0.070731 
2723.029796 0.070498 
2721.562605 0.070164 
2720.095413 0.070014 
2718.628222 0.069673 
2717.161030 0.069293 
2715.693839 0.069131 
2714.226647 0.068894 
2712.759456 0.068568 
2711.292264 0.068436 
2709.825073 0.068372 
2708.357881 0.067815 
2706.890690 0.067418 
2705.423498 0.067396 
2703.956307 0.067089 
2702.489115 0.066865 
2701.021924 0.066600 
2699.554732 0.066354 
2698.087541 0.066100 
2696.620349 0.065998 
2695.153158 0.065700 
2693.685966 0.065430 
2692.218775 0.065297 
2690.751583 0.064963 
2689.284392 0.064768 
2687.817200 0.064600 
2686.350009 0.064395 
2684.882817 0.064165 
2683.415626 0.063800 
2681.948434 0.063827 
2680.481243 0.063546 
2679.014051 0.063299 
2677.546860 0.063138 
2676.079668 0.062889 
2674.612477 0.062598 
2673.145285 0.062502 
2671.678094 0.062365 
2670.210903 0.062007 
2668.743711 0.061794 
2667.276520 0.061813 
2665.809328 0.061564 
2664.342137 0.061444 
2662.874945 0.061265 
2661.407754 0.061000 
2659.940562 0.060931 
2658.473371 0.060793 
2657.006179 0.060683 
2655.538988 0.060616 
2654.071796 0.060329 
2652.604605 0.060198 
2651.137413 0.060100 
2649.670222 0.059972 
2648.203030 0.059702 
2646.735839 0.059707 
2645.268647 0.059574 
2643.801456 0.059459 
2642.334264 0.059323 
2640.867073 0.059228 
2639.399881 0.059088 
2637.932690 0.058965 
2636.465498 0.058843 
2634.998307 0.058883 
2633.531115 0.058707 
2632.063924 0.058590 
2630.596732 0.058460 
2629.129541 0.058423 
2627.662349 0.058200 
2626.195158 0.058362 
2624.727966 0.058231 
2623.260775 0.058046 
2621.793583 0.057996 
2620.326392 0.057814 
2618.859200 0.057764 
2617.392009 0.057600 
2615.924817 0.057531 
2614.457626 0.057379 
2612.990434 0.057200 
2611.523243 0.057151 
2610.056051 0.056972 
2608.588860 0.056997 
2607.121668 0.056761 
2605.654477 0.056470 
2604.187285 0.056609 
2602.720094 0.056442 
2601.252902 0.056283 
2599.785711 0.056297 
2598.318519 0.056130 
2596.851328 0.056043 
2595.384136 0.055864 
2593.916945 0.055958 
2592.449753 0.055796 
2590.982562 0.055534 
2589.515370 0.055610 
2588.048179 0.055663 
2586.580987 0.055595 
2585.113796 0.055617 
2583.646604 0.055390 
2582.179413 0.055494 
2580.712221 0.055338 
2579.245030 0.055220 
2577.777838 0.055244 
2576.310647 0.055060 
2574.843455 0.055027 
2573.376264 0.055002 
2571.909072 0.054877 
2570.441881 0.054731 
2568.974689 0.054500 
2567.507498 0.054500 
2566.040306 0.054468 
2564.573115 0.054471 
2563.105923 0.054233 
2561.638732 0.054131 
2560.171540 0.053996 
2558.704349 0.053759 
2557.237157 0.053834 
2555.769966 0.053724 
2554.302774 0.053618 
2552.835583 0.053363 
2551.368391 0.053298 
2549.901200 0.053188 
2548.434008 0.053003 
2546.966817 0.053100 
2545.499625 0.052919 
2544.032434 0.052713 
2542.565242 0.052638 
2541.098051 0.052342 
2539.630859 0.052362 
2538.163668 0.052178 
2536.696476 0.051988 
2535.229285 0.051886 
2533.762093 0.051793 
2532.294902 0.051680 
2530.827710 0.051487 
2529.360519 0.051400 
2527.893327 0.051287 
2526.426136 0.051010 
2524.958944 0.051043 
2523.491753 0.050913 
2522.024561 0.050669 
2520.557370 0.050500 
2519.090178 0.050422 
2517.622987 0.050216 
2516.155795 0.050186 
2514.688604 0.049929 
2513.221412 0.049800 
2511.754221 0.049666 
2510.287029 0.049557 
2508.819838 0.049462 
2507.352646 0.049254 
2505.885455 0.049058 
2504.418263 0.048900 
2502.951072 0.048719 
2501.483880 0.048776 
2500.016689 0.048562 
2498.549497 0.048300 
2497.082306 0.048202 
2495.615114 0.048074 
2494.147923 0.048200 
2492.680731 0.048057 
2491.213540 0.047862 
2489.746348 0.047600 
2488.279157 0.047607 
2486.811965 0.047458 
2485.344774 0.047314 
2483.877582 0.047229 
2482.410391 0.047100 
2480.943199 0.046900 
2479.476008 0.046871 
2478.008816 0.046685 
2476.541625 0.046700 
2475.074433 0.046557 
2473.607242 0.046483 
2472.140050 0.046497 
2470.672859 0.046413 
2469.205667 0.046447 
2467.738476 0.046390 
2466.271284 0.046200 
2464.804093 0.046043 
2463.336901 0.046196 
2461.869710 0.046034 
2460.402518 0.046090 
2458.935327 0.045905 
2457.468135 0.045878 
2456.000944 0.045741 
2454.533752 0.045733 
2453.066561 0.045700 
2451.599369 0.045471 
2450.132178 0.045403 
2448.664986 0.045285 
2447.197795 0.045258 
2445.730603 0.045090 
2444.263412 0.044833 
2442.796220 0.044739 
2441.329029 0.044560 
2439.861837 0.044476 
2438.394646 0.044499 
2436.927454 0.044283 
2435.460263 0.043928 
2433.993071 0.043884 
2432.525880 0.043703 
2431.058688 0.043595 
2429.591497 0.043543 
2428.124305 0.043389 
2426.657114 0.042948 
2425.189922 0.043008 
2423.722731 0.042894 
2422.255539 0.042725 
2420.788348 0.042561 
2419.321156 0.042394 
2417.853965 0.042300 
2416.386773 0.042030 
2414.919582 0.041979 
2413.452390 0.041627 
2411.985199 0.041444 
2410.518008 0.041301 
2409.050816 0.041266 
2407.583625 0.041111 
2406.116433 0.040788 
2404.649242 0.040455 
2403.182050 0.040218 
2401.714859 0.039917 
2400.247667 0.039717 
2398.780476 0.039608 
2397.313284 0.039194 
2395.846093 0.038882 
2394.378901 0.038564 
2392.911710 0.038160 
2391.444518 0.037903 
2389.977327 0.037587 
2388.510135 0.037094 
2387.042944 0.036810 
2385.575752 0.036250 
2384.108561 0.035807 
2382.641369 0.035662 
2381.174178 0.036117 
2379.706986 0.038016 
2378.239795 0.040842 
2376.772603 0.043606 
2375.305412 0.046665 
2373.838220 0.051273 
2372.371029 0.057199 
2370.903837 0.065044 
2369.436646 0.075768 
2367.969454 0.086383 
2366.502263 0.100311 
2365.035071 0.111877 
2363.567880 0.127419 
2362.100688 0.140289 
2360.633497 0.157602 
2359.166305 0.175757 
2357.699114 0.195819 
2356.231922 0.222300 
2354.764731 0.248962 
2353.297539 0.277046 
2351.830348 0.306490 
2350.363156 0.332280 
2348.895965 0.361421 
2347.428773 0.410388 
2345.961582 0.484821 
2344.494390 0.580943 
2343.027199 0.683755 
2341.560007 0.774905 
2340.092816 0.821292 
2338.625624 0.744599 
2337.158433 0.536467 
2335.691241 0.356444 
2334.224050 0.253750 
2332.756858 0.187441 
2331.289667 0.144496 
2329.822475 0.121318 
2328.355284 0.109633 
2326.888092 0.103956 
2325.420901 0.097867 
2323.953709 0.093673 
2322.486518 0.089858 
2321.019326 0.085406 
2319.552135 0.080789 
2318.084943 0.077299 
2316.617752 0.075872 
2315.150560 0.074605 
2313.683369 0.072620 
2312.216177 0.071489 
2310.748986 0.070620 
2309.281794 0.069284 
2307.814603 0.068174 
2306.347411 0.067660 
2304.880220 0.067105 
2303.413028 0.066126 
2301.945837 0.065516 
2300.478645 0.065009 
2299.011454 0.064401 
2297.544262 0.063958 
2296.077071 0.063669 
2294.609879 0.063165 
2293.142688 0.062886 
2291.675496 0.062358 
2290.208305 0.062080 
2288.741113 0.061853 
2287.273922 0.061553 
2285.806730 0.061880 
2284.339539 0.063021 
2282.872347 0.069944 
2281.405156 0.070669 
2279.937964 0.068210 
2278.470773 0.069807 
2277.003581 0.072901 
2275.536390 0.073920 
2274.069198 0.071226 
2272.602007 0.066377 
2271.134815 0.063664 
2269.667624 0.062944 
2268.200432 0.062671 
2266.733241 0.062540 
2265.266049 0.062705 
2263.798858 0.062641 
2262.331666 0.062549 
2260.864475 0.062506 
2259.397283 0.062575 
2257.930092 0.062719 
2256.462900 0.062580 
2254.995709 0.062446 
2253.528517 0.062467 
2252.061326 0.062492 
2250.594134 0.062475 
2249.126943 0.062476 
2247.659751 0.062557 
2246.192560 0.062251 
2244.725368 0.062322 
2243.258177 0.062314 
2241.790985 0.062560 
2240.323794 0.062424 
2238.856602 0.062499 
2237.389411 0.062497 
2235.922219 0.062407 
2234.455028 0.062456 
2232.987836 0.062575 
2231.520645 0.062419 
2230.053453 0.062371 
2228.586262 0.062234 
2227.119070 0.062118 
2225.651879 0.062184 
2224.184687 0.061925 
2222.717496 0.061658 
2221.250304 0.061606 
2219.783113 0.061361 
2218.315921 0.061188 
2216.848730 0.060991 
2215.381538 0.060673 
2213.914347 0.060584 
2212.447155 0.060230 
2210.979964 0.060085 
2209.512772 0.059858 
2208.045581 0.059488 
2206.578389 0.059165 
2205.111198 0.058905 
2203.644006 0.058333 
2202.176815 0.058082 
2200.709623 0.057917 
2199.242432 0.057464 
2197.775240 0.056948 
2196.308049 0.056581 
2194.840857 0.056206 
2193.373666 0.055931 
2191.906474 0.055630 
2190.439283 0.055282 
2188.972091 0.054922 
2187.504900 0.054487 
2186.037708 0.054299 
2184.570517 0.053749 
2183.103325 0.053372 
2181.636134 0.052981 
2180.168942 0.052659 
2178.701751 0.052328 
2177.234559 0.051907 
2175.767368 0.051639 
2174.300176 0.051154 
2172.832985 0.050718 
2171.365793 0.050549 
2169.898602 0.050326 
2168.431410 0.050022 
2166.964219 0.049399 
2165.497027 0.048974 
2164.029836 0.048446 
2162.562644 0.047956 
2161.095453 0.047538 
2159.628261 0.046761 
2158.161070 0.046247 
2156.693878 0.045575 
2155.226687 0.045293 
2153.759495 0.045206 
2152.292304 0.045357 
2150.825113 0.045213 
2149.357921 0.044796 
2147.890730 0.044298 
2146.423538 0.044255 
2144.956347 0.044770 
2143.489155 0.045683 
2142.021964 0.047273 
2140.554772 0.049375 
2139.087581 0.051331 
2137.620389 0.052470 
2136.153198 0.053225 
2134.686006 0.052292 
2133.218815 0.049374 
2131.751623 0.045137 
2130.284432 0.041781 
2128.817240 0.039598 
2127.350049 0.038299 
2125.882857 0.037215 
2124.415666 0.036593 
2122.948474 0.036049 
2121.481283 0.035487 
2120.014091 0.035056 
2118.546900 0.034338 
2117.079708 0.033846 
2115.612517 0.033374 
2114.145325 0.032790 
2112.678134 0.032205 
2111.210942 0.031689 
2109.743751 0.030917 
2108.276559 0.030388 
2106.809368 0.029874 
2105.342176 0.029253 
2103.874985 0.028812 
2102.407793 0.028160 
2100.940602 0.027458 
2099.473410 0.027179 
2098.006219 0.026899 
2096.539027 0.026666 
2095.071836 0.026456 
2093.604644 0.026103 
2092.137453 0.025815 
2090.670261 0.025806 
2089.203070 0.025626 
2087.735878 0.025723 
2086.268687 0.025755 
2084.801495 0.025680 
2083.334304 0.025541 
2081.867112 0.025544 
2080.399921 0.025311 
2078.932729 0.025245 
2077.465538 0.025023 
2075.998346 0.024896 
2074.531155 0.024735 
2073.063963 0.024359 
2071.596772 0.024063 
2070.129580 0.023736 
2068.662389 0.023345 
2067.195197 0.022968 
2065.728006 0.022780 
2064.260814 0.022412 
2062.793623 0.021968 
2061.326431 0.021486 
2059.859240 0.021087 
2058.392048 0.020825 
2056.924857 0.020367 
2055.457665 0.019951 
2053.990474 0.019377 
2052.523282 0.018943 
2051.056091 0.018522 
2049.588899 0.018143 
2048.121708 0.017788 
2046.654516 0.017566 
2045.187325 0.017354 
2043.720133 0.016716 
2042.252942 0.016373 
2040.785750 0.015920 
2039.318559 0.015587 
2037.851367 0.015172 
2036.384176 0.014966 
2034.916984 0.014603 
2033.449793 0.014328 
2031.982601 0.014077 
2030.515410 0.013868 
2029.048218 0.013670 
2027.581027 0.013400 
2026.113835 0.013413 
2024.646644 0.013293 
2023.179452 0.013076 
2021.712261 0.012822 
2020.245069 0.012423 
2018.777878 0.012186 
2017.310686 0.012235 
2015.843495 0.012184 
2014.376303 0.011915 
2012.909112 0.011643 
2011.441920 0.011513 
2009.974729 0.011376 
2008.507537 0.011221 
2007.040346 0.011109 
2005.573154 0.010843 
2004.105963 0.010669 
2002.638771 0.010438 
2001.171580 0.010348 
1999.704388 0.010085 
1998.237197 0.009855 
1996.770005 0.009706 
1995.302814 0.009342 
1993.835622 0.009341 
1992.368431 0.009197 
1990.901239 0.008958 
1989.434048 0.008754 
1987.966856 0.008507 
1986.499665 0.008399 
1985.032473 0.008265 
1983.565282 0.008191 
1982.098090 0.007947 
1980.630899 0.007758 
1979.163707 0.007500 
1977.696516 0.007447 
1976.229324 0.007410 
1974.762133 0.007170 
1973.294941 0.007047 
1971.827750 0.006765 
1970.360558 0.006691 
1968.893367 0.006575 
1967.426175 0.006454 
1965.958984 0.006310 
1964.491792 0.006158 
1963.024601 0.005920 
1961.557409 0.005799 
1960.090218 0.005719 
1958.623026 0.005500 
1957.155835 0.005557 
1955.688643 0.005421 
1954.221452 0.005342 
1952.754260 0.005113 
1951.287069 0.005029 
1949.819877 0.004831 
1948.352686 0.004861 
1946.885494 0.004600 
1945.418303 0.004447 
1943.951111 0.004498 
1942.483920 0.004338 
1941.016728 0.004355 
1939.549537 0.004174 
1938.082345 0.003922 
1936.615154 0.003860 
1935.147962 0.003787 
1933.680771 0.003639 
1932.213579 0.003655 
1930.746388 0.003419 
1929.279196 0.003444 
1927.812005 0.003338 
1926.344813 0.003148 
1924.877622 0.003020 
1923.410430 0.002921 
1921.943239 0.002987 
1920.476047 0.002820 
1919.008856 0.002797 
1917.541664 0.002655 
1916.074473 0.002413 
1914.607281 0.002347 
1913.140090 0.002402 
1911.672898 0.002281 
1910.205707 0.002215 
1908.738515 0.002042 
1907.271324 0.001922 
1905.804132 0.001753 
1904.336941 0.001700 
1902.869749 0.001778 
1901.402558 0.001836 
1899.935366 0.001686 
1898.468175 0.001463 
1897.000983 0.001106 
1895.533792 0.001193 
1894.066601 0.001257 
1892.599409 0.001193 
1891.132218 0.001188 
1889.665026 0.001039 
1888.197835 0.000842 
1886.730643 0.000815 
1885.263452 0.000792 
1883.796260 0.000732 
1882.329069 0.000787 
1880.861877 0.000619 
1879.394686 0.000525 
1877.927494 0.000363 
1876.460303 0.000265 
1874.993111 0.000353 
1873.525920 0.000214 
1872.058728 0.000233 
1870.591537 0.000274 
1869.124345 0.000172 
1867.657154 0.000081 
1866.189962 -0.000062 
1864.722771 -0.000092 
1863.255579 -0.000041 
1861.788388 0.000048 
1860.321196 -0.000015 
1858.854005 0.000029 
1857.386813 0.000460 
1855.919622 0.001090 
1854.452430 0.001312 
1852.985239 0.001170 
1851.518047 0.000969 
1850.050856 0.000738 
1848.583664 0.000600 
1847.116473 0.000595 
1845.649281 0.000681 
1844.182090 0.000768 
1842.714898 0.000614 
1841.247707 0.000669 
1839.780515 0.000700 
1838.313324 0.000750 
1836.846132 0.000881 
1835.378941 0.001000 
1833.911749 0.001086 
1832.444558 0.001100 
1830.977366 0.001148 
1829.510175 0.001389 
1828.042983 0.001549 
1826.575792 0.001682 
1825.108600 0.001885 
1823.641409 0.001853 
1822.174217 0.001896 
1820.707026 0.001978 
1819.239834 0.002274 
1817.772643 0.002510 
1816.305451 0.002623 
1814.838260 0.002791 
1813.371068 0.002858 
1811.903877 0.002930 
1810.436685 0.003182 
1808.969494 0.003486 
1807.502302 0.003732 
1806.035111 0.003864 
1804.567919 0.004048 
1803.100728 0.004130 
1801.633536 0.004382 
1800.166345 0.004687 
1798.699153 0.005006 
1797.231962 0.005100 
1795.764770 0.005346 
1794.297579 0.005539 
1792.830387 0.005993 
1791.363196 0.006241 
1789.896004 0.006565 
1788.428813 0.006865 
1786.961621 0.007279 
1785.494430 0.007591 
1784.027238 0.007866 
1782.560047 0.008222 
1781.092855 0.008723 
1779.625664 0.009064 
1778.158472 0.009349 
1776.691281 0.009828 
1775.224089 0.010239 
1773.756898 0.010746 
1772.289706 0.011448 
1770.822515 0.011866 
1769.355323 0.012468 
1767.888132 0.013100 
1766.420940 0.013541 
1764.953749 0.014155 
1763.486557 0.014988 
1762.019366 0.015905 
1760.552174 0.016496 
1759.084983 0.017410 
1757.617791 0.018168 
1756.150600 0.019244 
1754.683408 0.020250 
1753.216217 0.021360 
1751.749025 0.022459 
1750.281834 0.023418 
1748.814642 0.024494 
1747.347451 0.025810 
1745.880259 0.027132 
1744.413068 0.028599 
1742.945876 0.030039 
1741.478685 0.031427 
1740.011493 0.033087 
1738.544302 0.034703 
1737.077110 0.036480 
1735.609919 0.038577 
1734.142727 0.040750 
1732.675536 0.042506 
1731.208344 0.044497 
1729.741153 0.046600 
1728.273961 0.048726 
1726.806770 0.051051 
1725.339578 0.053382 
1723.872387 0.055546 
1722.405195 0.057709 
1720.938004 0.059746 
1719.470812 0.061481 
1718.003621 0.063558 
1716.536429 0.065094 
1715.069238 0.066753 
1713.602046 0.067996 
1712.134855 0.069453 
1710.667663 0.070741 
1709.200472 0.071959 
1707.733280 0.073091 
1706.266089 0.074128 
1704.798897 0.075082 
1703.331706 0.075961 
1701.864514 0.077087 
1700.397323 0.078432 
1698.930131 0.078989 
1697.462940 0.079988 
1695.995748 0.081332 
1694.528557 0.081570 
1693.061365 0.082249 
1691.594174 0.082804 
1690.126982 0.083350 
1688.659791 0.083859 
1687.192599 0.084000 
1685.725408 0.084538 
1684.258216 0.084857 
1682.791025 0.085226 
1681.323833 0.085409 
1679.856642 0.085608 
1678.389450 0.085765 
1676.922259 0.085989 
1675.455067 0.086271 
1673.987876 0.086220 
1672.520684 0.086235 
1671.053493 0.086373 
1669.586301 0.086599 
1668.119110 0.086436 
1666.651918 0.086217 
1665.184727 0.086291 
1663.717535 0.086260 
1662.250344 0.086217 
1660.783152 0.086263 
1659.315961 0.086128 
1657.848769 0.085900 
1656.381578 0.085816 
1654.914386 0.085754 
1653.447195 0.086130 
1651.980003 0.085737 
1650.512812 0.085534 
1649.045620 0.085300 
1647.578429 0.085048 
1646.111237 0.084989 
1644.644046 0.084835 
1643.176854 0.084816 
1641.709663 0.084625 
1640.242471 0.084351 
1638.775280 0.083971 
1637.308088 0.083812 
1635.840897 0.083881 
1634.373706 0.083546 
1632.906514 0.083181 
1631.439323 0.082577 
1629.972131 0.082136 
1628.504940 0.081736 
1627.037748 0.081363 
1625.570557 0.081107 
1624.103365 0.080898 
1622.636174 0.080434 
1621.168982 0.079862 
1619.701791 0.079310 
1618.234599 0.078966 
1616.767408 0.079025 
1615.300216 0.078479 
1613.833025 0.078246 
1612.365833 0.077749 
1610.898642 0.077235 
1609.431450 0.076989 
1607.964259 0.076881 
1606.497067 0.076749 
1605.029876 0.076682 
1603.562684 0.076600 
1602.095493 0.076249 
1600.628301 0.076044 
1599.161110 0.075999 
1597.693918 0.076049 
1596.226727 0.075982 
1594.759535 0.075920 
1593.292344 0.075698 
1591.825152 0.075375 
1590.357961 0.075185 
1588.890769 0.074848 
1587.423578 0.074499 
1585.956386 0.074145 
1584.489195 0.073637 
1583.022003 0.073111 
1581.554812 0.072462 
1580.087620 0.072017 
1578.620429 0.071263 
1577.153237 0.070762 
1575.686046 0.070099 
1574.218854 0.069423 
1572.751663 0.068646 
1571.284471 0.068048 
1569.817280 0.067511 
1568.350088 0.066841 
1566.882897 0.066199 
1565.415705 0.065699 
1563.948514 0.065087 
1562.481322 0.064471 
1561.014131 0.064189 
1559.546939 0.063679 
1558.079748 0.063287 
1556.612556 0.062475 
1555.145365 0.062053 
1553.678173 0.061687 
1552.210982 0.061226 
1550.743790 0.060730 
1549.276599 0.060194 
1547.809407 0.059672 
1546.342216 0.059354 
1544.875024 0.058932 
1543.407833 0.058543 
1541.940641 0.058229 
1540.473450 0.057928 
1539.006258 0.057793 
1537.539067 0.057195 
1536.071875 0.056994 
1534.604684 0.056623 
1533.137492 0.056479 
1531.670301 0.056253 
1530.203109 0.056054 
1528.735918 0.055986 
1527.268726 0.055716 
1525.801535 0.055584 
1524.334343 0.055342 
1522.867152 0.055372 
1521.399960 0.055634 
1519.932769 0.055449 
1518.465577 0.055247 
1516.998386 0.055199 
1515.531194 0.055167 
1514.064003 0.055217 
1512.596811 0.055359 
1511.129620 0.055686 
1509.662428 0.056115 
1508.195237 0.056525 
1506.728045 0.056969 
1505.260854 0.057326 
1503.793662 0.057912 
1502.326471 0.058473 
1500.859279 0.059206 
1499.392088 0.059747 
1497.924896 0.060028 
1496.457705 0.060016 
1494.990513 0.059775 
1493.523322 0.059446 
1492.056130 0.059357 
1490.588939 0.059180 
1489.121747 0.059013 
1487.654556 0.058833 
1486.187364 0.058705 
1484.720173 0.058668 
1483.252981 0.058643 
1481.785790 0.058520 
1480.318598 0.058571 
1478.851407 0.058595 
1477.384215 0.058525 
1475.917024 0.058335 
1474.449832 0.058020 
1472.982641 0.057729 
1471.515449 0.057037 
1470.048258 0.056640 
1468.581066 0.056400 
1467.113875 0.056400 
1465.646683 0.056349 
1464.179492 0.056117 
1462.712300 0.055926 
1461.245109 0.055546 
1459.777917 0.055108 
1458.310726 0.054834 
1456.843534 0.054718 
1455.376343 0.054268 
1453.909151 0.054019 
1452.441960 0.053913 
1450.974768 0.053796 
1449.507577 0.053702 
1448.040385 0.053599 
1446.573194 0.053224 
1445.106002 0.052838 
1443.638811 0.052448 
1442.171619 0.052179 
1440.704428 0.052014 
1439.237236 0.052002 
1437.770045 0.052021 
1436.302853 0.051884 
1434.835662 0.051529 
1433.368470 0.051194 
1431.901279 0.051013 
1430.434087 0.050911 
1428.966896 0.050821 
1427.499704 0.050611 
1426.032513 0.050389 
1424.565321 0.049935 
1423.098130 0.049537 
1421.630938 0.049346 
1420.163747 0.049299 
1418.696555 0.048661 
1417.229364 0.048129 
1415.762172 0.047699 
1414.294981 0.047312 
1412.827789 0.047100 
1411.360598 0.047018 
1409.893406 0.046742 
1408.426215 0.046472 
1406.959023 0.046258 
1405.491832 0.045927 
1404.024640 0.045700 
1402.557449 0.045630 
1401.090257 0.045566 
1399.623066 0.045500 
1398.155874 0.045258 
1396.688683 0.045148 
1395.221491 0.044991 
1393.754300 0.044900 
1392.287108 0.044830 
1390.819917 0.044949 
1389.352725 0.045000 
1387.885534 0.045088 
1386.418342 0.044930 
1384.951151 0.044786 
1383.483959 0.044676 
1382.016768 0.044566 
1380.549576 0.044578 
1379.082385 0.044450 
1377.615193 0.044139 
1376.148002 0.043839 
1374.680811 0.043529 
1373.213619 0.043338 
1371.746428 0.042977 
1370.279236 0.042433 
1368.812045 0.041935 
1367.344853 0.041253 
1365.877662 0.040865 
1364.410470 0.040454 
1362.943279 0.040212 
1361.476087 0.039947 
1360.008896 0.039834 
1358.541704 0.039799 
1357.074513 0.039600 
1355.607321 0.039367 
1354.140130 0.039039 
1352.672938 0.038608 
1351.205747 0.038078 
1349.738555 0.037286 
1348.271364 0.036549 
1346.804172 0.035941 
1345.336981 0.035300 
1343.869789 0.034113 
1342.402598 0.033781 
1340.935406 0.032961 
1339.468215 0.032264 
1338.001023 0.031644 
1336.533832 0.031223 
1335.066640 0.030893 
1333.599449 0.030509 
1332.132257 0.030278 
1330.665066 0.030200 
1329.197874 0.030044 
1327.730683 0.030100 
1326.263491 0.030158 
1324.796300 0.030131 
1323.329108 0.030397 
1321.861917 0.030689 
1320.394725 0.031059 
1318.927534 0.031456 
1317.460342 0.031983 
1315.993151 0.032677 
1314.525959 0.033448 
1313.058768 0.034559 
1311.591576 0.036131 
1310.124385 0.038799 
1308.657193 0.042911 
1307.190002 0.048826 
1305.722810 0.055976 
1304.255619 0.063271 
1302.788427 0.068410 
1301.321236 0.069240 
1299.854044 0.065127 
1298.386853 0.058129 
1296.919661 0.051029 
1295.452470 0.045304 
1293.985278 0.041465 
1292.518087 0.038527 
1291.050895 0.036323 
1289.583704 0.034818 
1288.116512 0.033575 
1286.649321 0.032562 
1285.182129 0.031621 
1283.714938 0.030924 
1282.247746 0.030117 
1280.780555 0.029531 
1279.313363 0.029118 
1277.846172 0.028498 
1276.378980 0.028069 
1274.911789 0.027473 
1273.444597 0.027063 
1271.977406 0.026628 
1270.510214 0.026130 
1269.043023 0.025720 
1267.575831 0.025299 
1266.108640 0.024897 
1264.641448 0.024370 
1263.174257 0.023917 
1261.707065 0.023638 
1260.239874 0.023365 
1258.772682 0.023087 
1257.305491 0.022979 
1255.838299 0.022764 
1254.371108 0.022526 
1252.903916 0.022422 
1251.436725 0.022310 
1249.969533 0.022243 
1248.502342 0.022085 
1247.035150 0.022118 
1245.567959 0.021947 
1244.100767 0.021751 
1242.633576 0.021491 
1241.166384 0.021508 
1239.699193 0.021480 
1238.232001 0.021492 
1236.764810 0.021400 
1235.297618 0.019899 
1233.830427 0.012513 
1232.363235 0.018465 
1230.896044 0.018848 
1229.428852 0.019000 
1227.961661 0.019043 
1226.494469 0.018757 
1225.027278 0.018609 
1223.560086 0.018286 
1222.092895 0.018100 
1220.625703 0.017936 
1219.158512 0.017799 
1217.691320 0.017466 
1216.224129 0.017299 
1214.756937 0.016897 
1213.289746 0.016750 
1211.822554 0.016480 
1210.355363 0.016092 
1208.888171 0.015678 
1207.420980 0.015237 
1205.953788 0.015009 
1204.486597 0.014682 
1203.019405 0.014331 
1201.552214 0.014122 
1200.085022 0.013852 
1198.617831 0.013609 
1197.150639 0.013272 
1195.683448 0.012983 
1194.216256 0.012721 
1192.749065 0.012700 
1191.281873 0.012452 
1189.814682 0.012253 
1188.347490 0.012016 
1186.880299 0.011800 
1185.413107 0.011709 
1183.945916 0.011542 
1182.478724 0.011351 
1181.011533 0.011098 
1179.544341 0.010876 
1178.077150 0.010645 
1176.609958 0.010500 
1175.142767 0.010441 
1173.675575 0.010426 
1172.208384 0.010242 
1170.741192 0.009930 
1169.274001 0.009675 
1167.806809 0.009519 
1166.339618 0.009454 
1164.872426 0.009488 
1163.405235 0.009391 
1161.938043 0.008924 
1160.470852 0.008349 
1159.003660 0.007890 
1157.536469 0.007523 
1156.069277 0.007123 
1154.602086 0.006817 
1153.134894 0.006529 
1151.667703 0.006293 
1150.200511 0.006206 
1148.733320 0.006358 
1147.266128 0.006525 
1145.798937 0.006783 
1144.331745 0.006958 
1142.864554 0.006840 
1141.397362 0.006752 
1139.930171 0.006800 
1138.462979 0.006954 
1136.995788 0.007155 
1135.528596 0.007400 
1134.061405 0.007527 
1132.594213 0.007592 
1131.127022 0.007676 
1129.659830 0.007825 
1128.192639 0.008010 
1126.725447 0.008164 
1125.258256 0.008154 
1123.791064 0.007909 
1122.323873 0.007415 
1120.856681 0.007269 
1119.389490 0.007208 
1117.922298 0.007096 
1116.455107 0.006874 
1114.987916 0.006708 
1113.520724 0.006457 
1112.053533 0.006211 
1110.586341 0.006108 
1109.119150 0.006087 
1107.651958 0.006004 
1106.184767 0.005817 
1104.717575 0.005530 
1103.250384 0.005249 
1101.783192 0.005192 
1100.316001 0.005172 
1098.848809 0.005177 
1097.381618 0.005015 
1095.914426 0.004985 
1094.447235 0.004948 
1092.980043 0.004893 
1091.512852 0.004996 
1090.045660 0.005000 
1088.578469 0.004630 
1087.111277 0.004327 
1085.644086 0.004042 
1084.176894 0.003692 
1082.709703 0.003468 
1081.242511 0.003474 
1079.775320 0.003398 
1078.308128 0.003180 
1076.840937 0.002796 
1075.373745 0.002474 
1073.906554 0.002281 
1072.439362 0.002300 
1070.972171 0.002300 
1069.504979 0.002183 
1068.037788 0.001872 
1066.570596 0.001427 
1065.103405 0.001297 
1063.636213 0.001016 
1062.169022 0.001195 
1060.701830 0.001112 
1059.234639 0.000930 
1057.767447 0.000767 
1056.300256 0.000562 
1054.833064 0.000400 
1053.365873 0.000400 
1051.898681 0.000480 
1050.431490 0.000647 
1048.964298 0.000330 
1047.497107 0.000159 
1046.029915 -0.000084 
1044.562724 -0.000287 
1043.095532 -0.000472 
1041.628341 -0.000700 
1040.161149 -0.000576 
1038.693958 -0.000462 
1037.226766 -0.000473 
1035.759575 -0.000307 
1034.292383 -0.000070 
1032.825192 0.000198 
1031.358000 0.000395 
1029.890809 0.000789 
1028.423617 0.001263 
1026.956426 0.001686 
1025.489234 0.002350 
1024.022043 0.003208 
1022.554851 0.004145 
1021.087660 0.005042 
1019.620468 0.005908 
1018.153277 0.006754 
1016.686085 0.007089 
1015.218894 0.006954 
1013.751702 0.006430 
1012.284511 0.005264 
1010.817319 0.004222 
1009.350128 0.003204 
1007.882936 0.002193 
1006.415745 0.001537 
1004.948553 0.000877 
1003.481362 0.000439 
1002.014170 0.000094 
1000.546979 -0.000194 
999.079787 -0.000054 
997.612596 0.000020 
996.145404 -0.000089 
994.678213 0.000182 
993.211021 0.000417 
991.743830 0.000594 
990.276638 0.000875 
988.809447 0.001319 
987.342255 0.001881 
985.875064 0.002244 
984.407872 0.002965 
982.940681 0.003897 
981.473489 0.004615 
980.006298 0.005326 
978.539106 0.006256 
977.071915 0.007203 
975.604723 0.007999 
974.137532 0.009215 
972.670340 0.010835 
971.203149 0.012114 
969.735957 0.013440 
968.268766 0.014936 
966.801574 0.016583 
965.334383 0.017989 
963.867191 0.019788 
962.400000 0.021909 
960.932808 0.023917 
959.465617 0.025898 
957.998425 0.027962 
956.531234 0.030025 
955.064042 0.032091 
953.596851 0.034480 
952.129659 0.037049 
950.662468 0.039505 
949.195276 0.042109 
947.728085 0.044708 
946.260893 0.047307 
944.793702 0.049739 
943.326510 0.052506 
941.859319 0.055330 
940.392127 0.058142 
938.924936 0.060933 
937.457744 0.064097 
935.990553 0.066831 
934.523361 0.069370 
933.056170 0.072498 
931.588978 0.075481 
930.121787 0.078651 
928.654595 0.081705 
927.187404 0.084871 
925.720212 0.087723 
924.253021 0.090447 
922.785829 0.093500 
921.318638 0.096733 
919.851446 0.099760 
918.384255 0.102858 
916.917063 0.105973 
915.449872 0.108784 
913.982680 0.111461 
912.515489 0.114381 
911.048297 0.117608 
909.581106 0.120600 
908.113914 0.123631 
906.646723 0.126513 
905.179531 0.129206 
903.712340 0.131580 
902.245148 0.134581 
900.777957 0.137599 
899.310765 0.140495 
897.843574 0.143427 
896.376382 0.146180 
894.909191 0.148584 
893.441999 0.150867 
891.974808 0.153478 
890.507616 0.156444 
889.040425 0.158931 
887.573233 0.161477 
886.106042 0.164127 
884.638850 0.166060 
883.171659 0.167885 
881.704467 0.170363 
880.237276 0.172824 
878.770084 0.175175 
877.302893 0.177279 
875.835701 0.179454 
874.368510 0.181101 
872.901318 0.182887 
871.434127 0.185247 
869.966935 0.187665 
868.499744 0.189846 
867.032552 0.191810 
865.565361 0.193711 
864.098169 0.195287 
862.630978 0.196618 
861.163786 0.198363 
859.696595 0.200407 
858.229404 0.202040 
856.762212 0.203880 
855.295021 0.205479 
853.827829 0.206740 
852.360638 0.207403 
850.893446 0.208583 
849.426255 0.210332 
847.959063 0.211981 
846.491872 0.213584 
845.024680 0.214630 
843.557489 0.215714 
842.090297 0.216368 
840.623106 0.217130 
839.155914 0.218140 
837.688723 0.219486 
836.221531 0.220292 
834.754340 0.221370 
833.287148 0.222223 
831.819957 0.222542 
830.352765 0.222819 
828.885574 0.223549 
827.418382 0.224359 
825.951191 0.225360 
824.483999 0.226363 
823.016808 0.226958 
821.549616 0.227156 
820.082425 0.227275 
818.615233 0.227157 
817.148042 0.227513 
815.680850 0.228268 
814.213659 0.228866 
812.746467 0.229170 
811.279276 0.228906 
809.812084 0.228462 
808.344893 0.227865 
806.877701 0.227791 
805.410510 0.227574 
803.943318 0.228432 
802.476127 0.228397 
801.008935 0.228015 
799.541744 0.227179 
798.074552 0.226173 
796.607361 0.225494 
795.140169 0.225748 
793.672978 0.225803 
792.205786 0.225749 
790.738595 0.225362 
789.271403 0.224617 
787.804212 0.223425 
786.337020 0.222540 
784.869829 0.222087 
783.402637 0.221867 
781.935446 0.221353 
780.468254 0.220813 
779.001063 0.219438 
777.533871 0.218291 
776.066680 0.216978 
774.599488 0.216189 
773.132297 0.215219 
771.665105 0.214610 
770.197914 0.213333 
768.730722 0.212064 
767.263531 0.210771 
765.796339 0.209381 
764.329148 0.208098 
762.861956 0.206870 
761.394765 0.205725 
759.927573 0.204223 
758.460382 0.202596 
756.993190 0.201204 
755.525999 0.199639 
754.058807 0.198120 
752.591616 0.196386 
751.124424 0.194667 
749.657233 0.192869 
748.190041 0.190786 
746.722850 0.188822 
745.255658 0.187261 
743.788467 0.185231 
742.321275 0.183513 
740.854084 0.181906 
739.386892 0.180037 
737.919701 0.178194 
736.452509 0.176100 
734.985318 0.174117 
733.518126 0.172152 
732.050935 0.169973 
730.583743 0.168239 
729.116552 0.165752 
727.649360 0.163756 
726.182169 0.161202 
724.714977 0.159304 
723.247786 0.157454 
721.780594 0.155346 
720.313403 0.153282 
718.846211 0.150701 
717.379020 0.148464 
715.911828 0.146707 
714.444637 0.144033 
712.977445 0.141659 
711.510254 0.139738 
710.043062 0.137292 
708.575871 0.135298 
707.108679 0.132479 
705.641488 0.130252 
704.174296 0.128115 
702.707105 0.125654 
701.239913 0.124162 
699.772722 0.121483 
698.305530 0.119015 
696.838339 0.115973 
695.371147 0.113315 
693.903956 0.111336 
692.436764 0.108782 
690.969573 0.107421 
689.502381 0.105290 
688.035190 0.102569 
686.567998 0.100057 
685.100807 0.096903 
683.633615 0.094943 
682.166424 0.092717 
680.699232 0.090542 
679.232041 0.088473 
677.764849 0.086924 
676.297658 0.085675 
674.830466 0.085173 
673.363275 0.084336 
671.896083 0.086191 
670.428892 0.090021 
668.961700 0.098296 
667.494509 0.110245 
666.027317 0.116848 
664.560126 0.131185 
663.092934 0.143903 
661.625743 0.151101 
660.158551 0.147432 
658.691360 0.138186 
657.224168 0.142220 
655.756977 0.157250 
654.289785 0.145989 
652.822594 0.133069 
651.355402 0.126106 
649.888211 0.120105 
648.421019 0.112086 
646.953828 0.104780 
645.486636 0.096836 
644.019445 0.088517 
642.552253 0.081795 
641.085062 0.075354 
639.617870 0.070137 
638.150679 0.065300 
636.683487 0.059080 
635.216296 0.054631 
633.749104 0.051119 
632.281913 0.047724 
630.814721 0.043206 
629.347530 0.040167 
627.880338 0.036612 
626.413147 0.032787 
624.945955 0.030142 
623.478764 0.027919 
622.011572 0.024037 
620.544381 0.021819 
619.077189 0.020659 
617.609998 0.018214 
616.142806 0.016399 
614.675615 0.014643 
613.208423 0.012280 
611.741232 0.011022 
610.274040 0.009990 
608.806849 0.009514 
607.339657 0.007157 
605.872466 0.006881 
604.405274 0.005429 
602.938083 0.003864 
601.470891 0.003461 
600.003700 -0.000800 
