5000.111000 -0.000100 
4998.643809 0.000255 
4997.176617 0.000494 
4995.709426 0.000026 
4994.242234 0.000270 
4992.775043 -0.000080 
4991.307851 0.000349 
4989.840660 0.000245 
4988.373468 0.000098 
4986.906277 0.000377 
4985.439085 0.000301 
4983.971894 0.000289 
4982.504702 0.000099 
4981.037511 0.000124 
4979.570319 0.000188 
4978.103128 0.000257 
4976.635936 0.000541 
4975.168745 0.000737 
4973.701553 0.000100 
4972.234362 0.000458 
4970.767170 -0.000325 
4969.299979 0.000160 
4967.832787 0.000407 
4966.365596 0.000566 
4964.898404 0.000088 
4963.431213 0.000327 
4961.964021 0.000412 
4960.496830 0.000199 
4959.029638 0.000033 
4957.562447 -0.000284 
4956.095255 0.000006 
4954.628064 0.000647 
4953.160872 -0.000131 
4951.693681 0.000263 
4950.226489 0.000084 
4948.759298 0.000322 
4947.292106 0.000002 
4945.824915 0.000082 
4944.357723 0.000353 
4942.890532 0.000263 
4941.423340 0.000189 
4939.956149 0.000199 
4938.488957 0.000295 
4937.021766 -0.000157 
4935.554574 -0.000227 
4934.087383 0.000371 
4932.620191 0.000248 
4931.153000 -0.000362 
4929.685808 -0.000503 
4928.218617 0.000277 
4926.751425 0.000203 
4925.284234 0.000300 
4923.817042 0.000323 
4922.349851 0.000167 
4920.882659 0.000368 
4919.415468 0.000242 
4917.948276 -0.000018 
4916.481085 -0.000106 
4915.013893 0.000193 
4913.546702 0.000235 
4912.079510 -0.000092 
4910.612319 0.000248 
4909.145127 -0.000210 
4907.677936 0.000262 
4906.210744 0.000186 
4904.743553 0.000019 
4903.276361 -0.000427 
4901.809170 -0.000036 
4900.341978 0.000287 
4898.874787 0.000383 
4897.407595 -0.000273 
4895.940404 -0.000260 
4894.473212 -0.000272 
4893.006021 0.000120 
4891.538829 -0.000024 
4890.071638 -0.000108 
4888.604446 -0.000083 
4887.137255 -0.000288 
4885.670063 -0.000168 
4884.202872 -0.000200 
4882.735680 -0.000262 
4881.268489 0.000098 
4879.801297 0.000153 
4878.334106 0.000073 
4876.866914 -0.000222 
4875.399723 0.000079 
4873.932531 0.000141 
4872.465340 -0.000288 
4870.998148 0.000309 
4869.530957 0.000194 
4868.063765 0.000512 
4866.596574 0.000266 
4865.129382 0.000012 
4863.662191 -0.000485 
4862.194999 0.000120 
4860.727808 0.000210 
4859.260616 -0.000175 
4857.793425 0.000000 
4856.326233 0.000200 
4854.859042 -0.000296 
4853.391850 -0.000469 
4851.924659 0.000152 
4850.457467 0.000149 
4848.990276 0.000010 
4847.523084 -0.000073 
4846.055893 -0.000001 
4844.588701 0.000227 
4843.121510 0.000203 
4841.654318 -0.000028 
4840.187127 -0.000237 
4838.719935 0.000104 
4837.252744 0.000197 
4835.785552 -0.000117 
4834.318361 -0.000324 
4832.851169 -0.000196 
4831.383978 -0.000026 
4829.916786 0.000190 
4828.449595 0.000101 
4826.982403 -0.000166 
4825.515212 0.000173 
4824.048020 -0.000155 
4822.580829 -0.000163 
4821.113637 0.000322 
4819.646446 -0.000008 
4818.179254 -0.000187 
4816.712063 0.000154 
4815.244871 -0.000285 
4813.777680 0.000213 
4812.310488 0.000441 
4810.843297 -0.000278 
4809.376105 0.000396 
4807.908914 0.000333 
4806.441722 0.000011 
4804.974531 0.000494 
4803.507339 -0.000260 
4802.040148 0.000103 
4800.572956 0.000001 
4799.105765 0.000200 
4797.638573 -0.000065 
4796.171382 0.000344 
4794.704190 0.000312 
4793.236999 0.000097 
4791.769807 -0.000114 
4790.302616 0.000409 
4788.835424 0.000494 
4787.368233 -0.000005 
4785.901041 0.000461 
4784.433850 0.000337 
4782.966658 0.000325 
4781.499467 0.000440 
4780.032275 0.000080 
4778.565084 0.000139 
4777.097892 0.000412 
4775.630701 -0.000165 
4774.163509 -0.000015 
4772.696318 0.000065 
4771.229126 -0.000120 
4769.761935 0.000200 
4768.294743 -0.000130 
4766.827552 0.000141 
4765.360360 0.000213 
4763.893169 0.000164 
4762.425977 -0.000089 
4760.958786 0.000012 
4759.491594 0.000271 
4758.024403 0.000177 
4756.557211 0.000041 
4755.090020 -0.000027 
4753.622828 0.000172 
4752.155637 -0.000042 
4750.688445 -0.000100 
4749.221254 0.000430 
4747.754062 0.000311 
4746.286871 -0.000265 
4744.819679 -0.000157 
4743.352488 0.000080 
4741.885296 -0.000166 
4740.418105 0.000218 
4738.950914 0.000157 
4737.483722 -0.000166 
4736.016531 0.000296 
4734.549339 0.000484 
4733.082148 0.000031 
4731.614956 0.000382 
4730.147765 -0.000012 
4728.680573 0.000097 
4727.213382 0.000002 
4725.746190 0.000028 
4724.278999 0.000125 
4722.811807 0.000208 
4721.344616 0.000253 
4719.877424 0.000067 
4718.410233 0.000036 
4716.943041 -0.000124 
4715.475850 0.000199 
4714.008658 -0.000265 
4712.541467 0.000022 
4711.074275 0.000107 
4709.607084 0.000011 
4708.139892 -0.000338 
4706.672701 -0.000072 
4705.205509 -0.000164 
4703.738318 0.000018 
4702.271126 0.000091 
4700.803935 -0.000004 
4699.336743 0.000117 
4697.869552 -0.000102 
4696.402360 -0.000044 
4694.935169 -0.000177 
4693.467977 -0.000417 
4692.000786 0.000003 
4690.533594 0.000373 
4689.066403 -0.000038 
4687.599211 -0.000391 
4686.132020 0.000048 
4684.664828 -0.000061 
4683.197637 0.000094 
4681.730445 -0.000285 
4680.263254 0.000109 
4678.796062 0.000067 
4677.328871 -0.000231 
4675.861679 -0.000044 
4674.394488 -0.000208 
4672.927296 0.000032 
4671.460105 0.000207 
4669.992913 -0.000259 
4668.525722 -0.000015 
4667.058530 -0.000233 
4665.591339 -0.000127 
4664.124147 -0.000063 
4662.656956 0.000074 
4661.189764 -0.000093 
4659.722573 -0.000108 
4658.255381 0.000008 
4656.788190 0.000183 
4655.320998 -0.000087 
4653.853807 -0.000056 
4652.386615 0.000047 
4650.919424 -0.000070 
4649.452232 -0.000153 
4647.985041 -0.000128 
4646.517849 -0.000064 
4645.050658 -0.000209 
4643.583466 0.000003 
4642.116275 -0.000050 
4640.649083 -0.000038 
4639.181892 -0.000473 
4637.714700 -0.000028 
4636.247509 -0.000039 
4634.780317 0.000133 
4633.313126 -0.000165 
4631.845934 -0.000113 
4630.378743 0.000051 
4628.911551 -0.000156 
4627.444360 -0.000225 
4625.977168 -0.000186 
4624.509977 -0.000140 
4623.042785 -0.000149 
4621.575594 -0.000191 
4620.108402 -0.000125 
4618.641211 -0.000098 
4617.174019 -0.000394 
4615.706828 -0.000109 
4614.239636 -0.000311 
4612.772445 -0.000239 
4611.305253 -0.000192 
4609.838062 -0.000053 
4608.370870 -0.000385 
4606.903679 0.000093 
4605.436487 -0.000022 
4603.969296 -0.000305 
4602.502104 -0.000728 
4601.034913 -0.000206 
4599.567721 0.000110 
4598.100530 -0.000227 
4596.633338 -0.000142 
4595.166147 -0.000100 
4593.698955 -0.000166 
4592.231764 -0.000509 
4590.764572 -0.000312 
4589.297381 -0.000488 
4587.830189 -0.000041 
4586.362998 -0.000123 
4584.895806 -0.000304 
4583.428615 -0.000255 
4581.961423 -0.000119 
4580.494232 -0.000104 
4579.027040 -0.000039 
4577.559849 -0.000513 
4576.092657 -0.000188 
4574.625466 -0.000405 
4573.158274 -0.000213 
4571.691083 -0.000400 
4570.223891 -0.000462 
4568.756700 0.000357 
4567.289508 -0.000109 
4565.822317 -0.000151 
4564.355125 -0.000535 
4562.887934 -0.000252 
4561.420742 -0.000442 
4559.953551 -0.000369 
4558.486359 -0.000202 
4557.019168 -0.000151 
4555.551976 -0.000107 
4554.084785 -0.000173 
4552.617593 -0.000331 
4551.150402 -0.000386 
4549.683210 -0.000456 
4548.216019 -0.000123 
4546.748827 -0.000286 
4545.281636 0.000104 
4543.814444 -0.000129 
4542.347253 0.000102 
4540.880061 0.000109 
4539.412870 0.000119 
4537.945678 -0.000011 
4536.478487 -0.000189 
4535.011295 -0.000062 
4533.544104 0.000159 
4532.076912 -0.000026 
4530.609721 0.000069 
4529.142529 -0.000091 
4527.675338 0.000301 
4526.208146 0.000078 
4524.740955 0.000043 
4523.273763 0.000060 
4521.806572 0.000061 
4520.339380 -0.000019 
4518.872189 -0.000290 
4517.404997 -0.000076 
4515.937806 -0.000106 
4514.470614 -0.000231 
4513.003423 -0.000249 
4511.536231 -0.000425 
4510.069040 -0.000100 
4508.601848 0.000104 
4507.134657 -0.000366 
4505.667465 -0.000071 
4504.200274 -0.000273 
4502.733082 -0.000215 
4501.265891 -0.000080 
4499.798699 -0.000350 
4498.331508 -0.000247 
4496.864316 -0.000244 
4495.397125 -0.000358 
4493.929933 -0.000347 
4492.462742 -0.000147 
4490.995550 -0.000428 
4489.528359 -0.000500 
4488.061167 -0.000569 
4486.593976 -0.000279 
4485.126784 -0.000211 
4483.659593 -0.000350 
4482.192402 -0.000069 
4480.725210 -0.000303 
4479.258019 -0.000563 
4477.790827 -0.000155 
4476.323636 -0.000108 
4474.856444 -0.000338 
4473.389253 -0.000282 
4471.922061 -0.000370 
4470.454870 -0.000080 
4468.987678 -0.000173 
4467.520487 -0.000052 
4466.053295 -0.000667 
4464.586104 -0.000459 
4463.118912 -0.000137 
4461.651721 -0.000293 
4460.184529 -0.000358 
4458.717338 -0.000467 
4457.250146 -0.000100 
4455.782955 -0.000212 
4454.315763 -0.000293 
4452.848572 -0.000316 
4451.381380 -0.000370 
4449.914189 -0.000308 
4448.446997 -0.000100 
4446.979806 -0.000456 
4445.512614 -0.000452 
4444.045423 -0.000573 
4442.578231 -0.000440 
4441.111040 0.000044 
4439.643848 -0.000114 
4438.176657 -0.000382 
4436.709465 -0.000237 
4435.242274 -0.000511 
4433.775082 -0.000488 
4432.307891 -0.000409 
4430.840699 -0.000230 
4429.373508 -0.000300 
4427.906316 -0.000183 
4426.439125 -0.000050 
4424.971933 -0.000259 
4423.504742 0.000143 
4422.037550 -0.000315 
4420.570359 -0.000061 
4419.103167 -0.000415 
4417.635976 -0.000425 
4416.168784 -0.000500 
4414.701593 -0.000100 
4413.234401 -0.000133 
4411.767210 -0.000279 
4410.300018 -0.000016 
4408.832827 -0.000552 
4407.365635 -0.000059 
4405.898444 -0.000561 
4404.431252 -0.000121 
4402.964061 -0.000229 
4401.496869 -0.000323 
4400.029678 -0.000292 
4398.562486 0.000007 
4397.095295 -0.000065 
4395.628103 0.000032 
4394.160912 -0.000151 
4392.693720 -0.000425 
4391.226529 -0.000306 
4389.759337 -0.000149 
4388.292146 -0.000188 
4386.824954 -0.000091 
4385.357763 -0.000257 
4383.890571 -0.000476 
4382.423380 -0.000246 
4380.956188 -0.000312 
4379.488997 -0.000019 
4378.021805 0.000148 
4376.554614 -0.000257 
4375.087422 -0.000353 
4373.620231 -0.000186 
4372.153039 -0.000136 
4370.685848 -0.000181 
4369.218656 0.000152 
4367.751465 -0.000334 
4366.284273 0.000081 
4364.817082 -0.000176 
4363.349890 0.000052 
4361.882699 -0.000108 
4360.415507 -0.000234 
4358.948316 -0.000035 
4357.481124 -0.000010 
4356.013933 0.000035 
4354.546741 -0.000107 
4353.079550 0.000070 
4351.612358 0.000160 
4350.145167 -0.000306 
4348.677975 -0.000298 
4347.210784 -0.000048 
4345.743592 -0.000201 
4344.276401 -0.000221 
4342.809209 0.000253 
4341.342018 -0.000039 
4339.874826 0.000220 
4338.407635 0.000185 
4336.940443 0.000096 
4335.473252 -0.000170 
4334.006060 0.000095 
4332.538869 -0.000042 
4331.071677 -0.000069 
4329.604486 -0.000030 
4328.137294 0.000185 
4326.670103 0.000210 
4325.202911 0.000344 
4323.735720 0.000213 
4322.268528 0.000351 
4320.801337 0.000629 
4319.334145 0.000394 
4317.866954 0.000401 
4316.399762 0.000671 
4314.932571 0.000556 
4313.465379 0.000835 
4311.998188 0.000997 
4310.530996 0.001415 
4309.063805 0.001536 
4307.596613 0.001708 
4306.129422 0.002031 
4304.662230 0.002195 
4303.195039 0.002518 
4301.727847 0.002909 
4300.260656 0.002711 
4298.793464 0.002405 
4297.326273 0.002076 
4295.859081 0.001882 
4294.391890 0.001320 
4292.924698 0.001081 
4291.457507 0.000550 
4289.990315 0.000352 
4288.523124 0.000071 
4287.055932 -0.000176 
4285.588741 0.000005 
4284.121549 -0.000215 
4282.654358 -0.000210 
4281.187166 -0.000178 
4279.719975 -0.000490 
4278.252783 -0.000138 
4276.785592 -0.000738 
4275.318400 -0.000200 
4273.851209 -0.000431 
4272.384017 -0.000427 
4270.916826 -0.000175 
4269.449634 -0.000662 
4267.982443 -0.000661 
4266.515251 -0.000344 
4265.048060 -0.000300 
4263.580868 -0.000300 
4262.113677 -0.000291 
4260.646485 -0.000233 
4259.179294 -0.000289 
4257.712102 -0.000404 
4256.244911 -0.000466 
4254.777719 -0.000356 
4253.310528 -0.000553 
4251.843336 -0.000297 
4250.376145 -0.000294 
4248.908953 -0.000178 
4247.441762 -0.000399 
4245.974570 -0.000257 
4244.507379 -0.000374 
4243.040187 -0.000279 
4241.572996 -0.000026 
4240.105804 -0.000317 
4238.638613 -0.000246 
4237.171421 -0.000219 
4235.704230 -0.000355 
4234.237038 -0.000418 
4232.769847 0.000167 
4231.302655 -0.000247 
4229.835464 -0.000184 
4228.368272 -0.000096 
4226.901081 -0.000261 
4225.433889 -0.000095 
4223.966698 0.000039 
4222.499507 0.000020 
4221.032315 -0.000125 
4219.565124 -0.000213 
4218.097932 -0.000197 
4216.630741 0.000280 
4215.163549 0.000158 
4213.696358 0.000535 
4212.229166 0.000731 
4210.761975 0.001000 
4209.294783 0.001174 
4207.827592 0.001188 
4206.360400 0.001500 
4204.893209 0.001663 
4203.426017 0.001987 
4201.958826 0.001740 
4200.491634 0.001675 
4199.024443 0.001464 
4197.557251 0.000882 
4196.090060 0.000472 
4194.622868 0.000192 
4193.155677 0.000266 
4191.688485 0.000028 
4190.221294 0.000013 
4188.754102 0.000180 
4187.286911 0.000026 
4185.819719 -0.000158 
4184.352528 -0.000042 
4182.885336 -0.000183 
4181.418145 -0.000137 
4179.950953 0.000142 
4178.483762 -0.000144 
4177.016570 -0.000258 
4175.549379 0.000267 
4174.082187 0.000084 
4172.614996 -0.000142 
4171.147804 0.000019 
4169.680613 -0.000265 
4168.213421 -0.000013 
4166.746230 -0.000323 
4165.279038 -0.000083 
4163.811847 0.000055 
4162.344655 -0.000094 
4160.877464 0.000037 
4159.410272 -0.000187 
4157.943081 0.000059 
4156.475889 0.000278 
4155.008698 0.000099 
4153.541506 0.000006 
4152.074315 -0.000212 
4150.607123 -0.000102 
4149.139932 0.000043 
4147.672740 0.000099 
4146.205549 0.000279 
4144.738357 0.000088 
4143.271166 0.000328 
4141.803974 0.000087 
4140.336783 0.000034 
4138.869591 0.000170 
4137.402400 0.000201 
4135.935208 -0.000038 
4134.468017 -0.000065 
4133.000825 0.000092 
4131.533634 0.000104 
4130.066442 0.000207 
4128.599251 -0.000058 
4127.132059 0.000180 
4125.664868 0.000107 
4124.197676 0.000100 
4122.730485 0.000260 
4121.263293 0.000300 
4119.796102 0.000087 
4118.328910 0.000030 
4116.861719 0.000309 
4115.394527 0.000149 
4113.927336 0.000120 
4112.460144 0.000071 
4110.992953 0.000034 
4109.525761 0.000270 
4108.058570 0.000138 
4106.591378 0.000098 
4105.124187 0.000037 
4103.656995 0.000257 
4102.189804 0.000090 
4100.722612 -0.000067 
4099.255421 0.000212 
4097.788229 0.000106 
4096.321038 0.000022 
4094.853846 0.000261 
4093.386655 0.000189 
4091.919463 0.000200 
4090.452272 0.000202 
4088.985080 0.000161 
4087.517889 0.000035 
4086.050697 0.000220 
4084.583506 -0.000344 
4083.116314 0.000242 
4081.649123 0.000342 
4080.181931 0.000300 
4078.714740 0.000219 
4077.247548 0.000071 
4075.780357 0.000115 
4074.313165 0.000109 
4072.845974 0.000221 
4071.378782 0.000455 
4069.911591 0.000296 
4068.444399 0.000000 
4066.977208 0.000263 
4065.510016 0.000204 
4064.042825 0.000253 
4062.575633 0.000425 
4061.108442 0.000191 
4059.641250 0.000352 
4058.174059 0.000121 
4056.706867 0.000119 
4055.239676 0.000348 
4053.772484 0.000142 
4052.305293 -0.000019 
4050.838101 0.000303 
4049.370910 0.000200 
4047.903718 0.000200 
4046.436527 0.000300 
4044.969335 0.000193 
4043.502144 0.000238 
4042.034952 0.000167 
4040.567761 0.000090 
4039.100569 0.000021 
4037.633378 0.000273 
4036.166186 0.000062 
4034.698995 0.000219 
4033.231803 0.000200 
4031.764612 0.000115 
4030.297420 0.000344 
4028.830229 0.000249 
4027.363037 0.000244 
4025.895846 0.000419 
4024.428654 0.000248 
4022.961463 0.000011 
4021.494271 0.000338 
4020.027080 0.000548 
4018.559888 0.000428 
4017.092697 0.000680 
4015.625505 0.000342 
4014.158314 0.000343 
4012.691122 0.000300 
4011.223931 0.000463 
4009.756739 0.000400 
4008.289548 0.000233 
4006.822356 0.000381 
4005.355165 0.000430 
4003.887973 0.000411 
4002.420782 0.000566 
4000.953590 0.000470 
3999.486399 0.000336 
3998.019207 0.000258 
3996.552016 0.000318 
3995.084824 0.000302 
3993.617633 0.000643 
3992.150441 0.000453 
3990.683250 0.000418 
3989.216058 0.000508 
3987.748867 0.000526 
3986.281675 0.000530 
3984.814484 0.000420 
3983.347292 0.000425 
3981.880101 0.000647 
3980.412909 0.000390 
3978.945718 0.000366 
3977.478526 0.000336 
3976.011335 0.000328 
3974.544143 0.000254 
3973.076952 0.000426 
3971.609760 0.000498 
3970.142569 0.000384 
3968.675377 0.000330 
3967.208186 0.000602 
3965.740994 0.000572 
3964.273803 0.000517 
3962.806612 0.000339 
3961.339420 0.000301 
3959.872229 0.000085 
3958.405037 0.000275 
3956.937846 0.000478 
3955.470654 0.000172 
3954.003463 0.000372 
3952.536271 0.000488 
3951.069080 0.000207 
3949.601888 0.000383 
3948.134697 0.000313 
3946.667505 0.000117 
3945.200314 0.000051 
3943.733122 0.000182 
3942.265931 0.000300 
3940.798739 0.000359 
3939.331548 0.000288 
3937.864356 0.000122 
3936.397165 0.000259 
3934.929973 0.000172 
3933.462782 0.000204 
3931.995590 0.000236 
3930.528399 0.000200 
3929.061207 0.000173 
3927.594016 0.000216 
3926.126824 0.000267 
3924.659633 0.000094 
3923.192441 0.000050 
3921.725250 0.000206 
3920.258058 0.000217 
3918.790867 0.000150 
3917.323675 0.000243 
3915.856484 0.000040 
3914.389292 -0.000068 
3912.922101 0.000084 
3911.454909 0.000225 
3909.987718 0.000133 
3908.520526 0.000000 
3907.053335 0.000000 
3905.586143 -0.000137 
3904.118952 0.000274 
3902.651760 0.000107 
3901.184569 -0.000025 
3899.717377 0.000169 
3898.250186 -0.000106 
3896.782994 -0.000011 
3895.315803 0.000117 
3893.848611 -0.000027 
3892.381420 0.000117 
3890.914228 0.000111 
3889.447037 0.000026 
3887.979845 -0.000082 
3886.512654 0.000067 
3885.045462 -0.000177 
3883.578271 -0.000223 
3882.111079 0.000169 
3880.643888 -0.000124 
3879.176696 0.000040 
3877.709505 -0.000170 
3876.242313 -0.000298 
3874.775122 -0.000217 
3873.307930 -0.000017 
3871.840739 0.000068 
3870.373547 -0.000100 
3868.906356 -0.000269 
3867.439164 -0.000022 
3865.971973 0.000021 
3864.504781 0.000035 
3863.037590 0.000013 
3861.570398 -0.000249 
3860.103207 -0.000268 
3858.636015 -0.000204 
3857.168824 -0.000300 
3855.701632 -0.000088 
3854.234441 0.000013 
3852.767249 0.000084 
3851.300058 -0.000017 
3849.832866 -0.000016 
3848.365675 0.000097 
3846.898483 -0.000165 
3845.431292 -0.000084 
3843.964100 -0.000043 
3842.496909 -0.000120 
3841.029717 -0.000303 
3839.562526 -0.000245 
3838.095334 0.000154 
3836.628143 -0.000272 
3835.160951 -0.000363 
3833.693760 -0.000253 
3832.226568 -0.000063 
3830.759377 -0.000448 
3829.292185 -0.000218 
3827.824994 -0.000131 
3826.357802 -0.000245 
3824.890611 -0.000124 
3823.423419 -0.000256 
3821.956228 -0.000249 
3820.489036 -0.000292 
3819.021845 -0.000216 
3817.554653 -0.000213 
3816.087462 -0.000357 
3814.620270 -0.000261 
3813.153079 -0.000216 
3811.685887 -0.000178 
3810.218696 -0.000315 
3808.751504 -0.000151 
3807.284313 -0.000281 
3805.817121 -0.000485 
3804.349930 -0.000232 
3802.882738 -0.000274 
3801.415547 -0.000118 
3799.948355 -0.000248 
3798.481164 -0.000282 
3797.013972 -0.000316 
3795.546781 -0.000276 
3794.079589 -0.000092 
3792.612398 -0.000115 
3791.145206 -0.000200 
3789.678015 -0.000118 
3788.210823 -0.000360 
3786.743632 -0.000370 
3785.276440 -0.000182 
3783.809249 -0.000282 
3782.342057 -0.000400 
3780.874866 -0.000037 
3779.407674 -0.000200 
3777.940483 -0.000248 
3776.473291 -0.000344 
3775.006100 -0.000100 
3773.538908 -0.000268 
3772.071717 -0.000146 
3770.604525 -0.000026 
3769.137334 -0.000131 
3767.670142 -0.000156 
3766.202951 -0.000300 
3764.735759 -0.000096 
3763.268568 -0.000233 
3761.801376 0.000088 
3760.334185 0.000256 
3758.866993 -0.000100 
3757.399802 0.000044 
3755.932610 0.000132 
3754.465419 0.000216 
3752.998227 0.000532 
3751.531036 0.000163 
3750.063844 0.000230 
3748.596653 0.000391 
3747.129461 0.000378 
3745.662270 0.000472 
3744.195078 0.000673 
3742.727887 0.000448 
3741.260695 0.000500 
3739.793504 0.000646 
3738.326312 0.000852 
3736.859121 0.000878 
3735.391929 0.000822 
3733.924738 0.001058 
3732.457546 0.001181 
3730.990355 0.001148 
3729.523163 0.000933 
3728.055972 0.001305 
3726.588780 0.001514 
3725.121589 0.001694 
3723.654397 0.002158 
3722.187206 0.002807 
3720.720014 0.003079 
3719.252823 0.003281 
3717.785631 0.003543 
3716.318440 0.003611 
3714.851248 0.003700 
3713.384057 0.003872 
3711.916865 0.004030 
3710.449674 0.004161 
3708.982482 0.004086 
3707.515291 0.004553 
3706.048099 0.004978 
3704.580908 0.005253 
3703.113717 0.005773 
3701.646525 0.006432 
3700.179334 0.006973 
3698.712142 0.007598 
3697.244951 0.007952 
3695.777759 0.008305 
3694.310568 0.008702 
3692.843376 0.008920 
3691.376185 0.009046 
3689.908993 0.009400 
3688.441802 0.009282 
3686.974610 0.008932 
3685.507419 0.009305 
3684.040227 0.009532 
3682.573036 0.009395 
3681.105844 0.009545 
3679.638653 0.009820 
3678.171461 0.010160 
3676.704270 0.010439 
3675.237078 0.010796 
3673.769887 0.011405 
3672.302695 0.011926 
3670.835504 0.012625 
3669.368312 0.013076 
3667.901121 0.013682 
3666.433929 0.014099 
3664.966738 0.014772 
3663.499546 0.014934 
3662.032355 0.015195 
3660.565163 0.015509 
3659.097972 0.015760 
3657.630780 0.016043 
3656.163589 0.016137 
3654.696397 0.015954 
3653.229206 0.015937 
3651.762014 0.015813 
3650.294823 0.015854 
3648.827631 0.015900 
3647.360440 0.015900 
3645.893248 0.016042 
3644.426057 0.016259 
3642.958865 0.016305 
3641.491674 0.016500 
3640.024482 0.016865 
3638.557291 0.017174 
3637.090099 0.017786 
3635.622908 0.018052 
3634.155716 0.018566 
3632.688525 0.019211 
3631.221333 0.019830 
3629.754142 0.020616 
3628.286950 0.021206 
3626.819759 0.021710 
3625.352567 0.022567 
3623.885376 0.023363 
3622.418184 0.024172 
3620.950993 0.025074 
3619.483801 0.025832 
3618.016610 0.026851 
3616.549418 0.027707 
3615.082227 0.028538 
3613.615035 0.029748 
3612.147844 0.030564 
3610.680652 0.031702 
3609.213461 0.032792 
3607.746269 0.033785 
3606.279078 0.034970 
3604.811886 0.036376 
3603.344695 0.037467 
3601.877503 0.038616 
3600.410312 0.039982 
3598.943120 0.041261 
3597.475929 0.042435 
3596.008737 0.043908 
3594.541546 0.045239 
3593.074354 0.046810 
3591.607163 0.048108 
3590.139971 0.049699 
3588.672780 0.051334 
3587.205588 0.053150 
3585.738397 0.054590 
3584.271205 0.056211 
3582.804014 0.057928 
3581.336822 0.059406 
3579.869631 0.061193 
3578.402439 0.063214 
3576.935248 0.064925 
3575.468056 0.066843 
3574.000865 0.068775 
3572.533673 0.070685 
3571.066482 0.072961 
3569.599290 0.074929 
3568.132099 0.076939 
3566.664907 0.078844 
3565.197716 0.080924 
3563.730524 0.082757 
3562.263333 0.085312 
3560.796141 0.087667 
3559.328950 0.089758 
3557.861758 0.092058 
3556.394567 0.094454 
3554.927375 0.097128 
3553.460184 0.099515 
3551.992992 0.102053 
3550.525801 0.104397 
3549.058609 0.106995 
3547.591418 0.109801 
3546.124226 0.112588 
3544.657035 0.114895 
3543.189843 0.118074 
3541.722652 0.120927 
3540.255460 0.123859 
3538.788269 0.127012 
3537.321077 0.130062 
3535.853886 0.132931 
3534.386694 0.136122 
3532.919503 0.139392 
3531.452311 0.143063 
3529.985120 0.146368 
3528.517928 0.149691 
3527.050737 0.153058 
3525.583545 0.156938 
3524.116354 0.160573 
3522.649162 0.164045 
3521.181971 0.168165 
3519.714779 0.171770 
3518.247588 0.175453 
3516.780396 0.179523 
3515.313205 0.183870 
3513.846013 0.187728 
3512.378822 0.191859 
3510.911630 0.196154 
3509.444439 0.200563 
3507.977247 0.204680 
3506.510056 0.209423 
3505.042864 0.213852 
3503.575673 0.218544 
3502.108481 0.222488 
3500.641290 0.227780 
3499.174098 0.232424 
3497.706907 0.237162 
3496.239715 0.242080 
3494.772524 0.247158 
3493.305332 0.252297 
3491.838141 0.257646 
3490.370949 0.262651 
3488.903758 0.267484 
3487.436566 0.272831 
3485.969375 0.278401 
3484.502183 0.283819 
3483.034992 0.289216 
3481.567800 0.294594 
3480.100609 0.299964 
3478.633417 0.305401 
3477.166226 0.310848 
3475.699034 0.316471 
3474.231843 0.322425 
3472.764651 0.327723 
3471.297460 0.333731 
3469.830268 0.338849 
3468.363077 0.343570 
3466.895885 0.349251 
3465.428694 0.354981 
3463.961502 0.361371 
3462.494311 0.367366 
3461.027119 0.372865 
3459.559928 0.378269 
3458.092736 0.384100 
3456.625545 0.389497 
3455.158353 0.395076 
3453.691162 0.400573 
3452.223970 0.406314 
3450.756779 0.412013 
3449.289587 0.417008 
3447.822396 0.422611 
3446.355205 0.428484 
3444.888013 0.433778 
3443.420822 0.438500 
3441.953630 0.444354 
3440.486439 0.449549 
3439.019247 0.455300 
3437.552056 0.459335 
3436.084864 0.464756 
3434.617673 0.468044 
3433.150481 0.474408 
3431.683290 0.480077 
3430.216098 0.484314 
3428.748907 0.489531 
3427.281715 0.494117 
3425.814524 0.499441 
3424.347332 0.504014 
3422.880141 0.509076 
3421.412949 0.513460 
3419.945758 0.517954 
3418.478566 0.522682 
3417.011375 0.526741 
3415.544183 0.530958 
3414.076992 0.535768 
3412.609800 0.538937 
3411.142609 0.543228 
3409.675417 0.548278 
3408.208226 0.551501 
3406.741034 0.555916 
3405.273843 0.559707 
3403.806651 0.563582 
3402.339460 0.567719 
3400.872268 0.569024 
3399.405077 0.571811 
3397.937885 0.577084 
3396.470694 0.580319 
3395.003502 0.585132 
3393.536311 0.588594 
3392.069119 0.589778 
3390.601928 0.592024 
3389.134736 0.596891 
3387.667545 0.600799 
3386.200353 0.603645 
3384.733162 0.607164 
3383.265970 0.610226 
3381.798779 0.612481 
3380.331587 0.614868 
3378.864396 0.618210 
3377.397204 0.621455 
3375.930013 0.622858 
3374.462821 0.626031 
3372.995630 0.628779 
3371.528438 0.631681 
3370.061247 0.632970 
3368.594055 0.633299 
3367.126864 0.637236 
3365.659672 0.639572 
3364.192481 0.642943 
3362.725289 0.645339 
3361.258098 0.647931 
3359.790906 0.649758 
3358.323715 0.652421 
3356.856523 0.654657 
3355.389332 0.657263 
3353.922140 0.659900 
3352.454949 0.661852 
3350.987757 0.662555 
3349.520566 0.663780 
3348.053374 0.667199 
3346.586183 0.669932 
3345.118991 0.672766 
3343.651800 0.674644 
3342.184608 0.675680 
3340.717417 0.678729 
3339.250225 0.680402 
3337.783034 0.681269 
3336.315842 0.683796 
3334.848651 0.685745 
3333.381459 0.688232 
3331.914268 0.690586 
3330.447076 0.692453 
3328.979885 0.694032 
3327.512693 0.695708 
3326.045502 0.696828 
3324.578310 0.698715 
3323.111119 0.701275 
3321.643927 0.702797 
3320.176736 0.704426 
3318.709544 0.705515 
3317.242353 0.707814 
3315.775161 0.709220 
3314.307970 0.710915 
3312.840778 0.711741 
3311.373587 0.713456 
3309.906395 0.714045 
3308.439204 0.714732 
3306.972012 0.715225 
3305.504821 0.714085 
3304.037629 0.714414 
3302.570438 0.718588 
3301.103246 0.719581 
3299.636055 0.720810 
3298.168863 0.721194 
3296.701672 0.721697 
3295.234480 0.721303 
3293.767289 0.721879 
3292.300097 0.721311 
3290.832906 0.720984 
3289.365714 0.722190 
3287.898523 0.722106 
3286.431331 0.721948 
3284.964140 0.721373 
3283.496948 0.720554 
3282.029757 0.720384 
3280.562565 0.718914 
3279.095374 0.718448 
3277.628182 0.717380 
3276.160991 0.716594 
3274.693799 0.714976 
3273.226608 0.714362 
3271.759416 0.711433 
3270.292225 0.708717 
3268.825033 0.708844 
3267.357842 0.707485 
3265.890650 0.706030 
3264.423459 0.703422 
3262.956267 0.701980 
3261.489076 0.700512 
3260.021884 0.697680 
3258.554693 0.695059 
3257.087501 0.692917 
3255.620310 0.690080 
3254.153118 0.687718 
3252.685927 0.684929 
3251.218735 0.682930 
3249.751544 0.680107 
3248.284352 0.677408 
3246.817161 0.673196 
3245.349969 0.670660 
3243.882778 0.667791 
3242.415586 0.664624 
3240.948395 0.661809 
3239.481203 0.658707 
3238.014012 0.655162 
3236.546820 0.651968 
3235.079629 0.648898 
3233.612437 0.643038 
3232.145246 0.639748 
3230.678054 0.636824 
3229.210863 0.633828 
3227.743671 0.630082 
3226.276480 0.625943 
3224.809288 0.622274 
3223.342097 0.618325 
3221.874905 0.614207 
3220.407714 0.609871 
3218.940522 0.605809 
3217.473331 0.601478 
3216.006139 0.597119 
3214.538948 0.593013 
3213.071756 0.588342 
3211.604565 0.583967 
3210.137373 0.579394 
3208.670182 0.574815 
3207.202990 0.570032 
3205.735799 0.565244 
3204.268607 0.560721 
3202.801416 0.555960 
3201.334224 0.551034 
3199.867033 0.546024 
3198.399841 0.541036 
3196.932650 0.536110 
3195.465458 0.531177 
3193.998267 0.526033 
3192.531075 0.520793 
3191.063884 0.515716 
3189.596692 0.510464 
3188.129501 0.505100 
3186.662310 0.500060 
3185.195118 0.495038 
3183.727927 0.489729 
3182.260735 0.484397 
3180.793544 0.478731 
3179.326352 0.473763 
3177.859161 0.468263 
3176.391969 0.463510 
3174.924778 0.457833 
3173.457586 0.452045 
3171.990395 0.447285 
3170.523203 0.441459 
3169.056012 0.436309 
3167.588820 0.430442 
3166.121629 0.425353 
3164.654437 0.419774 
3163.187246 0.414743 
3161.720054 0.409270 
3160.252863 0.403603 
3158.785671 0.397959 
3157.318480 0.393007 
3155.851288 0.387536 
3154.384097 0.382079 
3152.916905 0.375946 
3151.449714 0.369938 
3149.982522 0.365577 
3148.515331 0.360331 
3147.048139 0.355199 
3145.580948 0.349721 
3144.113756 0.344193 
3142.646565 0.338753 
3141.179373 0.333705 
3139.712182 0.328257 
3138.244990 0.322857 
3136.777799 0.317765 
3135.310607 0.312134 
3133.843416 0.307217 
3132.376224 0.302131 
3130.909033 0.296753 
3129.441841 0.291338 
3127.974650 0.286446 
3126.507458 0.281489 
3125.040267 0.276546 
3123.573075 0.271370 
3122.105884 0.266399 
3120.638692 0.260967 
3119.171501 0.256185 
3117.704309 0.251376 
3116.237118 0.245902 
3114.769926 0.241348 
3113.302735 0.237008 
3111.835543 0.232166 
3110.368352 0.227499 
3108.901160 0.222747 
3107.433969 0.218115 
3105.966777 0.213854 
3104.499586 0.209160 
3103.032394 0.204753 
3101.565203 0.200287 
3100.098011 0.195664 
3098.630820 0.191323 
3097.163628 0.186990 
3095.696437 0.182982 
3094.229245 0.178670 
3092.762054 0.174505 
3091.294862 0.170278 
3089.827671 0.166161 
3088.360479 0.162420 
3086.893288 0.158479 
3085.426096 0.154672 
3083.958905 0.150455 
3082.491713 0.147182 
3081.024522 0.143300 
3079.557330 0.139954 
3078.090139 0.135938 
3076.622947 0.132784 
3075.155756 0.129649 
3073.688564 0.126340 
3072.221373 0.123272 
3070.754181 0.120308 
3069.286990 0.117111 
3067.819798 0.113824 
3066.352607 0.110876 
3064.885415 0.108192 
3063.418224 0.105425 
3061.951032 0.102768 
3060.483841 0.100231 
3059.016649 0.097550 
3057.549458 0.095168 
3056.082266 0.092577 
3054.615075 0.090225 
3053.147883 0.088123 
3051.680692 0.085905 
3050.213500 0.083580 
3048.746309 0.081641 
3047.279117 0.079865 
3045.811926 0.077781 
3044.344734 0.075962 
3042.877543 0.074200 
3041.410351 0.072742 
3039.943160 0.071035 
3038.475968 0.069626 
3037.008777 0.068330 
3035.541585 0.066998 
3034.074394 0.065845 
3032.607202 0.064897 
3031.140011 0.064112 
3029.672819 0.063401 
3028.205628 0.063011 
3026.738436 0.062974 
3025.271245 0.063101 
3023.804053 0.063507 
3022.336862 0.064636 
3020.869670 0.066204 
3019.402479 0.068565 
3017.935287 0.072101 
3016.468096 0.076367 
3015.000904 0.081268 
3013.533713 0.086157 
3012.066521 0.091046 
3010.599330 0.094694 
3009.132138 0.097224 
3007.664947 0.096876 
3006.197755 0.093925 
3004.730564 0.088239 
3003.263372 0.080470 
3001.796181 0.071401 
3000.328989 0.062386 
2998.861798 0.054477 
2997.394606 0.048307 
2995.927415 0.043922 
2994.460223 0.040959 
2992.993032 0.038632 
2991.525840 0.036984 
2990.058649 0.035841 
2988.591457 0.034850 
2987.124266 0.033897 
2985.657074 0.033115 
2984.189883 0.032508 
2982.722691 0.032008 
2981.255500 0.031417 
2979.788308 0.031056 
2978.321117 0.030492 
2976.853925 0.030035 
2975.386734 0.029582 
2973.919542 0.029168 
2972.452351 0.028893 
2970.985159 0.028456 
2969.517968 0.028005 
2968.050776 0.027713 
2966.583585 0.027292 
2965.116393 0.026919 
2963.649202 0.026577 
2962.182010 0.026238 
2960.714819 0.025807 
2959.247627 0.025415 
2957.780436 0.025146 
2956.313244 0.024767 
2954.846053 0.024606 
2953.378861 0.024331 
2951.911670 0.023807 
2950.444478 0.023710 
2948.977287 0.023228 
2947.510095 0.023014 
2946.042904 0.022913 
2944.575712 0.022638 
2943.108521 0.022387 
2941.641329 0.022271 
2940.174138 0.022185 
2938.706946 0.021865 
2937.239755 0.021571 
2935.772563 0.021413 
2934.305372 0.021234 
2932.838180 0.021065 
2931.370989 0.020872 
2929.903797 0.020412 
2928.436606 0.020285 
2926.969415 0.020191 
2925.502223 0.019886 
2924.035032 0.019676 
2922.567840 0.019537 
2921.100649 0.019302 
2919.633457 0.019187 
2918.166266 0.019097 
2916.699074 0.018903 
2915.231883 0.019000 
2913.764691 0.018724 
2912.297500 0.018602 
2910.830308 0.018727 
2909.363117 0.018749 
2907.895925 0.018920 
2906.428734 0.019098 
2904.961542 0.019175 
2903.494351 0.019300 
2902.027159 0.019335 
2900.559968 0.019173 
2899.092776 0.018875 
2897.625585 0.018196 
2896.158393 0.017716 
2894.691202 0.017205 
2893.224010 0.017016 
2891.756819 0.016672 
2890.289627 0.016424 
2888.822436 0.016399 
2887.355244 0.016273 
2885.888053 0.016102 
2884.420861 0.016016 
2882.953670 0.015936 
2881.486478 0.015874 
2880.019287 0.015765 
2878.552095 0.015732 
2877.084904 0.015601 
2875.617712 0.015457 
2874.150521 0.015271 
2872.683329 0.015272 
2871.216138 0.015297 
2869.748946 0.015100 
2868.281755 0.014954 
2866.814563 0.015037 
2865.347372 0.014999 
2863.880180 0.014823 
2862.412989 0.014625 
2860.945797 0.014668 
2859.478606 0.014504 
2858.011414 0.014657 
2856.544223 0.014580 
2855.077031 0.014571 
2853.609840 0.014334 
2852.142648 0.014317 
2850.675457 0.014201 
2849.208265 0.014078 
2847.741074 0.014000 
2846.273882 0.013920 
2844.806691 0.013989 
2843.339499 0.013865 
2841.872308 0.013801 
2840.405116 0.013720 
2838.937925 0.013788 
2837.470733 0.013800 
2836.003542 0.013800 
2834.536350 0.013682 
2833.069159 0.013742 
2831.601967 0.013866 
2830.134776 0.013633 
2828.667584 0.013584 
2827.200393 0.013643 
2825.733201 0.013762 
2824.266010 0.013990 
2822.798818 0.014066 
2821.331627 0.014223 
2819.864435 0.014435 
2818.397244 0.014600 
2816.930052 0.014700 
2815.462861 0.014500 
2813.995669 0.014234 
2812.528478 0.013701 
2811.061286 0.013214 
2809.594095 0.012789 
2808.126903 0.012449 
2806.659712 0.012200 
2805.192520 0.012059 
2803.725329 0.011981 
2802.258137 0.011663 
2800.790946 0.011699 
2799.323754 0.011655 
2797.856563 0.011500 
2796.389371 0.011476 
2794.922180 0.011453 
2793.454988 0.011500 
2791.987797 0.011321 
2790.520605 0.011156 
2789.053414 0.011000 
2787.586222 0.011041 
2786.119031 0.011034 
2784.651839 0.011060 
2783.184648 0.010947 
2781.717456 0.010766 
2780.250265 0.010800 
2778.783073 0.010646 
2777.315882 0.010766 
2775.848690 0.010699 
2774.381499 0.010586 
2772.914307 0.010549 
2771.447116 0.010301 
2769.979924 0.010406 
2768.512733 0.010334 
2767.045541 0.010243 
2765.578350 0.010203 
2764.111158 0.010299 
2762.643967 0.010132 
2761.176775 0.010089 
2759.709584 0.010166 
2758.242392 0.009807 
2756.775201 0.009900 
2755.308009 0.009966 
2753.840818 0.009979 
2752.373626 0.009900 
2750.906435 0.009844 
2749.439243 0.009701 
2747.972052 0.009817 
2746.504860 0.009766 
2745.037669 0.009599 
2743.570477 0.009501 
2742.103286 0.009621 
2740.636094 0.009500 
2739.168903 0.009482 
2737.701711 0.009514 
2736.234520 0.009399 
2734.767328 0.009296 
2733.300137 0.009306 
2731.832945 0.009152 
2730.365754 0.009321 
2728.898562 0.009103 
2727.431371 0.009100 
2725.964179 0.009100 
2724.496988 0.009089 
2723.029796 0.009100 
2721.562605 0.009041 
2720.095413 0.008996 
2718.628222 0.008898 
2717.161030 0.008839 
2715.693839 0.008871 
2714.226647 0.008799 
2712.759456 0.008760 
2711.292264 0.008800 
2709.825073 0.008724 
2708.357881 0.008787 
2706.890690 0.008765 
2705.423498 0.008603 
2703.956307 0.008542 
2702.489115 0.008500 
2701.021924 0.008599 
2699.554732 0.008502 
2698.087541 0.008496 
2696.620349 0.008400 
2695.153158 0.008417 
2693.685966 0.008395 
2692.218775 0.008477 
2690.751583 0.008318 
2689.284392 0.008165 
2687.817200 0.008107 
2686.350009 0.008232 
2684.882817 0.008200 
2683.415626 0.008200 
2681.948434 0.008173 
2680.481243 0.008113 
2679.014051 0.008098 
2677.546860 0.008069 
2676.079668 0.008061 
2674.612477 0.007980 
2673.145285 0.007900 
2671.678094 0.007950 
2670.210903 0.008000 
2668.743711 0.007931 
2667.276520 0.008000 
2665.809328 0.007898 
2664.342137 0.007732 
2662.874945 0.007765 
2661.407754 0.007897 
2659.940562 0.007793 
2658.473371 0.007771 
2657.006179 0.007715 
2655.538988 0.007616 
2654.071796 0.007671 
2652.604605 0.007702 
2651.137413 0.007751 
2649.670222 0.007629 
2648.203030 0.007500 
2646.735839 0.007523 
2645.268647 0.007556 
2643.801456 0.007401 
2642.334264 0.007477 
2640.867073 0.007300 
2639.399881 0.007311 
2637.932690 0.007353 
2636.465498 0.007488 
2634.998307 0.007397 
2633.531115 0.007300 
2632.063924 0.007351 
2630.596732 0.007303 
2629.129541 0.007400 
2627.662349 0.007257 
2626.195158 0.007238 
2624.727966 0.007382 
2623.260775 0.007226 
2621.793583 0.007300 
2620.326392 0.007300 
2618.859200 0.007092 
2617.392009 0.007100 
2615.924817 0.007100 
2614.457626 0.006994 
2612.990434 0.006897 
2611.523243 0.006710 
2610.056051 0.006728 
2608.588860 0.006601 
2607.121668 0.006679 
2605.654477 0.006597 
2604.187285 0.006502 
2602.720094 0.006602 
2601.252902 0.006736 
2599.785711 0.006903 
2598.318519 0.007000 
2596.851328 0.007209 
2595.384136 0.007400 
2593.916945 0.007473 
2592.449753 0.007499 
2590.982562 0.007400 
2589.515370 0.007469 
2588.048179 0.007500 
2586.580987 0.007501 
2585.113796 0.007512 
2583.646604 0.007553 
2582.179413 0.007700 
2580.712221 0.007626 
2579.245030 0.007447 
2577.777838 0.007603 
2576.310647 0.007647 
2574.843455 0.007724 
2573.376264 0.007673 
2571.909072 0.007700 
2570.441881 0.007688 
2568.974689 0.007509 
2567.507498 0.007700 
2566.040306 0.007663 
2564.573115 0.007600 
2563.105923 0.007670 
2561.638732 0.007637 
2560.171540 0.007653 
2558.704349 0.007700 
2557.237157 0.007791 
2555.769966 0.007796 
2554.302774 0.007704 
2552.835583 0.007887 
2551.368391 0.007704 
2549.901200 0.007800 
2548.434008 0.007763 
2546.966817 0.007800 
2545.499625 0.007800 
2544.032434 0.007850 
2542.565242 0.007746 
2541.098051 0.007771 
2539.630859 0.007837 
2538.163668 0.007800 
2536.696476 0.007800 
2535.229285 0.007914 
2533.762093 0.007903 
2532.294902 0.007782 
2530.827710 0.007837 
2529.360519 0.007873 
2527.893327 0.007800 
2526.426136 0.007929 
2524.958944 0.007857 
2523.491753 0.007976 
2522.024561 0.008038 
2520.557370 0.007900 
2519.090178 0.007907 
2517.622987 0.007931 
2516.155795 0.008096 
2514.688604 0.008000 
2513.221412 0.007938 
2511.754221 0.008009 
2510.287029 0.008084 
2508.819838 0.007992 
2507.352646 0.008100 
2505.885455 0.008162 
2504.418263 0.008200 
2502.951072 0.008200 
2501.483880 0.008191 
2500.016689 0.008138 
2498.549497 0.008200 
2497.082306 0.008271 
2495.615114 0.008300 
2494.147923 0.008328 
2492.680731 0.008343 
2491.213540 0.008262 
2489.746348 0.008305 
2488.279157 0.008464 
2486.811965 0.008470 
2485.344774 0.008405 
2483.877582 0.008500 
2482.410391 0.008546 
2480.943199 0.008404 
2479.476008 0.008565 
2478.008816 0.008504 
2476.541625 0.008600 
2475.074433 0.008624 
2473.607242 0.008617 
2472.140050 0.008759 
2470.672859 0.008700 
2469.205667 0.008700 
2467.738476 0.008790 
2466.271284 0.008731 
2464.804093 0.008718 
2463.336901 0.008890 
2461.869710 0.008700 
2460.402518 0.008800 
2458.935327 0.008810 
2457.468135 0.008978 
2456.000944 0.009000 
2454.533752 0.008800 
2453.066561 0.008872 
2451.599369 0.009039 
2450.132178 0.009098 
2448.664986 0.009088 
2447.197795 0.009191 
2445.730603 0.009100 
2444.263412 0.009244 
2442.796220 0.009254 
2441.329029 0.009200 
2439.861837 0.009202 
2438.394646 0.009278 
2436.927454 0.009337 
2435.460263 0.009400 
2433.993071 0.009461 
2432.525880 0.009306 
2431.058688 0.009472 
2429.591497 0.009500 
2428.124305 0.009500 
2426.657114 0.009500 
2425.189922 0.009531 
2423.722731 0.009589 
2422.255539 0.009620 
2420.788348 0.009676 
2419.321156 0.009600 
2417.853965 0.009673 
2416.386773 0.009734 
2414.919582 0.009794 
2413.452390 0.009700 
2411.985199 0.009800 
2410.518008 0.009838 
2409.050816 0.010027 
2407.583625 0.009861 
2406.116433 0.009999 
2404.649242 0.009997 
2403.182050 0.010074 
2401.714859 0.010006 
2400.247667 0.009957 
2398.780476 0.010126 
2397.313284 0.010106 
2395.846093 0.010273 
2394.378901 0.010361 
2392.911710 0.010223 
2391.444518 0.010306 
2389.977327 0.010260 
2388.510135 0.010341 
2387.042944 0.010273 
2385.575752 0.010464 
2384.108561 0.010400 
2382.641369 0.010546 
2381.174178 0.010471 
2379.706986 0.010593 
2378.239795 0.010500 
2376.772603 0.010440 
2375.305412 0.010587 
2373.838220 0.010473 
2372.371029 0.010529 
2370.903837 0.010443 
2369.436646 0.010257 
2367.969454 0.010370 
2366.502263 0.010151 
2365.035071 0.010508 
2363.567880 0.010249 
2362.100688 0.010483 
2360.633497 0.010355 
2359.166305 0.010433 
2357.699114 0.010731 
2356.231922 0.010582 
2354.764731 0.010876 
2353.297539 0.010996 
2351.830348 0.011068 
2350.363156 0.011517 
2348.895965 0.011807 
2347.428773 0.011982 
2345.961582 0.012214 
2344.494390 0.012419 
2343.027199 0.012592 
2341.560007 0.012852 
2340.092816 0.012901 
2338.625624 0.012149 
2337.158433 0.011418 
2335.691241 0.011148 
2334.224050 0.011296 
2332.756858 0.011505 
2331.289667 0.011827 
2329.822475 0.011679 
2328.355284 0.011486 
2326.888092 0.011508 
2325.420901 0.011828 
2323.953709 0.011987 
2322.486518 0.011894 
2321.019326 0.012000 
2319.552135 0.012221 
2318.084943 0.012352 
2316.617752 0.012347 
2315.150560 0.012417 
2313.683369 0.012582 
2312.216177 0.012609 
2310.748986 0.012633 
2309.281794 0.012781 
2307.814603 0.012805 
2306.347411 0.012945 
2304.880220 0.012942 
2303.413028 0.013024 
2301.945837 0.013241 
2300.478645 0.013202 
2299.011454 0.013351 
2297.544262 0.013475 
2296.077071 0.013510 
2294.609879 0.013560 
2293.142688 0.013600 
2291.675496 0.013806 
2290.208305 0.013780 
2288.741113 0.013941 
2287.273922 0.013971 
2285.806730 0.014249 
2284.339539 0.014200 
2282.872347 0.014255 
2281.405156 0.014257 
2279.937964 0.014382 
2278.470773 0.014603 
2277.003581 0.014686 
2275.536390 0.014721 
2274.069198 0.014817 
2272.602007 0.014879 
2271.134815 0.014910 
2269.667624 0.015100 
2268.200432 0.015155 
2266.733241 0.015301 
2265.266049 0.015400 
2263.798858 0.015476 
2262.331666 0.015646 
2260.864475 0.015516 
2259.397283 0.015790 
2257.930092 0.015800 
2256.462900 0.015900 
2254.995709 0.016050 
2253.528517 0.016100 
2252.061326 0.016158 
2250.594134 0.016357 
2249.126943 0.016442 
2247.659751 0.016505 
2246.192560 0.016592 
2244.725368 0.016842 
2243.258177 0.016897 
2241.790985 0.016900 
2240.323794 0.016884 
2238.856602 0.017017 
2237.389411 0.017200 
2235.922219 0.017258 
2234.455028 0.017245 
2232.987836 0.017295 
2231.520645 0.017439 
2230.053453 0.017600 
2228.586262 0.017675 
2227.119070 0.017714 
2225.651879 0.017794 
2224.184687 0.017709 
2222.717496 0.017900 
2221.250304 0.018000 
2219.783113 0.017966 
2218.315921 0.018036 
2216.848730 0.018100 
2215.381538 0.018100 
2213.914347 0.018238 
2212.447155 0.018183 
2210.979964 0.018286 
2209.512772 0.018342 
2208.045581 0.018294 
2206.578389 0.018208 
2205.111198 0.018284 
2203.644006 0.018234 
2202.176815 0.018342 
2200.709623 0.018300 
2199.242432 0.018300 
2197.775240 0.018364 
2196.308049 0.018321 
2194.840857 0.018295 
2193.373666 0.018217 
2191.906474 0.018198 
2190.439283 0.018102 
2188.972091 0.018117 
2187.504900 0.018000 
2186.037708 0.017928 
2184.570517 0.017931 
2183.103325 0.017842 
2181.636134 0.017731 
2180.168942 0.017665 
2178.701751 0.017686 
2177.234559 0.017491 
2175.767368 0.017391 
2174.300176 0.017300 
2172.832985 0.017175 
2171.365793 0.017000 
2169.898602 0.016957 
2168.431410 0.016810 
2166.964219 0.016776 
2165.497027 0.016700 
2164.029836 0.016502 
2162.562644 0.016506 
2161.095453 0.016335 
2159.628261 0.016214 
2158.161070 0.016200 
2156.693878 0.016025 
2155.226687 0.015890 
2153.759495 0.015724 
2152.292304 0.015569 
2150.825113 0.015458 
2149.357921 0.015170 
2147.890730 0.014753 
2146.423538 0.014488 
2144.956347 0.014241 
2143.489155 0.013962 
2142.021964 0.013605 
2140.554772 0.013458 
2139.087581 0.013404 
2137.620389 0.013322 
2136.153198 0.013444 
2134.686006 0.013209 
2133.218815 0.013080 
2131.751623 0.012953 
2130.284432 0.012757 
2128.817240 0.012529 
2127.350049 0.012344 
2125.882857 0.012200 
2124.415666 0.012090 
2122.948474 0.011923 
2121.481283 0.011735 
2120.014091 0.011502 
2118.546900 0.011428 
2117.079708 0.011183 
2115.612517 0.011037 
2114.145325 0.010846 
2112.678134 0.010693 
2111.210942 0.010460 
2109.743751 0.010400 
2108.276559 0.010280 
2106.809368 0.010003 
2105.342176 0.009913 
2103.874985 0.009733 
2102.407793 0.009465 
2100.940602 0.009304 
2099.473410 0.009256 
2098.006219 0.008989 
2096.539027 0.008900 
2095.071836 0.008698 
2093.604644 0.008489 
2092.137453 0.008323 
2090.670261 0.008212 
2089.203070 0.008000 
2087.735878 0.007903 
2086.268687 0.007781 
2084.801495 0.007578 
2083.334304 0.007440 
2081.867112 0.007217 
2080.399921 0.007137 
2078.932729 0.006940 
2077.465538 0.006888 
2075.998346 0.006789 
2074.531155 0.006621 
2073.063963 0.006379 
2071.596772 0.006302 
2070.129580 0.006123 
2068.662389 0.006107 
2067.195197 0.005889 
2065.728006 0.005800 
2064.260814 0.005645 
2062.793623 0.005445 
2061.326431 0.005416 
2059.859240 0.005245 
2058.392048 0.005100 
2056.924857 0.004944 
2055.457665 0.004855 
2053.990474 0.004693 
2052.523282 0.004608 
2051.056091 0.004411 
2049.588899 0.004235 
2048.121708 0.004180 
2046.654516 0.004155 
2045.187325 0.003989 
2043.720133 0.003822 
2042.252942 0.003761 
2040.785750 0.003677 
2039.318559 0.003422 
2037.851367 0.003398 
2036.384176 0.003386 
2034.916984 0.003143 
2033.449793 0.003055 
2031.982601 0.002977 
2030.515410 0.002755 
2029.048218 0.002697 
2027.581027 0.002648 
2026.113835 0.002522 
2024.646644 0.002400 
2023.179452 0.002306 
2021.712261 0.002200 
2020.245069 0.002200 
2018.777878 0.002008 
2017.310686 0.002015 
2015.843495 0.001825 
2014.376303 0.001761 
2012.909112 0.001622 
2011.441920 0.001655 
2009.974729 0.001491 
2008.507537 0.001415 
2007.040346 0.001355 
2005.573154 0.001288 
2004.105963 0.001200 
2002.638771 0.001200 
2001.171580 0.000912 
1999.704388 0.000952 
1998.237197 0.000921 
1996.770005 0.000800 
1995.302814 0.000721 
1993.835622 0.000654 
1992.368431 0.000653 
1990.901239 0.000529 
1989.434048 0.000446 
1987.966856 0.000488 
1986.499665 0.000321 
1985.032473 0.000309 
1983.565282 0.000291 
1982.098090 0.000284 
1980.630899 0.000213 
1979.163707 0.000200 
1977.696516 0.000121 
1976.229324 0.000000 
1974.762133 -0.000013 
1973.294941 -0.000021 
1971.827750 0.000000 
1970.360558 -0.000102 
1968.893367 -0.000200 
1967.426175 -0.000254 
1965.958984 -0.000275 
1964.491792 -0.000200 
1963.024601 -0.000200 
1961.557409 -0.000266 
1960.090218 -0.000300 
1958.623026 -0.000400 
1957.155835 -0.000300 
1955.688643 -0.000379 
1954.221452 -0.000346 
1952.754260 -0.000387 
1951.287069 -0.000380 
1949.819877 -0.000408 
1948.352686 -0.000327 
1946.885494 -0.000400 
1945.418303 -0.000411 
1943.951111 -0.000412 
1942.483920 -0.000419 
1941.016728 -0.000400 
1939.549537 -0.000413 
1938.082345 -0.000422 
1936.615154 -0.000354 
1935.147962 -0.000400 
1933.680771 -0.000400 
1932.213579 -0.000446 
1930.746388 -0.000413 
1929.279196 -0.000420 
1927.812005 -0.000447 
1926.344813 -0.000313 
1924.877622 -0.000400 
1923.410430 -0.000347 
1921.943239 -0.000226 
1920.476047 -0.000200 
1919.008856 -0.000282 
1917.541664 -0.000387 
1916.074473 -0.000300 
1914.607281 -0.000200 
1913.140090 -0.000200 
1911.672898 -0.000200 
1910.205707 -0.000183 
1908.738515 -0.000186 
1907.271324 -0.000163 
1905.804132 -0.000100 
1904.336941 -0.000005 
1902.869749 -0.000088 
1901.402558 0.000000 
1899.935366 0.000000 
1898.468175 0.000000 
1897.000983 -0.000003 
1895.533792 0.000012 
1894.066601 0.000018 
1892.599409 -0.000060 
1891.132218 0.000029 
1889.665026 -0.000164 
1888.197835 -0.000123 
1886.730643 -0.000135 
1885.263452 -0.000195 
1883.796260 -0.000017 
1882.329069 -0.000115 
1880.861877 -0.000094 
1879.394686 -0.000100 
1877.927494 -0.000162 
1876.460303 -0.000098 
1874.993111 -0.000041 
1873.525920 -0.000026 
1872.058728 -0.000116 
1870.591537 -0.000100 
1869.124345 -0.000192 
1867.657154 -0.000182 
1866.189962 0.000000 
1864.722771 -0.000008 
1863.255579 -0.000059 
1861.788388 -0.000148 
1860.321196 -0.000186 
1858.854005 -0.000100 
1857.386813 -0.000148 
1855.919622 -0.000111 
1854.452430 -0.000196 
1852.985239 -0.000152 
1851.518047 -0.000100 
1850.050856 -0.000100 
1848.583664 -0.000100 
1847.116473 -0.000190 
1845.649281 -0.000105 
1844.182090 0.000003 
1842.714898 -0.000100 
1841.247707 -0.000100 
1839.780515 -0.000038 
1838.313324 -0.000100 
1836.846132 -0.000019 
1835.378941 0.000100 
1833.911749 0.000000 
1832.444558 0.000070 
1830.977366 0.000089 
1829.510175 0.000122 
1828.042983 0.000119 
1826.575792 0.000248 
1825.108600 0.000300 
1823.641409 0.000219 
1822.174217 0.000416 
1820.707026 0.000400 
1819.239834 0.000482 
1817.772643 0.000500 
1816.305451 0.000523 
1814.838260 0.000760 
1813.371068 0.000648 
1811.903877 0.000730 
1810.436685 0.000818 
1808.969494 0.000883 
1807.502302 0.001084 
1806.035111 0.001201 
1804.567919 0.001200 
1803.100728 0.001353 
1801.633536 0.001464 
1800.166345 0.001548 
1798.699153 0.001685 
1797.231962 0.001616 
1795.764770 0.001800 
1794.297579 0.001915 
1792.830387 0.002000 
1791.363196 0.002149 
1789.896004 0.002316 
1788.428813 0.002483 
1786.961621 0.002700 
1785.494430 0.002900 
1784.027238 0.002982 
1782.560047 0.003197 
1781.092855 0.003401 
1779.625664 0.003510 
1778.158472 0.003800 
1776.691281 0.004016 
1775.224089 0.004264 
1773.756898 0.004549 
1772.289706 0.004532 
1770.822515 0.004866 
1769.355323 0.005119 
1767.888132 0.005516 
1766.420940 0.005846 
1764.953749 0.006182 
1763.486557 0.006511 
1762.019366 0.006765 
1760.552174 0.007220 
1759.084983 0.007664 
1757.617791 0.008106 
1756.150600 0.008388 
1754.683408 0.008887 
1753.216217 0.009330 
1751.749025 0.009871 
1750.281834 0.010429 
1748.814642 0.011037 
1747.347451 0.011698 
1745.880259 0.012165 
1744.413068 0.012940 
1742.945876 0.013650 
1741.478685 0.014397 
1740.011493 0.015051 
1738.544302 0.015798 
1737.077110 0.016582 
1735.609919 0.017566 
1734.142727 0.018374 
1732.675536 0.019188 
1731.208344 0.020383 
1729.741153 0.021366 
1728.273961 0.022401 
1726.806770 0.023451 
1725.339578 0.024555 
1723.872387 0.025670 
1722.405195 0.026887 
1720.938004 0.028104 
1719.470812 0.029137 
1718.003621 0.030521 
1716.536429 0.031606 
1715.069238 0.032873 
1713.602046 0.034091 
1712.134855 0.035358 
1710.667663 0.036454 
1709.200472 0.037837 
1707.733280 0.039127 
1706.266089 0.040377 
1704.798897 0.041511 
1703.331706 0.042617 
1701.864514 0.043795 
1700.397323 0.044762 
1698.930131 0.045889 
1697.462940 0.046973 
1695.995748 0.047848 
1694.528557 0.048715 
1693.061365 0.049695 
1691.594174 0.050553 
1690.126982 0.051383 
1688.659791 0.052108 
1687.192599 0.052850 
1685.725408 0.053609 
1684.258216 0.054054 
1682.791025 0.054626 
1681.323833 0.055251 
1679.856642 0.055727 
1678.389450 0.056242 
1676.922259 0.056539 
1675.455067 0.056829 
1673.987876 0.057247 
1672.520684 0.057501 
1671.053493 0.057561 
1669.586301 0.057616 
1668.119110 0.057767 
1666.651918 0.057866 
1665.184727 0.057984 
1663.717535 0.058000 
1662.250344 0.057900 
1660.783152 0.057816 
1659.315961 0.057800 
1657.848769 0.057587 
1656.381578 0.057504 
1654.914386 0.057400 
1653.447195 0.057218 
1651.980003 0.056860 
1650.512812 0.056798 
1649.045620 0.056532 
1647.578429 0.056423 
1646.111237 0.055869 
1644.644046 0.055665 
1643.176854 0.055247 
1641.709663 0.054883 
1640.242471 0.054423 
1638.775280 0.053814 
1637.308088 0.053357 
1635.840897 0.052630 
1634.373706 0.051804 
1632.906514 0.051180 
1631.439323 0.050373 
1629.972131 0.049485 
1628.504940 0.048510 
1627.037748 0.047682 
1625.570557 0.046575 
1624.103365 0.045633 
1622.636174 0.044742 
1621.168982 0.043648 
1619.701791 0.042845 
1618.234599 0.041924 
1616.767408 0.040871 
1615.300216 0.040045 
1613.833025 0.039362 
1612.365833 0.038669 
1610.898642 0.037969 
1609.431450 0.037260 
1607.964259 0.036668 
1606.497067 0.036097 
1605.029876 0.035483 
1603.562684 0.034807 
1602.095493 0.034299 
1600.628301 0.033644 
1599.161110 0.033081 
1597.693918 0.032523 
1596.226727 0.032000 
1594.759535 0.031555 
1593.292344 0.031098 
1591.825152 0.030734 
1590.357961 0.030236 
1588.890769 0.029901 
1587.423578 0.029446 
1585.956386 0.029045 
1584.489195 0.028847 
1583.022003 0.028461 
1581.554812 0.028128 
1580.087620 0.027796 
1578.620429 0.027604 
1577.153237 0.027415 
1575.686046 0.027064 
1574.218854 0.026802 
1572.751663 0.026629 
1571.284471 0.026418 
1569.817280 0.026200 
1568.350088 0.026115 
1566.882897 0.026000 
1565.415705 0.025781 
1563.948514 0.025700 
1562.481322 0.025396 
1561.014131 0.025355 
1559.546939 0.025109 
1558.079748 0.024948 
1556.612556 0.024700 
1555.145365 0.024759 
1553.678173 0.024400 
1552.210982 0.024360 
1550.743790 0.024129 
1549.276599 0.023885 
1547.809407 0.023697 
1546.342216 0.023596 
1544.875024 0.023273 
1543.407833 0.023173 
1541.940641 0.022922 
1540.473450 0.022743 
1539.006258 0.022672 
1537.539067 0.022510 
1536.071875 0.022471 
1534.604684 0.022182 
1533.137492 0.022273 
1531.670301 0.022200 
1530.203109 0.022244 
1528.735918 0.022200 
1527.268726 0.022047 
1525.801535 0.021878 
1524.334343 0.021519 
1522.867152 0.021306 
1521.399960 0.020856 
1519.932769 0.020731 
1518.465577 0.020512 
1516.998386 0.020181 
1515.531194 0.020014 
1514.064003 0.019882 
1512.596811 0.019615 
1511.129620 0.019328 
1509.662428 0.019300 
1508.195237 0.019085 
1506.728045 0.018821 
1505.260854 0.018663 
1503.793662 0.018654 
1502.326471 0.018414 
1500.859279 0.018300 
1499.392088 0.018080 
1497.924896 0.018000 
1496.457705 0.017780 
1494.990513 0.017685 
1493.523322 0.017603 
1492.056130 0.017326 
1490.588939 0.017270 
1489.121747 0.017107 
1487.654556 0.016902 
1486.187364 0.016805 
1484.720173 0.016717 
1483.252981 0.016600 
1481.785790 0.016610 
1480.318598 0.016500 
1478.851407 0.016347 
1477.384215 0.016360 
1475.917024 0.015940 
1474.449832 0.015820 
1472.982641 0.015489 
1471.515449 0.015313 
1470.048258 0.015154 
1468.581066 0.015133 
1467.113875 0.014816 
1465.646683 0.014960 
1464.179492 0.014800 
1462.712300 0.014626 
1461.245109 0.014530 
1459.777917 0.014353 
1458.310726 0.014192 
1456.843534 0.013911 
1455.376343 0.013884 
1453.909151 0.013807 
1452.441960 0.013646 
1450.974768 0.013700 
1449.507577 0.013700 
1448.040385 0.013428 
1446.573194 0.013279 
1445.106002 0.013224 
1443.638811 0.013029 
1442.171619 0.012873 
1440.704428 0.012623 
1439.237236 0.012615 
1437.770045 0.012600 
1436.302853 0.012425 
1434.835662 0.012371 
1433.368470 0.012344 
1431.901279 0.012245 
1430.434087 0.012146 
1428.966896 0.012058 
1427.499704 0.011878 
1426.032513 0.011928 
1424.565321 0.011737 
1423.098130 0.011621 
1421.630938 0.011546 
1420.163747 0.011471 
1418.696555 0.011395 
1417.229364 0.011300 
1415.762172 0.011162 
1414.294981 0.011054 
1412.827789 0.010938 
1411.360598 0.010721 
1409.893406 0.010781 
1408.426215 0.010700 
1406.959023 0.010579 
1405.491832 0.010585 
1404.024640 0.010427 
1402.557449 0.010222 
1401.090257 0.010212 
1399.623066 0.010113 
1398.155874 0.009979 
1396.688683 0.009988 
1395.221491 0.009800 
1393.754300 0.009818 
1392.287108 0.009612 
1390.819917 0.009551 
1389.352725 0.009500 
1387.885534 0.009412 
1386.418342 0.009248 
1384.951151 0.009179 
1383.483959 0.009188 
1382.016768 0.009045 
1380.549576 0.008978 
1379.082385 0.008900 
1377.615193 0.008800 
1376.148002 0.008711 
1374.680811 0.008510 
1373.213619 0.008500 
1371.746428 0.008539 
1370.279236 0.008392 
1368.812045 0.008166 
1367.344853 0.008190 
1365.877662 0.008108 
1364.410470 0.007990 
1362.943279 0.007822 
1361.476087 0.007900 
1360.008896 0.007750 
1358.541704 0.007578 
1357.074513 0.007424 
1355.607321 0.007345 
1354.140130 0.007300 
1352.672938 0.007202 
1351.205747 0.007066 
1349.738555 0.006962 
1348.271364 0.006803 
1346.804172 0.006700 
1345.336981 0.006678 
1343.869789 0.006511 
1342.402598 0.006489 
1340.935406 0.006522 
1339.468215 0.006422 
1338.001023 0.006432 
1336.533832 0.006478 
1335.066640 0.006578 
1333.599449 0.006444 
1332.132257 0.006416 
1330.665066 0.006408 
1329.197874 0.006400 
1327.730683 0.006322 
1326.263491 0.006342 
1324.796300 0.006300 
1323.329108 0.006347 
1321.861917 0.006389 
1320.394725 0.006344 
1318.927534 0.006546 
1317.460342 0.006913 
1315.993151 0.007824 
1314.525959 0.009340 
1313.058768 0.012180 
1311.591576 0.017366 
1310.124385 0.025316 
1308.657193 0.036882 
1307.190002 0.051767 
1305.722810 0.068181 
1304.255619 0.082551 
1302.788427 0.089333 
1301.321236 0.086869 
1299.854044 0.076048 
1298.386853 0.058389 
1296.919661 0.038210 
1295.452470 0.021309 
1293.985278 0.012211 
1292.518087 0.007953 
1291.050895 0.006045 
1289.583704 0.004887 
1288.116512 0.004324 
1286.649321 0.004007 
1285.182129 0.003675 
1283.714938 0.003687 
1282.247746 0.003515 
1280.780555 0.003444 
1279.313363 0.003323 
1277.846172 0.003310 
1276.378980 0.003300 
1274.911789 0.003177 
1273.444597 0.003124 
1271.977406 0.003117 
1270.510214 0.002985 
1269.043023 0.002993 
1267.575831 0.002943 
1266.108640 0.002877 
1264.641448 0.002890 
1263.174257 0.002869 
1261.707065 0.002623 
1260.239874 0.002610 
1258.772682 0.002534 
1257.305491 0.002441 
1255.838299 0.002310 
1254.371108 0.002343 
1252.903916 0.002123 
1251.436725 0.002110 
1249.969533 0.002000 
1248.502342 0.001968 
1247.035150 0.001872 
1245.567959 0.001800 
1244.100767 0.001659 
1242.633576 0.001600 
1241.166384 0.001557 
1239.699193 0.001497 
1238.232001 0.001408 
1236.764810 0.001338 
1235.297618 0.001271 
1233.830427 0.001021 
1232.363235 0.001000 
1230.896044 0.001025 
1229.428852 0.001010 
1227.961661 0.000909 
1226.494469 0.000724 
1225.027278 0.000800 
1223.560086 0.000800 
1222.092895 0.000841 
1220.625703 0.000802 
1219.158512 0.000700 
1217.691320 0.000614 
1216.224129 0.000702 
1214.756937 0.000585 
1213.289746 0.000634 
1211.822554 0.000494 
1210.355363 0.000479 
1208.888171 0.000422 
1207.420980 0.000265 
1205.953788 0.000349 
1204.486597 0.000276 
1203.019405 0.000185 
1201.552214 0.000142 
1200.085022 0.000086 
1198.617831 0.000186 
1197.150639 0.000177 
1195.683448 0.000111 
1194.216256 0.000012 
1192.749065 0.000000 
1191.281873 -0.000177 
1189.814682 -0.000100 
1188.347490 -0.000100 
1186.880299 -0.000195 
1185.413107 -0.000198 
1183.945916 -0.000236 
1182.478724 -0.000350 
1181.011533 -0.000216 
1179.544341 -0.000242 
1178.077150 -0.000357 
1176.609958 -0.000294 
1175.142767 -0.000338 
1173.675575 -0.000500 
1172.208384 -0.000442 
1170.741192 -0.000300 
1169.274001 -0.000400 
1167.806809 -0.000227 
1166.339618 -0.000458 
1164.872426 -0.000425 
1163.405235 -0.000409 
1161.938043 -0.000458 
1160.470852 -0.000581 
1159.003660 -0.000502 
1157.536469 -0.000325 
1156.069277 -0.000575 
1154.602086 -0.000592 
1153.134894 -0.000444 
1151.667703 -0.000525 
1150.200511 -0.000508 
1148.733320 -0.000613 
1147.266128 -0.000675 
1145.798937 -0.000600 
1144.331745 -0.000500 
1142.864554 -0.000520 
1141.397362 -0.000559 
1139.930171 -0.000598 
1138.462979 -0.000475 
1136.995788 -0.000400 
1135.528596 -0.000458 
1134.061405 -0.000418 
1132.594213 -0.000498 
1131.127022 -0.000383 
1129.659830 -0.000275 
1128.192639 -0.000200 
1126.725447 -0.000195 
1125.258256 -0.000137 
1123.791064 -0.000200 
1122.323873 -0.000059 
1120.856681 -0.000256 
1119.389490 -0.000234 
1117.922298 -0.000200 
1116.455107 -0.000300 
1114.987916 -0.000208 
1113.520724 -0.000341 
1112.053533 -0.000205 
1110.586341 -0.000292 
1109.119150 -0.000300 
1107.651958 -0.000279 
1106.184767 -0.000201 
1104.717575 -0.000241 
1103.250384 -0.000174 
1101.783192 -0.000100 
1100.316001 -0.000131 
1098.848809 -0.000052 
1097.381618 -0.000200 
1095.914426 -0.000059 
1094.447235 -0.000059 
1092.980043 0.000004 
1091.512852 -0.000052 
1090.045660 -0.000007 
1088.578469 -0.000052 
1087.111277 0.000025 
1085.644086 0.000000 
1084.176894 -0.000164 
1082.709703 -0.000104 
1081.242511 -0.000100 
1079.775320 -0.000193 
1078.308128 -0.000228 
1076.840937 -0.000300 
1075.373745 -0.000393 
1073.906554 -0.000376 
1072.439362 -0.000526 
1070.972171 -0.000600 
1069.504979 -0.000627 
1068.037788 -0.000352 
1066.570596 -0.000686 
1065.103405 -0.000588 
1063.636213 -0.000737 
1062.169022 -0.000509 
1060.701830 -0.000600 
1059.234639 -0.000553 
1057.767447 -0.000700 
1056.300256 -0.000623 
1054.833064 -0.000767 
1053.365873 -0.000707 
1051.898681 -0.000716 
1050.431490 -0.000775 
1048.964298 -0.000626 
1047.497107 -0.000601 
1046.029915 -0.000642 
1044.562724 -0.000517 
1043.095532 -0.000480 
1041.628341 -0.000500 
1040.161149 -0.000437 
1038.693958 -0.000480 
1037.226766 -0.000300 
1035.759575 -0.000300 
1034.292383 -0.000424 
1032.825192 -0.000180 
1031.358000 -0.000093 
1029.890809 0.000080 
1028.423617 -0.000015 
1026.956426 0.000287 
1025.489234 0.000094 
1024.022043 0.000554 
1022.554851 0.000589 
1021.087660 0.000579 
1019.620468 0.000803 
1018.153277 0.001058 
1016.686085 0.001000 
1015.218894 0.000627 
1013.751702 0.000712 
1012.284511 0.000250 
1010.817319 0.000200 
1009.350128 0.000082 
1007.882936 -0.000381 
1006.415745 -0.000607 
1004.948553 -0.000788 
1003.481362 -0.000900 
1002.014170 -0.000827 
1000.546979 -0.000900 
999.079787 -0.000900 
997.612596 -0.000786 
996.145404 -0.000778 
994.678213 -0.000627 
993.211021 -0.000504 
991.743830 -0.000203 
990.276638 -0.000111 
988.809447 0.000190 
987.342255 0.000400 
985.875064 0.000598 
984.407872 0.000883 
982.940681 0.001100 
981.473489 0.001581 
980.006298 0.001983 
978.539106 0.002382 
977.071915 0.002628 
975.604723 0.003149 
974.137532 0.003678 
972.670340 0.004087 
971.203149 0.004582 
969.735957 0.005139 
968.268766 0.005674 
966.801574 0.006241 
965.334383 0.006916 
963.867191 0.007558 
962.400000 0.008294 
960.932808 0.008885 
959.465617 0.009684 
957.998425 0.010492 
956.531234 0.011230 
955.064042 0.012032 
953.596851 0.012859 
952.129659 0.013717 
950.662468 0.014455 
949.195276 0.015333 
947.728085 0.016248 
946.260893 0.017151 
944.793702 0.018146 
943.326510 0.019163 
941.859319 0.019995 
940.392127 0.021036 
938.924936 0.022088 
937.457744 0.022948 
935.990553 0.023803 
934.523361 0.024867 
933.056170 0.026050 
931.588978 0.027095 
930.121787 0.028189 
928.654595 0.029128 
927.187404 0.030273 
925.720212 0.031362 
924.253021 0.032442 
922.785829 0.033577 
921.318638 0.034432 
919.851446 0.035638 
918.384255 0.036556 
916.917063 0.037770 
915.449872 0.038742 
913.982680 0.039859 
912.515489 0.040843 
911.048297 0.041919 
909.581106 0.043186 
908.113914 0.044279 
906.646723 0.045246 
905.179531 0.046217 
903.712340 0.047398 
902.245148 0.048405 
900.777957 0.049336 
899.310765 0.050333 
897.843574 0.051530 
896.376382 0.052618 
894.909191 0.053709 
893.441999 0.054642 
891.974808 0.055605 
890.507616 0.056955 
889.040425 0.057562 
887.573233 0.058645 
886.106042 0.059635 
884.638850 0.060503 
883.171659 0.061539 
881.704467 0.062588 
880.237276 0.063297 
878.770084 0.064478 
877.302893 0.065448 
875.835701 0.066309 
874.368510 0.067088 
872.901318 0.067814 
871.434127 0.068889 
869.966935 0.069772 
868.499744 0.070841 
867.032552 0.071638 
865.565361 0.072443 
864.098169 0.073533 
862.630978 0.074119 
861.163786 0.074928 
859.696595 0.076029 
858.229404 0.076661 
856.762212 0.077434 
855.295021 0.078368 
853.827829 0.079080 
852.360638 0.079906 
850.893446 0.080461 
849.426255 0.081479 
847.959063 0.082117 
846.491872 0.083038 
845.024680 0.083579 
843.557489 0.084177 
842.090297 0.084853 
840.623106 0.085556 
839.155914 0.086196 
837.688723 0.086907 
836.221531 0.087589 
834.754340 0.088006 
833.287148 0.088902 
831.819957 0.089619 
830.352765 0.090225 
828.885574 0.090683 
827.418382 0.091637 
825.951191 0.091947 
824.483999 0.092095 
823.016808 0.092908 
821.549616 0.093561 
820.082425 0.094220 
818.615233 0.094693 
817.148042 0.095161 
815.680850 0.095551 
814.213659 0.095822 
812.746467 0.096320 
811.279276 0.096894 
809.812084 0.097226 
808.344893 0.097858 
806.877701 0.098482 
805.410510 0.098221 
803.943318 0.098687 
802.476127 0.099208 
801.008935 0.099137 
799.541744 0.099548 
798.074552 0.100082 
796.607361 0.099920 
795.140169 0.100422 
793.672978 0.100754 
792.205786 0.100374 
790.738595 0.100802 
789.271403 0.100975 
787.804212 0.101053 
786.337020 0.101183 
784.869829 0.101371 
783.402637 0.101285 
781.935446 0.101629 
780.468254 0.101600 
779.001063 0.101348 
777.533871 0.100934 
776.066680 0.101898 
774.599488 0.101574 
773.132297 0.101207 
771.665105 0.101387 
770.197914 0.100904 
768.730722 0.101171 
767.263531 0.101150 
765.796339 0.100645 
764.329148 0.100556 
762.861956 0.100262 
761.394765 0.099919 
759.927573 0.099829 
758.460382 0.100216 
756.993190 0.098961 
755.525999 0.098858 
754.058807 0.098404 
752.591616 0.098192 
751.124424 0.098135 
749.657233 0.097756 
748.190041 0.096611 
746.722850 0.096983 
745.255658 0.096010 
743.788467 0.096194 
742.321275 0.095554 
740.854084 0.094592 
739.386892 0.094465 
737.919701 0.094075 
736.452509 0.094165 
734.985318 0.092959 
733.518126 0.092443 
732.050935 0.091453 
730.583743 0.090786 
729.116552 0.090460 
727.649360 0.089751 
726.182169 0.088613 
724.714977 0.088215 
723.247786 0.087835 
721.780594 0.086937 
720.313403 0.085543 
718.846211 0.084411 
717.379020 0.084456 
715.911828 0.084194 
714.444637 0.082943 
712.977445 0.081680 
711.510254 0.081615 
710.043062 0.079749 
708.575871 0.079505 
707.108679 0.077048 
705.641488 0.077991 
704.174296 0.076888 
702.707105 0.074128 
701.239913 0.074247 
699.772722 0.073308 
698.305530 0.071942 
696.838339 0.070727 
695.371147 0.068686 
693.903956 0.068417 
692.436764 0.067166 
690.969573 0.065998 
689.502381 0.065437 
688.035190 0.063865 
686.567998 0.063068 
685.100807 0.062182 
683.633615 0.060508 
682.166424 0.058845 
680.699232 0.056422 
679.232041 0.056865 
677.764849 0.057392 
676.297658 0.055357 
674.830466 0.053032 
673.363275 0.053061 
671.896083 0.049521 
670.428892 0.048512 
668.961700 0.048796 
667.494509 0.046245 
666.027317 0.047911 
664.560126 0.045170 
663.092934 0.042598 
661.625743 0.043820 
660.158551 0.040375 
658.691360 0.043644 
657.224168 0.039269 
655.756977 0.037790 
654.289785 0.038956 
652.822594 0.035674 
651.355402 0.033565 
649.888211 0.034645 
648.421019 0.032111 
646.953828 0.031867 
645.486636 0.032343 
644.019445 0.033088 
642.552253 0.030097 
641.085062 0.028636 
639.617870 0.027282 
638.150679 0.025685 
636.683487 0.026590 
635.216296 0.021806 
633.749104 0.021275 
632.281913 0.020381 
630.814721 0.020902 
629.347530 0.018357 
627.880338 0.019508 
626.413147 0.018514 
624.945955 0.016287 
623.478764 0.014568 
622.011572 0.012993 
620.544381 0.015379 
619.077189 0.011467 
617.609998 0.009659 
616.142806 0.013622 
614.675615 0.013528 
613.208423 0.005424 
611.741232 0.008234 
610.274040 0.004870 
608.806849 0.007998 
607.339657 0.005508 
605.872466 0.003990 
604.405274 0.000960 
602.938083 0.001272 
601.470891 -0.000133 
600.003700 -0.000200 
