5000.111000 0.000700 
4998.643809 0.000344 
4997.176617 0.001158 
4995.709426 0.001170 
4994.242234 0.000967 
4992.775043 0.000566 
4991.307851 -0.000753 
4989.840660 0.000336 
4988.373468 0.000214 
4986.906277 -0.000206 
4985.439085 0.000345 
4983.971894 -0.000916 
4982.504702 -0.001307 
4981.037511 -0.000429 
4979.570319 -0.000532 
4978.103128 -0.000702 
4976.635936 -0.000502 
4975.168745 -0.000862 
4973.701553 0.000940 
4972.234362 -0.000424 
4970.767170 0.000262 
4969.299979 -0.000716 
4967.832787 0.000643 
4966.365596 0.000605 
4964.898404 0.000618 
4963.431213 -0.000654 
4961.964021 -0.001262 
4960.496830 0.001556 
4959.029638 0.000243 
4957.562447 -0.000193 
4956.095255 -0.001653 
4954.628064 -0.000700 
4953.160872 -0.000374 
4951.693681 -0.001568 
4950.226489 0.000305 
4948.759298 -0.000600 
4947.292106 -0.001192 
4945.824915 -0.000670 
4944.357723 -0.001476 
4942.890532 -0.000619 
4941.423340 0.000169 
4939.956149 0.000137 
4938.488957 -0.000866 
4937.021766 0.000333 
4935.554574 0.000087 
4934.087383 -0.000672 
4932.620191 0.000819 
4931.153000 -0.000137 
4929.685808 0.000397 
4928.218617 -0.000749 
4926.751425 0.000461 
4925.284234 -0.000452 
4923.817042 -0.000259 
4922.349851 -0.000177 
4920.882659 -0.000019 
4919.415468 -0.000273 
4917.948276 -0.000243 
4916.481085 0.000624 
4915.013893 0.000316 
4913.546702 -0.000516 
4912.079510 -0.000608 
4910.612319 0.000295 
4909.145127 -0.000503 
4907.677936 -0.000019 
4906.210744 0.000609 
4904.743553 0.000074 
4903.276361 0.001351 
4901.809170 -0.000155 
4900.341978 0.000549 
4898.874787 -0.000550 
4897.407595 -0.000396 
4895.940404 -0.000029 
4894.473212 -0.000307 
4893.006021 0.000092 
4891.538829 -0.000091 
4890.071638 -0.000721 
4888.604446 0.000163 
4887.137255 -0.000605 
4885.670063 0.000182 
4884.202872 0.000332 
4882.735680 0.000042 
4881.268489 0.000049 
4879.801297 0.000802 
4878.334106 -0.000227 
4876.866914 0.000454 
4875.399723 -0.000272 
4873.932531 0.000746 
4872.465340 0.000215 
4870.998148 -0.001242 
4869.530957 -0.000639 
4868.063765 0.000393 
4866.596574 0.000371 
4865.129382 0.000218 
4863.662191 -0.000237 
4862.194999 -0.000397 
4860.727808 -0.000165 
4859.260616 0.000406 
4857.793425 0.001074 
4856.326233 -0.000343 
4854.859042 0.000524 
4853.391850 -0.000538 
4851.924659 0.000708 
4850.457467 -0.001328 
4848.990276 0.000519 
4847.523084 0.000590 
4846.055893 -0.000028 
4844.588701 -0.000481 
4843.121510 0.000076 
4841.654318 -0.000553 
4840.187127 0.000133 
4838.719935 0.000212 
4837.252744 -0.000452 
4835.785552 -0.000070 
4834.318361 -0.000719 
4832.851169 -0.000442 
4831.383978 -0.000088 
4829.916786 -0.000014 
4828.449595 -0.000975 
4826.982403 0.000096 
4825.515212 0.000764 
4824.048020 0.001145 
4822.580829 0.000529 
4821.113637 -0.000175 
4819.646446 -0.000169 
4818.179254 -0.000032 
4816.712063 0.000370 
4815.244871 -0.000188 
4813.777680 0.000204 
4812.310488 -0.000626 
4810.843297 -0.000404 
4809.376105 -0.000213 
4807.908914 -0.000434 
4806.441722 -0.000807 
4804.974531 -0.001041 
4803.507339 -0.000684 
4802.040148 0.000120 
4800.572956 -0.000023 
4799.105765 0.000069 
4797.638573 -0.000603 
4796.171382 -0.000643 
4794.704190 -0.000264 
4793.236999 -0.000426 
4791.769807 -0.000202 
4790.302616 -0.000778 
4788.835424 -0.000232 
4787.368233 -0.000346 
4785.901041 -0.001103 
4784.433850 -0.001027 
4782.966658 -0.000549 
4781.499467 -0.000937 
4780.032275 -0.001777 
4778.565084 -0.001163 
4777.097892 -0.000898 
4775.630701 -0.003101 
4774.163509 -0.001388 
4772.696318 -0.000344 
4771.229126 -0.000175 
4769.761935 -0.001047 
4768.294743 -0.001189 
4766.827552 -0.001030 
4765.360360 -0.001453 
4763.893169 -0.001429 
4762.425977 -0.002144 
4760.958786 -0.001480 
4759.491594 -0.000998 
4758.024403 -0.001608 
4756.557211 -0.001627 
4755.090020 0.000097 
4753.622828 -0.000778 
4752.155637 -0.000741 
4750.688445 -0.001377 
4749.221254 -0.000757 
4747.754062 -0.000131 
4746.286871 -0.000592 
4744.819679 -0.001301 
4743.352488 -0.000408 
4741.885296 0.000324 
4740.418105 -0.001476 
4738.950914 -0.000739 
4737.483722 -0.001104 
4736.016531 -0.000084 
4734.549339 -0.000055 
4733.082148 -0.000800 
4731.614956 -0.000842 
4730.147765 -0.000938 
4728.680573 -0.000290 
4727.213382 0.000202 
4725.746190 -0.000967 
4724.278999 0.000150 
4722.811807 -0.000824 
4721.344616 0.000020 
4719.877424 -0.000637 
4718.410233 -0.000243 
4716.943041 -0.001164 
4715.475850 -0.001413 
4714.008658 -0.000603 
4712.541467 -0.000171 
4711.074275 -0.000596 
4709.607084 0.000155 
4708.139892 -0.000529 
4706.672701 -0.000629 
4705.205509 -0.000050 
4703.738318 -0.000322 
4702.271126 -0.000079 
4700.803935 -0.000895 
4699.336743 -0.000362 
4697.869552 -0.000562 
4696.402360 -0.001622 
4694.935169 -0.000079 
4693.467977 -0.000779 
4692.000786 -0.001071 
4690.533594 -0.000599 
4689.066403 0.000376 
4687.599211 -0.000583 
4686.132020 -0.000457 
4684.664828 -0.000697 
4683.197637 -0.000071 
4681.730445 -0.001095 
4680.263254 -0.000855 
4678.796062 -0.000409 
4677.328871 0.000370 
4675.861679 0.000105 
4674.394488 -0.000050 
4672.927296 -0.001062 
4671.460105 0.000377 
4669.992913 -0.000953 
4668.525722 -0.001131 
4667.058530 -0.000284 
4665.591339 0.000212 
4664.124147 -0.000173 
4662.656956 -0.000082 
4661.189764 0.000256 
4659.722573 -0.000484 
4658.255381 -0.000212 
4656.788190 -0.000879 
4655.320998 -0.000127 
4653.853807 -0.000393 
4652.386615 -0.000184 
4650.919424 -0.000715 
4649.452232 0.000010 
4647.985041 0.000175 
4646.517849 0.000139 
4645.050658 -0.000527 
4643.583466 -0.000556 
4642.116275 -0.000440 
4640.649083 0.000040 
4639.181892 0.000872 
4637.714700 0.000117 
4636.247509 0.000121 
4634.780317 -0.000326 
4633.313126 0.000203 
4631.845934 0.000125 
4630.378743 -0.000691 
4628.911551 -0.000182 
4627.444360 -0.001010 
4625.977168 -0.000931 
4624.509977 0.000070 
4623.042785 0.000419 
4621.575594 -0.000516 
4620.108402 -0.000215 
4618.641211 -0.000394 
4617.174019 -0.000392 
4615.706828 -0.000325 
4614.239636 0.000631 
4612.772445 0.000294 
4611.305253 0.000456 
4609.838062 -0.000206 
4608.370870 -0.000483 
4606.903679 -0.000551 
4605.436487 0.000168 
4603.969296 0.000123 
4602.502104 0.000594 
4601.034913 0.000628 
4599.567721 -0.000842 
4598.100530 -0.000595 
4596.633338 -0.000337 
4595.166147 -0.000281 
4593.698955 0.000983 
4592.231764 0.000207 
4590.764572 0.000189 
4589.297381 0.000477 
4587.830189 0.000769 
4586.362998 0.000350 
4584.895806 -0.000056 
4583.428615 -0.000095 
4581.961423 -0.000099 
4580.494232 0.000510 
4579.027040 0.000175 
4577.559849 0.000924 
4576.092657 0.000767 
4574.625466 0.001328 
4573.158274 0.000587 
4571.691083 0.000892 
4570.223891 0.000638 
4568.756700 0.000729 
4567.289508 0.000700 
4565.822317 0.001506 
4564.355125 0.001432 
4562.887934 0.000587 
4561.420742 0.001610 
4559.953551 0.000843 
4558.486359 0.000137 
4557.019168 0.000375 
4555.551976 0.000175 
4554.084785 0.000388 
4552.617593 0.000988 
4551.150402 0.000924 
4549.683210 -0.000008 
4548.216019 0.000590 
4546.748827 0.001176 
4545.281636 0.001375 
4543.814444 0.001625 
4542.347253 0.000772 
4540.880061 0.000606 
4539.412870 0.000613 
4537.945678 0.001613 
4536.478487 -0.000306 
4535.011295 0.000157 
4533.544104 0.001600 
4532.076912 0.001418 
4530.609721 0.001483 
4529.142529 0.000685 
4527.675338 0.000867 
4526.208146 0.000955 
4524.740955 0.001314 
4523.273763 0.000759 
4521.806572 0.001131 
4520.339380 0.001107 
4518.872189 0.000547 
4517.404997 0.000933 
4515.937806 0.000944 
4514.470614 0.001120 
4513.003423 0.000822 
4511.536231 0.000829 
4510.069040 0.001502 
4508.601848 0.000822 
4507.134657 0.002010 
4505.667465 0.000255 
4504.200274 0.001046 
4502.733082 0.001015 
4501.265891 0.000982 
4499.798699 0.000108 
4498.331508 0.000042 
4496.864316 0.000847 
4495.397125 0.000818 
4493.929933 -0.000054 
4492.462742 0.000623 
4490.995550 0.000787 
4489.528359 0.001093 
4488.061167 0.000415 
4486.593976 0.000727 
4485.126784 0.000845 
4483.659593 0.000382 
4482.192402 0.000820 
4480.725210 0.000627 
4479.258019 -0.000293 
4477.790827 0.001083 
4476.323636 0.000851 
4474.856444 0.000846 
4473.389253 0.000530 
4471.922061 0.000161 
4470.454870 0.000658 
4468.987678 0.000170 
4467.520487 0.000480 
4466.053295 0.000396 
4464.586104 0.000334 
4463.118912 -0.000145 
4461.651721 0.000212 
4460.184529 0.000209 
4458.717338 -0.000411 
4457.250146 -0.000535 
4455.782955 0.000922 
4454.315763 0.000699 
4452.848572 -0.000101 
4451.381380 0.000788 
4449.914189 0.000340 
4448.446997 0.000314 
4446.979806 -0.000404 
4445.512614 0.000002 
4444.045423 0.000597 
4442.578231 0.000376 
4441.111040 0.000253 
4439.643848 0.000119 
4438.176657 0.000262 
4436.709465 0.000556 
4435.242274 0.001099 
4433.775082 0.000521 
4432.307891 -0.000336 
4430.840699 0.000042 
4429.373508 0.000254 
4427.906316 0.000110 
4426.439125 0.000827 
4424.971933 0.000681 
4423.504742 0.000606 
4422.037550 0.000577 
4420.570359 -0.000090 
4419.103167 -0.000173 
4417.635976 -0.000339 
4416.168784 -0.000452 
4414.701593 0.000375 
4413.234401 0.001112 
4411.767210 0.000304 
4410.300018 0.000570 
4408.832827 -0.000301 
4407.365635 0.000201 
4405.898444 -0.000164 
4404.431252 -0.000271 
4402.964061 0.000566 
4401.496869 0.000288 
4400.029678 0.000229 
4398.562486 0.000423 
4397.095295 0.000861 
4395.628103 0.000823 
4394.160912 0.000357 
4392.693720 -0.000114 
4391.226529 -0.000116 
4389.759337 0.000206 
4388.292146 0.000443 
4386.824954 0.000585 
4385.357763 0.000279 
4383.890571 0.000367 
4382.423380 -0.000232 
4380.956188 0.000572 
4379.488997 0.000083 
4378.021805 0.000486 
4376.554614 -0.000124 
4375.087422 0.000250 
4373.620231 0.000490 
4372.153039 0.000353 
4370.685848 0.000036 
4369.218656 0.000423 
4367.751465 0.000337 
4366.284273 -0.000072 
4364.817082 0.000300 
4363.349890 -0.000061 
4361.882699 -0.000135 
4360.415507 -0.000107 
4358.948316 0.000553 
4357.481124 0.000328 
4356.013933 0.000388 
4354.546741 0.000819 
4353.079550 0.000656 
4351.612358 0.000300 
4350.145167 0.000303 
4348.677975 0.000895 
4347.210784 0.000129 
4345.743592 -0.000206 
4344.276401 0.000758 
4342.809209 0.000251 
4341.342018 0.000772 
4339.874826 0.000222 
4338.407635 0.000864 
4336.940443 -0.000081 
4335.473252 0.000809 
4334.006060 0.000584 
4332.538869 0.000228 
4331.071677 0.000057 
4329.604486 0.000295 
4328.137294 0.000099 
4326.670103 0.000115 
4325.202911 0.000184 
4323.735720 0.000475 
4322.268528 0.000210 
4320.801337 0.000115 
4319.334145 0.000349 
4317.866954 0.000853 
4316.399762 0.000410 
4314.932571 0.000398 
4313.465379 0.000256 
4311.998188 0.000057 
4310.530996 0.000571 
4309.063805 0.000573 
4307.596613 0.000976 
4306.129422 0.000358 
4304.662230 0.000329 
4303.195039 0.001091 
4301.727847 0.000227 
4300.260656 0.000429 
4298.793464 0.000608 
4297.326273 0.000038 
4295.859081 0.000770 
4294.391890 0.000962 
4292.924698 0.000561 
4291.457507 0.000372 
4289.990315 -0.000064 
4288.523124 -0.000104 
4287.055932 0.000190 
4285.588741 0.001102 
4284.121549 0.000693 
4282.654358 0.001062 
4281.187166 -0.000010 
4279.719975 0.000418 
4278.252783 -0.000382 
4276.785592 -0.000076 
4275.318400 -0.000323 
4273.851209 -0.000130 
4272.384017 -0.000505 
4270.916826 -0.000231 
4269.449634 0.000114 
4267.982443 -0.000292 
4266.515251 0.000164 
4265.048060 -0.000118 
4263.580868 0.000729 
4262.113677 0.000045 
4260.646485 0.000510 
4259.179294 0.001289 
4257.712102 0.000271 
4256.244911 0.001678 
4254.777719 0.002596 
4253.310528 0.004070 
4251.843336 0.004512 
4250.376145 0.004184 
4248.908953 0.002465 
4247.441762 0.001899 
4245.974570 0.001016 
4244.507379 0.001176 
4243.040187 0.000723 
4241.572996 0.000345 
4240.105804 0.000735 
4238.638613 0.000337 
4237.171421 0.000527 
4235.704230 -0.000123 
4234.237038 0.001654 
4232.769847 0.000424 
4231.302655 0.000021 
4229.835464 0.000882 
4228.368272 -0.000126 
4226.901081 -0.000166 
4225.433889 0.000171 
4223.966698 0.000210 
4222.499507 -0.000858 
4221.032315 -0.000697 
4219.565124 -0.000047 
4218.097932 0.000048 
4216.630741 0.000729 
4215.163549 -0.000071 
4213.696358 0.000084 
4212.229166 0.000128 
4210.761975 -0.000459 
4209.294783 0.000154 
4207.827592 -0.000297 
4206.360400 -0.000288 
4204.893209 0.000028 
4203.426017 0.000777 
4201.958826 0.000025 
4200.491634 -0.000023 
4199.024443 0.000080 
4197.557251 -0.000208 
4196.090060 0.000163 
4194.622868 0.000084 
4193.155677 -0.000109 
4191.688485 0.000300 
4190.221294 -0.000251 
4188.754102 -0.000028 
4187.286911 -0.000695 
4185.819719 -0.000631 
4184.352528 -0.000108 
4182.885336 -0.000264 
4181.418145 0.000276 
4179.950953 -0.000013 
4178.483762 0.000182 
4177.016570 -0.000153 
4175.549379 -0.000696 
4174.082187 -0.000461 
4172.614996 -0.001264 
4171.147804 0.000007 
4169.680613 -0.000699 
4168.213421 -0.000717 
4166.746230 -0.000451 
4165.279038 -0.000551 
4163.811847 -0.000108 
4162.344655 -0.000426 
4160.877464 -0.000666 
4159.410272 -0.000755 
4157.943081 -0.000620 
4156.475889 -0.000707 
4155.008698 -0.000563 
4153.541506 -0.000127 
4152.074315 -0.000175 
4150.607123 -0.000218 
4149.139932 -0.000711 
4147.672740 0.000009 
4146.205549 0.000188 
4144.738357 0.000014 
4143.271166 -0.000443 
4141.803974 -0.000268 
4140.336783 -0.000036 
4138.869591 -0.000554 
4137.402400 0.000318 
4135.935208 -0.000587 
4134.468017 0.000034 
4133.000825 -0.000329 
4131.533634 -0.000173 
4130.066442 -0.000110 
4128.599251 0.000182 
4127.132059 -0.000270 
4125.664868 -0.000709 
4124.197676 -0.000631 
4122.730485 0.000212 
4121.263293 -0.000545 
4119.796102 -0.000215 
4118.328910 0.000030 
4116.861719 -0.000194 
4115.394527 -0.000249 
4113.927336 -0.000469 
4112.460144 -0.000272 
4110.992953 -0.000592 
4109.525761 -0.000858 
4108.058570 0.000345 
4106.591378 -0.000327 
4105.124187 0.000160 
4103.656995 -0.000007 
4102.189804 -0.000283 
4100.722612 -0.000749 
4099.255421 0.000187 
4097.788229 -0.000112 
4096.321038 0.000146 
4094.853846 -0.000053 
4093.386655 -0.000107 
4091.919463 -0.000190 
4090.452272 -0.000029 
4088.985080 -0.000124 
4087.517889 -0.000449 
4086.050697 -0.000575 
4084.583506 -0.000168 
4083.116314 -0.000468 
4081.649123 -0.000426 
4080.181931 -0.000393 
4078.714740 -0.000109 
4077.247548 0.000364 
4075.780357 0.000394 
4074.313165 -0.000061 
4072.845974 -0.000108 
4071.378782 -0.000257 
4069.911591 -0.000205 
4068.444399 -0.000205 
4066.977208 -0.000894 
4065.510016 -0.000419 
4064.042825 -0.000299 
4062.575633 -0.000078 
4061.108442 -0.000223 
4059.641250 0.000010 
4058.174059 0.000048 
4056.706867 -0.000689 
4055.239676 -0.000195 
4053.772484 -0.000261 
4052.305293 -0.000179 
4050.838101 0.000184 
4049.370910 -0.000490 
4047.903718 -0.000301 
4046.436527 -0.000285 
4044.969335 -0.000425 
4043.502144 -0.000193 
4042.034952 -0.000842 
4040.567761 -0.000575 
4039.100569 0.000039 
4037.633378 -0.000294 
4036.166186 -0.000876 
4034.698995 -0.000588 
4033.231803 0.000070 
4031.764612 0.000189 
4030.297420 0.000080 
4028.830229 -0.000163 
4027.363037 0.000388 
4025.895846 0.000033 
4024.428654 0.000232 
4022.961463 0.000300 
4021.494271 0.000193 
4020.027080 0.000421 
4018.559888 0.000614 
4017.092697 0.000599 
4015.625505 0.000773 
4014.158314 0.000904 
4012.691122 0.000646 
4011.223931 0.001094 
4009.756739 0.001545 
4008.289548 0.002303 
4006.822356 0.000745 
4005.355165 0.001662 
4003.887973 0.001864 
4002.420782 0.001390 
4000.953590 0.001208 
3999.486399 0.001475 
3998.019207 0.001576 
3996.552016 0.001518 
3995.084824 0.001511 
3993.617633 0.002212 
3992.150441 0.001917 
3990.683250 0.002852 
3989.216058 0.002616 
3987.748867 0.002472 
3986.281675 0.001915 
3984.814484 0.001593 
3983.347292 0.001581 
3981.880101 0.002455 
3980.412909 0.001898 
3978.945718 0.002014 
3977.478526 0.002167 
3976.011335 0.002629 
3974.544143 0.001724 
3973.076952 0.002165 
3971.609760 0.002335 
3970.142569 0.001563 
3968.675377 0.002343 
3967.208186 0.002167 
3965.740994 0.001931 
3964.273803 0.001703 
3962.806612 0.002316 
3961.339420 0.001905 
3959.872229 0.001957 
3958.405037 0.002416 
3956.937846 0.001878 
3955.470654 0.001892 
3954.003463 0.002146 
3952.536271 0.001327 
3951.069080 0.001619 
3949.601888 0.001684 
3948.134697 0.001647 
3946.667505 0.001065 
3945.200314 0.001774 
3943.733122 0.001102 
3942.265931 0.001579 
3940.798739 0.002057 
3939.331548 0.001388 
3937.864356 0.001348 
3936.397165 0.001048 
3934.929973 0.000798 
3933.462782 0.000810 
3931.995590 0.001319 
3930.528399 0.000815 
3929.061207 0.000977 
3927.594016 0.000399 
3926.126824 0.000728 
3924.659633 0.001072 
3923.192441 0.001131 
3921.725250 0.000345 
3920.258058 0.000658 
3918.790867 0.000149 
3917.323675 0.000974 
3915.856484 0.000081 
3914.389292 0.000163 
3912.922101 0.000215 
3911.454909 -0.000209 
3909.987718 -0.000419 
3908.520526 0.000068 
3907.053335 -0.000125 
3905.586143 -0.000013 
3904.118952 0.000660 
3902.651760 0.000392 
3901.184569 0.000725 
3899.717377 0.001031 
3898.250186 0.000920 
3896.782994 0.000094 
3895.315803 0.000335 
3893.848611 0.000657 
3892.381420 0.000304 
3890.914228 0.001240 
3889.447037 0.000351 
3887.979845 0.000479 
3886.512654 0.001049 
3885.045462 0.000824 
3883.578271 0.000272 
3882.111079 0.001165 
3880.643888 0.001485 
3879.176696 0.001210 
3877.709505 0.001368 
3876.242313 0.001392 
3874.775122 0.001232 
3873.307930 0.000885 
3871.840739 0.000778 
3870.373547 0.001520 
3868.906356 0.001483 
3867.439164 0.001111 
3865.971973 0.001252 
3864.504781 0.001584 
3863.037590 0.001537 
3861.570398 0.001660 
3860.103207 0.000992 
3858.636015 0.001315 
3857.168824 0.001531 
3855.701632 0.001330 
3854.234441 0.003119 
3852.767249 0.002471 
3851.300058 0.001667 
3849.832866 0.001060 
3848.365675 0.000954 
3846.898483 0.001434 
3845.431292 0.001019 
3843.964100 0.001207 
3842.496909 0.001267 
3841.029717 0.001525 
3839.562526 0.001328 
3838.095334 0.002264 
3836.628143 0.001594 
3835.160951 0.001410 
3833.693760 0.000962 
3832.226568 0.001532 
3830.759377 0.001015 
3829.292185 0.000696 
3827.824994 0.000679 
3826.357802 0.000635 
3824.890611 0.000005 
3823.423419 0.000951 
3821.956228 0.001741 
3820.489036 0.001585 
3819.021845 0.000924 
3817.554653 0.000951 
3816.087462 0.002019 
3814.620270 0.000429 
3813.153079 0.000441 
3811.685887 0.000664 
3810.218696 0.000771 
3808.751504 0.000333 
3807.284313 0.001721 
3805.817121 0.001037 
3804.349930 0.001071 
3802.882738 0.000849 
3801.415547 0.002232 
3799.948355 0.001121 
3798.481164 0.000693 
3797.013972 0.001241 
3795.546781 0.000889 
3794.079589 0.001063 
3792.612398 0.000330 
3791.145206 0.000882 
3789.678015 0.000927 
3788.210823 0.001102 
3786.743632 0.000936 
3785.276440 0.001464 
3783.809249 0.000812 
3782.342057 0.000842 
3780.874866 0.000991 
3779.407674 0.000958 
3777.940483 0.001058 
3776.473291 0.000559 
3775.006100 0.000545 
3773.538908 0.001016 
3772.071717 0.001118 
3770.604525 0.000996 
3769.137334 0.001010 
3767.670142 0.000844 
3766.202951 0.001212 
3764.735759 0.000942 
3763.268568 0.000614 
3761.801376 0.000661 
3760.334185 0.001092 
3758.866993 0.000883 
3757.399802 0.000987 
3755.932610 0.001304 
3754.465419 0.001602 
3752.998227 0.002122 
3751.531036 0.003298 
3750.063844 0.002723 
3748.596653 0.002916 
3747.129461 0.002894 
3745.662270 0.003777 
3744.195078 0.005894 
3742.727887 0.003938 
3741.260695 0.004021 
3739.793504 0.003744 
3738.326312 0.004053 
3736.859121 0.004268 
3735.391929 0.003928 
3733.924738 0.003647 
3732.457546 0.002967 
3730.990355 0.002528 
3729.523163 0.002028 
3728.055972 0.001571 
3726.588780 0.001785 
3725.121589 0.000870 
3723.654397 0.000920 
3722.187206 0.000575 
3720.720014 0.000456 
3719.252823 -0.000436 
3717.785631 -0.000643 
3716.318440 -0.001535 
3714.851248 -0.002247 
3713.384057 -0.002531 
3711.916865 -0.000717 
3710.449674 0.008551 
3708.982482 0.043489 
3707.515291 0.074839 
3706.048099 0.056267 
3704.580908 0.048441 
3703.113717 0.047125 
3701.646525 0.042821 
3700.179334 0.036104 
3698.712142 0.029630 
3697.244951 0.023378 
3695.777759 0.018346 
3694.310568 0.014216 
3692.843376 0.010694 
3691.376185 0.007531 
3689.908993 0.004253 
3688.441802 0.003796 
3686.974610 0.001385 
3685.507419 0.000353 
3684.040227 -0.000205 
3682.573036 -0.000538 
3681.105844 -0.000655 
3679.638653 -0.000180 
3678.171461 0.000247 
3676.704270 0.000723 
3675.237078 0.001122 
3673.769887 0.001240 
3672.302695 0.000866 
3670.835504 0.002817 
3669.368312 0.002713 
3667.901121 0.003760 
3666.433929 0.004568 
3664.966738 0.005611 
3663.499546 0.006775 
3662.032355 0.007820 
3660.565163 0.009481 
3659.097972 0.011114 
3657.630780 0.012566 
3656.163589 0.014443 
3654.696397 0.015656 
3653.229206 0.016597 
3651.762014 0.018381 
3650.294823 0.019991 
3648.827631 0.021642 
3647.360440 0.022002 
3645.893248 0.021855 
3644.426057 0.022466 
3642.958865 0.023197 
3641.491674 0.023551 
3640.024482 0.024127 
3638.557291 0.024727 
3637.090099 0.025366 
3635.622908 0.025646 
3634.155716 0.025977 
3632.688525 0.027215 
3631.221333 0.028215 
3629.754142 0.029735 
3628.286950 0.029872 
3626.819759 0.029872 
3625.352567 0.030890 
3623.885376 0.031864 
3622.418184 0.032837 
3620.950993 0.034493 
3619.483801 0.036355 
3618.016610 0.037601 
3616.549418 0.039351 
3615.082227 0.041416 
3613.615035 0.043709 
3612.147844 0.046165 
3610.680652 0.048065 
3609.213461 0.050576 
3607.746269 0.052726 
3606.279078 0.054888 
3604.811886 0.058069 
3603.344695 0.061764 
3601.877503 0.073886 
3600.410312 0.095520 
3598.943120 0.104445 
3597.475929 0.095663 
3596.008737 0.096211 
3594.541546 0.097599 
3593.074354 0.098674 
3591.607163 0.100108 
3590.139971 0.102744 
3588.672780 0.106182 
3587.205588 0.109158 
3585.738397 0.112189 
3584.271205 0.115149 
3582.804014 0.118992 
3581.336822 0.123118 
3579.869631 0.127034 
3578.402439 0.131329 
3576.935248 0.136203 
3575.468056 0.140924 
3574.000865 0.146222 
3572.533673 0.151155 
3571.066482 0.156803 
3569.599290 0.161712 
3568.132099 0.168515 
3566.664907 0.173876 
3565.197716 0.179555 
3563.730524 0.185157 
3562.263333 0.191503 
3560.796141 0.197812 
3559.328950 0.203948 
3557.861758 0.210100 
3556.394567 0.216861 
3554.927375 0.223503 
3553.460184 0.230300 
3551.992992 0.237711 
3550.525801 0.244346 
3549.058609 0.251046 
3547.591418 0.258631 
3546.124226 0.266501 
3544.657035 0.273760 
3543.189843 0.281528 
3541.722652 0.290104 
3540.255460 0.295956 
3538.788269 0.304727 
3537.321077 0.313230 
3535.853886 0.321215 
3534.386694 0.330065 
3532.919503 0.337615 
3531.452311 0.346684 
3529.985120 0.355177 
3528.517928 0.365203 
3527.050737 0.372993 
3525.583545 0.382102 
3524.116354 0.391206 
3522.649162 0.399405 
3521.181971 0.409377 
3519.714779 0.418865 
3518.247588 0.428434 
3516.780396 0.437235 
3515.313205 0.446717 
3513.846013 0.457306 
3512.378822 0.466848 
3510.911630 0.475896 
3509.444439 0.486127 
3507.977247 0.495495 
3506.510056 0.505454 
3505.042864 0.515072 
3503.575673 0.525022 
3502.108481 0.535759 
3500.641290 0.545175 
3499.174098 0.555266 
3497.706907 0.565311 
3496.239715 0.574530 
3494.772524 0.584262 
3493.305332 0.595813 
3491.838141 0.605060 
3490.370949 0.615789 
3488.903758 0.625898 
3487.436566 0.636770 
3485.969375 0.648019 
3484.502183 0.656823 
3483.034992 0.666871 
3481.567800 0.678569 
3480.100609 0.686026 
3478.633417 0.697226 
3477.166226 0.709149 
3475.699034 0.716770 
3474.231843 0.730473 
3472.764651 0.739464 
3471.297460 0.749991 
3469.830268 0.758119 
3468.363077 0.768008 
3466.895885 0.777944 
3465.428694 0.788928 
3463.961502 0.798865 
3462.494311 0.807558 
3461.027119 0.816487 
3459.559928 0.827274 
3458.092736 0.834243 
3456.625545 0.844739 
3455.158353 0.853700 
3453.691162 0.861450 
3452.223970 0.871291 
3450.756779 0.880485 
3449.289587 0.888294 
3447.822396 0.899194 
3446.355205 0.907909 
3444.888013 0.913470 
3443.420822 0.921003 
3441.953630 0.932356 
3440.486439 0.938043 
3439.019247 0.946235 
3437.552056 0.955552 
3436.084864 0.962729 
3434.617673 0.970920 
3433.150481 0.976923 
3431.683290 0.982626 
3430.216098 0.989307 
3428.748907 0.997830 
3427.281715 1.008000 
3425.814524 1.011810 
3424.347332 1.016576 
3422.880141 1.024354 
3421.412949 1.032551 
3419.945758 1.038932 
3418.478566 1.036221 
3417.011375 1.044144 
3415.544183 1.052597 
3414.076992 1.062008 
3412.609800 1.060838 
3411.142609 1.070501 
3409.675417 1.077063 
3408.208226 1.077323 
3406.741034 1.088095 
3405.273843 1.089834 
3403.806651 1.094332 
3402.339460 1.100849 
3400.872268 1.100902 
3399.405077 1.110787 
3397.937885 1.114814 
3396.470694 1.120065 
3395.003502 1.122469 
3393.536311 1.124762 
3392.069119 1.130393 
3390.601928 1.128552 
3389.134736 1.138278 
3387.667545 1.144558 
3386.200353 1.145509 
3384.733162 1.152802 
3383.265970 1.156607 
3381.798779 1.157638 
3380.331587 1.159707 
3378.864396 1.162858 
3377.397204 1.166527 
3375.930013 1.169798 
3374.462821 1.171403 
3372.995630 1.172430 
3371.528438 1.178561 
3370.061247 1.183601 
3368.594055 1.185495 
3367.126864 1.192654 
3365.659672 1.184822 
3364.192481 1.194281 
3362.725289 1.192354 
3361.258098 1.199391 
3359.790906 1.202027 
3358.323715 1.201609 
3356.856523 1.209543 
3355.389332 1.208435 
3353.922140 1.212023 
3352.454949 1.219281 
3350.987757 1.220053 
3349.520566 1.225159 
3348.053374 1.227493 
3346.586183 1.226615 
3345.118991 1.226501 
3343.651800 1.230705 
3342.184608 1.233401 
3340.717417 1.229898 
3339.250225 1.231642 
3337.783034 1.237070 
3336.315842 1.237109 
3334.848651 1.235994 
3333.381459 1.245045 
3331.914268 1.247443 
3330.447076 1.252432 
3328.979885 1.256357 
3327.512693 1.256991 
3326.045502 1.253119 
3324.578310 1.258012 
3323.111119 1.264605 
3321.643927 1.259294 
3320.176736 1.266344 
3318.709544 1.269294 
3317.242353 1.273581 
3315.775161 1.275997 
3314.307970 1.277981 
3312.840778 1.278978 
3311.373587 1.278669 
3309.906395 1.278157 
3308.439204 1.283628 
3306.972012 1.280923 
3305.504821 1.284176 
3304.037629 1.293717 
3302.570438 1.293944 
3301.103246 1.295104 
3299.636055 1.298251 
3298.168863 1.301302 
3296.701672 1.299676 
3295.234480 1.304729 
3293.767289 1.305300 
3292.300097 1.308714 
3290.832906 1.308112 
3289.365714 1.311750 
3287.898523 1.311755 
3286.431331 1.311561 
3284.964140 1.315070 
3283.496948 1.316533 
3282.029757 1.314839 
3280.562565 1.323889 
3279.095374 1.323717 
3277.628182 1.325482 
3276.160991 1.332466 
3274.693799 1.321665 
3273.226608 1.327387 
3271.759416 1.328175 
3270.292225 1.328792 
3268.825033 1.329101 
3267.357842 1.331207 
3265.890650 1.335310 
3264.423459 1.334175 
3262.956267 1.339930 
3261.489076 1.342109 
3260.021884 1.342449 
3258.554693 1.340374 
3257.087501 1.335463 
3255.620310 1.340080 
3254.153118 1.341876 
3252.685927 1.344161 
3251.218735 1.346227 
3249.751544 1.345547 
3248.284352 1.346356 
3246.817161 1.347198 
3245.349969 1.337525 
3243.882778 1.343658 
3242.415586 1.341529 
3240.948395 1.348119 
3239.481203 1.345900 
3238.014012 1.346842 
3236.546820 1.347610 
3235.079629 1.344131 
3233.612437 1.343581 
3232.145246 1.340556 
3230.678054 1.342081 
3229.210863 1.344569 
3227.743671 1.342993 
3226.276480 1.343002 
3224.809288 1.337321 
3223.342097 1.345276 
3221.874905 1.346981 
3220.407714 1.339019 
3218.940522 1.340057 
3217.473331 1.337115 
3216.006139 1.336620 
3214.538948 1.332032 
3213.071756 1.333320 
3211.604565 1.335845 
3210.137373 1.331461 
3208.670182 1.333494 
3207.202990 1.338290 
3205.735799 1.332305 
3204.268607 1.323990 
3202.801416 1.330335 
3201.334224 1.330502 
3199.867033 1.328799 
3198.399841 1.331378 
3196.932650 1.322162 
3195.465458 1.317355 
3193.998267 1.319252 
3192.531075 1.310639 
3191.063884 1.312030 
3189.596692 1.319191 
3188.129501 1.311066 
3186.662310 1.306408 
3185.195118 1.316877 
3183.727927 1.303591 
3182.260735 1.304803 
3180.793544 1.304429 
3179.326352 1.297877 
3177.859161 1.297637 
3176.391969 1.296733 
3174.924778 1.293074 
3173.457586 1.286773 
3171.990395 1.284088 
3170.523203 1.278233 
3169.056012 1.282947 
3167.588820 1.280504 
3166.121629 1.277628 
3164.654437 1.279898 
3163.187246 1.272585 
3161.720054 1.266964 
3160.252863 1.262639 
3158.785671 1.264694 
3157.318480 1.256472 
3155.851288 1.253605 
3154.384097 1.248701 
3152.916905 1.252273 
3151.449714 1.244220 
3149.982522 1.240060 
3148.515331 1.236200 
3147.048139 1.232442 
3145.580948 1.231284 
3144.113756 1.225047 
3142.646565 1.224190 
3141.179373 1.213560 
3139.712182 1.216297 
3138.244990 1.211301 
3136.777799 1.206112 
3135.310607 1.200152 
3133.843416 1.196471 
3132.376224 1.191684 
3130.909033 1.189024 
3129.441841 1.183415 
3127.974650 1.180080 
3126.507458 1.171873 
3125.040267 1.167392 
3123.573075 1.161125 
3122.105884 1.156779 
3120.638692 1.152589 
3119.171501 1.144986 
3117.704309 1.140625 
3116.237118 1.135453 
3114.769926 1.126860 
3113.302735 1.123439 
3111.835543 1.119103 
3110.368352 1.112600 
3108.901160 1.106715 
3107.433969 1.099804 
3105.966777 1.088487 
3104.499586 1.086325 
3103.032394 1.079399 
3101.565203 1.071329 
3100.098011 1.063638 
3098.630820 1.060710 
3097.163628 1.050533 
3095.696437 1.045189 
3094.229245 1.038652 
3092.762054 1.030231 
3091.294862 1.021998 
3089.827671 1.011328 
3088.360479 1.005295 
3086.893288 1.000506 
3085.426096 0.992189 
3083.958905 0.982265 
3082.491713 0.974739 
3081.024522 0.967572 
3079.557330 0.958707 
3078.090139 0.950454 
3076.622947 0.941841 
3075.155756 0.934227 
3073.688564 0.926877 
3072.221373 0.917049 
3070.754181 0.907775 
3069.286990 0.900226 
3067.819798 0.891491 
3066.352607 0.884295 
3064.885415 0.875564 
3063.418224 0.865474 
3061.951032 0.857672 
3060.483841 0.848483 
3059.016649 0.840688 
3057.549458 0.830795 
3056.082266 0.823184 
3054.615075 0.816920 
3053.147883 0.808448 
3051.680692 0.799987 
3050.213500 0.792476 
3048.746309 0.783341 
3047.279117 0.775431 
3045.811926 0.769494 
3044.344734 0.760693 
3042.877543 0.752524 
3041.410351 0.744986 
3039.943160 0.737890 
3038.475968 0.731296 
3037.008777 0.725279 
3035.541585 0.717351 
3034.074394 0.711374 
3032.607202 0.705050 
3031.140011 0.697051 
3029.672819 0.691470 
3028.205628 0.684444 
3026.738436 0.675281 
3025.271245 0.676210 
3023.804053 0.667852 
3022.336862 0.660225 
3020.869670 0.655533 
3019.402479 0.649751 
3017.935287 0.644234 
3016.468096 0.638332 
3015.000904 0.633390 
3013.533713 0.627756 
3012.066521 0.623202 
3010.599330 0.617955 
3009.132138 0.613920 
3007.664947 0.607536 
3006.197755 0.602786 
3004.730564 0.599340 
3003.263372 0.594609 
3001.796181 0.589670 
3000.328989 0.584981 
2998.861798 0.581123 
2997.394606 0.576984 
2995.927415 0.572031 
2994.460223 0.568904 
2992.993032 0.564681 
2991.525840 0.560499 
2990.058649 0.556959 
2988.591457 0.553935 
2987.124266 0.549635 
2985.657074 0.546168 
2984.189883 0.542539 
2982.722691 0.538437 
2981.255500 0.535621 
2979.788308 0.532332 
2978.321117 0.530183 
2976.853925 0.526725 
2975.386734 0.523053 
2973.919542 0.520029 
2972.452351 0.518149 
2970.985159 0.516472 
2969.517968 0.513207 
2968.050776 0.509714 
2966.583585 0.507891 
2965.116393 0.505329 
2963.649202 0.503497 
2962.182010 0.500136 
2960.714819 0.498228 
2959.247627 0.496247 
2957.780436 0.494478 
2956.313244 0.492948 
2954.846053 0.490702 
2953.378861 0.488947 
2951.911670 0.486955 
2950.444478 0.484738 
2948.977287 0.484508 
2947.510095 0.481785 
2946.042904 0.479565 
2944.575712 0.478041 
2943.108521 0.477253 
2941.641329 0.474858 
2940.174138 0.473002 
2938.706946 0.472519 
2937.239755 0.471598 
2935.772563 0.469224 
2934.305372 0.468456 
2932.838180 0.466822 
2931.370989 0.465466 
2929.903797 0.463763 
2928.436606 0.461997 
2926.969415 0.459814 
2925.502223 0.458972 
2924.035032 0.458248 
2922.567840 0.456543 
2921.100649 0.454045 
2919.633457 0.453057 
2918.166266 0.451602 
2916.699074 0.450037 
2915.231883 0.449262 
2913.764691 0.447210 
2912.297500 0.447187 
2910.830308 0.445860 
2909.363117 0.444550 
2907.895925 0.445562 
2906.428734 0.443152 
2904.961542 0.441730 
2903.494351 0.441075 
2902.027159 0.439704 
2900.559968 0.438976 
2899.092776 0.437865 
2897.625585 0.437782 
2896.158393 0.437389 
2894.691202 0.436602 
2893.224010 0.435558 
2891.756819 0.434571 
2890.289627 0.434297 
2888.822436 0.434210 
2887.355244 0.434158 
2885.888053 0.433398 
2884.420861 0.433702 
2882.953670 0.433306 
2881.486478 0.433581 
2880.019287 0.433652 
2878.552095 0.432900 
2877.084904 0.433299 
2875.617712 0.433851 
2874.150521 0.433800 
2872.683329 0.433279 
2871.216138 0.434201 
2869.748946 0.434308 
2868.281755 0.434571 
2866.814563 0.434979 
2865.347372 0.434099 
2863.880180 0.433508 
2862.412989 0.434289 
2860.945797 0.433792 
2859.478606 0.433199 
2858.011414 0.433016 
2856.544223 0.433091 
2855.077031 0.432515 
2853.609840 0.431843 
2852.142648 0.431198 
2850.675457 0.430503 
2849.208265 0.429578 
2847.741074 0.428547 
2846.273882 0.427082 
2844.806691 0.425608 
2843.339499 0.425079 
2841.872308 0.423482 
2840.405116 0.422447 
2838.937925 0.420779 
2837.470733 0.420072 
2836.003542 0.418764 
2834.536350 0.417488 
2833.069159 0.414950 
2831.601967 0.414247 
2830.134776 0.413101 
2828.667584 0.412486 
2827.200393 0.410134 
2825.733201 0.408775 
2824.266010 0.407211 
2822.798818 0.406464 
2821.331627 0.404616 
2819.864435 0.403069 
2818.397244 0.402302 
2816.930052 0.400912 
2815.462861 0.399721 
2813.995669 0.398629 
2812.528478 0.397278 
2811.061286 0.395829 
2809.594095 0.394334 
2808.126903 0.393723 
2806.659712 0.391767 
2805.192520 0.390239 
2803.725329 0.388415 
2802.258137 0.387863 
2800.790946 0.386899 
2799.323754 0.385903 
2797.856563 0.384321 
2796.389371 0.382584 
2794.922180 0.381613 
2793.454988 0.380345 
2791.987797 0.379356 
2790.520605 0.378282 
2789.053414 0.377697 
2787.586222 0.374964 
2786.119031 0.373894 
2784.651839 0.372420 
2783.184648 0.371844 
2781.717456 0.370961 
2780.250265 0.369570 
2778.783073 0.368484 
2777.315882 0.367417 
2775.848690 0.367388 
2774.381499 0.366012 
2772.914307 0.365839 
2771.447116 0.364380 
2769.979924 0.363787 
2768.512733 0.363065 
2767.045541 0.362510 
2765.578350 0.361785 
2764.111158 0.360946 
2762.643967 0.360963 
2761.176775 0.360245 
2759.709584 0.359437 
2758.242392 0.358986 
2756.775201 0.358648 
2755.308009 0.357720 
2753.840818 0.356724 
2752.373626 0.356251 
2750.906435 0.355889 
2749.439243 0.353918 
2747.972052 0.354367 
2746.504860 0.353707 
2745.037669 0.353378 
2743.570477 0.352319 
2742.103286 0.351745 
2740.636094 0.350705 
2739.168903 0.350245 
2737.701711 0.349932 
2736.234520 0.349177 
2734.767328 0.348297 
2733.300137 0.347708 
2731.832945 0.347199 
2730.365754 0.346477 
2728.898562 0.345820 
2727.431371 0.345666 
2725.964179 0.344944 
2724.496988 0.344036 
2723.029796 0.343593 
2721.562605 0.342796 
2720.095413 0.341955 
2718.628222 0.340822 
2717.161030 0.340427 
2715.693839 0.339855 
2714.226647 0.338837 
2712.759456 0.337590 
2711.292264 0.336911 
2709.825073 0.335716 
2708.357881 0.334901 
2706.890690 0.334268 
2705.423498 0.333190 
2703.956307 0.332168 
2702.489115 0.330772 
2701.021924 0.329906 
2699.554732 0.329121 
2698.087541 0.328022 
2696.620349 0.326729 
2695.153158 0.325732 
2693.685966 0.324921 
2692.218775 0.323926 
2690.751583 0.322766 
2689.284392 0.321402 
2687.817200 0.320463 
2686.350009 0.319508 
2684.882817 0.318586 
2683.415626 0.317653 
2681.948434 0.315854 
2680.481243 0.315266 
2679.014051 0.314027 
2677.546860 0.312975 
2676.079668 0.312011 
2674.612477 0.310531 
2673.145285 0.309806 
2671.678094 0.308897 
2670.210903 0.307256 
2668.743711 0.306797 
2667.276520 0.306042 
2665.809328 0.304894 
2664.342137 0.304514 
2662.874945 0.303623 
2661.407754 0.302930 
2659.940562 0.302309 
2658.473371 0.301582 
2657.006179 0.300431 
2655.538988 0.300243 
2654.071796 0.299378 
2652.604605 0.299671 
2651.137413 0.299319 
2649.670222 0.298903 
2648.203030 0.298507 
2646.735839 0.298731 
2645.268647 0.298857 
2643.801456 0.298506 
2642.334264 0.298565 
2640.867073 0.298322 
2639.399881 0.299207 
2637.932690 0.299320 
2636.465498 0.299570 
2634.998307 0.299982 
2633.531115 0.300215 
2632.063924 0.300636 
2630.596732 0.300855 
2629.129541 0.301804 
2627.662349 0.302073 
2626.195158 0.302484 
2624.727966 0.303274 
2623.260775 0.303910 
2621.793583 0.304106 
2620.326392 0.304594 
2618.859200 0.305245 
2617.392009 0.305635 
2615.924817 0.305869 
2614.457626 0.306073 
2612.990434 0.306374 
2611.523243 0.306098 
2610.056051 0.306209 
2608.588860 0.306340 
2607.121668 0.306175 
2605.654477 0.306259 
2604.187285 0.306691 
2602.720094 0.306663 
2601.252902 0.306609 
2599.785711 0.306715 
2598.318519 0.306744 
2596.851328 0.307606 
2595.384136 0.307544 
2593.916945 0.307806 
2592.449753 0.308041 
2590.982562 0.308583 
2589.515370 0.309421 
2588.048179 0.309575 
2586.580987 0.310011 
2585.113796 0.310998 
2583.646604 0.311003 
2582.179413 0.311210 
2580.712221 0.311226 
2579.245030 0.312017 
2577.777838 0.311524 
2576.310647 0.312007 
2574.843455 0.311768 
2573.376264 0.312579 
2571.909072 0.311785 
2570.441881 0.311355 
2568.974689 0.311287 
2567.507498 0.311093 
2566.040306 0.310698 
2564.573115 0.310241 
2563.105923 0.309689 
2561.638732 0.309269 
2560.171540 0.308685 
2558.704349 0.307822 
2557.237157 0.307082 
2555.769966 0.307039 
2554.302774 0.306032 
2552.835583 0.305245 
2551.368391 0.304456 
2549.901200 0.303179 
2548.434008 0.302318 
2546.966817 0.301279 
2545.499625 0.300616 
2544.032434 0.299811 
2542.565242 0.298875 
2541.098051 0.298208 
2539.630859 0.297331 
2538.163668 0.296485 
2536.696476 0.295370 
2535.229285 0.294186 
2533.762093 0.292603 
2532.294902 0.292104 
2530.827710 0.290758 
2529.360519 0.289629 
2527.893327 0.288894 
2526.426136 0.287698 
2524.958944 0.286813 
2523.491753 0.285625 
2522.024561 0.284466 
2520.557370 0.283654 
2519.090178 0.282391 
2517.622987 0.281719 
2516.155795 0.279959 
2514.688604 0.279383 
2513.221412 0.278448 
2511.754221 0.277103 
2510.287029 0.275758 
2508.819838 0.274975 
2507.352646 0.274091 
2505.885455 0.272870 
2504.418263 0.271812 
2502.951072 0.271095 
2501.483880 0.269660 
2500.016689 0.268749 
2498.549497 0.267725 
2497.082306 0.266441 
2495.615114 0.265388 
2494.147923 0.264817 
2492.680731 0.263399 
2491.213540 0.262934 
2489.746348 0.261471 
2488.279157 0.260600 
2486.811965 0.259684 
2485.344774 0.258526 
2483.877582 0.257831 
2482.410391 0.256928 
2480.943199 0.255951 
2479.476008 0.254919 
2478.008816 0.254607 
2476.541625 0.253596 
2475.074433 0.252665 
2473.607242 0.251812 
2472.140050 0.250727 
2470.672859 0.250219 
2469.205667 0.249182 
2467.738476 0.248511 
2466.271284 0.247888 
2464.804093 0.247033 
2463.336901 0.246468 
2461.869710 0.245827 
2460.402518 0.244612 
2458.935327 0.243858 
2457.468135 0.242714 
2456.000944 0.241844 
2454.533752 0.240939 
2453.066561 0.239682 
2451.599369 0.238864 
2450.132178 0.237301 
2448.664986 0.236078 
2447.197795 0.235228 
2445.730603 0.234001 
2444.263412 0.233072 
2442.796220 0.231510 
2441.329029 0.229727 
2439.861837 0.228834 
2438.394646 0.227319 
2436.927454 0.226123 
2435.460263 0.224467 
2433.993071 0.223057 
2432.525880 0.221482 
2431.058688 0.220267 
2429.591497 0.219041 
2428.124305 0.217027 
2426.657114 0.215796 
2425.189922 0.214149 
2423.722731 0.212646 
2422.255539 0.210651 
2420.788348 0.208957 
2419.321156 0.207173 
2417.853965 0.205609 
2416.386773 0.203270 
2414.919582 0.201621 
2413.452390 0.199406 
2411.985199 0.197513 
2410.518008 0.195145 
2409.050816 0.193235 
2407.583625 0.190965 
2406.116433 0.188267 
2404.649242 0.186437 
2403.182050 0.183407 
2401.714859 0.180611 
2400.247667 0.177366 
2398.780476 0.174226 
2397.313284 0.170983 
2395.846093 0.167360 
2394.378901 0.163742 
2392.911710 0.160422 
2391.444518 0.155134 
2389.977327 0.150681 
2388.510135 0.145429 
2387.042944 0.139482 
2385.575752 0.133436 
2384.108561 0.126445 
2382.641369 0.117898 
2381.174178 0.108595 
2379.706986 0.100166 
2378.239795 0.100784 
2376.772603 0.124919 
2375.305412 0.190429 
2373.838220 0.285663 
2372.371029 0.372187 
2370.903837 0.442700 
2369.436646 0.497248 
2367.969454 0.541793 
2366.502263 0.579472 
2365.035071 0.610839 
2363.567880 0.640990 
2362.100688 0.667428 
2360.633497 0.694982 
2359.166305 0.720914 
2357.699114 0.746135 
2356.231922 0.773346 
2354.764731 0.800324 
2353.297539 0.831010 
2351.830348 0.862117 
2350.363156 0.901951 
2348.895965 0.949259 
2347.428773 1.010175 
2345.961582 1.081890 
2344.494390 1.150763 
2343.027199 1.209334 
2341.560007 1.253477 
2340.092816 1.281163 
2338.625624 1.252886 
2337.158433 1.157780 
2335.691241 1.035467 
2334.224050 0.941958 
2332.756858 0.867239 
2331.289667 0.797300 
2329.822475 0.720790 
2328.355284 0.637580 
2326.888092 0.552523 
2325.420901 0.484604 
2323.953709 0.446873 
2322.486518 0.422034 
2321.019326 0.402853 
2319.552135 0.385820 
2318.084943 0.373644 
2316.617752 0.364947 
2315.150560 0.357124 
2313.683369 0.349954 
2312.216177 0.343723 
2310.748986 0.338317 
2309.281794 0.333335 
2307.814603 0.328846 
2306.347411 0.324425 
2304.880220 0.320413 
2303.413028 0.316710 
2301.945837 0.313330 
2300.478645 0.310154 
2299.011454 0.307426 
2297.544262 0.304311 
2296.077071 0.301722 
2294.609879 0.298939 
2293.142688 0.296563 
2291.675496 0.293766 
2290.208305 0.291487 
2288.741113 0.289195 
2287.273922 0.287464 
2285.806730 0.288211 
2284.339539 0.296390 
2282.872347 0.325163 
2281.405156 0.333832 
2279.937964 0.327724 
2278.470773 0.327562 
2277.003581 0.323663 
2275.536390 0.316808 
2274.069198 0.307088 
2272.602007 0.297424 
2271.134815 0.290049 
2269.667624 0.286858 
2268.200432 0.286441 
2266.733241 0.285750 
2265.266049 0.285578 
2263.798858 0.284935 
2262.331666 0.284398 
2260.864475 0.283868 
2259.397283 0.283038 
2257.930092 0.281883 
2256.462900 0.280400 
2254.995709 0.278808 
2253.528517 0.277917 
2252.061326 0.276691 
2250.594134 0.275370 
2249.126943 0.275132 
2247.659751 0.274483 
2246.192560 0.273464 
2244.725368 0.272778 
2243.258177 0.272476 
2241.790985 0.271959 
2240.323794 0.271163 
2238.856602 0.270301 
2237.389411 0.269549 
2235.922219 0.268198 
2234.455028 0.268106 
2232.987836 0.267301 
2231.520645 0.265698 
2230.053453 0.264853 
2228.586262 0.263921 
2227.119070 0.263255 
2225.651879 0.262010 
2224.184687 0.261754 
2222.717496 0.261082 
2221.250304 0.260275 
2219.783113 0.259786 
2218.315921 0.259468 
2216.848730 0.258869 
2215.381538 0.257956 
2213.914347 0.256975 
2212.447155 0.256575 
2210.979964 0.255765 
2209.512772 0.255142 
2208.045581 0.254258 
2206.578389 0.253281 
2205.111198 0.252677 
2203.644006 0.251965 
2202.176815 0.251225 
2200.709623 0.250765 
2199.242432 0.249537 
2197.775240 0.248675 
2196.308049 0.247933 
2194.840857 0.247383 
2193.373666 0.246741 
2191.906474 0.245600 
2190.439283 0.244513 
2188.972091 0.243443 
2187.504900 0.242372 
2186.037708 0.241418 
2184.570517 0.240326 
2183.103325 0.239279 
2181.636134 0.238100 
2180.168942 0.237042 
2178.701751 0.235549 
2177.234559 0.233883 
2175.767368 0.232687 
2174.300176 0.231542 
2172.832985 0.229800 
2171.365793 0.228072 
2169.898602 0.226062 
2168.431410 0.224158 
2166.964219 0.221922 
2165.497027 0.219888 
2164.029836 0.217062 
2162.562644 0.214505 
2161.095453 0.211631 
2159.628261 0.208886 
2158.161070 0.205822 
2156.693878 0.202511 
2155.226687 0.199279 
2153.759495 0.196002 
2152.292304 0.191872 
2150.825113 0.186614 
2149.357921 0.180687 
2147.890730 0.183978 
2146.423538 0.214301 
2144.956347 0.264051 
2143.489155 0.324379 
2142.021964 0.505043 
2140.554772 0.709958 
2139.087581 0.810889 
2137.620389 0.770274 
2136.153198 0.604538 
2134.686006 0.434144 
2133.218815 0.342694 
2131.751623 0.305158 
2130.284432 0.282902 
2128.817240 0.267617 
2127.350049 0.257383 
2125.882857 0.250156 
2124.415666 0.244503 
2122.948474 0.239922 
2121.481283 0.236548 
2120.014091 0.233669 
2118.546900 0.231017 
2117.079708 0.228715 
2115.612517 0.226747 
2114.145325 0.224783 
2112.678134 0.222923 
2111.210942 0.221321 
2109.743751 0.219769 
2108.276559 0.217966 
2106.809368 0.216608 
2105.342176 0.215108 
2103.874985 0.213912 
2102.407793 0.212545 
2100.940602 0.211441 
2099.473410 0.210314 
2098.006219 0.209728 
2096.539027 0.209286 
2095.071836 0.209611 
2093.604644 0.212420 
2092.137453 0.218487 
2090.670261 0.214787 
2089.203070 0.209667 
2087.735878 0.206976 
2086.268687 0.203860 
2084.801495 0.201201 
2083.334304 0.199355 
2081.867112 0.198101 
2080.399921 0.196716 
2078.932729 0.195312 
2077.465538 0.193867 
2075.998346 0.192848 
2074.531155 0.191778 
2073.063963 0.190323 
2071.596772 0.189236 
2070.129580 0.188423 
2068.662389 0.187049 
2067.195197 0.185982 
2065.728006 0.185319 
2064.260814 0.184056 
2062.793623 0.182868 
2061.326431 0.182243 
2059.859240 0.180949 
2058.392048 0.179962 
2056.924857 0.178928 
2055.457665 0.177962 
2053.990474 0.176781 
2052.523282 0.176170 
2051.056091 0.175012 
2049.588899 0.174034 
2048.121708 0.172992 
2046.654516 0.172678 
2045.187325 0.172196 
2043.720133 0.170897 
2042.252942 0.169723 
2040.785750 0.168770 
2039.318559 0.168060 
2037.851367 0.166862 
2036.384176 0.165565 
2034.916984 0.164647 
2033.449793 0.163759 
2031.982601 0.162869 
2030.515410 0.161942 
2029.048218 0.160775 
2027.581027 0.160210 
2026.113835 0.159528 
2024.646644 0.158272 
2023.179452 0.157171 
2021.712261 0.156761 
2020.245069 0.155687 
2018.777878 0.154566 
2017.310686 0.153923 
2015.843495 0.152919 
2014.376303 0.152311 
2012.909112 0.151141 
2011.441920 0.150431 
2009.974729 0.149734 
2008.507537 0.148367 
2007.040346 0.147857 
2005.573154 0.146795 
2004.105963 0.146018 
2002.638771 0.145288 
2001.171580 0.144496 
1999.704388 0.143308 
1998.237197 0.142652 
1996.770005 0.141555 
1995.302814 0.140792 
1993.835622 0.140007 
1992.368431 0.139153 
1990.901239 0.137961 
1989.434048 0.137103 
1987.966856 0.136458 
1986.499665 0.135267 
1985.032473 0.134440 
1983.565282 0.133519 
1982.098090 0.132765 
1980.630899 0.131973 
1979.163707 0.130993 
1977.696516 0.130077 
1976.229324 0.129201 
1974.762133 0.128476 
1973.294941 0.127546 
1971.827750 0.126806 
1970.360558 0.125881 
1968.893367 0.124981 
1967.426175 0.124202 
1965.958984 0.123543 
1964.491792 0.122560 
1963.024601 0.121832 
1961.557409 0.120909 
1960.090218 0.119955 
1958.623026 0.119243 
1957.155835 0.118472 
1955.688643 0.117611 
1954.221452 0.117275 
1952.754260 0.116324 
1951.287069 0.115358 
1949.819877 0.114614 
1948.352686 0.113877 
1946.885494 0.113354 
1945.418303 0.112529 
1943.951111 0.111884 
1942.483920 0.111021 
1941.016728 0.110228 
1939.549537 0.109354 
1938.082345 0.108381 
1936.615154 0.107828 
1935.147962 0.107154 
1933.680771 0.106424 
1932.213579 0.105434 
1930.746388 0.104416 
1929.279196 0.103665 
1927.812005 0.102709 
1926.344813 0.102219 
1924.877622 0.101397 
1923.410430 0.100794 
1921.943239 0.099593 
1920.476047 0.098513 
1919.008856 0.097839 
1917.541664 0.097382 
1916.074473 0.096487 
1914.607281 0.095374 
1913.140090 0.094491 
1911.672898 0.093543 
1910.205707 0.092565 
1908.738515 0.091802 
1907.271324 0.090970 
1905.804132 0.089942 
1904.336941 0.089037 
1902.869749 0.088166 
1901.402558 0.087398 
1899.935366 0.086602 
1898.468175 0.085707 
1897.000983 0.084321 
1895.533792 0.083614 
1894.066601 0.082554 
1892.599409 0.081895 
1891.132218 0.080945 
1889.665026 0.080230 
1888.197835 0.079379 
1886.730643 0.078246 
1885.263452 0.077541 
1883.796260 0.076717 
1882.329069 0.075825 
1880.861877 0.074991 
1879.394686 0.074191 
1877.927494 0.073522 
1876.460303 0.072752 
1874.993111 0.072121 
1873.525920 0.071251 
1872.058728 0.070392 
1870.591537 0.069449 
1869.124345 0.069014 
1867.657154 0.067258 
1866.189962 0.066088 
1864.722771 0.065011 
1863.255579 0.063986 
1861.788388 0.062733 
1860.321196 0.061510 
1858.854005 0.060367 
1857.386813 0.059598 
1855.919622 0.058688 
1854.452430 0.057703 
1852.985239 0.056672 
1851.518047 0.055596 
1850.050856 0.054398 
1848.583664 0.053446 
1847.116473 0.051874 
1845.649281 0.051083 
1844.182090 0.050550 
1842.714898 0.048802 
1841.247707 0.047960 
1839.780515 0.046495 
1838.313324 0.045645 
1836.846132 0.044780 
1835.378941 0.043792 
1833.911749 0.042926 
1832.444558 0.041820 
1830.977366 0.040854 
1829.510175 0.040063 
1828.042983 0.038680 
1826.575792 0.037775 
1825.108600 0.037123 
1823.641409 0.035543 
1822.174217 0.034646 
1820.707026 0.033756 
1819.239834 0.032853 
1817.772643 0.032239 
1816.305451 0.031049 
1814.838260 0.030260 
1813.371068 0.029261 
1811.903877 0.028333 
1810.436685 0.027247 
1808.969494 0.026367 
1807.502302 0.025331 
1806.035111 0.024361 
1804.567919 0.023285 
1803.100728 0.022327 
1801.633536 0.021335 
1800.166345 0.020178 
1798.699153 0.018872 
1797.231962 0.017928 
1795.764770 0.017026 
1794.297579 0.015814 
1792.830387 0.015755 
1791.363196 0.014290 
1789.896004 0.013092 
1788.428813 0.011873 
1786.961621 0.010770 
1785.494430 0.009984 
1784.027238 0.008805 
1782.560047 0.007848 
1781.092855 0.006835 
1779.625664 0.005895 
1778.158472 0.004918 
1776.691281 0.003981 
1775.224089 0.003179 
1773.756898 0.002407 
1772.289706 0.002665 
1770.822515 0.001332 
1769.355323 0.000706 
1767.888132 0.000890 
1766.420940 -0.000059 
1764.953749 -0.000218 
1763.486557 0.000072 
1762.019366 0.001275 
1760.552174 0.001701 
1759.084983 0.002771 
1757.617791 0.004567 
1756.150600 0.006631 
1754.683408 0.008934 
1753.216217 0.012227 
1751.749025 0.016722 
1750.281834 0.020712 
1748.814642 0.026088 
1747.347451 0.031929 
1745.880259 0.038777 
1744.413068 0.046189 
1742.945876 0.054708 
1741.478685 0.063346 
1740.011493 0.073561 
1738.544302 0.083161 
1737.077110 0.093810 
1735.609919 0.105417 
1734.142727 0.118845 
1732.675536 0.129949 
1731.208344 0.142518 
1729.741153 0.156303 
1728.273961 0.170165 
1726.806770 0.184458 
1725.339578 0.199196 
1723.872387 0.213613 
1722.405195 0.228191 
1720.938004 0.242455 
1719.470812 0.256071 
1718.003621 0.270038 
1716.536429 0.281905 
1715.069238 0.293279 
1713.602046 0.303153 
1712.134855 0.312743 
1710.667663 0.320937 
1709.200472 0.328577 
1707.733280 0.335845 
1706.266089 0.342043 
1704.798897 0.347225 
1703.331706 0.352112 
1701.864514 0.356666 
1700.397323 0.361766 
1698.930131 0.363525 
1697.462940 0.366466 
1695.995748 0.371443 
1694.528557 0.371433 
1693.061365 0.373932 
1691.594174 0.376003 
1690.126982 0.377818 
1688.659791 0.379692 
1687.192599 0.381634 
1685.725408 0.384397 
1684.258216 0.386653 
1682.791025 0.386671 
1681.323833 0.387461 
1679.856642 0.388260 
1678.389450 0.389192 
1676.922259 0.389638 
1675.455067 0.391035 
1673.987876 0.390653 
1672.520684 0.390367 
1671.053493 0.390475 
1669.586301 0.390446 
1668.119110 0.389572 
1666.651918 0.388711 
1665.184727 0.388147 
1663.717535 0.387675 
1662.250344 0.387060 
1660.783152 0.385624 
1659.315961 0.385048 
1657.848769 0.384349 
1656.381578 0.383544 
1654.914386 0.382808 
1653.447195 0.383363 
1651.980003 0.381697 
1650.512812 0.379867 
1649.045620 0.379180 
1647.578429 0.378904 
1646.111237 0.378429 
1644.644046 0.377077 
1643.176854 0.375430 
1641.709663 0.374283 
1640.242471 0.373711 
1638.775280 0.372188 
1637.308088 0.370531 
1635.840897 0.369697 
1634.373706 0.366487 
1632.906514 0.364134 
1631.439323 0.361749 
1629.972131 0.359255 
1628.504940 0.356701 
1627.037748 0.354137 
1625.570557 0.351359 
1624.103365 0.348343 
1622.636174 0.345534 
1621.168982 0.342153 
1619.701791 0.339243 
1618.234599 0.336040 
1616.767408 0.334322 
1615.300216 0.330188 
1613.833025 0.327397 
1612.365833 0.325109 
1610.898642 0.321924 
1609.431450 0.319137 
1607.964259 0.316144 
1606.497067 0.313485 
1605.029876 0.310235 
1603.562684 0.307479 
1602.095493 0.304831 
1600.628301 0.301461 
1599.161110 0.298461 
1597.693918 0.296104 
1596.226727 0.293721 
1594.759535 0.291161 
1593.292344 0.288795 
1591.825152 0.286200 
1590.357961 0.284058 
1588.890769 0.281409 
1587.423578 0.279176 
1585.956386 0.276961 
1584.489195 0.274898 
1583.022003 0.272629 
1581.554812 0.270482 
1580.087620 0.268161 
1578.620429 0.266007 
1577.153237 0.264460 
1575.686046 0.263328 
1574.218854 0.259726 
1572.751663 0.257986 
1571.284471 0.256097 
1569.817280 0.254771 
1568.350088 0.251967 
1566.882897 0.250222 
1565.415705 0.248557 
1563.948514 0.246629 
1562.481322 0.244990 
1561.014131 0.243572 
1559.546939 0.243057 
1558.079748 0.241205 
1556.612556 0.237618 
1555.145365 0.236519 
1553.678173 0.235118 
1552.210982 0.233011 
1550.743790 0.231332 
1549.276599 0.229828 
1547.809407 0.228348 
1546.342216 0.226939 
1544.875024 0.225886 
1543.407833 0.224024 
1541.940641 0.223759 
1540.473450 0.222361 
1539.006258 0.221895 
1537.539067 0.219230 
1536.071875 0.218147 
1534.604684 0.217713 
1533.137492 0.216944 
1531.670301 0.215635 
1530.203109 0.215299 
1528.735918 0.214923 
1527.268726 0.214400 
1525.801535 0.214161 
1524.334343 0.213592 
1522.867152 0.214014 
1521.399960 0.214856 
1519.932769 0.213878 
1518.465577 0.213983 
1516.998386 0.214838 
1515.531194 0.215075 
1514.064003 0.214918 
1512.596811 0.216053 
1511.129620 0.216954 
1509.662428 0.217947 
1508.195237 0.219262 
1506.728045 0.221170 
1505.260854 0.222043 
1503.793662 0.223032 
1502.326471 0.224202 
1500.859279 0.225743 
1499.392088 0.227523 
1497.924896 0.228112 
1496.457705 0.229574 
1494.990513 0.229342 
1493.523322 0.229593 
1492.056130 0.230313 
1490.588939 0.230627 
1489.121747 0.230194 
1487.654556 0.230103 
1486.187364 0.229981 
1484.720173 0.229499 
1483.252981 0.228680 
1481.785790 0.228077 
1480.318598 0.227786 
1478.851407 0.226649 
1477.384215 0.225525 
1475.917024 0.225187 
1474.449832 0.224264 
1472.982641 0.223580 
1471.515449 0.222323 
1470.048258 0.220973 
1468.581066 0.220243 
1467.113875 0.219256 
1465.646683 0.218544 
1464.179492 0.218086 
1462.712300 0.217530 
1461.245109 0.216542 
1459.777917 0.215966 
1458.310726 0.215908 
1456.843534 0.216785 
1455.376343 0.215303 
1453.909151 0.214921 
1452.441960 0.214979 
1450.974768 0.214906 
1449.507577 0.215301 
1448.040385 0.215265 
1446.573194 0.214806 
1445.106002 0.214963 
1443.638811 0.215684 
1442.171619 0.215578 
1440.704428 0.215401 
1439.237236 0.215903 
1437.770045 0.217369 
1436.302853 0.217599 
1434.835662 0.216958 
1433.368470 0.216757 
1431.901279 0.216870 
1430.434087 0.216808 
1428.966896 0.216054 
1427.499704 0.215506 
1426.032513 0.215491 
1424.565321 0.215113 
1423.098130 0.214941 
1421.630938 0.214691 
1420.163747 0.215297 
1418.696555 0.214779 
1417.229364 0.214102 
1415.762172 0.213483 
1414.294981 0.213420 
1412.827789 0.213737 
1411.360598 0.213642 
1409.893406 0.213394 
1408.426215 0.213614 
1406.959023 0.214327 
1405.491832 0.215036 
1404.024640 0.215155 
1402.557449 0.215685 
1401.090257 0.216341 
1399.623066 0.216510 
1398.155874 0.215896 
1396.688683 0.215792 
1395.221491 0.216371 
1393.754300 0.216091 
1392.287108 0.215385 
1390.819917 0.215249 
1389.352725 0.215271 
1387.885534 0.215251 
1386.418342 0.214280 
1384.951151 0.213914 
1383.483959 0.215658 
1382.016768 0.215234 
1380.549576 0.213537 
1379.082385 0.211923 
1377.615193 0.211173 
1376.148002 0.209583 
1374.680811 0.207972 
1373.213619 0.205970 
1371.746428 0.204193 
1370.279236 0.202120 
1368.812045 0.199784 
1367.344853 0.197216 
1365.877662 0.195487 
1364.410470 0.193867 
1362.943279 0.191894 
1361.476087 0.189618 
1360.008896 0.188329 
1358.541704 0.187125 
1357.074513 0.185621 
1355.607321 0.183392 
1354.140130 0.181802 
1352.672938 0.180918 
1351.205747 0.179507 
1349.738555 0.178031 
1348.271364 0.176308 
1346.804172 0.175757 
1345.336981 0.174822 
1343.869789 0.173620 
1342.402598 0.173096 
1340.935406 0.173481 
1339.468215 0.173382 
1338.001023 0.172751 
1336.533832 0.172981 
1335.066640 0.173815 
1333.599449 0.174415 
1332.132257 0.175048 
1330.665066 0.176177 
1329.197874 0.178036 
1327.730683 0.180241 
1326.263491 0.181796 
1324.796300 0.183855 
1323.329108 0.186281 
1321.861917 0.188965 
1320.394725 0.190692 
1318.927534 0.192540 
1317.460342 0.194714 
1315.993151 0.196659 
1314.525959 0.198598 
1313.058768 0.200095 
1311.591576 0.202231 
1310.124385 0.204293 
1308.657193 0.205956 
1307.190002 0.207794 
1305.722810 0.210342 
1304.255619 0.213338 
1302.788427 0.213265 
1301.321236 0.211964 
1299.854044 0.210231 
1298.386853 0.209370 
1296.919661 0.207328 
1295.452470 0.204527 
1293.985278 0.202146 
1292.518087 0.200105 
1291.050895 0.197425 
1289.583704 0.194414 
1288.116512 0.191626 
1286.649321 0.188891 
1285.182129 0.185599 
1283.714938 0.181848 
1282.247746 0.178191 
1280.780555 0.174897 
1279.313363 0.171658 
1277.846172 0.168015 
1276.378980 0.164925 
1274.911789 0.161566 
1273.444597 0.158413 
1271.977406 0.154872 
1270.510214 0.151340 
1269.043023 0.148771 
1267.575831 0.147245 
1266.108640 0.145057 
1264.641448 0.142769 
1263.174257 0.141917 
1261.707065 0.141435 
1260.239874 0.140438 
1258.772682 0.139399 
1257.305491 0.139129 
1255.838299 0.139711 
1254.371108 0.140004 
1252.903916 0.140506 
1251.436725 0.141296 
1249.969533 0.143136 
1248.502342 0.144577 
1247.035150 0.145725 
1245.567959 0.147374 
1244.100767 0.149584 
1242.633576 0.150935 
1241.166384 0.151939 
1239.699193 0.153276 
1238.232001 0.155122 
1236.764810 0.156815 
1235.297618 0.157723 
1233.830427 0.158809 
1232.363235 0.161062 
1230.896044 0.162881 
1229.428852 0.164150 
1227.961661 0.165013 
1226.494469 0.166674 
1225.027278 0.168319 
1223.560086 0.168459 
1222.092895 0.168844 
1220.625703 0.169109 
1219.158512 0.169581 
1217.691320 0.169384 
1216.224129 0.168502 
1214.756937 0.168059 
1213.289746 0.167263 
1211.822554 0.165460 
1210.355363 0.163116 
1208.888171 0.161393 
1207.420980 0.159430 
1205.953788 0.156392 
1204.486597 0.153150 
1203.019405 0.149989 
1201.552214 0.147647 
1200.085022 0.144559 
1198.617831 0.141362 
1197.150639 0.138143 
1195.683448 0.135726 
1194.216256 0.132810 
1192.749065 0.129767 
1191.281873 0.126388 
1189.814682 0.123852 
1188.347490 0.120948 
1186.880299 0.117548 
1185.413107 0.114703 
1183.945916 0.112507 
1182.478724 0.110593 
1181.011533 0.107620 
1179.544341 0.104738 
1178.077150 0.102862 
1176.609958 0.100862 
1175.142767 0.098107 
1173.675575 0.095404 
1172.208384 0.093307 
1170.741192 0.091681 
1169.274001 0.089066 
1167.806809 0.086737 
1166.339618 0.085587 
1164.872426 0.084490 
1163.405235 0.082611 
1161.938043 0.080189 
1160.470852 0.078507 
1159.003660 0.077531 
1157.536469 0.075499 
1156.069277 0.073545 
1154.602086 0.071808 
1153.134894 0.071351 
1151.667703 0.069736 
1150.200511 0.067750 
1148.733320 0.066815 
1147.266128 0.066734 
1145.798937 0.065929 
1144.331745 0.063921 
1142.864554 0.062652 
1141.397362 0.061877 
1139.930171 0.060725 
1138.462979 0.059078 
1136.995788 0.057655 
1135.528596 0.057437 
1134.061405 0.056765 
1132.594213 0.055496 
1131.127022 0.053767 
1129.659830 0.053365 
1128.192639 0.053077 
1126.725447 0.051379 
1125.258256 0.049960 
1123.791064 0.049075 
1122.323873 0.048581 
1120.856681 0.046949 
1119.389490 0.045739 
1117.922298 0.045516 
1116.455107 0.045702 
1114.987916 0.045035 
1113.520724 0.043747 
1112.053533 0.043547 
1110.586341 0.043919 
1109.119150 0.042681 
1107.651958 0.042167 
1106.184767 0.041712 
1104.717575 0.042612 
1103.250384 0.042282 
1101.783192 0.041304 
1100.316001 0.041606 
1098.848809 0.042597 
1097.381618 0.042467 
1095.914426 0.042363 
1094.447235 0.041940 
1092.980043 0.042668 
1091.512852 0.042213 
1090.045660 0.041537 
1088.578469 0.040994 
1087.111277 0.041865 
1085.644086 0.042157 
1084.176894 0.041858 
1082.709703 0.041597 
1081.242511 0.042359 
1079.775320 0.042530 
1078.308128 0.041693 
1076.840937 0.041212 
1075.373745 0.041632 
1073.906554 0.041811 
1072.439362 0.040768 
1070.972171 0.039922 
1069.504979 0.039788 
1068.037788 0.039495 
1066.570596 0.038232 
1065.103405 0.036419 
1063.636213 0.035399 
1062.169022 0.034397 
1060.701830 0.031513 
1059.234639 0.028241 
1057.767447 0.026329 
1056.300256 0.024679 
1054.833064 0.022346 
1053.365873 0.019952 
1051.898681 0.018740 
1050.431490 0.017766 
1048.964298 0.015648 
1047.497107 0.013976 
1046.029915 0.012491 
1044.562724 0.012326 
1043.095532 0.011646 
1041.628341 0.011550 
1040.161149 0.012214 
1038.693958 0.013105 
1037.226766 0.011502 
1035.759575 0.008587 
1034.292383 0.006823 
1032.825192 0.007160 
1031.358000 0.007122 
1029.890809 0.006413 
1028.423617 0.006812 
1026.956426 0.007945 
1025.489234 0.008488 
1024.022043 0.008301 
1022.554851 0.008316 
1021.087660 0.010108 
1019.620468 0.010550 
1018.153277 0.009826 
1016.686085 0.009682 
1015.218894 0.010128 
1013.751702 0.011015 
1012.284511 0.009536 
1010.817319 0.008297 
1009.350128 0.008177 
1007.882936 0.006904 
1006.415745 0.004868 
1004.948553 0.002902 
1003.481362 0.003051 
1002.014170 0.002666 
1000.546979 0.001622 
999.079787 0.000234 
997.612596 -0.000188 
996.145404 0.000197 
994.678213 -0.001521 
993.211021 -0.002413 
991.743830 -0.002580 
990.276638 -0.001762 
988.809447 -0.002312 
987.342255 -0.002861 
985.875064 -0.001738 
984.407872 -0.000308 
982.940681 -0.000934 
981.473489 -0.001308 
980.006298 -0.001009 
978.539106 -0.000103 
977.071915 -0.000546 
975.604723 -0.000732 
974.137532 -0.000502 
972.670340 0.001447 
971.203149 0.002457 
969.735957 0.003328 
968.268766 0.004530 
966.801574 0.007245 
965.334383 0.009479 
963.867191 0.010835 
962.400000 0.012389 
960.932808 0.015983 
959.465617 0.018097 
957.998425 0.019508 
956.531234 0.021377 
955.064042 0.025799 
953.596851 0.029303 
952.129659 0.032138 
950.662468 0.035292 
949.195276 0.040240 
947.728085 0.044973 
946.260893 0.047850 
944.793702 0.051149 
943.326510 0.056787 
941.859319 0.061328 
940.392127 0.064777 
938.924936 0.068881 
937.457744 0.074799 
935.990553 0.080640 
934.523361 0.085211 
933.056170 0.090050 
931.588978 0.096467 
930.121787 0.102980 
928.654595 0.107420 
927.187404 0.111403 
925.720212 0.118063 
924.253021 0.124264 
922.785829 0.129398 
921.318638 0.134372 
919.851446 0.141395 
918.384255 0.148003 
916.917063 0.153839 
915.449872 0.159222 
913.982680 0.165947 
912.515489 0.173797 
911.048297 0.178579 
909.581106 0.183971 
908.113914 0.190312 
906.646723 0.197501 
905.179531 0.202516 
903.712340 0.208829 
902.245148 0.216263 
900.777957 0.223602 
899.310765 0.229932 
897.843574 0.235345 
896.376382 0.242014 
894.909191 0.249149 
893.441999 0.254976 
891.974808 0.260520 
890.507616 0.265553 
889.040425 0.272964 
887.573233 0.277971 
886.106042 0.282913 
884.638850 0.288654 
883.171659 0.296201 
881.704467 0.301395 
880.237276 0.304786 
878.770084 0.309753 
877.302893 0.316938 
875.835701 0.319906 
874.368510 0.324891 
872.901318 0.328768 
871.434127 0.335430 
869.966935 0.340443 
868.499744 0.343757 
867.032552 0.349492 
865.565361 0.355256 
864.098169 0.360297 
862.630978 0.364495 
861.163786 0.368112 
859.696595 0.374544 
858.229404 0.378889 
856.762212 0.381702 
855.295021 0.384657 
853.827829 0.390789 
852.360638 0.395201 
850.893446 0.398914 
849.426255 0.402306 
847.959063 0.407863 
846.491872 0.413668 
845.024680 0.415208 
843.557489 0.417805 
842.090297 0.422625 
840.623106 0.425490 
839.155914 0.428062 
837.688723 0.429753 
836.221531 0.435478 
834.754340 0.440313 
833.287148 0.442318 
831.819957 0.443742 
830.352765 0.449734 
828.885574 0.454157 
827.418382 0.455271 
825.951191 0.459173 
824.483999 0.462536 
823.016808 0.466368 
821.549616 0.468705 
820.082425 0.470553 
818.615233 0.476835 
817.148042 0.482734 
815.680850 0.483419 
814.213659 0.487491 
812.746467 0.490039 
811.279276 0.492968 
809.812084 0.493838 
808.344893 0.493031 
806.877701 0.495962 
805.410510 0.497653 
803.943318 0.496791 
802.476127 0.493186 
801.008935 0.498000 
799.541744 0.499713 
798.074552 0.499302 
796.607361 0.500085 
795.140169 0.501960 
793.672978 0.504856 
792.205786 0.503725 
790.738595 0.502820 
789.271403 0.504025 
787.804212 0.504885 
786.337020 0.504247 
784.869829 0.503287 
783.402637 0.505667 
781.935446 0.507176 
780.468254 0.506103 
779.001063 0.504190 
777.533871 0.505315 
776.066680 0.507271 
774.599488 0.505513 
773.132297 0.503880 
771.665105 0.502577 
770.197914 0.503754 
768.730722 0.501461 
767.263531 0.498116 
765.796339 0.501265 
764.329148 0.502093 
762.861956 0.500511 
761.394765 0.497123 
759.927573 0.498975 
758.460382 0.497467 
756.993190 0.495772 
755.525999 0.489678 
754.058807 0.490004 
752.591616 0.489819 
751.124424 0.485731 
749.657233 0.483116 
748.190041 0.482955 
746.722850 0.481943 
745.255658 0.479292 
743.788467 0.475796 
742.321275 0.473735 
740.854084 0.474556 
739.386892 0.468063 
737.919701 0.464341 
736.452509 0.460755 
734.985318 0.459491 
733.518126 0.456773 
732.050935 0.452389 
730.583743 0.450058 
729.116552 0.451194 
727.649360 0.447529 
726.182169 0.441761 
724.714977 0.439167 
723.247786 0.440083 
721.780594 0.435339 
720.313403 0.431323 
718.846211 0.426906 
717.379020 0.427201 
715.911828 0.420301 
714.444637 0.415169 
712.977445 0.413676 
711.510254 0.413248 
710.043062 0.406886 
708.575871 0.403484 
707.108679 0.401867 
705.641488 0.401074 
704.174296 0.393959 
702.707105 0.384915 
701.239913 0.383714 
699.772722 0.380551 
698.305530 0.372515 
696.838339 0.366791 
695.371147 0.361937 
693.903956 0.359175 
692.436764 0.349146 
690.969573 0.344663 
689.502381 0.341602 
688.035190 0.334751 
686.567998 0.326142 
685.100807 0.315472 
683.633615 0.309961 
682.166424 0.300550 
680.699232 0.287107 
679.232041 0.274022 
677.764849 0.264805 
676.297658 0.252201 
674.830466 0.260053 
673.363275 0.308444 
671.896083 0.356059 
670.428892 0.398118 
668.961700 0.428609 
667.494509 0.462804 
666.027317 0.495431 
664.560126 0.530878 
663.092934 0.561801 
661.625743 0.597894 
660.158551 0.615460 
658.691360 0.613579 
657.224168 0.629664 
655.756977 0.670307 
654.289785 0.653540 
652.822594 0.591243 
651.355402 0.530425 
649.888211 0.493553 
648.421019 0.460375 
646.953828 0.426937 
645.486636 0.404224 
644.019445 0.371573 
642.552253 0.356698 
641.085062 0.338155 
639.617870 0.314151 
638.150679 0.306424 
636.683487 0.288306 
635.216296 0.274367 
633.749104 0.257532 
632.281913 0.244378 
630.814721 0.233860 
629.347530 0.220446 
627.880338 0.206243 
626.413147 0.188431 
624.945955 0.184541 
623.478764 0.174146 
622.011572 0.157480 
620.544381 0.144482 
619.077189 0.136143 
617.609998 0.124269 
616.142806 0.117861 
614.675615 0.109417 
613.208423 0.100794 
611.741232 0.084954 
610.274040 0.074265 
608.806849 0.071496 
607.339657 0.049432 
605.872466 0.031826 
604.405274 0.025806 
602.938083 0.017490 
601.470891 0.009532 
600.003700 -0.005100 
