5000.111000 -0.000216 
4998.643809 -0.000178 
4997.176617 -0.000096 
4995.709426 0.000183 
4994.242234 -0.000152 
4992.775043 -0.000252 
4991.307851 -0.000132 
4989.840660 -0.000198 
4988.373468 0.000047 
4986.906277 -0.000122 
4985.439085 -0.000087 
4983.971894 -0.000105 
4982.504702 -0.000414 
4981.037511 -0.000367 
4979.570319 -0.000219 
4978.103128 -0.000119 
4976.635936 -0.000489 
4975.168745 -0.000222 
4973.701553 -0.000246 
4972.234362 -0.000263 
4970.767170 -0.000334 
4969.299979 -0.000344 
4967.832787 -0.000417 
4966.365596 -0.000380 
4964.898404 -0.000320 
4963.431213 -0.000367 
4961.964021 -0.000369 
4960.496830 -0.000404 
4959.029638 -0.000092 
4957.562447 -0.000053 
4956.095255 -0.000183 
4954.628064 -0.000211 
4953.160872 -0.000230 
4951.693681 0.000046 
4950.226489 -0.000079 
4948.759298 -0.000009 
4947.292106 -0.000112 
4945.824915 0.000036 
4944.357723 -0.000043 
4942.890532 0.000053 
4941.423340 0.000020 
4939.956149 0.000043 
4938.488957 0.000017 
4937.021766 0.000086 
4935.554574 -0.000172 
4934.087383 -0.000115 
4932.620191 0.000191 
4931.153000 0.000187 
4929.685808 0.000062 
4928.218617 0.000135 
4926.751425 0.000155 
4925.284234 0.000259 
4923.817042 0.000137 
4922.349851 0.000018 
4920.882659 -0.000007 
4919.415468 0.000094 
4917.948276 0.000223 
4916.481085 0.000049 
4915.013893 -0.000009 
4913.546702 -0.000128 
4912.079510 0.000135 
4910.612319 0.000109 
4909.145127 -0.000016 
4907.677936 -0.000186 
4906.210744 -0.000052 
4904.743553 -0.000015 
4903.276361 -0.000090 
4901.809170 0.000069 
4900.341978 -0.000087 
4898.874787 -0.000090 
4897.407595 -0.000222 
4895.940404 0.000003 
4894.473212 0.000178 
4893.006021 -0.000203 
4891.538829 -0.000052 
4890.071638 0.000114 
4888.604446 0.000053 
4887.137255 0.000099 
4885.670063 0.000247 
4884.202872 0.000033 
4882.735680 -0.000133 
4881.268489 -0.000094 
4879.801297 0.000031 
4878.334106 0.000016 
4876.866914 -0.000022 
4875.399723 0.000172 
4873.932531 0.000220 
4872.465340 0.000022 
4870.998148 -0.000042 
4869.530957 -0.000016 
4868.063765 0.000171 
4866.596574 0.000064 
4865.129382 0.000037 
4863.662191 0.000219 
4862.194999 0.000170 
4860.727808 0.000085 
4859.260616 -0.000106 
4857.793425 -0.000099 
4856.326233 0.000119 
4854.859042 0.000174 
4853.391850 0.000145 
4851.924659 0.000090 
4850.457467 0.000082 
4848.990276 0.000061 
4847.523084 0.000214 
4846.055893 0.000147 
4844.588701 0.000119 
4843.121510 0.000104 
4841.654318 0.000187 
4840.187127 0.000096 
4838.719935 0.000028 
4837.252744 0.000068 
4835.785552 0.000195 
4834.318361 0.000156 
4832.851169 0.000079 
4831.383978 0.000178 
4829.916786 0.000159 
4828.449595 0.000127 
4826.982403 0.000240 
4825.515212 0.000214 
4824.048020 0.000097 
4822.580829 0.000114 
4821.113637 0.000051 
4819.646446 0.000151 
4818.179254 0.000144 
4816.712063 0.000086 
4815.244871 0.000350 
4813.777680 0.000216 
4812.310488 -0.000019 
4810.843297 0.000026 
4809.376105 0.000109 
4807.908914 0.000158 
4806.441722 0.000107 
4804.974531 0.000045 
4803.507339 0.000169 
4802.040148 0.000059 
4800.572956 0.000174 
4799.105765 -0.000077 
4797.638573 0.000027 
4796.171382 0.000143 
4794.704190 0.000089 
4793.236999 0.000021 
4791.769807 -0.000037 
4790.302616 0.000075 
4788.835424 0.000217 
4787.368233 -0.000037 
4785.901041 -0.000151 
4784.433850 -0.000116 
4782.966658 -0.000130 
4781.499467 -0.000006 
4780.032275 -0.000060 
4778.565084 -0.000083 
4777.097892 -0.000191 
4775.630701 -0.000059 
4774.163509 0.000042 
4772.696318 0.000025 
4771.229126 -0.000065 
4769.761935 -0.000240 
4768.294743 -0.000196 
4766.827552 0.000003 
4765.360360 -0.000130 
4763.893169 -0.000141 
4762.425977 0.000051 
4760.958786 -0.000000 
4759.491594 -0.000189 
4758.024403 -0.000086 
4756.557211 -0.000146 
4755.090020 0.000015 
4753.622828 0.000020 
4752.155637 -0.000021 
4750.688445 0.000149 
4749.221254 -0.000066 
4747.754062 -0.000099 
4746.286871 -0.000247 
4744.819679 -0.000303 
4743.352488 -0.000058 
4741.885296 -0.000114 
4740.418105 -0.000209 
4738.950914 0.000104 
4737.483722 0.000303 
4736.016531 -0.000127 
4734.549339 0.000029 
4733.082148 0.000043 
4731.614956 -0.000106 
4730.147765 0.000059 
4728.680573 -0.000161 
4727.213382 0.000312 
4725.746190 -0.000172 
4724.278999 0.000060 
4722.811807 -0.000191 
4721.344616 -0.000068 
4719.877424 -0.000231 
4718.410233 0.000013 
4716.943041 -0.000105 
4715.475850 -0.000211 
4714.008658 -0.000068 
4712.541467 -0.000093 
4711.074275 -0.000052 
4709.607084 -0.000186 
4708.139892 -0.000199 
4706.672701 -0.000204 
4705.205509 -0.000157 
4703.738318 0.000022 
4702.271126 0.000002 
4700.803935 -0.000088 
4699.336743 -0.000173 
4697.869552 -0.000023 
4696.402360 -0.000067 
4694.935169 0.000058 
4693.467977 0.000145 
4692.000786 -0.000010 
4690.533594 0.000098 
4689.066403 -0.000018 
4687.599211 0.000332 
4686.132020 -0.000089 
4684.664828 0.000321 
4683.197637 0.000012 
4681.730445 -0.000068 
4680.263254 -0.000080 
4678.796062 -0.000524 
4677.328871 0.000034 
4675.861679 -0.000534 
4674.394488 0.000025 
4672.927296 -0.000577 
4671.460105 -0.000515 
4669.992913 0.000031 
4668.525722 -0.000607 
4667.058530 -0.000033 
4665.591339 -0.000565 
4664.124147 -0.000297 
4662.656956 -0.000259 
4661.189764 -0.000640 
4659.722573 0.000064 
4658.255381 -0.000392 
4656.788190 0.000033 
4655.320998 0.000030 
4653.853807 -0.000306 
4652.386615 0.000319 
4650.919424 -0.000077 
4649.452232 0.000219 
4647.985041 0.000315 
4646.517849 -0.000251 
4645.050658 0.000309 
4643.583466 0.000202 
4642.116275 0.000129 
4640.649083 0.000304 
4639.181892 0.000063 
4637.714700 0.000248 
4636.247509 0.000300 
4634.780317 -0.000092 
4633.313126 0.000213 
4631.845934 0.000061 
4630.378743 0.000095 
4628.911551 0.000443 
4627.444360 0.000267 
4625.977168 0.000170 
4624.509977 0.000223 
4623.042785 0.000021 
4621.575594 0.000242 
4620.108402 0.000145 
4618.641211 0.000141 
4617.174019 0.000189 
4615.706828 0.000156 
4614.239636 0.000199 
4612.772445 0.000267 
4611.305253 -0.000038 
4609.838062 -0.000098 
4608.370870 0.000006 
4606.903679 0.000109 
4605.436487 0.000037 
4603.969296 0.000084 
4602.502104 0.000024 
4601.034913 -0.000015 
4599.567721 -0.000023 
4598.100530 -0.000058 
4596.633338 -0.000001 
4595.166147 0.000004 
4593.698955 -0.000068 
4592.231764 -0.000128 
4590.764572 -0.000097 
4589.297381 -0.000094 
4587.830189 -0.000092 
4586.362998 -0.000197 
4584.895806 -0.000239 
4583.428615 -0.000042 
4581.961423 -0.000014 
4580.494232 -0.000144 
4579.027040 -0.000132 
4577.559849 -0.000168 
4576.092657 -0.000036 
4574.625466 -0.000034 
4573.158274 -0.000078 
4571.691083 -0.000241 
4570.223891 -0.000138 
4568.756700 0.000017 
4567.289508 0.000063 
4565.822317 0.000045 
4564.355125 0.000088 
4562.887934 -0.000024 
4561.420742 -0.000035 
4559.953551 -0.000031 
4558.486359 0.000021 
4557.019168 -0.000091 
4555.551976 0.000142 
4554.084785 0.000146 
4552.617593 0.000079 
4551.150402 0.000224 
4549.683210 0.000035 
4548.216019 0.000017 
4546.748827 0.000198 
4545.281636 0.000073 
4543.814444 -0.000031 
4542.347253 0.000057 
4540.880061 -0.000076 
4539.412870 0.000056 
4537.945678 0.000136 
4536.478487 0.000171 
4535.011295 0.000041 
4533.544104 0.000093 
4532.076912 0.000223 
4530.609721 0.000091 
4529.142529 0.000083 
4527.675338 0.000182 
4526.208146 0.000205 
4524.740955 0.000193 
4523.273763 0.000145 
4521.806572 0.000206 
4520.339380 0.000235 
4518.872189 0.000227 
4517.404997 0.000287 
4515.937806 0.000312 
4514.470614 0.000300 
4513.003423 0.000320 
4511.536231 0.000213 
4510.069040 0.000237 
4508.601848 0.000293 
4507.134657 0.000251 
4505.667465 0.000311 
4504.200274 0.000361 
4502.733082 0.000245 
4501.265891 0.000330 
4499.798699 0.000341 
4498.331508 0.000349 
4496.864316 0.000261 
4495.397125 0.000139 
4493.929933 0.000008 
4492.462742 0.000260 
4490.995550 0.000338 
4489.528359 0.000258 
4488.061167 0.000286 
4486.593976 0.000252 
4485.126784 0.000236 
4483.659593 0.000370 
4482.192402 0.000252 
4480.725210 0.000264 
4479.258019 0.000202 
4477.790827 0.000199 
4476.323636 0.000346 
4474.856444 0.000383 
4473.389253 0.000441 
4471.922061 0.000260 
4470.454870 0.000299 
4468.987678 0.000328 
4467.520487 0.000345 
4466.053295 0.000341 
4464.586104 0.000198 
4463.118912 0.000307 
4461.651721 0.000558 
4460.184529 0.000351 
4458.717338 0.000384 
4457.250146 0.000424 
4455.782955 0.000391 
4454.315763 0.000458 
4452.848572 0.000262 
4451.381380 0.000450 
4449.914189 0.000494 
4448.446997 0.000454 
4446.979806 0.000486 
4445.512614 0.000358 
4444.045423 0.000385 
4442.578231 0.000378 
4441.111040 0.000324 
4439.643848 0.000471 
4438.176657 0.000466 
4436.709465 0.000398 
4435.242274 0.000483 
4433.775082 0.000493 
4432.307891 0.000569 
4430.840699 0.000432 
4429.373508 0.000469 
4427.906316 0.000409 
4426.439125 0.000433 
4424.971933 0.000359 
4423.504742 0.000337 
4422.037550 0.000449 
4420.570359 0.000515 
4419.103167 0.000647 
4417.635976 0.000539 
4416.168784 0.000500 
4414.701593 0.000514 
4413.234401 0.000392 
4411.767210 0.000287 
4410.300018 0.000369 
4408.832827 0.000492 
4407.365635 0.000449 
4405.898444 0.000421 
4404.431252 0.000442 
4402.964061 0.000426 
4401.496869 0.000401 
4400.029678 0.000530 
4398.562486 0.000478 
4397.095295 0.000471 
4395.628103 0.000406 
4394.160912 0.000399 
4392.693720 0.000475 
4391.226529 0.000331 
4389.759337 0.000334 
4388.292146 0.000296 
4386.824954 0.000381 
4385.357763 0.000416 
4383.890571 0.000407 
4382.423380 0.000318 
4380.956188 0.000345 
4379.488997 0.000364 
4378.021805 0.000294 
4376.554614 0.000356 
4375.087422 0.000405 
4373.620231 0.000321 
4372.153039 0.000275 
4370.685848 0.000190 
4369.218656 0.000270 
4367.751465 0.000202 
4366.284273 0.000182 
4364.817082 0.000261 
4363.349890 0.000247 
4361.882699 0.000364 
4360.415507 0.000317 
4358.948316 0.000298 
4357.481124 0.000232 
4356.013933 0.000183 
4354.546741 0.000160 
4353.079550 0.000236 
4351.612358 0.000335 
4350.145167 0.000210 
4348.677975 0.000087 
4347.210784 0.000240 
4345.743592 0.000229 
4344.276401 0.000014 
4342.809209 0.000016 
4341.342018 0.000089 
4339.874826 0.000015 
4338.407635 -0.000038 
4336.940443 0.000019 
4335.473252 0.000099 
4334.006060 -0.000050 
4332.538869 0.000029 
4331.071677 0.000062 
4329.604486 0.000144 
4328.137294 0.000063 
4326.670103 0.000119 
4325.202911 0.000066 
4323.735720 0.000136 
4322.268528 0.000198 
4320.801337 0.000168 
4319.334145 0.000061 
4317.866954 0.000163 
4316.399762 0.000192 
4314.932571 0.000055 
4313.465379 0.000089 
4311.998188 0.000035 
4310.530996 0.000118 
4309.063805 0.000057 
4307.596613 0.000077 
4306.129422 0.000147 
4304.662230 0.000193 
4303.195039 0.000120 
4301.727847 0.000131 
4300.260656 0.000081 
4298.793464 0.000060 
4297.326273 0.000110 
4295.859081 0.000205 
4294.391890 0.000174 
4292.924698 0.000122 
4291.457507 0.000055 
4289.990315 -0.000003 
4288.523124 0.000029 
4287.055932 0.000036 
4285.588741 0.000078 
4284.121549 0.000145 
4282.654358 0.000143 
4281.187166 0.000080 
4279.719975 0.000150 
4278.252783 0.000153 
4276.785592 0.000113 
4275.318400 0.000101 
4273.851209 0.000009 
4272.384017 0.000070 
4270.916826 0.000011 
4269.449634 0.000030 
4267.982443 0.000126 
4266.515251 0.000154 
4265.048060 0.000090 
4263.580868 0.000167 
4262.113677 0.000207 
4260.646485 0.000270 
4259.179294 0.000044 
4257.712102 0.000011 
4256.244911 0.000115 
4254.777719 0.000128 
4253.310528 0.000146 
4251.843336 -0.000011 
4250.376145 0.000057 
4248.908953 0.000068 
4247.441762 -0.000016 
4245.974570 0.000001 
4244.507379 0.000099 
4243.040187 0.000042 
4241.572996 0.000086 
4240.105804 0.000025 
4238.638613 -0.000041 
4237.171421 0.000015 
4235.704230 0.000100 
4234.237038 0.000094 
4232.769847 0.000088 
4231.302655 0.000071 
4229.835464 0.000028 
4228.368272 0.000060 
4226.901081 0.000117 
4225.433889 0.000131 
4223.966698 0.000095 
4222.499507 0.000249 
4221.032315 0.000178 
4219.565124 0.000155 
4218.097932 0.000271 
4216.630741 0.000202 
4215.163549 0.000329 
4213.696358 0.000275 
4212.229166 0.000113 
4210.761975 0.000165 
4209.294783 0.000264 
4207.827592 0.000334 
4206.360400 0.000323 
4204.893209 0.000224 
4203.426017 0.000294 
4201.958826 0.000316 
4200.491634 0.000283 
4199.024443 0.000293 
4197.557251 0.000285 
4196.090060 0.000353 
4194.622868 0.000329 
4193.155677 0.000445 
4191.688485 0.000402 
4190.221294 0.000440 
4188.754102 0.000323 
4187.286911 0.000330 
4185.819719 0.000350 
4184.352528 0.000386 
4182.885336 0.000364 
4181.418145 0.000352 
4179.950953 0.000304 
4178.483762 0.000369 
4177.016570 0.000470 
4175.549379 0.000365 
4174.082187 0.000412 
4172.614996 0.000406 
4171.147804 0.000517 
4169.680613 0.000455 
4168.213421 0.000476 
4166.746230 0.000371 
4165.279038 0.000397 
4163.811847 0.000444 
4162.344655 0.000563 
4160.877464 0.000530 
4159.410272 0.000459 
4157.943081 0.000503 
4156.475889 0.000422 
4155.008698 0.000421 
4153.541506 0.000491 
4152.074315 0.000572 
4150.607123 0.000436 
4149.139932 0.000456 
4147.672740 0.000477 
4146.205549 0.000622 
4144.738357 0.000694 
4143.271166 0.000615 
4141.803974 0.000555 
4140.336783 0.000617 
4138.869591 0.000581 
4137.402400 0.000657 
4135.935208 0.000671 
4134.468017 0.000601 
4133.000825 0.000628 
4131.533634 0.000646 
4130.066442 0.000629 
4128.599251 0.000679 
4127.132059 0.000539 
4125.664868 0.000595 
4124.197676 0.000731 
4122.730485 0.000643 
4121.263293 0.000634 
4119.796102 0.000711 
4118.328910 0.000776 
4116.861719 0.000813 
4115.394527 0.000725 
4113.927336 0.000594 
4112.460144 0.000616 
4110.992953 0.000702 
4109.525761 0.000690 
4108.058570 0.000737 
4106.591378 0.000748 
4105.124187 0.000828 
4103.656995 0.000819 
4102.189804 0.000810 
4100.722612 0.000870 
4099.255421 0.000792 
4097.788229 0.000848 
4096.321038 0.000814 
4094.853846 0.000870 
4093.386655 0.000864 
4091.919463 0.000878 
4090.452272 0.000844 
4088.985080 0.000824 
4087.517889 0.000795 
4086.050697 0.000869 
4084.583506 0.000925 
4083.116314 0.000888 
4081.649123 0.000870 
4080.181931 0.000808 
4078.714740 0.000967 
4077.247548 0.000922 
4075.780357 0.000884 
4074.313165 0.000837 
4072.845974 0.000964 
4071.378782 0.000889 
4069.911591 0.000970 
4068.444399 0.000870 
4066.977208 0.000861 
4065.510016 0.000937 
4064.042825 0.001002 
4062.575633 0.000970 
4061.108442 0.000895 
4059.641250 0.000914 
4058.174059 0.000860 
4056.706867 0.001007 
4055.239676 0.001053 
4053.772484 0.000949 
4052.305293 0.000975 
4050.838101 0.000933 
4049.370910 0.000844 
4047.903718 0.000963 
4046.436527 0.000954 
4044.969335 0.000837 
4043.502144 0.000915 
4042.034952 0.000979 
4040.567761 0.000987 
4039.100569 0.000980 
4037.633378 0.001051 
4036.166186 0.000989 
4034.698995 0.000908 
4033.231803 0.000899 
4031.764612 0.000972 
4030.297420 0.000928 
4028.830229 0.000934 
4027.363037 0.000849 
4025.895846 0.000932 
4024.428654 0.000870 
4022.961463 0.000775 
4021.494271 0.000787 
4020.027080 0.000696 
4018.559888 0.000728 
4017.092697 0.000657 
4015.625505 0.000650 
4014.158314 0.000606 
4012.691122 0.000555 
4011.223931 0.000540 
4009.756739 0.000571 
4008.289548 0.000464 
4006.822356 0.000391 
4005.355165 0.000315 
4003.887973 0.000324 
4002.420782 0.000439 
4000.953590 0.000436 
3999.486399 0.000308 
3998.019207 0.000151 
3996.552016 0.000147 
3995.084824 0.000184 
3993.617633 0.000151 
3992.150441 0.000011 
3990.683250 -0.000006 
3989.216058 0.000006 
3987.748867 0.000091 
3986.281675 0.000064 
3984.814484 0.000002 
3983.347292 -0.000015 
3981.880101 -0.000026 
3980.412909 -0.000009 
3978.945718 -0.000016 
3977.478526 -0.000060 
3976.011335 -0.000108 
3974.544143 -0.000059 
3973.076952 -0.000019 
3971.609760 -0.000039 
3970.142569 -0.000026 
3968.675377 -0.000042 
3967.208186 0.000028 
3965.740994 -0.000084 
3964.273803 -0.000090 
3962.806612 -0.000027 
3961.339420 0.000057 
3959.872229 -0.000012 
3958.405037 0.000127 
3956.937846 0.000050 
3955.470654 0.000005 
3954.003463 0.000055 
3952.536271 0.000056 
3951.069080 -0.000016 
3949.601888 0.000023 
3948.134697 0.000027 
3946.667505 0.000066 
3945.200314 0.000104 
3943.733122 0.000066 
3942.265931 0.000216 
3940.798739 0.000042 
3939.331548 -0.000046 
3937.864356 -0.000020 
3936.397165 -0.000022 
3934.929973 -0.000066 
3933.462782 0.000091 
3931.995590 0.000176 
3930.528399 0.000131 
3929.061207 0.000063 
3927.594016 -0.000022 
3926.126824 0.000031 
3924.659633 0.000027 
3923.192441 -0.000019 
3921.725250 -0.000087 
3920.258058 0.000063 
3918.790867 0.000018 
3917.323675 0.000265 
3915.856484 0.000159 
3914.389292 -0.000014 
3912.922101 -0.000050 
3911.454909 -0.000073 
3909.987718 -0.000073 
3908.520526 -0.000079 
3907.053335 -0.000070 
3905.586143 -0.000040 
3904.118952 0.000068 
3902.651760 -0.000011 
3901.184569 0.000065 
3899.717377 -0.000018 
3898.250186 -0.000005 
3896.782994 -0.000149 
3895.315803 -0.000177 
3893.848611 -0.000186 
3892.381420 -0.000195 
3890.914228 0.000003 
3889.447037 -0.000217 
3887.979845 -0.000195 
3886.512654 -0.000031 
3885.045462 0.000075 
3883.578271 -0.000319 
3882.111079 -0.000265 
3880.643888 -0.000082 
3879.176696 -0.000152 
3877.709505 -0.000293 
3876.242313 -0.000383 
3874.775122 -0.000248 
3873.307930 -0.000148 
3871.840739 -0.000358 
3870.373547 -0.000081 
3868.906356 -0.000005 
3867.439164 -0.000476 
3865.971973 -0.000366 
3864.504781 -0.000207 
3863.037590 -0.000412 
3861.570398 -0.000308 
3860.103207 -0.000460 
3858.636015 -0.000434 
3857.168824 -0.000401 
3855.701632 -0.000351 
3854.234441 0.000588 
3852.767249 0.000311 
3851.300058 -0.000005 
3849.832866 -0.000381 
3848.365675 -0.000449 
3846.898483 -0.000407 
3845.431292 -0.000538 
3843.964100 -0.000275 
3842.496909 -0.000259 
3841.029717 -0.000235 
3839.562526 -0.000199 
3838.095334 0.000247 
3836.628143 -0.000024 
3835.160951 -0.000107 
3833.693760 -0.000143 
3832.226568 -0.000056 
3830.759377 -0.000003 
3829.292185 -0.000140 
3827.824994 -0.000035 
3826.357802 0.000074 
3824.890611 0.000061 
3823.423419 -0.000041 
3821.956228 0.000202 
3820.489036 0.000363 
3819.021845 0.000156 
3817.554653 0.000188 
3816.087462 0.000637 
3814.620270 0.000254 
3813.153079 0.000034 
3811.685887 0.000066 
3810.218696 0.000063 
3808.751504 0.000095 
3807.284313 0.000324 
3805.817121 0.000297 
3804.349930 0.000074 
3802.882738 0.000204 
3801.415547 0.000702 
3799.948355 0.000329 
3798.481164 0.000065 
3797.013972 0.000213 
3795.546781 0.000153 
3794.079589 0.000029 
3792.612398 0.000032 
3791.145206 -0.000074 
3789.678015 -0.000116 
3788.210823 -0.000153 
3786.743632 -0.000063 
3785.276440 -0.000064 
3783.809249 -0.000018 
3782.342057 -0.000019 
3780.874866 0.000031 
3779.407674 0.000189 
3777.940483 0.000079 
3776.473291 0.000021 
3775.006100 0.000027 
3773.538908 0.000052 
3772.071717 0.000113 
3770.604525 0.000188 
3769.137334 0.000214 
3767.670142 0.000014 
3766.202951 0.000318 
3764.735759 0.000686 
3763.268568 0.000886 
3761.801376 0.001172 
3760.334185 0.001522 
3758.866993 0.001678 
3757.399802 0.001718 
3755.932610 0.001782 
3754.465419 0.001661 
3752.998227 0.001874 
3751.531036 0.001824 
3750.063844 0.001198 
3748.596653 0.000860 
3747.129461 0.000103 
3745.662270 -0.000044 
3744.195078 -0.000054 
3742.727887 -0.001517 
3741.260695 -0.001971 
3739.793504 -0.001628 
3738.326312 -0.000883 
3736.859121 0.000009 
3735.391929 0.000055 
3733.924738 -0.000078 
3732.457546 0.000057 
3730.990355 0.000169 
3729.523163 0.000091 
3728.055972 0.000160 
3726.588780 0.000354 
3725.121589 0.000138 
3723.654397 -0.000059 
3722.187206 -0.000034 
3720.720014 -0.000080 
3719.252823 -0.000012 
3717.785631 0.000031 
3716.318440 -0.000023 
3714.851248 -0.000001 
3713.384057 0.000153 
3711.916865 0.000385 
3710.449674 0.000182 
3708.982482 0.000095 
3707.515291 -0.000023 
3706.048099 -0.000084 
3704.580908 0.000005 
3703.113717 0.000003 
3701.646525 0.000069 
3700.179334 -0.000045 
3698.712142 -0.000017 
3697.244951 0.000123 
3695.777759 0.000195 
3694.310568 0.000278 
3692.843376 0.000347 
3691.376185 0.000660 
3689.908993 0.000813 
3688.441802 0.001374 
3686.974610 0.001157 
3685.507419 0.001005 
3684.040227 0.001110 
3682.573036 0.001304 
3681.105844 0.001469 
3679.638653 0.001714 
3678.171461 0.001815 
3676.704270 0.002234 
3675.237078 0.002850 
3673.769887 0.002610 
3672.302695 0.002650 
3670.835504 0.003303 
3669.368312 0.003388 
3667.901121 0.003399 
3666.433929 0.003573 
3664.966738 0.003665 
3663.499546 0.003923 
3662.032355 0.004202 
3660.565163 0.004282 
3659.097972 0.004618 
3657.630780 0.004976 
3656.163589 0.005503 
3654.696397 0.005496 
3653.229206 0.005636 
3651.762014 0.006186 
3650.294823 0.006778 
3648.827631 0.007094 
3647.360440 0.007249 
3645.893248 0.007355 
3644.426057 0.007624 
3642.958865 0.007922 
3641.491674 0.008388 
3640.024482 0.008681 
3638.557291 0.009060 
3637.090099 0.009487 
3635.622908 0.009864 
3634.155716 0.010390 
3632.688525 0.010791 
3631.221333 0.011223 
3629.754142 0.011998 
3628.286950 0.012610 
3626.819759 0.012715 
3625.352567 0.013069 
3623.885376 0.013556 
3622.418184 0.014151 
3620.950993 0.014706 
3619.483801 0.015475 
3618.016610 0.016031 
3616.549418 0.016474 
3615.082227 0.017160 
3613.615035 0.017850 
3612.147844 0.018687 
3610.680652 0.019193 
3609.213461 0.020054 
3607.746269 0.020548 
3606.279078 0.021265 
3604.811886 0.022032 
3603.344695 0.022755 
3601.877503 0.023593 
3600.410312 0.024427 
3598.943120 0.025312 
3597.475929 0.026240 
3596.008737 0.027126 
3594.541546 0.028003 
3593.074354 0.028934 
3591.607163 0.029942 
3590.139971 0.030919 
3588.672780 0.032187 
3587.205588 0.033262 
3585.738397 0.034295 
3584.271205 0.035240 
3582.804014 0.036395 
3581.336822 0.037534 
3579.869631 0.038714 
3578.402439 0.039861 
3576.935248 0.041237 
3575.468056 0.042564 
3574.000865 0.043862 
3572.533673 0.045239 
3571.066482 0.046699 
3569.599290 0.048176 
3568.132099 0.049808 
3566.664907 0.051411 
3565.197716 0.052838 
3563.730524 0.054278 
3562.263333 0.055982 
3560.796141 0.057550 
3559.328950 0.059318 
3557.861758 0.061019 
3556.394567 0.062764 
3554.927375 0.064642 
3553.460184 0.066508 
3551.992992 0.068527 
3550.525801 0.070477 
3549.058609 0.072538 
3547.591418 0.074599 
3546.124226 0.076741 
3544.657035 0.078983 
3543.189843 0.081093 
3541.722652 0.083368 
3540.255460 0.085712 
3538.788269 0.088079 
3537.321077 0.090490 
3535.853886 0.093110 
3534.386694 0.095613 
3532.919503 0.098267 
3531.452311 0.100856 
3529.985120 0.103641 
3528.517928 0.106397 
3527.050737 0.109199 
3525.583545 0.112133 
3524.116354 0.114992 
3522.649162 0.117994 
3521.181971 0.121018 
3519.714779 0.124162 
3518.247588 0.127268 
3516.780396 0.130446 
3515.313205 0.133729 
3513.846013 0.136976 
3512.378822 0.140273 
3510.911630 0.143633 
3509.444439 0.146971 
3507.977247 0.150499 
3506.510056 0.154034 
3505.042864 0.157581 
3503.575673 0.161215 
3502.108481 0.164770 
3500.641290 0.168388 
3499.174098 0.172166 
3497.706907 0.175979 
3496.239715 0.179689 
3494.772524 0.183481 
3493.305332 0.187298 
3491.838141 0.191220 
3490.370949 0.195122 
3488.903758 0.199038 
3487.436566 0.203056 
3485.969375 0.207062 
3484.502183 0.211157 
3483.034992 0.215171 
3481.567800 0.219325 
3480.100609 0.223475 
3478.633417 0.227684 
3477.166226 0.231925 
3475.699034 0.236163 
3474.231843 0.240369 
3472.764651 0.244657 
3471.297460 0.248961 
3469.830268 0.253304 
3468.363077 0.257672 
3466.895885 0.262171 
3465.428694 0.266575 
3463.961502 0.270849 
3462.494311 0.275423 
3461.027119 0.280002 
3459.559928 0.284491 
3458.092736 0.288867 
3456.625545 0.293360 
3455.158353 0.297805 
3453.691162 0.302472 
3452.223970 0.306960 
3450.756779 0.311460 
3449.289587 0.316045 
3447.822396 0.320553 
3446.355205 0.325094 
3444.888013 0.329609 
3443.420822 0.334231 
3441.953630 0.338714 
3440.486439 0.343362 
3439.019247 0.347757 
3437.552056 0.352345 
3436.084864 0.356992 
3434.617673 0.361485 
3433.150481 0.366017 
3431.683290 0.370760 
3430.216098 0.375668 
3428.748907 0.380663 
3427.281715 0.385596 
3425.814524 0.390618 
3424.347332 0.395797 
3422.880141 0.401068 
3421.412949 0.406558 
3419.945758 0.412046 
3418.478566 0.417528 
3417.011375 0.422980 
3415.544183 0.428499 
3414.076992 0.433874 
3412.609800 0.438725 
3411.142609 0.443606 
3409.675417 0.448281 
3408.208226 0.452394 
3406.741034 0.456371 
3405.273843 0.460224 
3403.806651 0.463794 
3402.339460 0.467295 
3400.872268 0.470345 
3399.405077 0.473262 
3397.937885 0.476721 
3396.470694 0.480300 
3395.003502 0.483390 
3393.536311 0.486485 
3392.069119 0.489450 
3390.601928 0.492283 
3389.134736 0.495487 
3387.667545 0.498406 
3386.200353 0.501074 
3384.733162 0.503538 
3383.265970 0.505834 
3381.798779 0.508048 
3380.331587 0.510068 
3378.864396 0.511846 
3377.397204 0.513678 
3375.930013 0.515327 
3374.462821 0.517278 
3372.995630 0.518702 
3371.528438 0.520373 
3370.061247 0.521948 
3368.594055 0.523366 
3367.126864 0.525565 
3365.659672 0.527390 
3364.192481 0.529268 
3362.725289 0.531060 
3361.258098 0.533095 
3359.790906 0.535111 
3358.323715 0.537034 
3356.856523 0.539028 
3355.389332 0.541289 
3353.922140 0.543442 
3352.454949 0.545629 
3350.987757 0.547567 
3349.520566 0.549486 
3348.053374 0.551969 
3346.586183 0.553975 
3345.118991 0.556387 
3343.651800 0.558501 
3342.184608 0.560765 
3340.717417 0.563066 
3339.250225 0.565129 
3337.783034 0.567292 
3336.315842 0.569844 
3334.848651 0.571938 
3333.381459 0.574163 
3331.914268 0.576461 
3330.447076 0.578865 
3328.979885 0.581235 
3327.512693 0.583500 
3326.045502 0.585950 
3324.578310 0.588232 
3323.111119 0.590800 
3321.643927 0.593077 
3320.176736 0.595532 
3318.709544 0.597954 
3317.242353 0.600523 
3315.775161 0.603171 
3314.307970 0.605747 
3312.840778 0.607965 
3311.373587 0.610319 
3309.906395 0.612616 
3308.439204 0.614394 
3306.972012 0.616227 
3305.504821 0.617931 
3304.037629 0.619738 
3302.570438 0.621745 
3301.103246 0.623565 
3299.636055 0.625240 
3298.168863 0.626892 
3296.701672 0.628612 
3295.234480 0.630257 
3293.767289 0.632008 
3292.300097 0.633564 
3290.832906 0.634759 
3289.365714 0.636485 
3287.898523 0.638008 
3286.431331 0.639489 
3284.964140 0.640776 
3283.496948 0.642173 
3282.029757 0.643531 
3280.562565 0.644497 
3279.095374 0.645504 
3277.628182 0.646473 
3276.160991 0.647673 
3274.693799 0.648436 
3273.226608 0.649341 
3271.759416 0.650093 
3270.292225 0.650348 
3268.825033 0.651078 
3267.357842 0.651417 
3265.890650 0.651935 
3264.423459 0.652227 
3262.956267 0.652344 
3261.489076 0.652359 
3260.021884 0.652244 
3258.554693 0.651915 
3257.087501 0.651650 
3255.620310 0.651112 
3254.153118 0.650413 
3252.685927 0.649826 
3251.218735 0.649023 
3249.751544 0.647948 
3248.284352 0.647006 
3246.817161 0.645681 
3245.349969 0.644371 
3243.882778 0.643088 
3242.415586 0.641634 
3240.948395 0.639857 
3239.481203 0.638255 
3238.014012 0.636499 
3236.546820 0.634708 
3235.079629 0.632759 
3233.612437 0.630234 
3232.145246 0.627892 
3230.678054 0.626033 
3229.210863 0.623766 
3227.743671 0.621419 
3226.276480 0.618749 
3224.809288 0.616035 
3223.342097 0.613343 
3221.874905 0.610708 
3220.407714 0.607810 
3218.940522 0.605047 
3217.473331 0.602100 
3216.006139 0.599114 
3214.538948 0.596186 
3213.071756 0.593019 
3211.604565 0.590042 
3210.137373 0.586836 
3208.670182 0.583618 
3207.202990 0.580253 
3205.735799 0.577063 
3204.268607 0.573744 
3202.801416 0.570309 
3201.334224 0.566870 
3199.867033 0.563414 
3198.399841 0.559991 
3196.932650 0.556522 
3195.465458 0.552846 
3193.998267 0.549293 
3192.531075 0.545714 
3191.063884 0.541988 
3189.596692 0.538384 
3188.129501 0.534588 
3186.662310 0.530750 
3185.195118 0.526936 
3183.727927 0.523169 
3182.260735 0.519328 
3180.793544 0.515481 
3179.326352 0.511380 
3177.859161 0.507494 
3176.391969 0.503591 
3174.924778 0.499597 
3173.457586 0.495613 
3171.990395 0.491518 
3170.523203 0.487364 
3169.056012 0.483348 
3167.588820 0.479458 
3166.121629 0.475261 
3164.654437 0.471118 
3163.187246 0.466831 
3161.720054 0.462686 
3160.252863 0.458530 
3158.785671 0.454202 
3157.318480 0.449961 
3155.851288 0.445616 
3154.384097 0.441321 
3152.916905 0.437086 
3151.449714 0.432564 
3149.982522 0.428241 
3148.515331 0.423884 
3147.048139 0.419488 
3145.580948 0.415066 
3144.113756 0.410709 
3142.646565 0.406157 
3141.179373 0.401675 
3139.712182 0.397221 
3138.244990 0.392727 
3136.777799 0.388282 
3135.310607 0.383856 
3133.843416 0.379274 
3132.376224 0.374784 
3130.909033 0.370264 
3129.441841 0.365849 
3127.974650 0.361387 
3126.507458 0.356819 
3125.040267 0.352331 
3123.573075 0.347874 
3122.105884 0.343481 
3120.638692 0.338904 
3119.171501 0.334295 
3117.704309 0.329864 
3116.237118 0.325264 
3114.769926 0.320869 
3113.302735 0.316418 
3111.835543 0.311891 
3110.368352 0.307419 
3108.901160 0.302868 
3107.433969 0.298397 
3105.966777 0.293869 
3104.499586 0.289426 
3103.032394 0.284882 
3101.565203 0.280362 
3100.098011 0.275968 
3098.630820 0.271537 
3097.163628 0.267179 
3095.696437 0.262795 
3094.229245 0.258456 
3092.762054 0.253930 
3091.294862 0.249672 
3089.827671 0.245278 
3088.360479 0.241059 
3086.893288 0.236766 
3085.426096 0.232532 
3083.958905 0.228326 
3082.491713 0.224222 
3081.024522 0.220087 
3079.557330 0.215904 
3078.090139 0.211774 
3076.622947 0.207744 
3075.155756 0.203823 
3073.688564 0.199914 
3072.221373 0.196055 
3070.754181 0.192266 
3069.286990 0.188506 
3067.819798 0.184837 
3066.352607 0.181175 
3064.885415 0.177512 
3063.418224 0.174025 
3061.951032 0.170541 
3060.483841 0.167215 
3059.016649 0.163926 
3057.549458 0.160630 
3056.082266 0.157427 
3054.615075 0.154352 
3053.147883 0.151347 
3051.680692 0.148476 
3050.213500 0.145541 
3048.746309 0.142644 
3047.279117 0.139937 
3045.811926 0.137258 
3044.344734 0.134678 
3042.877543 0.132122 
3041.410351 0.129658 
3039.943160 0.127217 
3038.475968 0.124616 
3037.008777 0.122011 
3035.541585 0.119863 
3034.074394 0.117871 
3032.607202 0.115872 
3031.140011 0.113950 
3029.672819 0.112019 
3028.205628 0.110117 
3026.738436 0.108235 
3025.271245 0.106434 
3023.804053 0.104625 
3022.336862 0.103030 
3020.869670 0.101393 
3019.402479 0.099748 
3017.935287 0.098224 
3016.468096 0.096763 
3015.000904 0.095330 
3013.533713 0.093944 
3012.066521 0.092604 
3010.599330 0.091187 
3009.132138 0.089924 
3007.664947 0.088731 
3006.197755 0.087531 
3004.730564 0.086312 
3003.263372 0.085169 
3001.796181 0.084040 
3000.328989 0.082985 
2998.861798 0.081945 
2997.394606 0.080968 
2995.927415 0.079936 
2994.460223 0.078932 
2992.993032 0.078081 
2991.525840 0.077133 
2990.058649 0.076234 
2988.591457 0.075355 
2987.124266 0.074474 
2985.657074 0.073701 
2984.189883 0.072958 
2982.722691 0.072265 
2981.255500 0.071528 
2979.788308 0.070789 
2978.321117 0.070119 
2976.853925 0.069468 
2975.386734 0.068946 
2973.919542 0.068340 
2972.452351 0.067684 
2970.985159 0.067137 
2969.517968 0.066598 
2968.050776 0.066061 
2966.583585 0.065497 
2965.116393 0.064944 
2963.649202 0.064437 
2962.182010 0.064018 
2960.714819 0.063716 
2959.247627 0.063529 
2957.780436 0.063348 
2956.313244 0.063172 
2954.846053 0.063082 
2953.378861 0.062980 
2951.911670 0.062882 
2950.444478 0.062751 
2948.977287 0.062614 
2947.510095 0.062428 
2946.042904 0.062369 
2944.575712 0.062244 
2943.108521 0.062099 
2941.641329 0.061938 
2940.174138 0.061829 
2938.706946 0.061681 
2937.239755 0.061535 
2935.772563 0.061371 
2934.305372 0.061133 
2932.838180 0.060912 
2931.370989 0.060714 
2929.903797 0.060565 
2928.436606 0.060320 
2926.969415 0.060086 
2925.502223 0.059825 
2924.035032 0.059697 
2922.567840 0.059508 
2921.100649 0.059344 
2919.633457 0.059175 
2918.166266 0.058941 
2916.699074 0.058661 
2915.231883 0.058538 
2913.764691 0.058492 
2912.297500 0.058322 
2910.830308 0.058118 
2909.363117 0.057841 
2907.895925 0.057656 
2906.428734 0.057536 
2904.961542 0.057367 
2903.494351 0.057124 
2902.027159 0.056854 
2900.559968 0.056709 
2899.092776 0.056511 
2897.625585 0.056271 
2896.158393 0.056009 
2894.691202 0.055743 
2893.224010 0.055461 
2891.756819 0.055282 
2890.289627 0.054986 
2888.822436 0.054686 
2887.355244 0.054386 
2885.888053 0.054117 
2884.420861 0.053824 
2882.953670 0.053585 
2881.486478 0.053319 
2880.019287 0.052987 
2878.552095 0.052707 
2877.084904 0.052401 
2875.617712 0.052093 
2874.150521 0.051819 
2872.683329 0.051511 
2871.216138 0.051199 
2869.748946 0.050939 
2868.281755 0.050651 
2866.814563 0.050396 
2865.347372 0.050081 
2863.880180 0.049769 
2862.412989 0.049494 
2860.945797 0.049199 
2859.478606 0.048850 
2858.011414 0.048547 
2856.544223 0.048228 
2855.077031 0.047943 
2853.609840 0.047642 
2852.142648 0.047342 
2850.675457 0.046995 
2849.208265 0.046543 
2847.741074 0.045985 
2846.273882 0.045554 
2844.806691 0.045323 
2843.339499 0.045071 
2841.872308 0.044747 
2840.405116 0.044342 
2838.937925 0.043945 
2837.470733 0.043605 
2836.003542 0.043255 
2834.536350 0.042891 
2833.069159 0.042532 
2831.601967 0.042194 
2830.134776 0.041820 
2828.667584 0.041441 
2827.200393 0.041067 
2825.733201 0.040726 
2824.266010 0.040377 
2822.798818 0.040043 
2821.331627 0.039715 
2819.864435 0.039317 
2818.397244 0.038985 
2816.930052 0.038620 
2815.462861 0.038268 
2813.995669 0.037941 
2812.528478 0.037547 
2811.061286 0.037203 
2809.594095 0.036942 
2808.126903 0.036555 
2806.659712 0.036303 
2805.192520 0.036008 
2803.725329 0.035678 
2802.258137 0.035335 
2800.790946 0.034992 
2799.323754 0.034694 
2797.856563 0.034366 
2796.389371 0.034110 
2794.922180 0.033779 
2793.454988 0.033485 
2791.987797 0.033181 
2790.520605 0.032870 
2789.053414 0.032593 
2787.586222 0.032261 
2786.119031 0.031933 
2784.651839 0.031622 
2783.184648 0.031326 
2781.717456 0.031064 
2780.250265 0.030783 
2778.783073 0.030467 
2777.315882 0.030172 
2775.848690 0.029846 
2774.381499 0.029588 
2772.914307 0.029256 
2771.447116 0.028976 
2769.979924 0.028674 
2768.512733 0.028374 
2767.045541 0.028059 
2765.578350 0.027734 
2764.111158 0.027441 
2762.643967 0.027108 
2761.176775 0.026795 
2759.709584 0.026456 
2758.242392 0.026102 
2756.775201 0.025802 
2755.308009 0.025498 
2753.840818 0.025131 
2752.373626 0.024873 
2750.906435 0.024519 
2749.439243 0.024200 
2747.972052 0.023859 
2746.504860 0.023537 
2745.037669 0.023201 
2743.570477 0.022884 
2742.103286 0.022562 
2740.636094 0.022211 
2739.168903 0.021941 
2737.701711 0.021666 
2736.234520 0.021395 
2734.767328 0.021063 
2733.300137 0.020757 
2731.832945 0.020488 
2730.365754 0.020246 
2728.898562 0.019989 
2727.431371 0.019769 
2725.964179 0.019476 
2724.496988 0.019190 
2723.029796 0.018988 
2721.562605 0.018734 
2720.095413 0.018508 
2718.628222 0.018242 
2717.161030 0.018052 
2715.693839 0.017780 
2714.226647 0.017563 
2712.759456 0.017357 
2711.292264 0.017067 
2709.825073 0.016838 
2708.357881 0.016605 
2706.890690 0.016396 
2705.423498 0.016157 
2703.956307 0.015919 
2702.489115 0.015700 
2701.021924 0.015462 
2699.554732 0.015237 
2698.087541 0.015035 
2696.620349 0.014832 
2695.153158 0.014617 
2693.685966 0.014394 
2692.218775 0.014203 
2690.751583 0.013960 
2689.284392 0.013734 
2687.817200 0.013494 
2686.350009 0.013239 
2684.882817 0.013030 
2683.415626 0.012813 
2681.948434 0.012626 
2680.481243 0.012416 
2679.014051 0.012192 
2677.546860 0.011983 
2676.079668 0.011698 
2674.612477 0.011552 
2673.145285 0.011371 
2671.678094 0.011116 
2670.210903 0.010916 
2668.743711 0.010659 
2667.276520 0.010423 
2665.809328 0.010217 
2664.342137 0.009963 
2662.874945 0.009758 
2661.407754 0.009535 
2659.940562 0.009351 
2658.473371 0.009184 
2657.006179 0.008962 
2655.538988 0.008748 
2654.071796 0.008544 
2652.604605 0.008344 
2651.137413 0.008149 
2649.670222 0.007998 
2648.203030 0.007866 
2646.735839 0.007663 
2645.268647 0.007466 
2643.801456 0.007313 
2642.334264 0.007140 
2640.867073 0.006919 
2639.399881 0.006710 
2637.932690 0.006608 
2636.465498 0.006447 
2634.998307 0.006342 
2633.531115 0.006152 
2632.063924 0.006012 
2630.596732 0.005859 
2629.129541 0.005632 
2627.662349 0.005519 
2626.195158 0.005411 
2624.727966 0.005227 
2623.260775 0.005107 
2621.793583 0.004981 
2620.326392 0.004868 
2618.859200 0.004711 
2617.392009 0.004556 
2615.924817 0.004442 
2614.457626 0.004254 
2612.990434 0.004165 
2611.523243 0.004031 
2610.056051 0.003942 
2608.588860 0.003791 
2607.121668 0.003654 
2605.654477 0.003540 
2604.187285 0.003450 
2602.720094 0.003343 
2601.252902 0.003218 
2599.785711 0.003079 
2598.318519 0.002957 
2596.851328 0.002893 
2595.384136 0.002798 
2593.916945 0.002660 
2592.449753 0.002557 
2590.982562 0.002446 
2589.515370 0.002317 
2588.048179 0.002243 
2586.580987 0.002149 
2585.113796 0.002033 
2583.646604 0.001933 
2582.179413 0.001797 
2580.712221 0.001740 
2579.245030 0.001614 
2577.777838 0.001567 
2576.310647 0.001464 
2574.843455 0.001348 
2573.376264 0.001285 
2571.909072 0.001212 
2570.441881 0.001091 
2568.974689 0.000989 
2567.507498 0.000908 
2566.040306 0.000823 
2564.573115 0.000747 
2563.105923 0.000685 
2561.638732 0.000585 
2560.171540 0.000464 
2558.704349 0.000405 
2557.237157 0.000319 
2555.769966 0.000255 
2554.302774 0.000167 
2552.835583 0.000060 
2551.368391 0.000008 
2549.901200 0.000005 
2548.434008 0.000042 
2546.966817 -0.000032 
2545.499625 -0.000053 
2544.032434 -0.000073 
2542.565242 -0.000047 
2541.098051 -0.000080 
2539.630859 -0.000069 
2538.163668 -0.000041 
2536.696476 -0.000090 
2535.229285 -0.000084 
2533.762093 -0.000014 
2532.294902 -0.000063 
2530.827710 -0.000018 
2529.360519 -0.000016 
2527.893327 -0.000004 
2526.426136 0.000030 
2524.958944 -0.000004 
2523.491753 0.000018 
2522.024561 0.000005 
2520.557370 0.000009 
2519.090178 0.000028 
2517.622987 0.000039 
2516.155795 0.000029 
2514.688604 0.000011 
2513.221412 0.000009 
2511.754221 -0.000007 
2510.287029 -0.000027 
2508.819838 -0.000049 
2507.352646 -0.000060 
2505.885455 -0.000049 
2504.418263 -0.000034 
2502.951072 -0.000000 
2501.483880 0.000005 
2500.016689 -0.000012 
2498.549497 0.000057 
2497.082306 -0.000002 
2495.615114 -0.000047 
2494.147923 -0.000020 
2492.680731 -0.000006 
2491.213540 0.000013 
2489.746348 -0.000027 
2488.279157 -0.000025 
2486.811965 -0.000026 
2485.344774 -0.000005 
2483.877582 -0.000039 
2482.410391 -0.000055 
2480.943199 -0.000032 
2479.476008 -0.000043 
2478.008816 -0.000045 
2476.541625 -0.000030 
2475.074433 -0.000089 
2473.607242 -0.000084 
2472.140050 -0.000074 
2470.672859 -0.000106 
2469.205667 -0.000090 
2467.738476 -0.000083 
2466.271284 -0.000057 
2464.804093 -0.000065 
2463.336901 -0.000024 
2461.869710 -0.000079 
2460.402518 -0.000057 
2458.935327 -0.000057 
2457.468135 -0.000087 
2456.000944 -0.000103 
2454.533752 -0.000094 
2453.066561 -0.000068 
2451.599369 -0.000100 
2450.132178 -0.000108 
2448.664986 -0.000079 
2447.197795 -0.000106 
2445.730603 -0.000105 
2444.263412 -0.000135 
2442.796220 -0.000149 
2441.329029 -0.000150 
2439.861837 -0.000182 
2438.394646 -0.000162 
2436.927454 -0.000183 
2435.460263 -0.000167 
2433.993071 -0.000147 
2432.525880 -0.000172 
2431.058688 -0.000122 
2429.591497 -0.000105 
2428.124305 -0.000072 
2426.657114 -0.000123 
2425.189922 -0.000115 
2423.722731 -0.000112 
2422.255539 -0.000081 
2420.788348 -0.000120 
2419.321156 -0.000111 
2417.853965 -0.000080 
2416.386773 -0.000135 
2414.919582 -0.000119 
2413.452390 -0.000077 
2411.985199 -0.000104 
2410.518008 -0.000071 
2409.050816 -0.000093 
2407.583625 -0.000098 
2406.116433 -0.000086 
2404.649242 -0.000140 
2403.182050 -0.000111 
2401.714859 -0.000070 
2400.247667 -0.000109 
2398.780476 -0.000087 
2397.313284 -0.000148 
2395.846093 -0.000081 
2394.378901 -0.000080 
2392.911710 -0.000141 
2391.444518 -0.000071 
2389.977327 -0.000092 
2388.510135 -0.000108 
2387.042944 -0.000088 
2385.575752 -0.000078 
2384.108561 -0.000053 
2382.641369 -0.000082 
2381.174178 -0.000064 
2379.706986 -0.000080 
2378.239795 -0.000062 
2376.772603 -0.000080 
2375.305412 -0.000092 
2373.838220 -0.000033 
2372.371029 -0.000063 
2370.903837 -0.000054 
2369.436646 -0.000039 
2367.969454 -0.000036 
2366.502263 -0.000008 
2365.035071 -0.000038 
2363.567880 -0.000014 
2362.100688 -0.000002 
2360.633497 -0.000012 
2359.166305 0.000023 
2357.699114 -0.000012 
2356.231922 0.000020 
2354.764731 0.000028 
2353.297539 0.000003 
2351.830348 0.000044 
2350.363156 -0.000010 
2348.895965 0.000029 
2347.428773 -0.000008 
2345.961582 -0.000014 
2344.494390 0.000012 
2343.027199 -0.000045 
2341.560007 0.000030 
2340.092816 0.000031 
2338.625624 0.000027 
2337.158433 0.000018 
2335.691241 0.000041 
2334.224050 -0.000017 
2332.756858 0.000016 
2331.289667 -0.000025 
2329.822475 -0.000014 
2328.355284 0.000001 
2326.888092 -0.000058 
2325.420901 0.000030 
2323.953709 0.000033 
2322.486518 0.000024 
2321.019326 0.000015 
2319.552135 -0.000001 
2318.084943 -0.000001 
2316.617752 -0.000009 
2315.150560 -0.000007 
2313.683369 -0.000004 
2312.216177 0.000032 
2310.748986 0.000031 
2309.281794 0.000026 
2307.814603 -0.000008 
2306.347411 0.000008 
2304.880220 0.000026 
2303.413028 0.000037 
2301.945837 0.000026 
2300.478645 0.000020 
2299.011454 0.000031 
2297.544262 0.000012 
2296.077071 0.000046 
2294.609879 -0.000007 
2293.142688 0.000013 
2291.675496 -0.000006 
2290.208305 -0.000018 
2288.741113 0.000004 
2287.273922 -0.000051 
2285.806730 0.000033 
2284.339539 0.000030 
2282.872347 0.000024 
2281.405156 -0.000001 
2279.937964 -0.000027 
2278.470773 0.000035 
2277.003581 0.000029 
2275.536390 0.000022 
2274.069198 0.000015 
2272.602007 0.000015 
2271.134815 0.000013 
2269.667624 0.000012 
2268.200432 0.000014 
2266.733241 0.000014 
2265.266049 0.000015 
2263.798858 0.000015 
2262.331666 0.000016 
2260.864475 0.000016 
2259.397283 0.000016 
2257.930092 0.000017 
2256.462900 0.000015 
2254.995709 0.000015 
2253.528517 0.000013 
2252.061326 0.000010 
2250.594134 0.000009 
2249.126943 0.000148 
2247.659751 0.000078 
2246.192560 -0.000001 
2244.725368 -0.000030 
2243.258177 0.000051 
2241.790985 0.000277 
2240.323794 0.000657 
2238.856602 0.001041 
2237.389411 0.001587 
2235.922219 0.002062 
2234.455028 0.002368 
2232.987836 0.002516 
2231.520645 0.002557 
2230.053453 0.002476 
2228.586262 0.002416 
2227.119070 0.002387 
2225.651879 0.002315 
2224.184687 0.002063 
2222.717496 0.001799 
2221.250304 0.001449 
2219.783113 0.001124 
2218.315921 0.000905 
2216.848730 0.000719 
2215.381538 0.000631 
2213.914347 0.000578 
2212.447155 0.000518 
2210.979964 0.000444 
2209.512772 0.000377 
2208.045581 0.000333 
2206.578389 0.000086 
2205.111198 0.000010 
2203.644006 0.000008 
2202.176815 0.000005 
2200.709623 0.000004 
2199.242432 0.000000 
2197.775240 0.000004 
2196.308049 0.000013 
2194.840857 0.000023 
2193.373666 0.000035 
2191.906474 0.000047 
2190.439283 0.000062 
2188.972091 0.000079 
2187.504900 0.000099 
2186.037708 0.000121 
2184.570517 0.000146 
2183.103325 0.000170 
2181.636134 0.000198 
2180.168942 0.000229 
2178.701751 0.000261 
2177.234559 0.000291 
2175.767368 0.000320 
2174.300176 0.000348 
2172.832985 0.000371 
2171.365793 0.000391 
2169.898602 0.000403 
2168.431410 0.000414 
2166.964219 0.000414 
2165.497027 0.000409 
2164.029836 0.000399 
2162.562644 0.000380 
2161.095453 0.000359 
2159.628261 0.000333 
2158.161070 0.000307 
2156.693878 0.000278 
2155.226687 0.000252 
2153.759495 0.000231 
2152.292304 0.000214 
2150.825113 0.000192 
2149.357921 0.000167 
2147.890730 0.000143 
2146.423538 0.000128 
2144.956347 0.000114 
2143.489155 0.000109 
2142.021964 0.000105 
2140.554772 0.000128 
2139.087581 0.000149 
2137.620389 0.000104 
2136.153198 0.000072 
2134.686006 0.000055 
2133.218815 0.000044 
2131.751623 0.000030 
2130.284432 0.000023 
2128.817240 0.000017 
2127.350049 0.000011 
2125.882857 0.000009 
2124.415666 0.000005 
2122.948474 0.000003 
2121.481283 0.000001 
2120.014091 0.000000 
2118.546900 0.000000 
2117.079708 -0.000034 
2115.612517 -0.000080 
2114.145325 -0.000049 
2112.678134 -0.000072 
2111.210942 -0.000093 
2109.743751 -0.000095 
2108.276559 -0.000097 
2106.809368 -0.000113 
2105.342176 -0.000124 
2103.874985 -0.000104 
2102.407793 -0.000116 
2100.940602 -0.000101 
2099.473410 -0.000114 
2098.006219 -0.000132 
2096.539027 -0.000134 
2095.071836 -0.000126 
2093.604644 -0.000107 
2092.137453 -0.000091 
2090.670261 -0.000109 
2089.203070 -0.000055 
2087.735878 -0.000097 
2086.268687 -0.000092 
2084.801495 -0.000091 
2083.334304 -0.000095 
2081.867112 -0.000085 
2080.399921 -0.000108 
2078.932729 -0.000081 
2077.465538 -0.000106 
2075.998346 -0.000073 
2074.531155 -0.000059 
2073.063963 0.000005 
2071.596772 0.000038 
2070.129580 -0.000031 
2068.662389 -0.000032 
2067.195197 -0.000008 
2065.728006 -0.000012 
2064.260814 -0.000012 
2062.793623 -0.000043 
2061.326431 -0.000028 
2059.859240 -0.000021 
2058.392048 -0.000025 
2056.924857 0.000019 
2055.457665 -0.000015 
2053.990474 0.000009 
2052.523282 -0.000012 
2051.056091 -0.000023 
2049.588899 -0.000005 
2048.121708 -0.000016 
2046.654516 -0.000024 
2045.187325 -0.000031 
2043.720133 -0.000006 
2042.252942 -0.000014 
2040.785750 0.000017 
2039.318559 0.000000 
2037.851367 -0.000065 
2036.384176 -0.000141 
2034.916984 -0.000189 
2033.449793 -0.000225 
2031.982601 -0.000266 
2030.515410 -0.000314 
2029.048218 -0.000325 
2027.581027 -0.000297 
2026.113835 -0.000364 
2024.646644 -0.000326 
2023.179452 -0.000364 
2021.712261 -0.000333 
2020.245069 -0.000351 
2018.777878 -0.000323 
2017.310686 -0.000303 
2015.843495 -0.000296 
2014.376303 -0.000303 
2012.909112 -0.000313 
2011.441920 -0.000264 
2009.974729 -0.000208 
2008.507537 -0.000170 
2007.040346 -0.000173 
2005.573154 -0.000170 
2004.105963 -0.000110 
2002.638771 -0.000092 
2001.171580 -0.000055 
1999.704388 0.000025 
1998.237197 -0.000019 
1996.770005 -0.000049 
1995.302814 -0.000133 
1993.835622 -0.000198 
1992.368431 -0.000212 
1990.901239 -0.000276 
1989.434048 -0.000324 
1987.966856 -0.000386 
1986.499665 -0.000436 
1985.032473 -0.000480 
1983.565282 -0.000519 
1982.098090 -0.000549 
1980.630899 -0.000570 
1979.163707 -0.000623 
1977.696516 -0.000656 
1976.229324 -0.000700 
1974.762133 -0.000685 
1973.294941 -0.000752 
1971.827750 -0.000779 
1970.360558 -0.000802 
1968.893367 -0.000843 
1967.426175 -0.000825 
1965.958984 -0.000885 
1964.491792 -0.000875 
1963.024601 -0.000956 
1961.557409 -0.000928 
1960.090218 -0.001040 
1958.623026 -0.001026 
1957.155835 -0.000882 
1955.688643 -0.000991 
1954.221452 -0.001020 
1952.754260 -0.001059 
1951.287069 -0.001087 
1949.819877 -0.001102 
1948.352686 -0.001097 
1946.885494 -0.001116 
1945.418303 -0.001116 
1943.951111 -0.001151 
1942.483920 -0.001061 
1941.016728 -0.001181 
1939.549537 -0.001218 
1938.082345 -0.001227 
1936.615154 -0.001289 
1935.147962 -0.001291 
1933.680771 -0.001328 
1932.213579 -0.001339 
1930.746388 -0.001363 
1929.279196 -0.001364 
1927.812005 -0.001413 
1926.344813 -0.001458 
1924.877622 -0.001447 
1923.410430 -0.001428 
1921.943239 -0.001492 
1920.476047 -0.001562 
1919.008856 -0.001532 
1917.541664 -0.001477 
1916.074473 -0.001624 
1914.607281 -0.001663 
1913.140090 -0.001687 
1911.672898 -0.001750 
1910.205707 -0.001733 
1908.738515 -0.001762 
1907.271324 -0.001774 
1905.804132 -0.001811 
1904.336941 -0.001853 
1902.869749 -0.001854 
1901.402558 -0.001909 
1899.935366 -0.001923 
1898.468175 -0.001942 
1897.000983 -0.001997 
1895.533792 -0.001973 
1894.066601 -0.002038 
1892.599409 -0.002047 
1891.132218 -0.002064 
1889.665026 -0.001993 
1888.197835 -0.002009 
1886.730643 -0.002076 
1885.263452 -0.002024 
1883.796260 -0.002073 
1882.329069 -0.002030 
1880.861877 -0.001967 
1879.394686 -0.001924 
1877.927494 -0.001825 
1876.460303 -0.001750 
1874.993111 -0.001628 
1873.525920 -0.001444 
1872.058728 -0.001240 
1870.591537 -0.001068 
1869.124345 -0.001009 
1867.657154 -0.001269 
1866.189962 -0.001424 
1864.722771 -0.001478 
1863.255579 -0.001441 
1861.788388 -0.001439 
1860.321196 -0.001382 
1858.854005 -0.001396 
1857.386813 -0.001432 
1855.919622 -0.001441 
1854.452430 -0.001486 
1852.985239 -0.001482 
1851.518047 -0.001514 
1850.050856 -0.001523 
1848.583664 -0.001532 
1847.116473 -0.001593 
1845.649281 -0.001564 
1844.182090 -0.001325 
1842.714898 -0.001557 
1841.247707 -0.001642 
1839.780515 -0.001660 
1838.313324 -0.001606 
1836.846132 -0.001579 
1835.378941 -0.001572 
1833.911749 -0.001520 
1832.444558 -0.001509 
1830.977366 -0.001384 
1829.510175 -0.001248 
1828.042983 -0.001342 
1826.575792 -0.001298 
1825.108600 -0.001140 
1823.641409 -0.001176 
1822.174217 -0.001140 
1820.707026 -0.001082 
1819.239834 -0.001030 
1817.772643 -0.000938 
1816.305451 -0.000882 
1814.838260 -0.000832 
1813.371068 -0.000747 
1811.903877 -0.000672 
1810.436685 -0.000512 
1808.969494 -0.000508 
1807.502302 -0.000460 
1806.035111 -0.000349 
1804.567919 -0.000257 
1803.100728 -0.000136 
1801.633536 -0.000020 
1800.166345 0.000087 
1798.699153 0.000170 
1797.231962 0.000165 
1795.764770 0.000310 
1794.297579 0.000412 
1792.830387 0.000768 
1791.363196 0.000827 
1789.896004 0.000726 
1788.428813 0.000799 
1786.961621 0.000992 
1785.494430 0.001260 
1784.027238 0.001400 
1782.560047 0.001458 
1781.092855 0.001712 
1779.625664 0.001847 
1778.158472 0.002014 
1776.691281 0.002210 
1775.224089 0.002437 
1773.756898 0.002724 
1772.289706 0.003183 
1770.822515 0.003130 
1769.355323 0.003213 
1767.888132 0.003545 
1766.420940 0.003604 
1764.953749 0.003947 
1763.486557 0.004344 
1762.019366 0.004914 
1760.552174 0.005137 
1759.084983 0.005373 
1757.617791 0.005699 
1756.150600 0.006029 
1754.683408 0.006085 
1753.216217 0.006264 
1751.749025 0.006739 
1750.281834 0.007059 
1748.814642 0.007624 
1747.347451 0.008247 
1745.880259 0.008815 
1744.413068 0.009421 
1742.945876 0.010029 
1741.478685 0.010545 
1740.011493 0.011378 
1738.544302 0.011851 
1737.077110 0.012403 
1735.609919 0.013241 
1734.142727 0.014464 
1732.675536 0.014771 
1731.208344 0.015111 
1729.741153 0.015888 
1728.273961 0.016490 
1726.806770 0.017192 
1725.339578 0.017886 
1723.872387 0.018684 
1722.405195 0.019394 
1720.938004 0.020139 
1719.470812 0.021034 
1718.003621 0.022367 
1716.536429 0.023000 
1715.069238 0.023508 
1713.602046 0.024181 
1712.134855 0.024862 
1710.667663 0.025699 
1709.200472 0.026518 
1707.733280 0.027300 
1706.266089 0.028246 
1704.798897 0.028998 
1703.331706 0.029653 
1701.864514 0.030458 
1700.397323 0.031985 
1698.930131 0.032119 
1697.462940 0.032401 
1695.995748 0.033971 
1694.528557 0.033952 
1693.061365 0.034085 
1691.594174 0.034585 
1690.126982 0.035052 
1688.659791 0.035494 
1687.192599 0.035838 
1685.725408 0.036516 
1684.258216 0.037402 
1682.791025 0.036968 
1681.323833 0.036975 
1679.856642 0.037237 
1678.389450 0.037318 
1676.922259 0.037496 
1675.455067 0.037970 
1673.987876 0.037775 
1672.520684 0.037693 
1671.053493 0.037796 
1669.586301 0.037982 
1668.119110 0.037788 
1666.651918 0.037596 
1665.184727 0.037446 
1663.717535 0.037465 
1662.250344 0.037475 
1660.783152 0.037152 
1659.315961 0.037078 
1657.848769 0.036990 
1656.381578 0.036921 
1654.914386 0.037129 
1653.447195 0.037975 
1651.980003 0.037743 
1650.512812 0.036937 
1649.045620 0.037056 
1647.578429 0.037332 
1646.111237 0.037674 
1644.644046 0.037521 
1643.176854 0.037467 
1641.709663 0.037624 
1640.242471 0.037736 
1638.775280 0.037831 
1637.308088 0.038066 
1635.840897 0.038616 
1634.373706 0.038497 
1632.906514 0.038231 
1631.439323 0.038304 
1629.972131 0.038206 
1628.504940 0.038166 
1627.037748 0.037928 
1625.570557 0.037407 
1624.103365 0.037097 
1622.636174 0.036525 
1621.168982 0.035637 
1619.701791 0.034941 
1618.234599 0.034255 
1616.767408 0.034194 
1615.300216 0.033226 
1613.833025 0.032478 
1612.365833 0.032082 
1610.898642 0.031693 
1609.431450 0.031505 
1607.964259 0.031214 
1606.497067 0.030912 
1605.029876 0.030575 
1603.562684 0.030129 
1602.095493 0.029696 
1600.628301 0.029182 
1599.161110 0.028792 
1597.693918 0.028428 
1596.226727 0.028059 
1594.759535 0.027808 
1593.292344 0.027539 
1591.825152 0.027252 
1590.357961 0.027027 
1588.890769 0.026744 
1587.423578 0.026495 
1585.956386 0.026188 
1584.489195 0.025939 
1583.022003 0.025690 
1581.554812 0.025416 
1580.087620 0.025237 
1578.620429 0.024968 
1577.153237 0.025128 
1575.686046 0.025146 
1574.218854 0.024283 
1572.751663 0.024088 
1571.284471 0.023881 
1569.817280 0.023953 
1568.350088 0.023524 
1566.882897 0.023218 
1565.415705 0.023090 
1563.948514 0.022867 
1562.481322 0.022611 
1561.014131 0.022836 
1559.546939 0.023285 
1558.079748 0.022969 
1556.612556 0.022069 
1555.145365 0.021938 
1553.678173 0.021815 
1552.210982 0.021290 
1550.743790 0.021194 
1549.276599 0.021017 
1547.809407 0.020766 
1546.342216 0.020608 
1544.875024 0.020669 
1543.407833 0.020278 
1541.940641 0.020264 
1540.473450 0.020146 
1539.006258 0.020139 
1537.539067 0.019501 
1536.071875 0.019570 
1534.604684 0.019883 
1533.137492 0.019946 
1531.670301 0.019578 
1530.203109 0.019474 
1528.735918 0.019407 
1527.268726 0.019433 
1525.801535 0.019594 
1524.334343 0.019487 
1522.867152 0.019646 
1521.399960 0.020143 
1519.932769 0.020003 
1518.465577 0.019921 
1516.998386 0.020311 
1515.531194 0.020428 
1514.064003 0.020586 
1512.596811 0.021037 
1511.129620 0.021284 
1509.662428 0.021706 
1508.195237 0.022341 
1506.728045 0.023223 
1505.260854 0.023233 
1503.793662 0.022856 
1502.326471 0.023093 
1500.859279 0.023267 
1499.392088 0.023467 
1497.924896 0.023472 
1496.457705 0.023699 
1494.990513 0.023416 
1493.523322 0.023022 
1492.056130 0.022820 
1490.588939 0.022813 
1489.121747 0.022470 
1487.654556 0.022186 
1486.187364 0.021844 
1484.720173 0.021463 
1483.252981 0.021173 
1481.785790 0.020882 
1480.318598 0.020653 
1478.851407 0.020248 
1477.384215 0.019972 
1475.917024 0.019700 
1474.449832 0.019236 
1472.982641 0.019185 
1471.515449 0.018566 
1470.048258 0.017779 
1468.581066 0.017268 
1467.113875 0.016730 
1465.646683 0.016329 
1464.179492 0.015836 
1462.712300 0.015195 
1461.245109 0.014790 
1459.777917 0.014524 
1458.310726 0.014469 
1456.843534 0.014643 
1455.376343 0.013793 
1453.909151 0.013103 
1452.441960 0.012712 
1450.974768 0.012428 
1449.507577 0.012186 
1448.040385 0.012152 
1446.573194 0.011880 
1445.106002 0.011763 
1443.638811 0.011715 
1442.171619 0.011622 
1440.704428 0.011635 
1439.237236 0.011566 
1437.770045 0.011730 
1436.302853 0.011949 
1434.835662 0.011364 
1433.368470 0.011233 
1431.901279 0.010982 
1430.434087 0.010837 
1428.966896 0.010371 
1427.499704 0.009512 
1426.032513 0.008415 
1424.565321 0.007005 
1423.098130 0.005473 
1421.630938 0.004097 
1420.163747 0.004280 
1418.696555 0.004507 
1417.229364 0.002788 
1415.762172 0.001948 
1414.294981 0.001563 
1412.827789 0.001326 
1411.360598 0.000928 
1409.893406 0.001114 
1408.426215 0.001031 
1406.959023 0.000605 
1405.491832 0.000273 
1404.024640 0.000336 
1402.557449 0.000341 
1401.090257 0.000318 
1399.623066 0.000378 
1398.155874 0.000352 
1396.688683 0.000358 
1395.221491 0.000334 
1393.754300 0.000308 
1392.287108 0.000354 
1390.819917 0.000274 
1389.352725 0.000339 
1387.885534 0.000300 
1386.418342 0.000367 
1384.951151 0.000324 
1383.483959 0.000395 
1382.016768 0.000314 
1380.549576 0.000316 
1379.082385 0.000356 
1377.615193 0.000346 
1376.148002 0.000370 
1374.680811 0.000393 
1373.213619 0.000324 
1371.746428 0.000348 
1370.279236 0.000318 
1368.812045 0.000312 
1367.344853 0.000279 
1365.877662 0.000375 
1364.410470 0.000320 
1362.943279 0.000366 
1361.476087 0.000389 
1360.008896 0.000347 
1358.541704 0.000304 
1357.074513 0.000374 
1355.607321 0.000321 
1354.140130 0.000380 
1352.672938 0.000372 
1351.205747 0.000357 
1349.738555 0.000336 
1348.271364 0.000340 
1346.804172 0.000329 
1345.336981 0.000338 
1343.869789 0.000374 
1342.402598 0.000351 
1340.935406 0.000390 
1339.468215 0.000267 
1338.001023 0.000361 
1336.533832 0.000301 
1335.066640 0.000377 
1333.599449 0.000298 
1332.132257 0.000330 
1330.665066 0.000313 
1329.197874 0.000367 
1327.730683 0.000303 
1326.263491 0.000350 
1324.796300 0.000325 
1323.329108 0.000299 
1321.861917 0.000307 
1320.394725 0.000328 
1318.927534 0.000315 
1317.460342 0.000248 
1315.993151 0.000361 
1314.525959 0.000275 
1313.058768 0.000356 
1311.591576 0.000317 
1310.124385 0.000343 
1308.657193 0.000352 
1307.190002 0.000315 
1305.722810 0.000367 
1304.255619 0.000323 
1302.788427 0.000380 
1301.321236 0.000355 
1299.854044 0.000302 
1298.386853 0.000342 
1296.919661 0.000299 
1295.452470 0.000324 
1293.985278 0.000316 
1292.518087 0.000277 
1291.050895 0.000272 
1289.583704 0.000170 
1288.116512 0.000189 
1286.649321 0.000384 
1285.182129 0.000468 
1283.714938 0.000527 
1282.247746 0.000566 
1280.780555 0.000611 
1279.313363 0.000661 
1277.846172 0.000480 
1276.378980 0.000580 
1274.911789 0.000026 
1273.444597 0.000261 
1271.977406 -0.000325 
1270.510214 -0.000148 
1269.043023 0.000244 
1267.575831 -0.000149 
1266.108640 -0.000474 
1264.641448 -0.000870 
1263.174257 -0.001023 
1261.707065 -0.001227 
1260.239874 -0.001451 
1258.772682 -0.001428 
1257.305491 -0.001144 
1255.838299 -0.000722 
1254.371108 -0.000025 
1252.903916 0.000613 
1251.436725 0.001152 
1249.969533 0.001480 
1248.502342 0.001556 
1247.035150 0.001646 
1245.567959 0.001539 
1244.100767 0.001415 
1242.633576 0.001229 
1241.166384 0.001351 
1239.699193 0.001490 
1238.232001 0.001207 
1236.764810 0.000745 
1235.297618 0.000513 
1233.830427 0.000452 
1232.363235 -0.001345 
1230.896044 -0.002057 
1229.428852 -0.001933 
1227.961661 -0.002759 
1226.494469 -0.002876 
1225.027278 -0.003055 
1223.560086 -0.003432 
1222.092895 -0.003559 
1220.625703 -0.003495 
1219.158512 -0.003305 
1217.691320 -0.003076 
1216.224129 -0.002659 
1214.756937 -0.002002 
1213.289746 -0.001479 
1211.822554 -0.000880 
1210.355363 -0.000490 
1208.888171 -0.000301 
1207.420980 -0.000054 
1205.953788 -0.000008 
1204.486597 0.000082 
1203.019405 0.000090 
1201.552214 0.000144 
1200.085022 0.000241 
1198.617831 0.000093 
1197.150639 0.000206 
1195.683448 0.000162 
1194.216256 0.000126 
1192.749065 0.000183 
1191.281873 0.000177 
1189.814682 0.000181 
1188.347490 0.000130 
1186.880299 0.000251 
1185.413107 0.000264 
1183.945916 0.000170 
1182.478724 0.000295 
1181.011533 0.000334 
1179.544341 0.000425 
1178.077150 0.000527 
1176.609958 0.000629 
1175.142767 0.000823 
1173.675575 0.000857 
1172.208384 0.001136 
1170.741192 0.001327 
1169.274001 0.001468 
1167.806809 0.001808 
1166.339618 0.001898 
1164.872426 0.002142 
1163.405235 0.002390 
1161.938043 0.002725 
1160.470852 0.003007 
1159.003660 0.003201 
1157.536469 0.003637 
1156.069277 0.003925 
1154.602086 0.004267 
1153.134894 0.004700 
1151.667703 0.005081 
1150.200511 0.005525 
1148.733320 0.005854 
1147.266128 0.006373 
1145.798937 0.006761 
1144.331745 0.007128 
1142.864554 0.007692 
1141.397362 0.008038 
1139.930171 0.008489 
1138.462979 0.008944 
1136.995788 0.009280 
1135.528596 0.009730 
1134.061405 0.010093 
1132.594213 0.010735 
1131.127022 0.010955 
1129.659830 0.011212 
1128.192639 0.011650 
1126.725447 0.011857 
1125.258256 0.012067 
1123.791064 0.012093 
1122.323873 0.012291 
1120.856681 0.012370 
1119.389490 0.012268 
1117.922298 0.012408 
1116.455107 0.012240 
1114.987916 0.012006 
1113.520724 0.011859 
1112.053533 0.011761 
1110.586341 0.011504 
1109.119150 0.011130 
1107.651958 0.010891 
1106.184767 0.010426 
1104.717575 0.009889 
1103.250384 0.009626 
1101.783192 0.009030 
1100.316001 0.008462 
1098.848809 0.007962 
1097.381618 0.007531 
1095.914426 0.006902 
1094.447235 0.006319 
1092.980043 0.006125 
1091.512852 0.005428 
1090.045660 0.004877 
1088.578469 0.004507 
1087.111277 0.003926 
1085.644086 0.003396 
1084.176894 0.002881 
1082.709703 0.002660 
1081.242511 0.002160 
1079.775320 0.001656 
1078.308128 0.001517 
1076.840937 0.001102 
1075.373745 0.000786 
1073.906554 0.000556 
1072.439362 0.000369 
1070.972171 0.000126 
1069.504979 -0.000182 
1068.037788 -0.000157 
1066.570596 -0.000386 
1065.103405 -0.000605 
1063.636213 -0.000517 
1062.169022 -0.000675 
1060.701830 -0.000730 
1059.234639 -0.000848 
1057.767447 -0.000757 
1056.300256 -0.000878 
1054.833064 -0.001083 
1053.365873 -0.001084 
1051.898681 -0.001572 
1050.431490 -0.001791 
1048.964298 -0.001607 
1047.497107 -0.001298 
1046.029915 -0.001023 
1044.562724 -0.001014 
1043.095532 -0.000664 
1041.628341 -0.000568 
1040.161149 -0.000520 
1038.693958 -0.000357 
1037.226766 -0.000262 
1035.759575 -0.000090 
1034.292383 -0.000086 
1032.825192 -0.000011 
1031.358000 0.000082 
1029.890809 0.000086 
1028.423617 0.000261 
1026.956426 0.000355 
1025.489234 0.000444 
1024.022043 0.000491 
1022.554851 0.000599 
1021.087660 0.000976 
1019.620468 0.001034 
1018.153277 0.001418 
1016.686085 0.001938 
1015.218894 0.002270 
1013.751702 0.002765 
1012.284511 0.003264 
1010.817319 0.003960 
1009.350128 0.004477 
1007.882936 0.005049 
1006.415745 0.005591 
1004.948553 0.005989 
1003.481362 0.006525 
1002.014170 0.007016 
1000.546979 0.007554 
999.079787 0.007877 
997.612596 0.008247 
996.145404 0.008759 
994.678213 0.009125 
993.211021 0.009624 
991.743830 0.010113 
990.276638 0.010521 
988.809447 0.011113 
987.342255 0.011513 
985.875064 0.012106 
984.407872 0.012612 
982.940681 0.013041 
981.473489 0.013732 
980.006298 0.014200 
978.539106 0.014885 
977.071915 0.015477 
975.604723 0.016167 
974.137532 0.016846 
972.670340 0.017295 
971.203149 0.018235 
969.735957 0.018912 
968.268766 0.019566 
966.801574 0.020426 
965.334383 0.021257 
963.867191 0.022119 
962.400000 0.022686 
960.932808 0.023609 
959.465617 0.024564 
957.998425 0.025435 
956.531234 0.026434 
955.064042 0.027360 
953.596851 0.028294 
952.129659 0.029039 
950.662468 0.030047 
949.195276 0.031230 
947.728085 0.032017 
946.260893 0.033140 
944.793702 0.034306 
943.326510 0.035208 
941.859319 0.036081 
940.392127 0.037081 
938.924936 0.038636 
937.457744 0.039630 
935.990553 0.040657 
934.523361 0.042054 
933.056170 0.042977 
931.588978 0.044009 
930.121787 0.045283 
928.654595 0.046419 
927.187404 0.047474 
925.720212 0.048575 
924.253021 0.049922 
922.785829 0.050982 
921.318638 0.052001 
919.851446 0.053157 
918.384255 0.054286 
916.917063 0.055150 
915.449872 0.056143 
913.982680 0.057632 
912.515489 0.058624 
911.048297 0.059524 
909.581106 0.060894 
908.113914 0.061914 
906.646723 0.062707 
905.179531 0.063800 
903.712340 0.065146 
902.245148 0.065989 
900.777957 0.066857 
899.310765 0.068324 
897.843574 0.069288 
896.376382 0.070099 
894.909191 0.070901 
893.441999 0.072226 
891.974808 0.073362 
890.507616 0.073778 
889.040425 0.075197 
887.573233 0.076268 
886.106042 0.076672 
884.638850 0.077742 
883.171659 0.078897 
881.704467 0.079829 
880.237276 0.080372 
878.770084 0.081444 
877.302893 0.082637 
875.835701 0.083013 
874.368510 0.083738 
872.901318 0.084994 
871.434127 0.085717 
869.966935 0.086073 
868.499744 0.087059 
867.032552 0.088269 
865.565361 0.088514 
864.098169 0.089304 
862.630978 0.090408 
861.163786 0.091003 
859.696595 0.091618 
858.229404 0.092309 
856.762212 0.093529 
855.295021 0.094057 
853.827829 0.094459 
852.360638 0.095573 
850.893446 0.096158 
849.426255 0.096619 
847.959063 0.097204 
846.491872 0.098099 
845.024680 0.098440 
843.557489 0.098612 
842.090297 0.099289 
840.623106 0.099534 
839.155914 0.099231 
837.688723 0.097063 
836.221531 0.092698 
834.754340 0.091134 
833.287148 0.096081 
831.819957 0.100500 
830.352765 0.102322 
828.885574 0.102743 
827.418382 0.103072 
825.951191 0.103514 
824.483999 0.103650 
823.016808 0.103424 
821.549616 0.103486 
820.082425 0.103897 
818.615233 0.103861 
817.148042 0.103844 
815.680850 0.104210 
814.213659 0.104409 
812.746467 0.104112 
811.279276 0.103912 
809.812084 0.104226 
808.344893 0.103819 
806.877701 0.103562 
805.410510 0.103341 
803.943318 0.103281 
802.476127 0.103437 
801.008935 0.102969 
799.541744 0.103476 
798.074552 0.103233 
796.607361 0.103121 
795.140169 0.103641 
793.672978 0.103998 
792.205786 0.104302 
790.738595 0.104339 
789.271403 0.104828 
787.804212 0.105204 
786.337020 0.105232 
784.869829 0.105415 
783.402637 0.105647 
781.935446 0.105958 
780.468254 0.105568 
779.001063 0.105590 
777.533871 0.105738 
776.066680 0.105252 
774.599488 0.104904 
773.132297 0.104666 
771.665105 0.104820 
770.197914 0.104369 
768.730722 0.103920 
767.263531 0.104009 
765.796339 0.103424 
764.329148 0.102880 
762.861956 0.102491 
761.394765 0.102160 
759.927573 0.101851 
758.460382 0.101020 
756.993190 0.100659 
755.525999 0.100542 
754.058807 0.099718 
752.591616 0.098966 
751.124424 0.098616 
749.657233 0.098393 
748.190041 0.097468 
746.722850 0.096942 
745.255658 0.096761 
743.788467 0.095966 
742.321275 0.095171 
740.854084 0.094257 
739.386892 0.094050 
737.919701 0.093364 
736.452509 0.091964 
734.985318 0.091807 
733.518126 0.091252 
732.050935 0.090562 
730.583743 0.089607 
729.116552 0.088732 
727.649360 0.088631 
726.182169 0.087311 
724.714977 0.086439 
723.247786 0.085792 
721.780594 0.085247 
720.313403 0.084413 
718.846211 0.083009 
717.379020 0.082673 
715.911828 0.081763 
714.444637 0.080841 
712.977445 0.079754 
711.510254 0.079139 
710.043062 0.078527 
708.575871 0.076957 
707.108679 0.076094 
705.641488 0.075234 
704.174296 0.074481 
702.707105 0.073223 
701.239913 0.071717 
699.772722 0.071707 
698.305530 0.070570 
696.838339 0.069320 
695.371147 0.068212 
693.903956 0.067407 
692.436764 0.067000 
690.969573 0.065028 
689.502381 0.063826 
688.035190 0.063328 
686.567998 0.062249 
685.100807 0.060922 
683.633615 0.059371 
682.166424 0.059201 
680.699232 0.058022 
679.232041 0.056823 
677.764849 0.055756 
676.297658 0.054667 
674.830466 0.053795 
673.363275 0.051761 
671.896083 0.050819 
670.428892 0.050080 
668.961700 0.048722 
667.494509 0.046821 
666.027317 0.046353 
664.560126 0.045920 
663.092934 0.045085 
661.625743 0.043801 
660.158551 0.042474 
658.691360 0.041200 
657.224168 0.040973 
655.756977 0.039483 
654.289785 0.037796 
652.822594 0.036462 
651.355402 0.035851 
649.888211 0.034362 
648.421019 0.031492 
646.953828 0.029989 
645.486636 0.028747 
644.019445 0.027056 
642.552253 0.024463 
641.085062 0.022176 
639.617870 0.020986 
638.150679 0.019204 
636.683487 0.017702 
635.216296 0.015221 
633.749104 0.013086 
632.281913 0.011911 
630.814721 0.008202 
629.347530 0.005653 
627.880338 0.002525 
626.413147 0.000233 
624.945955 0.000386 
623.478764 -0.001212 
622.011572 -0.002825 
620.544381 -0.001795 
619.077189 -0.000736 
617.609998 -0.000393 
616.142806 -0.002064 
614.675615 -0.002366 
613.208423 -0.000814 
611.741232 -0.001534 
610.274040 -0.002633 
608.806849 -0.003145 
607.339657 -0.004147 
605.872466 -0.002411 
604.405274 -0.002691 
602.938083 -0.000832 
601.470891 -0.001050 
600.003700 -0.000139 
