5000.032000 0.000000 
4998.564751 0.000000 
4997.097503 0.000000 
4995.630254 0.000000 
4994.163005 0.000000 
4992.695757 -0.000114 
4991.228508 -0.000207 
4989.761259 -0.000961 
4988.294011 -0.001071 
4986.826762 -0.001400 
4985.359513 -0.001326 
4983.892264 -0.001391 
4982.425016 -0.001400 
4980.957767 -0.001500 
4979.490518 -0.001401 
4978.023270 -0.001530 
4976.556021 -0.001695 
4975.088772 -0.001458 
4973.621524 -0.001400 
4972.154275 -0.001387 
4970.687026 -0.001213 
4969.219778 -0.001000 
4967.752529 -0.001037 
4966.285280 -0.000934 
4964.818032 -0.000696 
4963.350783 -0.000533 
4961.883534 -0.000579 
4960.416286 -0.000583 
4958.949037 -0.000224 
4957.481788 -0.000195 
4956.014540 -0.000170 
4954.547291 -0.000029 
4953.080042 -0.000085 
4951.612793 0.000042 
4950.145545 -0.000047 
4948.678296 -0.000141 
4947.211047 -0.000056 
4945.743799 -0.000173 
4944.276550 0.000135 
4942.809301 0.000099 
4941.342053 -0.000061 
4939.874804 0.000144 
4938.407555 0.000020 
4936.940307 0.000068 
4935.473058 0.000000 
4934.005809 0.000093 
4932.538561 0.000061 
4931.071312 -0.000188 
4929.604063 -0.000093 
4928.136815 0.000000 
4926.669566 -0.000070 
4925.202317 -0.000100 
4923.735068 -0.000100 
4922.267820 -0.000183 
4920.800571 -0.000100 
4919.333322 -0.000100 
4917.866074 -0.000187 
4916.398825 -0.000301 
4914.931576 -0.000393 
4913.464328 -0.000110 
4911.997079 -0.000060 
4910.529830 -0.000184 
4909.062582 -0.000092 
4907.595333 -0.000169 
4906.128084 0.000053 
4904.660836 0.000019 
4903.193587 0.000001 
4901.726338 0.000089 
4900.259090 0.000045 
4898.791841 0.000095 
4897.324592 -0.000103 
4895.857344 -0.000065 
4894.390095 0.000012 
4892.922846 0.000248 
4891.455597 0.000493 
4889.988349 0.000352 
4888.521100 0.000159 
4887.053851 0.000235 
4885.586603 0.000474 
4884.119354 0.000626 
4882.652105 0.000623 
4881.184857 0.000549 
4879.717608 0.000400 
4878.250359 0.000303 
4876.783111 0.000398 
4875.315862 0.000369 
4873.848613 0.000468 
4872.381365 0.000127 
4870.914116 0.000255 
4869.446867 0.000351 
4867.979619 0.000297 
4866.512370 0.000110 
4865.045121 0.000251 
4863.577872 0.000200 
4862.110624 0.000155 
4860.643375 0.000034 
4859.176126 0.000000 
4857.708878 0.000015 
4856.241629 0.000015 
4854.774380 0.000098 
4853.307132 0.000062 
4851.839883 0.000064 
4850.372634 0.000141 
4848.905386 0.000151 
4847.438137 -0.000076 
4845.970888 0.000097 
4844.503640 -0.000011 
4843.036391 -0.000029 
4841.569142 -0.000096 
4840.101894 0.000152 
4838.634645 0.000057 
4837.167396 -0.000001 
4835.700148 -0.000087 
4834.232899 -0.000046 
4832.765650 0.000100 
4831.298401 0.000031 
4829.831153 -0.000052 
4828.363904 -0.000002 
4826.896655 -0.000165 
4825.429407 -0.000096 
4823.962158 0.000000 
4822.494909 0.000014 
4821.027661 0.000000 
4819.560412 -0.000030 
4818.093163 -0.000035 
4816.625915 0.000036 
4815.158666 0.000099 
4813.691417 -0.000050 
4812.224169 -0.000164 
4810.756920 -0.000056 
4809.289671 -0.000250 
4807.822423 -0.000132 
4806.355174 0.000099 
4804.887925 0.000015 
4803.420676 0.000000 
4801.953428 0.000000 
4800.486179 -0.000031 
4799.018930 -0.000060 
4797.551682 0.000097 
4796.084433 0.000000 
4794.617184 -0.000036 
4793.149936 -0.000100 
4791.682687 -0.000050 
4790.215438 -0.000037 
4788.748190 -0.000097 
4787.280941 0.000000 
4785.813692 -0.000061 
4784.346444 -0.000033 
4782.879195 -0.000032 
4781.411946 0.000164 
4779.944698 0.000100 
4778.477449 0.000030 
4777.010200 0.000095 
4775.542952 -0.000099 
4774.075703 0.000068 
4772.608454 0.000160 
4771.141205 -0.000068 
4769.673957 0.000025 
4768.206708 0.000100 
4766.739459 0.000102 
4765.272211 0.000190 
4763.804962 0.000048 
4762.337713 0.000001 
4760.870465 -0.000051 
4759.403216 0.000254 
4757.935967 0.000200 
4756.468719 0.000200 
4755.001470 0.000163 
4753.534221 -0.000004 
4752.066973 -0.000100 
4750.599724 0.000100 
4749.132475 0.000199 
4747.665227 0.000124 
4746.197978 0.000189 
4744.730729 0.000100 
4743.263480 0.000100 
4741.796232 0.000174 
4740.328983 0.000238 
4738.861734 0.000200 
4737.394486 0.000166 
4735.927237 0.000008 
4734.459988 0.000318 
4732.992740 0.000140 
4731.525491 0.000480 
4730.058242 0.000309 
4728.590994 0.000152 
4727.123745 0.000298 
4725.656496 0.000144 
4724.189248 0.000194 
4722.721999 0.000104 
4721.254750 0.000215 
4719.787502 0.000116 
4718.320253 0.000136 
4716.853004 -0.000063 
4715.385756 0.000183 
4713.918507 -0.000151 
4712.451258 0.000101 
4710.984009 -0.000227 
4709.516761 -0.000004 
4708.049512 0.000054 
4706.582263 0.000033 
4705.115015 0.000036 
4703.647766 0.000173 
4702.180517 -0.000020 
4700.713269 0.000200 
4699.246020 0.000200 
4697.778771 0.000362 
4696.311523 0.000295 
4694.844274 0.000310 
4693.377025 0.000554 
4691.909777 0.000404 
4690.442528 0.000496 
4688.975279 0.000331 
4687.508031 0.000419 
4686.040782 0.000186 
4684.573533 -0.000145 
4683.106284 -0.000172 
4681.639036 -0.000500 
4680.171787 -0.000436 
4678.704538 -0.000893 
4677.237290 -0.000505 
4675.770041 -0.000631 
4674.302792 -0.000538 
4672.835544 -0.000488 
4671.368295 -0.000697 
4669.901046 -0.000182 
4668.433798 -0.000628 
4666.966549 -0.000432 
4665.499300 -0.000565 
4664.032052 -0.000597 
4662.564803 -0.000248 
4661.097554 -0.000389 
4659.630306 -0.000153 
4658.163057 -0.000241 
4656.695808 -0.000366 
4655.228560 0.000061 
4653.761311 -0.000310 
4652.294062 -0.000255 
4650.826813 -0.000351 
4649.359565 -0.000739 
4647.892316 -0.000706 
4646.425067 -0.000876 
4644.957819 -0.000525 
4643.490570 -0.000454 
4642.023321 -0.000601 
4640.556073 -0.000422 
4639.088824 -0.000523 
4637.621575 -0.000612 
4636.154327 -0.000300 
4634.687078 -0.000400 
4633.219829 -0.000328 
4631.752581 -0.000339 
4630.285332 -0.000391 
4628.818083 -0.000031 
4627.350835 -0.000101 
4625.883586 -0.000294 
4624.416337 -0.000157 
4622.949088 -0.000110 
4621.481840 -0.000168 
4620.014591 0.000044 
4618.547342 -0.000200 
4617.080094 -0.000200 
4615.612845 -0.000138 
4614.145596 -0.000100 
4612.678348 -0.000194 
4611.211099 -0.000100 
4609.743850 -0.000188 
4608.276602 -0.000144 
4606.809353 -0.000073 
4605.342104 -0.000157 
4603.874856 -0.000006 
4602.407607 -0.000100 
4600.940358 -0.000100 
4599.473110 -0.000026 
4598.005861 0.000000 
4596.538612 0.000100 
4595.071364 0.000014 
4593.604115 0.000000 
4592.136866 0.000046 
4590.669617 0.000195 
4589.202369 -0.000041 
4587.735120 -0.000240 
4586.267871 -0.000300 
4584.800623 -0.000373 
4583.333374 -0.000408 
4581.866125 -0.000400 
4580.398877 -0.000400 
4578.931628 -0.000623 
4577.464379 -0.000600 
4575.997131 -0.000600 
4574.529882 -0.000640 
4573.062633 -0.000691 
4571.595385 -0.000518 
4570.128136 -0.000540 
4568.660887 -0.000593 
4567.193639 -0.000406 
4565.726390 -0.000383 
4564.259141 -0.000656 
4562.791892 -0.000219 
4561.324644 -0.000194 
4559.857395 -0.000289 
4558.390146 -0.000073 
4556.922898 -0.000100 
4555.455649 0.000000 
4553.988400 0.000122 
4552.521152 0.000360 
4551.053903 0.000307 
4549.586654 0.000473 
4548.119406 0.000640 
4546.652157 0.000707 
4545.184908 0.000876 
4543.717660 0.000923 
4542.250411 0.001044 
4540.783162 0.001104 
4539.315914 0.001228 
4537.848665 0.001359 
4536.381416 0.001483 
4534.914168 0.001474 
4533.446919 0.001758 
4531.979670 0.001563 
4530.512421 0.001648 
4529.045173 0.001700 
4527.577924 0.001700 
4526.110675 0.001856 
4524.643427 0.001887 
4523.176178 0.001675 
4521.708929 0.001750 
4520.241681 0.001900 
4518.774432 0.001826 
4517.307183 0.001846 
4515.839935 0.001600 
4514.372686 0.001674 
4512.905437 0.001621 
4511.438189 0.001557 
4509.970940 0.001470 
4508.503691 0.001522 
4507.036443 0.001293 
4505.569194 0.001200 
4504.101945 0.001170 
4502.634696 0.000833 
4501.167448 0.000864 
4499.700199 0.000822 
4498.232950 0.000525 
4496.765702 0.000338 
4495.298453 0.000400 
4493.831204 0.000126 
4492.363956 0.000000 
4490.896707 -0.000099 
4489.429458 -0.000200 
4487.962210 -0.000200 
4486.494961 -0.000256 
4485.027712 -0.000086 
4483.560464 -0.000128 
4482.093215 -0.000300 
4480.625966 -0.000300 
4479.158718 -0.000225 
4477.691469 -0.000422 
4476.224220 -0.000409 
4474.756972 -0.000579 
4473.289723 -0.000470 
4471.822474 -0.000402 
4470.355225 -0.000490 
4468.887977 -0.000569 
4467.420728 -0.000500 
4465.953479 -0.000500 
4464.486231 -0.000600 
4463.018982 -0.000492 
4461.551733 -0.000475 
4460.084485 -0.000500 
4458.617236 -0.000495 
4457.149987 -0.000333 
4455.682739 -0.000360 
4454.215490 -0.000392 
4452.748241 -0.000253 
4451.280993 -0.000212 
4449.813744 -0.000275 
4448.346495 -0.000027 
4446.879247 -0.000200 
4445.411998 -0.000108 
4443.944749 -0.000266 
4442.477501 -0.000377 
4441.010252 -0.000300 
4439.543003 -0.000299 
4438.075754 -0.000228 
4436.608506 -0.000345 
4435.141257 -0.000225 
4433.674008 -0.000200 
4432.206760 -0.000300 
4430.739511 -0.000280 
4429.272262 -0.000200 
4427.805014 -0.000372 
4426.337765 -0.000311 
4424.870516 -0.000200 
4423.403268 -0.000191 
4421.936019 -0.000140 
4420.468770 -0.000355 
4419.001522 -0.000200 
4417.534273 -0.000200 
4416.067024 -0.000056 
4414.599776 -0.000300 
4413.132527 -0.000165 
4411.665278 -0.000081 
4410.198029 -0.000033 
4408.730781 -0.000100 
4407.263532 -0.000200 
4405.796283 -0.000198 
4404.329035 -0.000116 
4402.861786 0.000000 
4401.394537 -0.000097 
4399.927289 -0.000029 
4398.460040 -0.000108 
4396.992791 -0.000004 
4395.525543 -0.000065 
4394.058294 0.000010 
4392.591045 -0.000089 
4391.123797 0.000081 
4389.656548 0.000000 
4388.189299 -0.000003 
4386.722051 0.000036 
4385.254802 -0.000064 
4383.787553 0.000000 
4382.320305 0.000000 
4380.853056 0.000000 
4379.385807 0.000000 
4377.918558 0.000076 
4376.451310 -0.000043 
4374.984061 -0.000101 
4373.516812 -0.000179 
4372.049564 -0.000143 
4370.582315 -0.000141 
4369.115066 0.000082 
4367.647818 0.000057 
4366.180569 -0.000059 
4364.713320 -0.000024 
4363.246072 -0.000081 
4361.778823 -0.000129 
4360.311574 -0.000100 
4358.844326 -0.000100 
4357.377077 -0.000090 
4355.909828 0.000000 
4354.442580 0.000000 
4352.975331 0.000000 
4351.508082 0.000000 
4350.040833 -0.000110 
4348.573585 -0.000091 
4347.106336 -0.000079 
4345.639087 -0.000057 
4344.171839 -0.000000 
4342.704590 -0.000077 
4341.237341 -0.000100 
4339.770093 -0.000110 
4338.302844 -0.000125 
4336.835595 -0.000039 
4335.368347 -0.000200 
4333.901098 -0.000123 
4332.433849 -0.000100 
4330.966601 -0.000162 
4329.499352 -0.000182 
4328.032103 -0.000091 
4326.564855 -0.000006 
4325.097606 -0.000089 
4323.630357 -0.000100 
4322.163109 -0.000186 
4320.695860 -0.000123 
4319.228611 -0.000200 
4317.761362 -0.000210 
4316.294114 -0.000175 
4314.826865 -0.000213 
4313.359616 -0.000181 
4311.892368 -0.000158 
4310.425119 -0.000200 
4308.957870 -0.000220 
4307.490622 -0.000054 
4306.023373 -0.000106 
4304.556124 -0.000057 
4303.088876 0.000000 
4301.621627 0.000000 
4300.154378 -0.000097 
4298.687130 0.000062 
4297.219881 0.000144 
4295.752632 0.000295 
4294.285384 0.000270 
4292.818135 0.000291 
4291.350886 0.000388 
4289.883637 0.000423 
4288.416389 0.000342 
4286.949140 0.000289 
4285.481891 0.000123 
4284.014643 0.000008 
4282.547394 0.000080 
4281.080145 -0.000146 
4279.612897 -0.000029 
4278.145648 0.000010 
4276.678399 0.000021 
4275.211151 0.000000 
4273.743902 0.000000 
4272.276653 -0.000071 
4270.809405 -0.000075 
4269.342156 -0.000013 
4267.874907 -0.000179 
4266.407659 -0.000100 
4264.940410 -0.000196 
4263.473161 -0.000115 
4262.005913 -0.000108 
4260.538664 -0.000100 
4259.071415 -0.000077 
4257.604166 -0.000042 
4256.136918 -0.000089 
4254.669669 0.000000 
4253.202420 0.000042 
4251.735172 0.000000 
4250.267923 0.000078 
4248.800674 0.000034 
4247.333426 -0.000010 
4245.866177 -0.000097 
4244.398928 0.000058 
4242.931680 -0.000111 
4241.464431 -0.000200 
4239.997182 -0.000135 
4238.529934 0.000062 
4237.062685 -0.000081 
4235.595436 -0.000058 
4234.128188 -0.000100 
4232.660939 -0.000178 
4231.193690 -0.000200 
4229.726441 -0.000200 
4228.259193 -0.000122 
4226.791944 -0.000162 
4225.324695 -0.000041 
4223.857447 -0.000100 
4222.390198 -0.000100 
4220.922949 -0.000093 
4219.455701 -0.000086 
4217.988452 0.000040 
4216.521203 -0.000094 
4215.053955 -0.000021 
4213.586706 0.000032 
4212.119457 -0.000011 
4210.652209 -0.000042 
4209.184960 0.000075 
4207.717711 0.000100 
4206.250463 0.000034 
4204.783214 -0.000078 
4203.315965 0.000086 
4201.848717 -0.000082 
4200.381468 0.000000 
4198.914219 0.000064 
4197.446970 0.000121 
4195.979722 0.000100 
4194.512473 0.000038 
4193.045224 0.000079 
4191.577976 0.000052 
4190.110727 0.000000 
4188.643478 0.000028 
4187.176230 0.000110 
4185.708981 0.000096 
4184.241732 0.000054 
4182.774484 -0.000139 
4181.307235 0.000009 
4179.839986 0.000100 
4178.372738 -0.000012 
4176.905489 -0.000080 
4175.438240 0.000000 
4173.970992 0.000023 
4172.503743 0.000000 
4171.036494 0.000069 
4169.569245 0.000016 
4168.101997 0.000100 
4166.634748 0.000021 
4165.167499 0.000100 
4163.700251 0.000100 
4162.233002 0.000021 
4160.765753 0.000036 
4159.298505 0.000087 
4157.831256 0.000079 
4156.364007 0.000058 
4154.896759 0.000000 
4153.429510 0.000000 
4151.962261 0.000104 
4150.495013 0.000112 
4149.027764 0.000100 
4147.560515 0.000043 
4146.093267 0.000113 
4144.626018 0.000149 
4143.158769 -0.000018 
4141.691521 -0.000064 
4140.224272 0.000160 
4138.757023 0.000200 
4137.289774 0.000152 
4135.822526 0.000000 
4134.355277 0.000000 
4132.888028 0.000000 
4131.420780 0.000002 
4129.953531 0.000161 
4128.486282 0.000100 
4127.019034 0.000180 
4125.551785 0.000101 
4124.084536 0.000031 
4122.617288 0.000023 
4121.150039 0.000153 
4119.682790 0.000200 
4118.215542 0.000200 
4116.748293 0.000140 
4115.281044 0.000096 
4113.813796 0.000094 
4112.346547 0.000100 
4110.879298 0.000189 
4109.412049 0.000048 
4107.944801 0.000085 
4106.477552 0.000013 
4105.010303 0.000100 
4103.543055 0.000088 
4102.075806 0.000186 
4100.608557 0.000100 
4099.141309 0.000013 
4097.674060 0.000014 
4096.206811 0.000100 
4094.739563 0.000100 
4093.272314 0.000200 
4091.805065 0.000185 
4090.337817 0.000100 
4088.870568 0.000128 
4087.403319 0.000126 
4085.936071 0.000254 
4084.468822 0.000200 
4083.001573 0.000200 
4081.534325 0.000247 
4080.067076 0.000286 
4078.599827 0.000247 
4077.132578 0.000132 
4075.665330 0.000118 
4074.198081 0.000200 
4072.730832 0.000258 
4071.263584 0.000200 
4069.796335 0.000281 
4068.329086 0.000253 
4066.861838 0.000200 
4065.394589 0.000200 
4063.927340 0.000271 
4062.460092 0.000204 
4060.992843 0.000286 
4059.525594 0.000265 
4058.058346 0.000200 
4056.591097 0.000200 
4055.123848 0.000241 
4053.656600 0.000286 
4052.189351 0.000119 
4050.722102 0.000257 
4049.254853 0.000200 
4047.787605 0.000200 
4046.320356 0.000184 
4044.853107 0.000282 
4043.385859 0.000200 
4041.918610 0.000222 
4040.451361 0.000200 
4038.984113 0.000200 
4037.516864 0.000200 
4036.049615 0.000168 
4034.582367 0.000253 
4033.115118 0.000252 
4031.647869 0.000198 
4030.180621 0.000115 
4028.713372 0.000100 
4027.246123 0.000115 
4025.778875 0.000119 
4024.311626 0.000003 
4022.844377 0.000085 
4021.377129 0.000020 
4019.909880 0.000100 
4018.442631 0.000100 
4016.975382 0.000100 
4015.508134 0.000159 
4014.040885 0.000200 
4012.573636 0.000200 
4011.106388 0.000183 
4009.639139 0.000200 
4008.171890 0.000171 
4006.704642 0.000186 
4005.237393 0.000114 
4003.770144 0.000199 
4002.302896 0.000100 
4000.835647 0.000101 
3999.368398 0.000183 
3997.901150 0.000151 
3996.433901 0.000100 
3994.966652 0.000100 
3993.499404 0.000100 
3992.032155 0.000100 
3990.564906 0.000100 
3989.097657 0.000139 
3987.630409 0.000085 
3986.163160 0.000023 
3984.695911 0.000100 
3983.228663 0.000100 
3981.761414 0.000018 
3980.294165 0.000049 
3978.826917 0.000009 
3977.359668 0.000000 
3975.892419 0.000049 
3974.425171 0.000200 
3972.957922 0.000145 
3971.490673 0.000026 
3970.023425 -0.000072 
3968.556176 0.000000 
3967.088927 0.000049 
3965.621679 0.000084 
3964.154430 0.000000 
3962.687181 0.000100 
3961.219933 0.000051 
3959.752684 0.000000 
3958.285435 0.000000 
3956.818186 0.000006 
3955.350938 0.000089 
3953.883689 0.000100 
3952.416440 0.000084 
3950.949192 0.000000 
3949.481943 0.000053 
3948.014694 0.000016 
3946.547446 0.000017 
3945.080197 0.000004 
3943.612948 0.000100 
3942.145700 0.000100 
3940.678451 0.000051 
3939.211202 0.000014 
3937.743954 0.000015 
3936.276705 0.000000 
3934.809456 0.000000 
3933.342208 0.000000 
3931.874959 0.000050 
3930.407710 0.000142 
3928.940461 -0.000080 
3927.473213 -0.000061 
3926.005964 -0.000048 
3924.538715 0.000000 
3923.071467 0.000000 
3921.604218 -0.000157 
3920.136969 -0.000027 
3918.669721 -0.000052 
3917.202472 -0.000191 
3915.735223 -0.000080 
3914.267975 0.000051 
3912.800726 -0.000068 
3911.333477 -0.000039 
3909.866229 -0.000150 
3908.398980 -0.000021 
3906.931731 -0.000050 
3905.464483 -0.000050 
3903.997234 -0.000077 
3902.529985 -0.000083 
3901.062737 -0.000150 
3899.595488 -0.000117 
3898.128239 -0.000200 
3896.660990 -0.000234 
3895.193742 -0.000148 
3893.726493 -0.000286 
3892.259244 -0.000282 
3890.791996 -0.000323 
3889.324747 -0.000122 
3887.857498 -0.000200 
3886.390250 -0.000217 
3884.923001 -0.000300 
3883.455752 -0.000300 
3881.988504 -0.000240 
3880.521255 -0.000415 
3879.054006 -0.000350 
3877.586758 -0.000388 
3876.119509 -0.000316 
3874.652260 -0.000408 
3873.185012 -0.000500 
3871.717763 -0.000500 
3870.250514 -0.000514 
3868.783265 -0.000500 
3867.316017 -0.000500 
3865.848768 -0.000500 
3864.381519 -0.000619 
3862.914271 -0.000515 
3861.447022 -0.000637 
3859.979773 -0.000600 
3858.512525 -0.000684 
3857.045276 -0.000649 
3855.578027 -0.000658 
3854.110779 -0.000700 
3852.643530 -0.000700 
3851.176281 -0.000631 
3849.709033 -0.000576 
3848.241784 -0.000500 
3846.774535 -0.000600 
3845.307287 -0.000600 
3843.840038 -0.000600 
3842.372789 -0.000588 
3840.905541 -0.000589 
3839.438292 -0.000591 
3837.971043 -0.000500 
3836.503794 -0.000500 
3835.036546 -0.000516 
3833.569297 -0.000483 
3832.102048 -0.000400 
3830.634800 -0.000478 
3829.167551 -0.000438 
3827.700302 -0.000414 
3826.233054 -0.000422 
3824.765805 -0.000400 
3823.298556 -0.000400 
3821.831308 -0.000400 
3820.364059 -0.000394 
3818.896810 -0.000310 
3817.429562 -0.000351 
3815.962313 -0.000346 
3814.495064 -0.000400 
3813.027816 -0.000242 
3811.560567 -0.000218 
3810.093318 -0.000236 
3808.626069 -0.000236 
3807.158821 -0.000218 
3805.691572 -0.000215 
3804.224323 -0.000200 
3802.757075 -0.000200 
3801.289826 -0.000226 
3799.822577 -0.000123 
3798.355329 -0.000100 
3796.888080 -0.000100 
3795.420831 -0.000017 
3793.953583 -0.000016 
3792.486334 -0.000013 
3791.019085 -0.000052 
3789.551837 -0.000028 
3788.084588 0.000015 
3786.617339 0.000000 
3785.150091 0.000000 
3783.682842 0.000000 
3782.215593 0.000100 
3780.748345 0.000000 
3779.281096 0.000000 
3777.813847 0.000000 
3776.346598 -0.000100 
3774.879350 -0.000100 
3773.412101 -0.000048 
3771.944852 -0.000019 
3770.477604 -0.000100 
3769.010355 -0.000048 
3767.543106 0.000100 
3766.075858 0.000100 
3764.608609 0.000152 
3763.141360 0.000200 
3761.674112 0.000200 
3760.206863 0.000200 
3758.739614 0.000133 
3757.272366 -0.000004 
3755.805117 0.000191 
3754.337868 0.000256 
3752.870620 0.000205 
3751.403371 0.000043 
3749.936122 0.000041 
3748.468873 0.000112 
3747.001625 0.000098 
3745.534376 -0.000212 
3744.067127 -0.000673 
3742.599879 -0.000762 
3741.132630 -0.000768 
3739.665381 -0.000295 
3738.198133 -0.000300 
3736.730884 -0.000300 
3735.263635 -0.000075 
3733.796387 0.000085 
3732.329138 0.000027 
3730.861889 0.000121 
3729.394641 -0.000002 
3727.927392 -0.000099 
3726.460143 0.000062 
3724.992895 0.000200 
3723.525646 0.000196 
3722.058397 0.000112 
3720.591149 0.000200 
3719.123900 0.000181 
3717.656651 0.000002 
3716.189402 -0.000157 
3714.722154 -0.000119 
3713.254905 -0.000114 
3711.787656 -0.000100 
3710.320408 -0.000080 
3708.853159 0.000000 
3707.385910 -0.000003 
3705.918662 -0.000177 
3704.451413 -0.000058 
3702.984164 -0.000069 
3701.516916 -0.000200 
3700.049667 -0.000200 
3698.582418 -0.000147 
3697.115170 0.000019 
3695.647921 0.000099 
3694.180672 0.000281 
3692.713424 0.000622 
3691.246175 0.000866 
3689.778926 0.001271 
3688.311677 0.001702 
3686.844429 0.002359 
3685.377180 0.002874 
3683.909931 0.003458 
3682.442683 0.004287 
3680.975434 0.005144 
3679.508185 0.006286 
3678.040937 0.007423 
3676.573688 0.008748 
3675.106439 0.010184 
3673.639191 0.011875 
3672.171942 0.013485 
3670.704693 0.015136 
3669.237445 0.016706 
3667.770196 0.018281 
3666.302947 0.019785 
3664.835699 0.021165 
3663.368450 0.022396 
3661.901201 0.023480 
3660.433953 0.024472 
3658.966704 0.025277 
3657.499455 0.025869 
3656.032206 0.026342 
3654.564958 0.026589 
3653.097709 0.026600 
3651.630460 0.026513 
3650.163212 0.026500 
3648.695963 0.026228 
3647.228714 0.026091 
3645.761466 0.025598 
3644.294217 0.025064 
3642.826968 0.024481 
3641.359720 0.023872 
3639.892471 0.023277 
3638.425222 0.022622 
3636.957974 0.021946 
3635.490725 0.021221 
3634.023476 0.020441 
3632.556228 0.019747 
3631.088979 0.019111 
3629.621730 0.018502 
3628.154481 0.017973 
3626.687233 0.017485 
3625.219984 0.016964 
3623.752735 0.016368 
3622.285487 0.015930 
3620.818238 0.015626 
3619.350989 0.015378 
3617.883741 0.015094 
3616.416492 0.014921 
3614.949243 0.014790 
3613.481995 0.014691 
3612.014746 0.014715 
3610.547497 0.014743 
3609.080249 0.014721 
3607.613000 0.014888 
3606.145751 0.015118 
3604.678503 0.015422 
3603.211254 0.015727 
3601.744005 0.016086 
3600.276757 0.016533 
3598.809508 0.016894 
3597.342259 0.017434 
3595.875010 0.017997 
3594.407762 0.018540 
3592.940513 0.019195 
3591.473264 0.019745 
3590.006016 0.020520 
3588.538767 0.021209 
3587.071518 0.022023 
3585.604270 0.022849 
3584.137021 0.023749 
3582.669772 0.024669 
3581.202524 0.025667 
3579.735275 0.026631 
3578.268026 0.027711 
3576.800778 0.028731 
3575.333529 0.029936 
3573.866280 0.031154 
3572.399032 0.032406 
3570.931783 0.033753 
3569.464534 0.035110 
3567.997285 0.036555 
3566.530037 0.038005 
3565.062788 0.039476 
3563.595539 0.040976 
3562.128291 0.042640 
3560.661042 0.044315 
3559.193793 0.046072 
3557.726545 0.047867 
3556.259296 0.049653 
3554.792047 0.051588 
3553.324799 0.053532 
3551.857550 0.055527 
3550.390301 0.057579 
3548.923053 0.059748 
3547.455804 0.061903 
3545.988555 0.064173 
3544.521307 0.066591 
3543.054058 0.069036 
3541.586809 0.071470 
3540.119561 0.073997 
3538.652312 0.076562 
3537.185063 0.079112 
3535.717814 0.081891 
3534.250566 0.084598 
3532.783317 0.087459 
3531.316068 0.090381 
3529.848820 0.093316 
3528.381571 0.096280 
3526.914322 0.099404 
3525.447074 0.102386 
3523.979825 0.105508 
3522.512576 0.108734 
3521.045328 0.111961 
3519.578079 0.115222 
3518.110830 0.118415 
3516.643582 0.121724 
3515.176333 0.125064 
3513.709084 0.128459 
3512.241836 0.131758 
3510.774587 0.135281 
3509.307338 0.138646 
3507.840089 0.142004 
3506.372841 0.145465 
3504.905592 0.148988 
3503.438343 0.152359 
3501.971095 0.155785 
3500.503846 0.159193 
3499.036597 0.162697 
3497.569349 0.166176 
3496.102100 0.169643 
3494.634851 0.173143 
3493.167603 0.176570 
3491.700354 0.180018 
3490.233105 0.183549 
3488.765857 0.187128 
3487.298608 0.190361 
3485.831359 0.193834 
3484.364111 0.197156 
3482.896862 0.200661 
3481.429613 0.204126 
3479.962365 0.207507 
3478.495116 0.210904 
3477.027867 0.214305 
3475.560618 0.217826 
3474.093370 0.221090 
3472.626121 0.224516 
3471.158872 0.227917 
3469.691624 0.231277 
3468.224375 0.234597 
3466.757126 0.237981 
3465.289878 0.241363 
3463.822629 0.244702 
3462.355380 0.247971 
3460.888132 0.251305 
3459.420883 0.254575 
3457.953634 0.257916 
3456.486386 0.261141 
3455.019137 0.264433 
3453.551888 0.267858 
3452.084640 0.270962 
3450.617391 0.274249 
3449.150142 0.277510 
3447.682893 0.280792 
3446.215645 0.283943 
3444.748396 0.287248 
3443.281147 0.290550 
3441.813899 0.293929 
3440.346650 0.297193 
3438.879401 0.300534 
3437.412153 0.304085 
3435.944904 0.307710 
3434.477655 0.311528 
3433.010407 0.315638 
3431.543158 0.320159 
3430.075909 0.324987 
3428.608661 0.330390 
3427.141412 0.336242 
3425.674163 0.343018 
3424.206915 0.350369 
3422.739666 0.358496 
3421.272417 0.367515 
3419.805169 0.377391 
3418.337920 0.387846 
3416.870671 0.399052 
3415.403422 0.410785 
3413.936174 0.422649 
3412.468925 0.434481 
3411.001676 0.446189 
3409.534428 0.457530 
3408.067179 0.467907 
3406.599930 0.477608 
3405.132682 0.486307 
3403.665433 0.493937 
3402.198184 0.500371 
3400.730936 0.506050 
3399.263687 0.511241 
3397.796438 0.516377 
3396.329190 0.521589 
3394.861941 0.526546 
3393.394692 0.531770 
3391.927444 0.536563 
3390.460195 0.541772 
3388.992946 0.547348 
3387.525697 0.552424 
3386.058449 0.556515 
3384.591200 0.559960 
3383.123951 0.562269 
3381.656703 0.563095 
3380.189454 0.562802 
3378.722205 0.561249 
3377.254957 0.558314 
3375.787708 0.554054 
3374.320459 0.549489 
3372.853211 0.543488 
3371.385962 0.537019 
3369.918713 0.529952 
3368.451465 0.523055 
3366.984216 0.516033 
3365.516967 0.508756 
3364.049719 0.501687 
3362.582470 0.494609 
3361.115221 0.487640 
3359.647973 0.481315 
3358.180724 0.475208 
3356.713475 0.469418 
3355.246226 0.464193 
3353.778978 0.459306 
3352.311729 0.454773 
3350.844480 0.450703 
3349.377232 0.447182 
3347.909983 0.443910 
3346.442734 0.441168 
3344.975486 0.438772 
3343.508237 0.436742 
3342.040988 0.435070 
3340.573740 0.433429 
3339.106491 0.432073 
3337.639242 0.430966 
3336.171994 0.430053 
3334.704745 0.429355 
3333.237496 0.428910 
3331.770248 0.428340 
3330.302999 0.428208 
3328.835750 0.428195 
3327.368502 0.428396 
3325.901253 0.428567 
3324.434004 0.429292 
3322.966755 0.430218 
3321.499507 0.431436 
3320.032258 0.433238 
3318.565009 0.435274 
3317.097761 0.437484 
3315.630512 0.439811 
3314.163263 0.441930 
3312.696015 0.443625 
3311.228766 0.444672 
3309.761517 0.444892 
3308.294269 0.444506 
3306.827020 0.443536 
3305.359771 0.442156 
3303.892523 0.440572 
3302.425274 0.439539 
3300.958025 0.438221 
3299.490777 0.436911 
3298.023528 0.435913 
3296.556279 0.434876 
3295.089030 0.433982 
3293.621782 0.433135 
3292.154533 0.432289 
3290.687284 0.431694 
3289.220036 0.431013 
3287.752787 0.430407 
3286.285538 0.429781 
3284.818290 0.429190 
3283.351041 0.428602 
3281.883792 0.428141 
3280.416544 0.427539 
3278.949295 0.426957 
3277.482046 0.426517 
3276.014798 0.426201 
3274.547549 0.425739 
3273.080300 0.425398 
3271.613052 0.425094 
3270.145803 0.424801 
3268.678554 0.424607 
3267.211306 0.424500 
3265.744057 0.424385 
3264.276808 0.424303 
3262.809559 0.424360 
3261.342311 0.424308 
3259.875062 0.424300 
3258.407813 0.424385 
3256.940565 0.424473 
3255.473316 0.424307 
3254.006067 0.424221 
3252.538819 0.423912 
3251.071570 0.423459 
3249.604321 0.422644 
3248.137073 0.421422 
3246.669824 0.419900 
3245.202575 0.418219 
3243.735327 0.416441 
3242.268078 0.414536 
3240.800829 0.412513 
3239.333581 0.410473 
3237.866332 0.408565 
3236.399083 0.406737 
3234.931834 0.405113 
3233.464586 0.403414 
3231.997337 0.401783 
3230.530088 0.400278 
3229.062840 0.398796 
3227.595591 0.397252 
3226.128342 0.395522 
3224.661094 0.393536 
3223.193845 0.391394 
3221.726596 0.389146 
3220.259348 0.386412 
3218.792099 0.383536 
3217.324850 0.380532 
3215.857602 0.377490 
3214.390353 0.374330 
3212.923104 0.371202 
3211.455856 0.368249 
3209.988607 0.365215 
3208.521358 0.362337 
3207.054110 0.359331 
3205.586861 0.356591 
3204.119612 0.354058 
3202.652363 0.351499 
3201.185115 0.348870 
3199.717866 0.346427 
3198.250617 0.344015 
3196.783369 0.341740 
3195.316120 0.339333 
3193.848871 0.336955 
3192.381623 0.334716 
3190.914374 0.332442 
3189.447125 0.330101 
3187.979877 0.327925 
3186.512628 0.325795 
3185.045379 0.323665 
3183.578131 0.321556 
3182.110882 0.319406 
3180.643633 0.317287 
3179.176385 0.315235 
3177.709136 0.313265 
3176.241887 0.311275 
3174.774638 0.309213 
3173.307390 0.307211 
3171.840141 0.305297 
3170.372892 0.303369 
3168.905644 0.301471 
3167.438395 0.299521 
3165.971146 0.297689 
3164.503898 0.295863 
3163.036649 0.294036 
3161.569400 0.292220 
3160.102152 0.290503 
3158.634903 0.288805 
3157.167654 0.287033 
3155.700406 0.285229 
3154.233157 0.283599 
3152.765908 0.281872 
3151.298660 0.280126 
3149.831411 0.278669 
3148.364162 0.277048 
3146.896914 0.275526 
3145.429665 0.274005 
3143.962416 0.272482 
3142.495167 0.270929 
3141.027919 0.269438 
3139.560670 0.268011 
3138.093421 0.266587 
3136.626173 0.265175 
3135.158924 0.263775 
3133.691675 0.262516 
3132.224427 0.261228 
3130.757178 0.259853 
3129.289929 0.258593 
3127.822681 0.257337 
3126.355432 0.256157 
3124.888183 0.254941 
3123.420935 0.253774 
3121.953686 0.252567 
3120.486437 0.251389 
3119.019189 0.250234 
3117.551940 0.249234 
3116.084691 0.248103 
3114.617442 0.247189 
3113.150194 0.246064 
3111.682945 0.245163 
3110.215696 0.244163 
3108.748448 0.243175 
3107.281199 0.242281 
3105.813950 0.241316 
3104.346702 0.240536 
3102.879453 0.239596 
3101.412204 0.238769 
3099.944956 0.237860 
3098.477707 0.237050 
3097.010458 0.236262 
3095.543210 0.235580 
3094.075961 0.234809 
3092.608712 0.234034 
3091.141464 0.233316 
3089.674215 0.232583 
3088.206966 0.231904 
3086.739718 0.231218 
3085.272469 0.230586 
3083.805220 0.229882 
3082.337971 0.229269 
3080.870723 0.228560 
3079.403474 0.228047 
3077.936225 0.227443 
3076.468977 0.226859 
3075.001728 0.226322 
3073.534479 0.225809 
3072.067231 0.225345 
3070.599982 0.224904 
3069.132733 0.224391 
3067.665485 0.223893 
3066.198236 0.223467 
3064.730987 0.222954 
3063.263739 0.222549 
3061.796490 0.222046 
3060.329241 0.221608 
3058.861993 0.221246 
3057.394744 0.220817 
3055.927495 0.220349 
3054.460246 0.219900 
3052.992998 0.219449 
3051.525749 0.219065 
3050.058500 0.218666 
3048.591252 0.218269 
3047.124003 0.217868 
3045.656754 0.217397 
3044.189506 0.217022 
3042.722257 0.216630 
3041.255008 0.216279 
3039.787760 0.215812 
3038.320511 0.215465 
3036.853262 0.215070 
3035.386014 0.214588 
3033.918765 0.214191 
3032.451516 0.213857 
3030.984268 0.213460 
3029.517019 0.212922 
3028.049770 0.212558 
3026.582522 0.212136 
3025.115273 0.211694 
3023.648024 0.211261 
3022.180775 0.210860 
3020.713527 0.210477 
3019.246278 0.209996 
3017.779029 0.209545 
3016.311781 0.209138 
3014.844532 0.208598 
3013.377283 0.208134 
3011.910035 0.207716 
3010.442786 0.207220 
3008.975537 0.206821 
3007.508289 0.206290 
3006.041040 0.205773 
3004.573791 0.205210 
3003.106543 0.204858 
3001.639294 0.204291 
3000.172045 0.203780 
2998.704797 0.203175 
2997.237548 0.202666 
2995.770299 0.202129 
2994.303050 0.201548 
2992.835802 0.201057 
2991.368553 0.200433 
2989.901304 0.199923 
2988.434056 0.199314 
2986.966807 0.198608 
2985.499558 0.197997 
2984.032310 0.197363 
2982.565061 0.196680 
2981.097812 0.196071 
2979.630564 0.195433 
2978.163315 0.194753 
2976.696066 0.193980 
2975.228818 0.193257 
2973.761569 0.192438 
2972.294320 0.191692 
2970.827072 0.190979 
2969.359823 0.190200 
2967.892574 0.189429 
2966.425326 0.188607 
2964.958077 0.187763 
2963.490828 0.186967 
2962.023579 0.186151 
2960.556331 0.185449 
2959.089082 0.184740 
2957.621833 0.184001 
2956.154585 0.183282 
2954.687336 0.182450 
2953.220087 0.181682 
2951.752839 0.180900 
2950.285590 0.180033 
2948.818341 0.179146 
2947.351093 0.178209 
2945.883844 0.177394 
2944.416595 0.176438 
2942.949347 0.175645 
2941.482098 0.174819 
2940.014849 0.173942 
2938.547601 0.173029 
2937.080352 0.172169 
2935.613103 0.171243 
2934.145854 0.170290 
2932.678606 0.169377 
2931.211357 0.168294 
2929.744108 0.167351 
2928.276860 0.166337 
2926.809611 0.165309 
2925.342362 0.164312 
2923.875114 0.163335 
2922.407865 0.162354 
2920.940616 0.161373 
2919.473368 0.160352 
2918.006119 0.159316 
2916.538870 0.158334 
2915.071622 0.157277 
2913.604373 0.156272 
2912.137124 0.155225 
2910.669876 0.154093 
2909.202627 0.152937 
2907.735378 0.151956 
2906.268130 0.150822 
2904.800881 0.149694 
2903.333632 0.148522 
2901.866383 0.147398 
2900.399135 0.146328 
2898.931886 0.145269 
2897.464637 0.144151 
2895.997389 0.143035 
2894.530140 0.141841 
2893.062891 0.140801 
2891.595643 0.139681 
2890.128394 0.138565 
2888.661145 0.137421 
2887.193897 0.136320 
2885.726648 0.135212 
2884.259399 0.134082 
2882.792151 0.132980 
2881.324902 0.131823 
2879.857653 0.130726 
2878.390405 0.129627 
2876.923156 0.128509 
2875.455907 0.127378 
2873.988658 0.126208 
2872.521410 0.125145 
2871.054161 0.123975 
2869.586912 0.122856 
2868.119664 0.121806 
2866.652415 0.120749 
2865.185166 0.119582 
2863.717918 0.118552 
2862.250669 0.117402 
2860.783420 0.116234 
2859.316172 0.115128 
2857.848923 0.114085 
2856.381674 0.112985 
2854.914426 0.111850 
2853.447177 0.110771 
2851.979928 0.109729 
2850.512680 0.108649 
2849.045431 0.107481 
2847.578182 0.106269 
2846.110934 0.105146 
2844.643685 0.103948 
2843.176436 0.102942 
2841.709187 0.101794 
2840.241939 0.100692 
2838.774690 0.099662 
2837.307441 0.098631 
2835.840193 0.097562 
2834.372944 0.096599 
2832.905695 0.095593 
2831.438447 0.094613 
2829.971198 0.093500 
2828.503949 0.092537 
2827.036701 0.091387 
2825.569452 0.090379 
2824.102203 0.089285 
2822.634955 0.088139 
2821.167706 0.087104 
2819.700457 0.086034 
2818.233209 0.084891 
2816.765960 0.083732 
2815.298711 0.082736 
2813.831462 0.081657 
2812.364214 0.080582 
2810.896965 0.079598 
2809.429716 0.078563 
2807.962468 0.077528 
2806.495219 0.076478 
2805.027970 0.075479 
2803.560722 0.074480 
2802.093473 0.073426 
2800.626224 0.072440 
2799.158976 0.071493 
2797.691727 0.070581 
2796.224478 0.069571 
2794.757230 0.068642 
2793.289981 0.067741 
2791.822732 0.066728 
2790.355484 0.065799 
2788.888235 0.064802 
2787.420986 0.063889 
2785.953738 0.062977 
2784.486489 0.062064 
2783.019240 0.061157 
2781.551991 0.060242 
2780.084743 0.059325 
2778.617494 0.058512 
2777.150245 0.057598 
2775.682997 0.056685 
2774.215748 0.055839 
2772.748499 0.054905 
2771.281251 0.054130 
2769.814002 0.053233 
2768.346753 0.052375 
2766.879505 0.051508 
2765.412256 0.050736 
2763.945007 0.049915 
2762.477759 0.049068 
2761.010510 0.048206 
2759.543261 0.047427 
2758.076013 0.046652 
2756.608764 0.045875 
2755.141515 0.045084 
2753.674266 0.044290 
2752.207018 0.043518 
2750.739769 0.042776 
2749.272520 0.042053 
2747.805272 0.041306 
2746.338023 0.040549 
2744.870774 0.039814 
2743.403526 0.039099 
2741.936277 0.038326 
2740.469028 0.037574 
2739.001780 0.036940 
2737.534531 0.036232 
2736.067282 0.035622 
2734.600034 0.034846 
2733.132785 0.034171 
2731.665536 0.033497 
2730.198288 0.032844 
2728.731039 0.032179 
2727.263790 0.031571 
2725.796542 0.030962 
2724.329293 0.030279 
2722.862044 0.029645 
2721.394795 0.029036 
2719.927547 0.028427 
2718.460298 0.027818 
2716.993049 0.027210 
2715.525801 0.026602 
2714.058552 0.026093 
2712.591303 0.025484 
2711.124055 0.024875 
2709.656806 0.024368 
2708.189557 0.023793 
2706.722309 0.023249 
2705.255060 0.022741 
2703.787811 0.022200 
2702.320563 0.021658 
2700.853314 0.021205 
2699.386065 0.020644 
2697.918817 0.020157 
2696.451568 0.019688 
2694.984319 0.019148 
2693.517070 0.018683 
2692.049822 0.018265 
2690.582573 0.017753 
2689.115324 0.017338 
2687.648076 0.016868 
2686.180827 0.016492 
2684.713578 0.015975 
2683.246330 0.015555 
2681.779081 0.015175 
2680.311832 0.014812 
2678.844584 0.014342 
2677.377335 0.013944 
2675.910086 0.013540 
2674.442838 0.013230 
2672.975589 0.012857 
2671.508340 0.012520 
2670.041092 0.012136 
2668.573843 0.011812 
2667.106594 0.011408 
2665.639346 0.011104 
2664.172097 0.010807 
2662.704848 0.010430 
2661.237599 0.010190 
2659.770351 0.009886 
2658.303102 0.009494 
2656.835853 0.009277 
2655.368605 0.008973 
2653.901356 0.008747 
2652.434107 0.008464 
2650.966859 0.008166 
2649.499610 0.007956 
2648.032361 0.007752 
2646.565113 0.007454 
2645.097864 0.007243 
2643.630615 0.006997 
2642.163367 0.006734 
2640.696118 0.006569 
2639.228869 0.006327 
2637.761621 0.006176 
2636.294372 0.005964 
2634.827123 0.005814 
2633.359874 0.005598 
2631.892626 0.005440 
2630.425377 0.005204 
2628.958128 0.005088 
2627.490880 0.004927 
2626.023631 0.004789 
2624.556382 0.004649 
2623.089134 0.004513 
2621.621885 0.004373 
2620.154636 0.004140 
2618.687388 0.004000 
2617.220139 0.003863 
2615.752890 0.003725 
2614.285642 0.003564 
2612.818393 0.003448 
2611.351144 0.003230 
2609.883896 0.003103 
2608.416647 0.002939 
2606.949398 0.002830 
2605.482150 0.002667 
2604.014901 0.002525 
2602.547652 0.002413 
2601.080403 0.002264 
2599.613155 0.002197 
2598.145906 0.002064 
2596.678657 0.001964 
2595.211409 0.001801 
2593.744160 0.001755 
2592.276911 0.001634 
2590.809663 0.001500 
2589.342414 0.001430 
2587.875165 0.001325 
2586.407917 0.001224 
2584.940668 0.001200 
2583.473419 0.001080 
2582.006171 0.000997 
2580.538922 0.000898 
2579.071673 0.000800 
2577.604425 0.000797 
2576.137176 0.000700 
2574.669927 0.000663 
2573.202678 0.000535 
2571.735430 0.000500 
2570.268181 0.000400 
2568.800932 0.000398 
2567.333684 0.000312 
2565.866435 0.000297 
2564.399186 0.000197 
2562.931938 0.000108 
2561.464689 0.000100 
2559.997440 0.000100 
2558.530192 0.000053 
2557.062943 0.000000 
2555.595694 0.000000 
2554.128446 0.000000 
2552.661197 -0.000037 
2551.193948 -0.000100 
2549.726700 -0.000100 
2548.259451 -0.000163 
2546.792202 -0.000200 
2545.324954 -0.000200 
2543.857705 -0.000282 
2542.390456 -0.000300 
2540.923207 -0.000300 
2539.455959 -0.000300 
2537.988710 -0.000365 
2536.521461 -0.000386 
2535.054213 -0.000346 
2533.586964 -0.000400 
2532.119715 -0.000400 
2530.652467 -0.000400 
2529.185218 -0.000400 
2527.717969 -0.000400 
2526.250721 -0.000400 
2524.783472 -0.000400 
2523.316223 -0.000329 
2521.848975 -0.000329 
2520.381726 -0.000304 
2518.914477 -0.000388 
2517.447229 -0.000321 
2515.979980 -0.000300 
2514.512731 -0.000300 
2513.045482 -0.000264 
2511.578234 -0.000300 
2510.110985 -0.000294 
2508.643736 -0.000257 
2507.176488 -0.000200 
2505.709239 -0.000200 
2504.241990 -0.000200 
2502.774742 -0.000131 
2501.307493 -0.000114 
2499.840244 -0.000138 
2498.372996 -0.000105 
2496.905747 -0.000200 
2495.438498 -0.000200 
2493.971250 -0.000295 
2492.504001 -0.000300 
2491.036752 -0.000200 
2489.569504 -0.000204 
2488.102255 -0.000245 
2486.635006 -0.000300 
2485.167758 -0.000280 
2483.700509 -0.000300 
2482.233260 -0.000257 
2480.766011 -0.000299 
2479.298763 -0.000294 
2477.831514 -0.000300 
2476.364265 -0.000245 
2474.897017 -0.000263 
2473.429768 -0.000209 
2471.962519 -0.000200 
2470.495271 -0.000200 
2469.028022 -0.000257 
2467.560773 -0.000131 
2466.093525 -0.000128 
2464.626276 -0.000138 
2463.159027 -0.000119 
2461.691779 -0.000200 
2460.224530 -0.000200 
2458.757281 -0.000200 
2457.290033 -0.000200 
2455.822784 -0.000200 
2454.355535 -0.000200 
2452.888286 -0.000217 
2451.421038 -0.000216 
2449.953789 -0.000300 
2448.486540 -0.000300 
2447.019292 -0.000282 
2445.552043 -0.000240 
2444.084794 -0.000300 
2442.617546 -0.000248 
2441.150297 -0.000205 
2439.683048 -0.000300 
2438.215800 -0.000300 
2436.748551 -0.000300 
2435.281302 -0.000300 
2433.814054 -0.000264 
2432.346805 -0.000300 
2430.879556 -0.000300 
2429.412308 -0.000300 
2427.945059 -0.000300 
2426.477810 -0.000267 
2425.010562 -0.000278 
2423.543313 -0.000203 
2422.076064 -0.000253 
2420.608815 -0.000227 
2419.141567 -0.000213 
2417.674318 -0.000273 
2416.207069 -0.000200 
2414.739821 -0.000195 
2413.272572 -0.000175 
2411.805323 -0.000200 
2410.338075 -0.000161 
2408.870826 -0.000121 
2407.403577 -0.000128 
2405.936329 -0.000100 
2404.469080 -0.000100 
2403.001831 -0.000100 
2401.534583 -0.000097 
2400.067334 -0.000087 
2398.600085 -0.000100 
2397.132837 -0.000100 
2395.665588 -0.000068 
2394.198339 -0.000020 
2392.731090 -0.000098 
2391.263842 -0.000051 
2389.796593 -0.000100 
2388.329344 -0.000100 
2386.862096 -0.000078 
2385.394847 -0.000100 
2383.927598 -0.000100 
2382.460350 -0.000161 
2380.993101 -0.000100 
2379.525852 -0.000129 
2378.058604 -0.000177 
2376.591355 -0.000200 
2375.124106 -0.000202 
2373.656858 -0.000207 
2372.189609 -0.000160 
2370.722360 -0.000100 
2369.255112 -0.000027 
2367.787863 0.000008 
2366.320614 -0.000103 
2364.853366 -0.000139 
2363.386117 -0.000099 
2361.918868 0.000004 
2360.451619 0.000018 
2358.984371 0.000007 
2357.517122 0.000004 
2356.049873 -0.000029 
2354.582625 -0.000095 
2353.115376 -0.000208 
2351.648127 -0.000203 
2350.180879 -0.000254 
2348.713630 0.000208 
2347.246381 -0.000089 
2345.779133 -0.000111 
2344.311884 0.000027 
2342.844635 0.000254 
2341.377387 0.000219 
2339.910138 -0.000141 
2338.442889 0.000232 
2336.975641 -0.000085 
2335.508392 -0.000323 
2334.041143 -0.000077 
2332.573894 -0.000051 
2331.106646 -0.000317 
2329.639397 -0.000458 
2328.172148 -0.000168 
2326.704900 0.000065 
2325.237651 0.000152 
2323.770402 0.000355 
2322.303154 -0.000173 
2320.835905 0.000112 
2319.368656 -0.000035 
2317.901408 -0.000200 
2316.434159 -0.000218 
2314.966910 -0.000200 
2313.499662 -0.000161 
2312.032413 -0.000093 
2310.565164 0.000024 
2309.097916 0.000155 
2307.630667 0.000393 
2306.163418 0.000369 
2304.696170 0.000255 
2303.228921 0.000043 
2301.761672 -0.000098 
2300.294423 -0.000100 
2298.827175 -0.000154 
2297.359926 -0.000162 
2295.892677 -0.000128 
2294.425429 -0.000115 
2292.958180 -0.000186 
2291.490931 -0.000111 
2290.023683 -0.000139 
2288.556434 -0.000141 
2287.089185 -0.000109 
2285.621937 -0.000200 
2284.154688 -0.000200 
2282.687439 -0.000192 
2281.220191 -0.000117 
2279.752942 -0.000036 
2278.285693 0.000032 
2276.818445 0.000023 
2275.351196 -0.000167 
2273.883947 -0.000208 
2272.416698 -0.000229 
2270.949450 -0.000300 
2269.482201 -0.000300 
2268.014952 -0.000300 
2266.547704 -0.000300 
2265.080455 -0.000260 
2263.613206 -0.000178 
2262.145958 -0.000061 
2260.678709 0.000000 
2259.211460 -0.000043 
2257.744212 -0.000104 
2256.276963 -0.000206 
2254.809714 -0.000219 
2253.342466 -0.000236 
2251.875217 -0.000200 
2250.407968 -0.000200 
2248.940720 -0.000200 
2247.473471 -0.000124 
2246.006222 -0.000200 
2244.538974 -0.000080 
2243.071725 -0.000093 
2241.604476 -0.000078 
2240.137227 -0.000100 
2238.669979 -0.000100 
2237.202730 -0.000031 
2235.735481 -0.000100 
2234.268233 -0.000050 
2232.800984 -0.000040 
2231.333735 0.000000 
2229.866487 0.000000 
2228.399238 0.000000 
2226.931989 -0.000051 
2225.464741 -0.000077 
2223.997492 -0.000084 
2222.530243 -0.000059 
2221.062995 -0.000100 
2219.595746 -0.000100 
2218.128497 -0.000100 
2216.661249 -0.000093 
2215.194000 -0.000043 
2213.726751 -0.000042 
2212.259503 -0.000009 
2210.792254 -0.000088 
2209.325005 -0.000018 
2207.857756 -0.000039 
2206.390508 -0.000100 
2204.923259 -0.000088 
2203.456010 -0.000100 
2201.988762 -0.000092 
2200.521513 -0.000054 
2199.054264 -0.000037 
2197.587016 0.000000 
2196.119767 0.000000 
2194.652518 0.000000 
2193.185270 0.000048 
2191.718021 0.000058 
2190.250772 0.000097 
2188.783524 0.000055 
2187.316275 0.000082 
2185.849026 0.000010 
2184.381778 0.000066 
2182.914529 0.000032 
2181.447280 0.000000 
2179.980031 0.000000 
2178.512783 -0.000050 
2177.045534 -0.000100 
2175.578285 -0.000100 
2174.111037 -0.000139 
2172.643788 -0.000200 
2171.176539 -0.000200 
2169.709291 -0.000215 
2168.242042 -0.000244 
2166.774793 -0.000266 
2165.307545 -0.000166 
2163.840296 -0.000181 
2162.373047 0.000193 
2160.905799 0.000624 
2159.438550 0.001359 
2157.971301 0.002593 
2156.504053 0.004711 
2155.036804 0.008329 
2153.569555 0.014632 
2152.102307 0.024775 
2150.635058 0.039322 
2149.167809 0.059588 
2147.700560 0.087113 
2146.233312 0.124916 
2144.766063 0.178491 
2143.298814 0.244305 
2141.831566 0.309054 
2140.364317 0.354271 
2138.897068 0.365208 
2137.429820 0.339745 
2135.962571 0.281619 
2134.495322 0.211359 
2133.028074 0.146648 
2131.560825 0.096706 
2130.093576 0.061096 
2128.626328 0.036420 
2127.159079 0.020495 
2125.691830 0.010527 
2124.224582 0.004629 
2122.757333 0.001713 
2121.290084 0.000333 
2119.822835 -0.000118 
2118.355587 -0.000294 
2116.888338 -0.000335 
2115.421089 -0.000200 
2113.953841 -0.000175 
2112.486592 -0.000100 
2111.019343 -0.000014 
2109.552095 -0.000063 
2108.084846 0.000020 
2106.617597 0.000111 
2105.150349 0.000200 
2103.683100 0.000370 
2102.215851 0.000599 
2100.748603 0.000937 
2099.281354 0.001214 
2097.814105 0.001812 
2096.346857 0.002620 
2094.879608 0.003511 
2093.412359 0.004274 
2091.945111 0.004677 
2090.477862 0.004451 
2089.010613 0.003810 
2087.543364 0.002945 
2086.076116 0.002122 
2084.608867 0.001390 
2083.141618 0.000988 
2081.674370 0.000578 
2080.207121 0.000374 
2078.739872 0.000202 
2077.272624 0.000056 
2075.805375 0.000000 
2074.338126 -0.000065 
2072.870878 -0.000022 
2071.403629 -0.000030 
2069.936380 -0.000081 
2068.469132 -0.000061 
2067.001883 -0.000092 
2065.534634 -0.000076 
2064.067386 -0.000096 
2062.600137 -0.000048 
2061.132888 -0.000040 
2059.665639 -0.000091 
2058.198391 -0.000100 
2056.731142 -0.000100 
2055.263893 -0.000100 
2053.796645 -0.000004 
2052.329396 -0.000085 
2050.862147 -0.000056 
2049.394899 -0.000087 
2047.927650 -0.000083 
2046.460401 -0.000100 
2044.993153 -0.000111 
2043.525904 -0.000140 
2042.058655 -0.000142 
2040.591407 -0.000200 
2039.124158 -0.000200 
2037.656909 -0.000161 
2036.189661 -0.000200 
2034.722412 -0.000200 
2033.255163 -0.000216 
2031.787915 -0.000200 
2030.320666 -0.000268 
2028.853417 -0.000200 
2027.386168 -0.000234 
2025.918920 -0.000200 
2024.451671 -0.000250 
2022.984422 -0.000235 
2021.517174 -0.000252 
2020.049925 -0.000288 
2018.582676 -0.000215 
2017.115428 -0.000247 
2015.648179 -0.000238 
2014.180930 -0.000290 
2012.713682 -0.000282 
2011.246433 -0.000226 
2009.779184 -0.000200 
2008.311936 -0.000200 
2006.844687 -0.000152 
2005.377438 -0.000166 
2003.910190 -0.000100 
2002.442941 -0.000100 
2000.975692 -0.000010 
1999.508443 -0.000019 
1998.041195 -0.000053 
1996.573946 -0.000100 
1995.106697 -0.000179 
1993.639449 -0.000109 
1992.172200 -0.000168 
1990.704951 -0.000200 
1989.237703 -0.000209 
1987.770454 -0.000207 
1986.303205 -0.000258 
1984.835957 -0.000303 
1983.368708 -0.000309 
1981.901459 -0.000300 
1980.434211 -0.000300 
1978.966962 -0.000304 
1977.499713 -0.000357 
1976.032465 -0.000358 
1974.565216 -0.000314 
1973.097967 -0.000380 
1971.630719 -0.000380 
1970.163470 -0.000464 
1968.696221 -0.000408 
1967.228972 -0.000441 
1965.761724 -0.000464 
1964.294475 -0.000425 
1962.827226 -0.000439 
1961.359978 -0.000413 
1959.892729 -0.000500 
1958.425480 -0.000439 
1956.958232 -0.000465 
1955.490983 -0.000490 
1954.023734 -0.000500 
1952.556486 -0.000478 
1951.089237 -0.000492 
1949.621988 -0.000505 
1948.154740 -0.000506 
1946.687491 -0.000500 
1945.220242 -0.000532 
1943.752994 -0.000511 
1942.285745 -0.000518 
1940.818496 -0.000500 
1939.351247 -0.000500 
1937.883999 -0.000500 
1936.416750 -0.000500 
1934.949501 -0.000489 
1933.482253 -0.000483 
1932.015004 -0.000460 
1930.547755 -0.000490 
1929.080507 -0.000405 
1927.613258 -0.000484 
1926.146009 -0.000451 
1924.678761 -0.000438 
1923.211512 -0.000500 
1921.744263 -0.000432 
1920.277015 -0.000437 
1918.809766 -0.000500 
1917.342517 -0.000476 
1915.875269 -0.000487 
1914.408020 -0.000457 
1912.940771 -0.000483 
1911.473523 -0.000431 
1910.006274 -0.000465 
1908.539025 -0.000491 
1907.071776 -0.000418 
1905.604528 -0.000442 
1904.137279 -0.000400 
1902.670030 -0.000400 
1901.202782 -0.000416 
1899.735533 -0.000342 
1898.268284 -0.000397 
1896.801036 -0.000316 
1895.333787 -0.000386 
1893.866538 -0.000371 
1892.399290 -0.000361 
1890.932041 -0.000340 
1889.464792 -0.000308 
1887.997544 -0.000249 
1886.530295 -0.000237 
1885.063046 -0.000250 
1883.595798 -0.000287 
1882.128549 -0.000200 
1880.661300 -0.000200 
1879.194051 -0.000200 
1877.726803 -0.000189 
1876.259554 -0.000133 
1874.792305 -0.000125 
1873.325057 -0.000176 
1871.857808 -0.000119 
1870.390559 -0.000120 
1868.923311 -0.000164 
1867.456062 -0.000100 
1865.988813 -0.000079 
1864.521565 -0.000043 
1863.054316 -0.000018 
1861.587067 -0.000023 
1860.119819 0.000043 
1858.652570 0.000000 
1857.185321 0.000090 
1855.718073 0.000014 
1854.250824 0.000042 
1852.783575 0.000045 
1851.316327 0.000092 
1849.849078 0.000122 
1848.381829 0.000100 
1846.914580 0.000100 
1845.447332 0.000137 
1843.980083 0.000100 
1842.512834 0.000196 
1841.045586 0.000143 
1839.578337 0.000141 
1838.111088 0.000114 
1836.643840 0.000118 
1835.176591 0.000141 
1833.709342 0.000113 
1832.242094 0.000192 
1830.774845 0.000120 
1829.307596 0.000135 
1827.840348 0.000177 
1826.373099 0.000100 
1824.905850 0.000100 
1823.438602 0.000100 
1821.971353 0.000151 
1820.504104 0.000100 
1819.036855 0.000100 
1817.569607 0.000091 
1816.102358 0.000024 
1814.635109 0.000043 
1813.167861 0.000043 
1811.700612 0.000004 
1810.233363 0.000005 
1808.766115 0.000000 
1807.298866 0.000081 
1805.831617 0.000025 
1804.364369 0.000000 
1802.897120 0.000000 
1801.429871 0.000000 
1799.962623 0.000023 
1798.495374 0.000115 
1797.028125 0.000200 
1795.560877 0.000330 
1794.093628 0.000349 
1792.626379 0.000403 
1791.159131 0.000549 
1789.691882 0.000664 
1788.224633 0.000782 
1786.757384 0.000900 
1785.290136 0.001008 
1783.822887 0.001091 
1782.355638 0.001249 
1780.888390 0.001410 
1779.421141 0.001533 
1777.953892 0.001691 
1776.486644 0.001735 
1775.019395 0.001999 
1773.552146 0.002149 
1772.084898 0.002222 
1770.617649 0.002503 
1769.150400 0.002678 
1767.683152 0.002901 
1766.215903 0.003066 
1764.748654 0.003293 
1763.281406 0.003518 
1761.814157 0.003685 
1760.346908 0.004054 
1758.879659 0.004276 
1757.412411 0.004507 
1755.945162 0.004825 
1754.477913 0.005148 
1753.010665 0.005486 
1751.543416 0.005697 
1750.076167 0.006149 
1748.608919 0.006550 
1747.141670 0.006912 
1745.674421 0.007325 
1744.207173 0.007714 
1742.739924 0.008181 
1741.272675 0.008640 
1739.805427 0.009081 
1738.338178 0.009672 
1736.870929 0.010181 
1735.403681 0.010707 
1733.936432 0.011269 
1732.469183 0.011943 
1731.001935 0.012690 
1729.534686 0.013310 
1728.067437 0.014040 
1726.600188 0.014814 
1725.132940 0.015576 
1723.665691 0.016339 
1722.198442 0.017169 
1720.731194 0.018055 
1719.263945 0.018818 
1717.796696 0.019700 
1716.329448 0.020650 
1714.862199 0.021524 
1713.394950 0.022520 
1711.927702 0.023504 
1710.460453 0.024530 
1708.993204 0.025452 
1707.525956 0.026409 
1706.058707 0.027391 
1704.591458 0.028305 
1703.124210 0.029262 
1701.656961 0.030105 
1700.189712 0.030929 
1698.722463 0.031929 
1697.255215 0.032715 
1695.787966 0.033401 
1694.320717 0.034233 
1692.853469 0.034978 
1691.386220 0.035633 
1689.918971 0.036217 
1688.451723 0.036857 
1686.984474 0.037367 
1685.517225 0.037792 
1684.049977 0.038230 
1682.582728 0.038810 
1681.115479 0.039353 
1679.648231 0.039744 
1678.180982 0.040287 
1676.713733 0.040883 
1675.246485 0.041479 
1673.779236 0.042385 
1672.311987 0.043264 
1670.844739 0.044327 
1669.377490 0.045546 
1667.910241 0.046948 
1666.442992 0.048560 
1664.975744 0.050318 
1663.508495 0.052268 
1662.041246 0.054349 
1660.573998 0.056642 
1659.106749 0.059024 
1657.639500 0.061550 
1656.172252 0.064116 
1654.705003 0.066676 
1653.237754 0.069241 
1651.770506 0.072085 
1650.303257 0.074627 
1648.836008 0.077030 
1647.368760 0.079299 
1645.901511 0.081155 
1644.434262 0.082868 
1642.967014 0.084222 
1641.499765 0.085412 
1640.032516 0.086188 
1638.565267 0.087012 
1637.098019 0.087609 
1635.630770 0.088187 
1634.163521 0.088874 
1632.696273 0.089477 
1631.229024 0.089935 
1629.761775 0.089941 
1628.294527 0.089485 
1626.827278 0.088303 
1625.360029 0.086144 
1623.892781 0.083182 
1622.425532 0.079393 
1620.958283 0.074871 
1619.491035 0.070142 
1618.023786 0.065233 
1616.556537 0.060660 
1615.089289 0.056604 
1613.622040 0.053145 
1612.154791 0.050219 
1610.687543 0.047756 
1609.220294 0.045806 
1607.753045 0.044190 
1606.285796 0.042835 
1604.818548 0.041626 
1603.351299 0.040760 
1601.884050 0.039911 
1600.416802 0.039123 
1598.949553 0.038569 
1597.482304 0.038025 
1596.015056 0.037524 
1594.547807 0.037053 
1593.080558 0.036607 
1591.613310 0.036268 
1590.146061 0.035912 
1588.678812 0.035563 
1587.211564 0.035259 
1585.744315 0.034925 
1584.277066 0.034698 
1582.809818 0.034354 
1581.342569 0.034123 
1579.875320 0.033943 
1578.408071 0.033660 
1576.940823 0.033344 
1575.473574 0.033111 
1574.006325 0.033068 
1572.539077 0.032814 
1571.071828 0.032596 
1569.604579 0.032381 
1568.137331 0.032244 
1566.670082 0.032073 
1565.202833 0.031800 
1563.735585 0.031715 
1562.268336 0.031444 
1560.801087 0.031097 
1559.333839 0.030926 
1557.866590 0.030735 
1556.399341 0.030662 
1554.932093 0.030492 
1553.464844 0.030263 
1551.997595 0.030201 
1550.530347 0.029900 
1549.063098 0.029795 
1547.595849 0.029557 
1546.128600 0.029303 
1544.661352 0.029133 
1543.194103 0.028813 
1541.726854 0.028526 
1540.259606 0.028226 
1538.792357 0.028079 
1537.325108 0.028004 
1535.857860 0.027908 
1534.390611 0.027761 
1532.923362 0.027543 
1531.456114 0.027347 
1529.988865 0.027167 
1528.521616 0.026944 
1527.054368 0.026712 
1525.587119 0.026472 
1524.119870 0.026325 
1522.652622 0.026058 
1521.185373 0.025742 
1519.718124 0.025690 
1518.250875 0.025371 
1516.783627 0.025173 
1515.316378 0.024991 
1513.849129 0.024800 
1512.381881 0.024506 
1510.914632 0.024285 
1509.447383 0.024079 
1507.980135 0.023798 
1506.512886 0.023519 
1505.045637 0.023367 
1503.578389 0.023190 
1502.111140 0.022930 
1500.643891 0.022775 
1499.176643 0.022482 
1497.709394 0.022339 
1496.242145 0.022027 
1494.774897 0.021844 
1493.307648 0.021540 
1491.840399 0.021367 
1490.373151 0.021108 
1488.905902 0.020831 
1487.438653 0.020690 
1485.971404 0.020438 
1484.504156 0.020310 
1483.036907 0.020053 
1481.569658 0.019872 
1480.102410 0.019688 
1478.635161 0.019453 
1477.167912 0.019169 
1475.700664 0.018856 
1474.233415 0.018583 
1472.766166 0.018273 
1471.298918 0.018057 
1469.831669 0.017863 
1468.364420 0.017686 
1466.897172 0.017462 
1465.429923 0.017290 
1463.962674 0.017110 
1462.495426 0.017014 
1461.028177 0.016744 
1459.560928 0.016421 
1458.093679 0.016123 
1456.626431 0.015831 
1455.159182 0.015731 
1453.691933 0.015426 
1452.224685 0.015346 
1450.757436 0.015121 
1449.290187 0.014826 
1447.822939 0.014637 
1446.355690 0.014422 
1444.888441 0.014220 
1443.421193 0.013950 
1441.953944 0.013688 
1440.486695 0.013571 
1439.019447 0.013243 
1437.552198 0.013059 
1436.084949 0.012855 
1434.617701 0.012676 
1433.150452 0.012479 
1431.683203 0.012256 
1430.215955 0.012070 
1428.748706 0.011900 
1427.281457 0.011657 
1425.814208 0.011436 
1424.346960 0.011277 
1422.879711 0.011111 
1421.412462 0.010851 
1419.945214 0.010558 
1418.477965 0.010396 
1417.010716 0.010171 
1415.543468 0.009917 
1414.076219 0.009712 
1412.608970 0.009546 
1411.141722 0.009356 
1409.674473 0.009151 
1408.207224 0.009040 
1406.739976 0.008805 
1405.272727 0.008617 
1403.805478 0.008330 
1402.338230 0.008071 
1400.870981 0.007855 
1399.403732 0.007562 
1397.936483 0.007358 
1396.469235 0.007142 
1395.001986 0.007045 
1393.534737 0.006866 
1392.067489 0.006729 
1390.600240 0.006587 
1389.132991 0.006451 
1387.665743 0.006221 
1386.198494 0.005989 
1384.731245 0.005828 
1383.263997 0.005703 
1381.796748 0.005465 
1380.329499 0.005357 
1378.862251 0.005182 
1377.395002 0.005007 
1375.927753 0.004904 
1374.460505 0.004712 
1372.993256 0.004638 
1371.526007 0.004516 
1370.058759 0.004412 
1368.591510 0.004226 
1367.124261 0.004011 
1365.657012 0.003966 
1364.189764 0.003774 
1362.722515 0.003561 
1361.255266 0.003403 
1359.788018 0.003304 
1358.320769 0.003163 
1356.853520 0.003026 
1355.386272 0.002860 
1353.919023 0.002750 
1352.451774 0.002524 
1350.984526 0.002388 
1349.517277 0.002259 
1348.050028 0.002128 
1346.582780 0.002007 
1345.115531 0.001869 
1343.648282 0.001775 
1342.181034 0.001651 
1340.713785 0.001633 
1339.246536 0.001557 
1337.779287 0.001500 
1336.312039 0.001492 
1334.844790 0.001407 
1333.377541 0.001338 
1331.910293 0.001303 
1330.443044 0.001211 
1328.975795 0.001165 
1327.508547 0.001100 
1326.041298 0.001077 
1324.574049 0.000978 
1323.106801 0.000879 
1321.639552 0.000890 
1320.172303 0.000802 
1318.705055 0.000750 
1317.237806 0.000611 
1315.770557 0.000637 
1314.303309 0.000640 
1312.836060 0.000511 
1311.368811 0.000488 
1309.901563 0.000390 
1308.434314 0.000329 
1306.967065 0.000351 
1305.499816 0.000287 
1304.032568 0.000259 
1302.565319 0.000209 
1301.098070 0.000193 
1299.630822 0.000150 
1298.163573 0.000124 
1296.696324 0.000196 
1295.229076 0.000109 
1293.761827 0.000140 
1292.294578 0.000154 
1290.827330 0.000189 
1289.360081 0.000174 
1287.892832 0.000142 
1286.425584 0.000281 
1284.958335 0.000225 
1283.491086 0.000200 
1282.023838 0.000287 
1280.556589 0.000256 
1279.089340 0.000285 
1277.622091 0.000203 
1276.154843 0.000300 
1274.687594 0.000251 
1273.220345 0.000236 
1271.753097 0.000253 
1270.285848 0.000310 
1268.818599 0.000304 
1267.351351 0.000196 
1265.884102 0.000067 
1264.416853 -0.000054 
1262.949605 -0.000195 
1261.482356 -0.000205 
1260.015107 -0.000112 
1258.547859 0.000140 
1257.080610 0.000188 
1255.613361 0.000200 
1254.146113 0.000452 
1252.678864 0.000645 
1251.211615 0.000700 
1249.744367 0.000667 
1248.277118 0.000576 
1246.809869 0.000495 
1245.342620 0.000264 
1243.875372 0.000274 
1242.408123 0.000484 
1240.940874 0.000658 
1239.473626 0.000935 
1238.006377 0.001095 
1236.539128 0.001255 
1235.071880 0.001077 
1233.604631 0.000405 
1232.137382 0.000083 
1230.670134 0.000101 
1229.202885 0.000193 
1227.735636 0.000200 
1226.268388 0.000179 
1224.801139 0.000101 
1223.333890 -0.000078 
1221.866642 -0.000137 
1220.399393 -0.000185 
1218.932144 -0.000044 
1217.464895 0.000127 
1215.997647 0.000292 
1214.530398 0.000719 
1213.063149 0.001006 
1211.595901 0.001299 
1210.128652 0.001558 
1208.661403 0.001901 
1207.194155 0.002185 
1205.726906 0.002360 
1204.259657 0.002680 
1202.792409 0.002982 
1201.325160 0.003223 
1199.857911 0.003543 
1198.390663 0.003972 
1196.923414 0.004451 
1195.456165 0.004911 
1193.988917 0.005554 
1192.521668 0.006179 
1191.054419 0.006845 
1189.587171 0.007674 
1188.119922 0.008467 
1186.652673 0.009499 
1185.185424 0.010503 
1183.718176 0.011628 
1182.250927 0.012895 
1180.783678 0.014226 
1179.316430 0.015773 
1177.849181 0.017310 
1176.381932 0.019085 
1174.914684 0.020949 
1173.447435 0.022825 
1171.980186 0.024895 
1170.512938 0.027058 
1169.045689 0.029411 
1167.578440 0.031875 
1166.111192 0.034324 
1164.643943 0.036972 
1163.176694 0.039669 
1161.709446 0.042467 
1160.242197 0.045417 
1158.774948 0.048384 
1157.307699 0.051467 
1155.840451 0.054528 
1154.373202 0.057784 
1152.905953 0.061099 
1151.438705 0.064391 
1149.971456 0.067800 
1148.504207 0.071182 
1147.036959 0.074674 
1145.569710 0.078155 
1144.102461 0.081662 
1142.635213 0.085229 
1141.167964 0.088714 
1139.700715 0.092252 
1138.233467 0.095738 
1136.766218 0.099270 
1135.298969 0.102751 
1133.831721 0.106128 
1132.364472 0.109486 
1130.897223 0.112745 
1129.429975 0.115943 
1127.962726 0.119037 
1126.495477 0.121943 
1125.028228 0.124806 
1123.560980 0.127441 
1122.093731 0.129954 
1120.626482 0.132252 
1119.159234 0.134366 
1117.691985 0.136346 
1116.224736 0.137991 
1114.757488 0.139492 
1113.290239 0.140608 
1111.822990 0.141486 
1110.355742 0.142270 
1108.888493 0.142512 
1107.421244 0.142614 
1105.953996 0.142281 
1104.486747 0.141733 
1103.019498 0.140872 
1101.552250 0.139701 
1100.085001 0.138283 
1098.617752 0.136442 
1097.150504 0.134335 
1095.683255 0.131916 
1094.216006 0.129234 
1092.748757 0.126321 
1091.281509 0.123095 
1089.814260 0.119703 
1088.347011 0.116150 
1086.879763 0.112331 
1085.412514 0.108313 
1083.945265 0.104127 
1082.478017 0.099935 
1081.010768 0.095552 
1079.543519 0.091063 
1078.076271 0.086733 
1076.609022 0.082210 
1075.141773 0.077858 
1073.674525 0.073324 
1072.207276 0.068956 
1070.740027 0.064561 
1069.272779 0.060319 
1067.805530 0.056238 
1066.338281 0.052185 
1064.871032 0.048263 
1063.403784 0.044508 
1061.936535 0.040934 
1060.469286 0.037488 
1059.002038 0.034082 
1057.534789 0.031082 
1056.067540 0.028100 
1054.600292 0.025303 
1053.133043 0.022649 
1051.665794 0.020222 
1050.198546 0.017975 
1048.731297 0.015798 
1047.264048 0.013991 
1045.796800 0.012308 
1044.329551 0.010581 
1042.862302 0.009222 
1041.395054 0.007938 
1039.927805 0.006811 
1038.460556 0.005753 
1036.993308 0.004846 
1035.526059 0.004079 
1034.058810 0.003375 
1032.591561 0.002845 
1031.124313 0.002210 
1029.657064 0.001651 
1028.189815 0.001357 
1026.722567 0.000918 
1025.255318 0.000593 
1023.788069 0.000303 
1022.320821 0.000172 
1020.853572 0.000065 
1019.386323 -0.000090 
1017.919075 -0.000028 
1016.451826 -0.000150 
1014.984577 -0.000252 
1013.517329 -0.000389 
1012.050080 -0.000472 
1010.582831 -0.000422 
1009.115583 -0.000397 
1007.648334 -0.000092 
1006.181085 0.000027 
1004.713836 0.000222 
1003.246588 0.000497 
1001.779339 0.000700 
1000.312090 0.001014 
998.844842 0.001221 
997.377593 0.001608 
995.910344 0.001985 
994.443096 0.002246 
992.975847 0.002658 
991.508598 0.003085 
990.041350 0.003397 
988.574101 0.003774 
987.106852 0.004217 
985.639604 0.004740 
984.172355 0.005202 
982.705106 0.005643 
981.237858 0.006095 
979.770609 0.006672 
978.303360 0.007168 
976.836112 0.007592 
975.368863 0.008132 
973.901614 0.008591 
972.434365 0.009137 
970.967117 0.009669 
969.499868 0.010221 
968.032619 0.010762 
966.565371 0.011258 
965.098122 0.011776 
963.630873 0.012350 
962.163625 0.012853 
960.696376 0.013466 
959.229127 0.013981 
957.761879 0.014550 
956.294630 0.015135 
954.827381 0.015640 
953.360133 0.016180 
951.892884 0.016748 
950.425635 0.017346 
948.958387 0.017824 
947.491138 0.018351 
946.023889 0.018997 
944.556640 0.019481 
943.089392 0.020066 
941.622143 0.020604 
940.154894 0.021120 
938.687646 0.021682 
937.220397 0.022061 
935.753148 0.022815 
934.285900 0.023309 
932.818651 0.023869 
931.351402 0.024385 
929.884154 0.024855 
928.416905 0.025390 
926.949656 0.025919 
925.482408 0.026621 
924.015159 0.027104 
922.547910 0.027549 
921.080662 0.028099 
919.613413 0.028626 
918.146164 0.029193 
916.678916 0.029754 
915.211667 0.030274 
913.744418 0.030959 
912.277169 0.031491 
910.809921 0.031756 
909.342672 0.032395 
907.875423 0.032983 
906.408175 0.033504 
904.940926 0.034089 
903.473677 0.034609 
902.006429 0.035131 
900.539180 0.035736 
899.071931 0.036304 
897.604683 0.036849 
896.137434 0.037427 
894.670185 0.037860 
893.202937 0.038498 
891.735688 0.039086 
890.268439 0.039587 
888.801191 0.040280 
887.333942 0.040779 
885.866693 0.041310 
884.399444 0.041943 
882.932196 0.042500 
881.464947 0.043204 
879.997698 0.043578 
878.530450 0.044109 
877.063201 0.044672 
875.595952 0.045334 
874.128704 0.045853 
872.661455 0.046393 
871.194206 0.047075 
869.726958 0.047561 
868.259709 0.048116 
866.792460 0.048624 
865.325212 0.049291 
863.857963 0.049912 
862.390714 0.050299 
860.923466 0.050926 
859.456217 0.051526 
857.988968 0.052052 
856.521720 0.052583 
855.054471 0.053044 
853.587222 0.053535 
852.119973 0.054114 
850.652725 0.054525 
849.185476 0.055028 
847.718227 0.055517 
846.250979 0.055947 
844.783730 0.056297 
843.316481 0.056602 
841.849233 0.056981 
840.381984 0.057343 
838.914735 0.057743 
837.447487 0.058007 
835.980238 0.058515 
834.512989 0.058740 
833.045741 0.058931 
831.578492 0.059304 
830.111243 0.059521 
828.643995 0.059727 
827.176746 0.059768 
825.709497 0.059867 
824.242248 0.059898 
822.775000 0.059751 
821.307751 0.059770 
819.840502 0.059592 
818.373254 0.059636 
816.906005 0.059678 
815.438756 0.059802 
813.971508 0.059672 
812.504259 0.059471 
811.037010 0.059583 
809.569762 0.059330 
808.102513 0.059186 
806.635264 0.059003 
805.168016 0.058724 
803.700767 0.058610 
802.233518 0.058299 
800.766270 0.058123 
799.299021 0.057963 
797.831772 0.057803 
796.364524 0.057779 
794.897275 0.057559 
793.430026 0.057436 
791.962777 0.057462 
790.495529 0.057448 
789.028280 0.057399 
787.561031 0.057341 
786.093783 0.057216 
784.626534 0.057080 
783.159285 0.056967 
781.692037 0.056894 
780.224788 0.056463 
778.757539 0.056289 
777.290291 0.055929 
775.823042 0.055625 
774.355793 0.055403 
772.888545 0.054829 
771.421296 0.054504 
769.954047 0.053958 
768.486799 0.053537 
767.019550 0.053074 
765.552301 0.052526 
764.085052 0.052147 
762.617804 0.051463 
761.150555 0.050944 
759.683306 0.050523 
758.216058 0.049976 
756.748809 0.049249 
755.281560 0.048560 
753.814312 0.048107 
752.347063 0.047459 
750.879814 0.046741 
749.412566 0.046278 
747.945317 0.045572 
746.478068 0.044720 
745.010820 0.044082 
743.543571 0.043632 
742.076322 0.042830 
740.609074 0.041949 
739.141825 0.041279 
737.674576 0.040560 
736.207328 0.039908 
734.740079 0.039132 
733.272830 0.038377 
731.805581 0.037851 
730.338333 0.036770 
728.871084 0.036028 
727.403835 0.035400 
725.936587 0.034491 
724.469338 0.033576 
723.002089 0.032770 
721.534841 0.032164 
720.067592 0.031270 
718.600343 0.030558 
717.133095 0.029635 
715.665846 0.028838 
714.198597 0.028077 
712.731349 0.027291 
711.264100 0.026618 
709.796851 0.025520 
708.329603 0.024784 
706.862354 0.024068 
705.395105 0.023146 
703.927856 0.022468 
702.460608 0.021660 
700.993359 0.020707 
699.526110 0.020064 
698.058862 0.019137 
696.591613 0.018752 
695.124364 0.017869 
693.657116 0.017050 
692.189867 0.016386 
690.722618 0.015583 
689.255370 0.014702 
687.788121 0.013879 
686.320872 0.013468 
684.853624 0.012679 
683.386375 0.012007 
681.919126 0.011490 
680.451878 0.010797 
678.984629 0.010303 
677.517380 0.009525 
676.050132 0.008956 
674.582883 0.008260 
673.115634 0.007622 
671.648385 0.006993 
670.181137 0.006129 
668.713888 0.007062 
667.246639 0.006809 
665.779391 0.004826 
664.312142 0.004740 
662.844893 0.004384 
661.377645 0.004163 
659.910396 0.003844 
658.443147 0.003794 
656.975899 0.003371 
655.508650 0.002850 
654.041401 0.002645 
652.574153 0.002707 
651.106904 0.002308 
649.639655 0.002091 
648.172407 0.001803 
646.705158 0.001502 
645.237909 0.001018 
643.770660 0.001142 
642.303412 0.000668 
640.836163 0.000103 
639.368914 0.000282 
637.901666 0.000202 
636.434417 -0.000154 
634.967168 0.000097 
633.499920 0.000107 
632.032671 -0.000457 
630.565422 -0.000351 
629.098174 -0.000192 
627.630925 -0.000118 
626.163676 -0.000720 
624.696428 -0.000575 
623.229179 -0.000152 
621.761930 0.000021 
620.294682 -0.000726 
618.827433 -0.000511 
617.360184 -0.000794 
615.892936 -0.001265 
614.425687 -0.000390 
612.958438 -0.000383 
611.491189 -0.000839 
610.023941 -0.001291 
608.556692 0.000167 
607.089443 -0.000033 
605.622195 -0.000506 
604.154946 0.000013 
602.687697 -0.000397 
601.220449 -0.000323 
599.753200 -0.001400 
