5000.111000 0.000200 
4998.643809 0.000262 
4997.176617 0.000082 
4995.709426 0.000277 
4994.242234 -0.000072 
4992.775043 0.000204 
4991.307851 0.000100 
4989.840660 -0.000110 
4988.373468 0.000283 
4986.906277 -0.000675 
4985.439085 -0.000106 
4983.971894 -0.000470 
4982.504702 -0.000790 
4981.037511 -0.000311 
4979.570319 -0.000401 
4978.103128 -0.000269 
4976.635936 -0.000425 
4975.168745 -0.000472 
4973.701553 -0.000057 
4972.234362 -0.000375 
4970.767170 -0.000245 
4969.299979 0.001015 
4967.832787 -0.000164 
4966.365596 -0.000120 
4964.898404 -0.000306 
4963.431213 0.000031 
4961.964021 0.000158 
4960.496830 0.000493 
4959.029638 0.000636 
4957.562447 0.000253 
4956.095255 0.000797 
4954.628064 0.000542 
4953.160872 0.000758 
4951.693681 0.001545 
4950.226489 0.000353 
4948.759298 0.001208 
4947.292106 0.000920 
4945.824915 0.001253 
4944.357723 0.000715 
4942.890532 0.000470 
4941.423340 0.000702 
4939.956149 0.001108 
4938.488957 0.000857 
4937.021766 0.000753 
4935.554574 0.000770 
4934.087383 0.000064 
4932.620191 0.000853 
4931.153000 0.001003 
4929.685808 0.001247 
4928.218617 0.000639 
4926.751425 0.000538 
4925.284234 0.000860 
4923.817042 0.000591 
4922.349851 0.000648 
4920.882659 0.001255 
4919.415468 0.000338 
4917.948276 0.000636 
4916.481085 0.000332 
4915.013893 0.000635 
4913.546702 0.000624 
4912.079510 0.001027 
4910.612319 0.000752 
4909.145127 0.000726 
4907.677936 0.001156 
4906.210744 0.000158 
4904.743553 0.000680 
4903.276361 0.000733 
4901.809170 0.000720 
4900.341978 0.000683 
4898.874787 0.000312 
4897.407595 0.000554 
4895.940404 0.001041 
4894.473212 0.000783 
4893.006021 0.000427 
4891.538829 0.000053 
4890.071638 0.000156 
4888.604446 0.000647 
4887.137255 0.000669 
4885.670063 0.000364 
4884.202872 -0.000002 
4882.735680 0.000122 
4881.268489 0.000398 
4879.801297 0.000001 
4878.334106 0.000519 
4876.866914 0.000388 
4875.399723 -0.000017 
4873.932531 0.000445 
4872.465340 0.000615 
4870.998148 0.000950 
4869.530957 -0.000050 
4868.063765 0.000356 
4866.596574 -0.000224 
4865.129382 -0.000326 
4863.662191 0.000407 
4862.194999 0.001352 
4860.727808 0.000069 
4859.260616 0.000177 
4857.793425 0.000027 
4856.326233 0.000148 
4854.859042 0.000254 
4853.391850 -0.000173 
4851.924659 -0.000200 
4850.457467 0.000043 
4848.990276 -0.000022 
4847.523084 -0.000027 
4846.055893 0.000305 
4844.588701 0.000557 
4843.121510 0.000285 
4841.654318 0.000636 
4840.187127 0.000790 
4838.719935 0.000085 
4837.252744 0.001315 
4835.785552 -0.000364 
4834.318361 0.000028 
4832.851169 0.000200 
4831.383978 -0.000059 
4829.916786 0.000413 
4828.449595 -0.000403 
4826.982403 0.000251 
4825.515212 0.000050 
4824.048020 0.000076 
4822.580829 0.000641 
4821.113637 0.000045 
4819.646446 -0.000390 
4818.179254 -0.000427 
4816.712063 -0.000684 
4815.244871 -0.000054 
4813.777680 0.000015 
4812.310488 -0.000531 
4810.843297 -0.000688 
4809.376105 -0.001050 
4807.908914 -0.000438 
4806.441722 -0.000406 
4804.974531 -0.000376 
4803.507339 -0.000752 
4802.040148 -0.000899 
4800.572956 -0.000814 
4799.105765 -0.000405 
4797.638573 -0.001058 
4796.171382 -0.000901 
4794.704190 -0.000576 
4793.236999 -0.001604 
4791.769807 -0.001185 
4790.302616 -0.001148 
4788.835424 -0.000944 
4787.368233 -0.001408 
4785.901041 -0.000756 
4784.433850 -0.000818 
4782.966658 -0.000622 
4781.499467 -0.000777 
4780.032275 -0.000917 
4778.565084 -0.001119 
4777.097892 -0.001222 
4775.630701 -0.001469 
4774.163509 -0.000773 
4772.696318 -0.000875 
4771.229126 -0.001310 
4769.761935 -0.001765 
4768.294743 -0.001626 
4766.827552 -0.001019 
4765.360360 -0.001866 
4763.893169 -0.000980 
4762.425977 -0.001463 
4760.958786 -0.001307 
4759.491594 -0.001293 
4758.024403 -0.001630 
4756.557211 -0.001425 
4755.090020 -0.001426 
4753.622828 -0.001262 
4752.155637 -0.001640 
4750.688445 -0.001342 
4749.221254 -0.001719 
4747.754062 -0.001438 
4746.286871 -0.001406 
4744.819679 -0.000729 
4743.352488 -0.001141 
4741.885296 -0.001672 
4740.418105 -0.001701 
4738.950914 -0.001801 
4737.483722 -0.001532 
4736.016531 -0.001796 
4734.549339 -0.001672 
4733.082148 -0.001670 
4731.614956 -0.001433 
4730.147765 -0.001392 
4728.680573 -0.001908 
4727.213382 -0.001776 
4725.746190 -0.001369 
4724.278999 -0.001361 
4722.811807 -0.001770 
4721.344616 -0.001991 
4719.877424 -0.001201 
4718.410233 -0.001431 
4716.943041 -0.001609 
4715.475850 -0.001553 
4714.008658 -0.001565 
4712.541467 -0.001561 
4711.074275 -0.001577 
4709.607084 -0.001976 
4708.139892 -0.001105 
4706.672701 -0.001515 
4705.205509 -0.001404 
4703.738318 -0.001322 
4702.271126 -0.001559 
4700.803935 -0.001445 
4699.336743 -0.002047 
4697.869552 -0.001654 
4696.402360 -0.001928 
4694.935169 -0.001373 
4693.467977 -0.001965 
4692.000786 -0.001229 
4690.533594 -0.001375 
4689.066403 -0.000978 
4687.599211 -0.001230 
4686.132020 -0.001506 
4684.664828 -0.001513 
4683.197637 -0.001555 
4681.730445 -0.001691 
4680.263254 -0.001356 
4678.796062 -0.001489 
4677.328871 -0.000866 
4675.861679 -0.000696 
4674.394488 -0.000974 
4672.927296 -0.000920 
4671.460105 -0.000934 
4669.992913 -0.000967 
4668.525722 -0.001223 
4667.058530 -0.000938 
4665.591339 -0.000474 
4664.124147 -0.000972 
4662.656956 -0.001229 
4661.189764 -0.000926 
4659.722573 -0.000655 
4658.255381 -0.000838 
4656.788190 -0.001124 
4655.320998 -0.001231 
4653.853807 -0.000743 
4652.386615 -0.000568 
4650.919424 -0.000744 
4649.452232 -0.000818 
4647.985041 -0.000684 
4646.517849 -0.000520 
4645.050658 -0.000909 
4643.583466 -0.000394 
4642.116275 -0.000255 
4640.649083 -0.000477 
4639.181892 -0.000367 
4637.714700 0.000008 
4636.247509 -0.000578 
4634.780317 -0.000794 
4633.313126 -0.000411 
4631.845934 -0.000604 
4630.378743 -0.000588 
4628.911551 -0.000250 
4627.444360 0.000213 
4625.977168 -0.000083 
4624.509977 -0.000296 
4623.042785 -0.000277 
4621.575594 0.000072 
4620.108402 0.000051 
4618.641211 0.000666 
4617.174019 0.000295 
4615.706828 0.000443 
4614.239636 -0.000005 
4612.772445 -0.000181 
4611.305253 0.000213 
4609.838062 -0.000286 
4608.370870 0.001181 
4606.903679 0.000525 
4605.436487 0.000176 
4603.969296 0.000221 
4602.502104 0.000833 
4601.034913 0.000747 
4599.567721 0.000337 
4598.100530 0.000485 
4596.633338 0.000774 
4595.166147 0.000383 
4593.698955 0.000187 
4592.231764 0.000572 
4590.764572 0.000371 
4589.297381 0.000541 
4587.830189 0.000159 
4586.362998 0.000409 
4584.895806 -0.000053 
4583.428615 -0.000003 
4581.961423 0.000484 
4580.494232 0.000037 
4579.027040 0.000081 
4577.559849 -0.000129 
4576.092657 0.000272 
4574.625466 0.000439 
4573.158274 0.000667 
4571.691083 0.000129 
4570.223891 -0.000181 
4568.756700 0.000563 
4567.289508 0.000168 
4565.822317 0.000506 
4564.355125 -0.000007 
4562.887934 0.000274 
4561.420742 -0.000003 
4559.953551 0.000273 
4558.486359 0.000775 
4557.019168 0.000432 
4555.551976 0.000129 
4554.084785 0.000714 
4552.617593 0.000347 
4551.150402 0.000988 
4549.683210 0.000951 
4548.216019 0.000488 
4546.748827 0.000897 
4545.281636 0.001273 
4543.814444 0.001698 
4542.347253 0.001414 
4540.880061 0.001010 
4539.412870 0.001521 
4537.945678 0.001839 
4536.478487 0.002426 
4535.011295 0.001799 
4533.544104 0.001825 
4532.076912 0.002595 
4530.609721 0.002550 
4529.142529 0.003097 
4527.675338 0.002628 
4526.208146 0.002738 
4524.740955 0.002500 
4523.273763 0.002405 
4521.806572 0.002967 
4520.339380 0.003012 
4518.872189 0.002978 
4517.404997 0.002421 
4515.937806 0.003102 
4514.470614 0.003007 
4513.003423 0.003318 
4511.536231 0.003200 
4510.069040 0.003200 
4508.601848 0.003271 
4507.134657 0.003520 
4505.667465 0.003037 
4504.200274 0.002665 
4502.733082 0.003103 
4501.265891 0.002789 
4499.798699 0.003256 
4498.331508 0.004055 
4496.864316 0.003122 
4495.397125 0.002717 
4493.929933 0.002393 
4492.462742 0.003057 
4490.995550 0.002632 
4489.528359 0.002668 
4488.061167 0.002807 
4486.593976 0.002473 
4485.126784 0.003127 
4483.659593 0.002730 
4482.192402 0.002814 
4480.725210 0.002624 
4479.258019 0.002409 
4477.790827 0.001842 
4476.323636 0.002637 
4474.856444 0.001986 
4473.389253 0.001995 
4471.922061 0.002547 
4470.454870 0.001502 
4468.987678 0.002234 
4467.520487 0.001658 
4466.053295 0.001455 
4464.586104 0.001666 
4463.118912 0.000928 
4461.651721 0.001050 
4460.184529 0.001315 
4458.717338 0.001006 
4457.250146 0.000795 
4455.782955 0.000637 
4454.315763 0.000214 
4452.848572 0.000598 
4451.381380 0.000903 
4449.914189 0.000523 
4448.446997 0.000435 
4446.979806 0.000978 
4445.512614 0.000592 
4444.045423 0.000473 
4442.578231 0.000122 
4441.111040 -0.000107 
4439.643848 0.000423 
4438.176657 0.000658 
4436.709465 0.000705 
4435.242274 0.000739 
4433.775082 0.000779 
4432.307891 0.000570 
4430.840699 0.000198 
4429.373508 0.000072 
4427.906316 0.000309 
4426.439125 0.000626 
4424.971933 0.000738 
4423.504742 0.000225 
4422.037550 0.000615 
4420.570359 0.000576 
4419.103167 0.000608 
4417.635976 0.000499 
4416.168784 0.000811 
4414.701593 0.001308 
4413.234401 0.000840 
4411.767210 0.000705 
4410.300018 0.000947 
4408.832827 0.000777 
4407.365635 0.001142 
4405.898444 0.000970 
4404.431252 0.001685 
4402.964061 0.001137 
4401.496869 0.001343 
4400.029678 0.001791 
4398.562486 0.001590 
4397.095295 0.001900 
4395.628103 0.001667 
4394.160912 0.002118 
4392.693720 0.002134 
4391.226529 0.002519 
4389.759337 0.002600 
4388.292146 0.002837 
4386.824954 0.003281 
4385.357763 0.002948 
4383.890571 0.003537 
4382.423380 0.003784 
4380.956188 0.004279 
4379.488997 0.004245 
4378.021805 0.004242 
4376.554614 0.004481 
4375.087422 0.004781 
4373.620231 0.005233 
4372.153039 0.005296 
4370.685848 0.004773 
4369.218656 0.005644 
4367.751465 0.005281 
4366.284273 0.005702 
4364.817082 0.004900 
4363.349890 0.005262 
4361.882699 0.004979 
4360.415507 0.004968 
4358.948316 0.005143 
4357.481124 0.005417 
4356.013933 0.005504 
4354.546741 0.005829 
4353.079550 0.006050 
4351.612358 0.005685 
4350.145167 0.005488 
4348.677975 0.005575 
4347.210784 0.005421 
4345.743592 0.005277 
4344.276401 0.005177 
4342.809209 0.005638 
4341.342018 0.005613 
4339.874826 0.005935 
4338.407635 0.005938 
4336.940443 0.006267 
4335.473252 0.006624 
4334.006060 0.007364 
4332.538869 0.007955 
4331.071677 0.007971 
4329.604486 0.008621 
4328.137294 0.008187 
4326.670103 0.008629 
4325.202911 0.008699 
4323.735720 0.008419 
4322.268528 0.007437 
4320.801337 0.006785 
4319.334145 0.006534 
4317.866954 0.005846 
4316.399762 0.005295 
4314.932571 0.004837 
4313.465379 0.004321 
4311.998188 0.003630 
4310.530996 0.003644 
4309.063805 0.003523 
4307.596613 0.002994 
4306.129422 0.002598 
4304.662230 0.002425 
4303.195039 0.002257 
4301.727847 0.002606 
4300.260656 0.003108 
4298.793464 0.002753 
4297.326273 0.002859 
4295.859081 0.001973 
4294.391890 0.002677 
4292.924698 0.002349 
4291.457507 0.002601 
4289.990315 0.002803 
4288.523124 0.002134 
4287.055932 0.002513 
4285.588741 0.002363 
4284.121549 0.002918 
4282.654358 0.002973 
4281.187166 0.003331 
4279.719975 0.003452 
4278.252783 0.004805 
4276.785592 0.004700 
4275.318400 0.004947 
4273.851209 0.005052 
4272.384017 0.006591 
4270.916826 0.007241 
4269.449634 0.007202 
4267.982443 0.008200 
4266.515251 0.008947 
4265.048060 0.009899 
4263.580868 0.010372 
4262.113677 0.011676 
4260.646485 0.011857 
4259.179294 0.012183 
4257.712102 0.011850 
4256.244911 0.011654 
4254.777719 0.010408 
4253.310528 0.009508 
4251.843336 0.008289 
4250.376145 0.006983 
4248.908953 0.005080 
4247.441762 0.003858 
4245.974570 0.003659 
4244.507379 0.003420 
4243.040187 0.003089 
4241.572996 0.002039 
4240.105804 0.002194 
4238.638613 0.002363 
4237.171421 0.001694 
4235.704230 0.001626 
4234.237038 0.002093 
4232.769847 0.001587 
4231.302655 0.001392 
4229.835464 0.001455 
4228.368272 0.000900 
4226.901081 0.000723 
4225.433889 0.000559 
4223.966698 0.000843 
4222.499507 0.000328 
4221.032315 0.000131 
4219.565124 0.000108 
4218.097932 0.000200 
4216.630741 0.000500 
4215.163549 -0.000127 
4213.696358 0.000388 
4212.229166 0.000622 
4210.761975 0.001011 
4209.294783 0.001206 
4207.827592 0.001683 
4206.360400 0.001561 
4204.893209 0.001717 
4203.426017 0.002350 
4201.958826 0.002466 
4200.491634 0.002503 
4199.024443 0.002382 
4197.557251 0.003228 
4196.090060 0.003548 
4194.622868 0.003154 
4193.155677 0.003492 
4191.688485 0.003730 
4190.221294 0.003812 
4188.754102 0.003821 
4187.286911 0.003420 
4185.819719 0.003088 
4184.352528 0.003299 
4182.885336 0.003585 
4181.418145 0.003800 
4179.950953 0.003577 
4178.483762 0.004339 
4177.016570 0.004493 
4175.549379 0.004352 
4174.082187 0.004818 
4172.614996 0.005024 
4171.147804 0.005867 
4169.680613 0.005672 
4168.213421 0.006064 
4166.746230 0.005739 
4165.279038 0.005290 
4163.811847 0.004433 
4162.344655 0.004421 
4160.877464 0.003458 
4159.410272 0.002853 
4157.943081 0.002376 
4156.475889 0.001836 
4155.008698 0.000875 
4153.541506 0.000920 
4152.074315 0.000882 
4150.607123 0.000757 
4149.139932 0.000557 
4147.672740 0.000016 
4146.205549 0.000284 
4144.738357 0.000340 
4143.271166 -0.000365 
4141.803974 -0.000590 
4140.336783 0.000369 
4138.869591 0.000031 
4137.402400 -0.000607 
4135.935208 -0.000271 
4134.468017 -0.000178 
4133.000825 -0.000578 
4131.533634 -0.000226 
4130.066442 0.000156 
4128.599251 0.000161 
4127.132059 0.000739 
4125.664868 0.000437 
4124.197676 0.001007 
4122.730485 0.001209 
4121.263293 0.001713 
4119.796102 0.002155 
4118.328910 0.002060 
4116.861719 0.002672 
4115.394527 0.002502 
4113.927336 0.003540 
4112.460144 0.003773 
4110.992953 0.004533 
4109.525761 0.004224 
4108.058570 0.004570 
4106.591378 0.005002 
4105.124187 0.004935 
4103.656995 0.005223 
4102.189804 0.004858 
4100.722612 0.004678 
4099.255421 0.004013 
4097.788229 0.003681 
4096.321038 0.002807 
4094.853846 0.002269 
4093.386655 0.002403 
4091.919463 0.002528 
4090.452272 0.002426 
4088.985080 0.002466 
4087.517889 0.003061 
4086.050697 0.002635 
4084.583506 0.002822 
4083.116314 0.002965 
4081.649123 0.003405 
4080.181931 0.002861 
4078.714740 0.002724 
4077.247548 0.002669 
4075.780357 0.002640 
4074.313165 0.002162 
4072.845974 0.001455 
4071.378782 0.001430 
4069.911591 0.000901 
4068.444399 0.000901 
4066.977208 0.000529 
4065.510016 0.000920 
4064.042825 0.000786 
4062.575633 0.000738 
4061.108442 0.001120 
4059.641250 0.000488 
4058.174059 0.000952 
4056.706867 0.000860 
4055.239676 0.001456 
4053.772484 0.000917 
4052.305293 0.000361 
4050.838101 0.000573 
4049.370910 0.000144 
4047.903718 0.000288 
4046.436527 0.000027 
4044.969335 -0.000094 
4043.502144 0.000194 
4042.034952 0.000059 
4040.567761 -0.000064 
4039.100569 -0.000048 
4037.633378 0.000089 
4036.166186 -0.000187 
4034.698995 -0.000103 
4033.231803 0.000156 
4031.764612 -0.000181 
4030.297420 -0.000269 
4028.830229 -0.000152 
4027.363037 -0.000140 
4025.895846 -0.000609 
4024.428654 -0.000265 
4022.961463 -0.000548 
4021.494271 -0.000830 
4020.027080 -0.000868 
4018.559888 -0.000744 
4017.092697 -0.000404 
4015.625505 -0.000255 
4014.158314 -0.000458 
4012.691122 -0.000130 
4011.223931 -0.000234 
4009.756739 0.000582 
4008.289548 0.000561 
4006.822356 0.001234 
4005.355165 0.001285 
4003.887973 0.000899 
4002.420782 0.001258 
4000.953590 0.001098 
3999.486399 0.000295 
3998.019207 -0.000537 
3996.552016 -0.000919 
3995.084824 -0.001626 
3993.617633 -0.001837 
3992.150441 -0.002278 
3990.683250 -0.002203 
3989.216058 -0.002051 
3987.748867 -0.002072 
3986.281675 -0.002275 
3984.814484 -0.002153 
3983.347292 -0.001925 
3981.880101 -0.002099 
3980.412909 -0.001600 
3978.945718 -0.001696 
3977.478526 -0.001416 
3976.011335 -0.000994 
3974.544143 -0.000773 
3973.076952 -0.000754 
3971.609760 -0.000089 
3970.142569 -0.000201 
3968.675377 0.000030 
3967.208186 0.000627 
3965.740994 0.001123 
3964.273803 0.001497 
3962.806612 0.001473 
3961.339420 0.001951 
3959.872229 0.001512 
3958.405037 0.001895 
3956.937846 0.001503 
3955.470654 0.002252 
3954.003463 0.002015 
3952.536271 0.001952 
3951.069080 0.002004 
3949.601888 0.002168 
3948.134697 0.002139 
3946.667505 0.001917 
3945.200314 0.001698 
3943.733122 0.001191 
3942.265931 0.001035 
3940.798739 0.000430 
3939.331548 0.000731 
3937.864356 0.000287 
3936.397165 -0.000390 
3934.929973 -0.000171 
3933.462782 -0.000792 
3931.995590 -0.001073 
3930.528399 -0.001923 
3929.061207 -0.001845 
3927.594016 -0.002012 
3926.126824 -0.002543 
3924.659633 -0.002307 
3923.192441 -0.002438 
3921.725250 -0.002441 
3920.258058 -0.002615 
3918.790867 -0.002642 
3917.323675 -0.002574 
3915.856484 -0.002061 
3914.389292 -0.002306 
3912.922101 -0.002117 
3911.454909 -0.001957 
3909.987718 -0.001817 
3908.520526 -0.001964 
3907.053335 -0.002330 
3905.586143 -0.002280 
3904.118952 -0.002208 
3902.651760 -0.001718 
3901.184569 -0.002058 
3899.717377 -0.002411 
3898.250186 -0.002761 
3896.782994 -0.002018 
3895.315803 -0.002321 
3893.848611 -0.002369 
3892.381420 -0.002449 
3890.914228 -0.001943 
3889.447037 -0.002080 
3887.979845 -0.002069 
3886.512654 -0.001780 
3885.045462 -0.002302 
3883.578271 -0.001846 
3882.111079 -0.001193 
3880.643888 -0.001419 
3879.176696 -0.001738 
3877.709505 -0.001282 
3876.242313 -0.000847 
3874.775122 -0.001270 
3873.307930 -0.001143 
3871.840739 -0.001313 
3870.373547 -0.001066 
3868.906356 -0.001245 
3867.439164 -0.001727 
3865.971973 -0.001999 
3864.504781 -0.001973 
3863.037590 -0.002560 
3861.570398 -0.002345 
3860.103207 -0.002863 
3858.636015 -0.002888 
3857.168824 -0.002624 
3855.701632 -0.002846 
3854.234441 -0.001656 
3852.767249 -0.002502 
3851.300058 -0.002467 
3849.832866 -0.002602 
3848.365675 -0.002326 
3846.898483 -0.002585 
3845.431292 -0.002027 
3843.964100 -0.002098 
3842.496909 -0.002070 
3841.029717 -0.001979 
3839.562526 -0.002355 
3838.095334 -0.001547 
3836.628143 -0.002265 
3835.160951 -0.002012 
3833.693760 -0.002098 
3832.226568 -0.001468 
3830.759377 -0.001776 
3829.292185 -0.001561 
3827.824994 -0.001613 
3826.357802 -0.001510 
3824.890611 -0.001462 
3823.423419 -0.001519 
3821.956228 -0.000737 
3820.489036 -0.000854 
3819.021845 -0.000615 
3817.554653 -0.000637 
3816.087462 0.000119 
3814.620270 -0.000438 
3813.153079 -0.000608 
3811.685887 -0.000437 
3810.218696 -0.000256 
3808.751504 -0.000122 
3807.284313 0.000338 
3805.817121 0.000396 
3804.349930 -0.000029 
3802.882738 0.000431 
3801.415547 0.000789 
3799.948355 0.000652 
3798.481164 0.000363 
3797.013972 0.000567 
3795.546781 0.000839 
3794.079589 0.000535 
3792.612398 0.000956 
3791.145206 0.000816 
3789.678015 0.001070 
3788.210823 0.000868 
3786.743632 0.000855 
3785.276440 0.001319 
3783.809249 0.000902 
3782.342057 0.000843 
3780.874866 0.000983 
3779.407674 0.001221 
3777.940483 0.000832 
3776.473291 0.000803 
3775.006100 0.000600 
3773.538908 0.000931 
3772.071717 0.000654 
3770.604525 0.000739 
3769.137334 0.000567 
3767.670142 0.000776 
3766.202951 0.000962 
3764.735759 0.000743 
3763.268568 0.000972 
3761.801376 0.000652 
3760.334185 0.001296 
3758.866993 0.001079 
3757.399802 0.001543 
3755.932610 0.001218 
3754.465419 0.001346 
3752.998227 0.001257 
3751.531036 0.000968 
3750.063844 0.000757 
3748.596653 0.000401 
3747.129461 -0.000854 
3745.662270 -0.001184 
3744.195078 -0.000550 
3742.727887 -0.002015 
3741.260695 -0.002534 
3739.793504 -0.002156 
3738.326312 -0.002073 
3736.859121 -0.001577 
3735.391929 -0.000870 
3733.924738 -0.000436 
3732.457546 -0.000199 
3730.990355 0.000579 
3729.523163 0.000798 
3728.055972 0.001440 
3726.588780 0.002164 
3725.121589 0.002313 
3723.654397 0.002343 
3722.187206 0.002826 
3720.720014 0.003320 
3719.252823 0.003353 
3717.785631 0.004647 
3716.318440 0.004576 
3714.851248 0.005465 
3713.384057 0.005410 
3711.916865 0.006264 
3710.449674 0.006514 
3708.982482 0.007343 
3707.515291 0.007165 
3706.048099 0.007891 
3704.580908 0.008197 
3703.113717 0.008214 
3701.646525 0.008854 
3700.179334 0.008925 
3698.712142 0.009332 
3697.244951 0.009347 
3695.777759 0.010008 
3694.310568 0.011124 
3692.843376 0.012228 
3691.376185 0.014289 
3689.908993 0.016169 
3688.441802 0.019599 
3686.974610 0.022416 
3685.507419 0.026479 
3684.040227 0.029919 
3682.573036 0.034594 
3681.105844 0.038717 
3679.638653 0.043022 
3678.171461 0.046886 
3676.704270 0.049977 
3675.237078 0.052631 
3673.769887 0.053999 
3672.302695 0.054680 
3670.835504 0.054284 
3669.368312 0.053011 
3667.901121 0.051181 
3666.433929 0.048614 
3664.966738 0.045802 
3663.499546 0.043188 
3662.032355 0.039536 
3660.565163 0.036834 
3659.097972 0.033802 
3657.630780 0.030862 
3656.163589 0.028656 
3654.696397 0.025849 
3653.229206 0.024060 
3651.762014 0.021897 
3650.294823 0.020503 
3648.827631 0.018848 
3647.360440 0.017780 
3645.893248 0.016446 
3644.426057 0.015827 
3642.958865 0.015452 
3641.491674 0.014735 
3640.024482 0.014175 
3638.557291 0.013816 
3637.090099 0.014375 
3635.622908 0.014253 
3634.155716 0.014558 
3632.688525 0.013998 
3631.221333 0.014168 
3629.754142 0.014041 
3628.286950 0.014078 
3626.819759 0.014256 
3625.352567 0.014085 
3623.885376 0.014024 
3622.418184 0.013689 
3620.950993 0.014593 
3619.483801 0.014651 
3618.016610 0.014683 
3616.549418 0.015567 
3615.082227 0.016193 
3613.615035 0.016606 
3612.147844 0.017032 
3610.680652 0.017569 
3609.213461 0.018357 
3607.746269 0.019057 
3606.279078 0.019253 
3604.811886 0.020344 
3603.344695 0.020381 
3601.877503 0.020995 
3600.410312 0.021778 
3598.943120 0.022455 
3597.475929 0.023146 
3596.008737 0.024220 
3594.541546 0.025324 
3593.074354 0.025859 
3591.607163 0.026820 
3590.139971 0.027653 
3588.672780 0.029030 
3587.205588 0.029880 
3585.738397 0.030968 
3584.271205 0.031938 
3582.804014 0.033481 
3581.336822 0.034675 
3579.869631 0.035622 
3578.402439 0.037361 
3576.935248 0.038514 
3575.468056 0.039863 
3574.000865 0.041247 
3572.533673 0.043113 
3571.066482 0.044092 
3569.599290 0.046616 
3568.132099 0.048327 
3566.664907 0.050048 
3565.197716 0.051780 
3563.730524 0.053455 
3562.263333 0.055555 
3560.796141 0.057309 
3559.328950 0.059446 
3557.861758 0.061036 
3556.394567 0.063961 
3554.927375 0.065614 
3553.460184 0.067839 
3551.992992 0.070118 
3550.525801 0.072755 
3549.058609 0.075206 
3547.591418 0.078130 
3546.124226 0.081218 
3544.657035 0.083232 
3543.189843 0.086326 
3541.722652 0.088891 
3540.255460 0.092069 
3538.788269 0.094894 
3537.321077 0.097933 
3535.853886 0.101293 
3534.386694 0.103763 
3532.919503 0.107505 
3531.452311 0.110082 
3529.985120 0.113789 
3528.517928 0.117040 
3527.050737 0.120156 
3525.583545 0.123447 
3524.116354 0.127188 
3522.649162 0.129992 
3521.181971 0.133305 
3519.714779 0.137392 
3518.247588 0.140476 
3516.780396 0.144535 
3515.313205 0.147711 
3513.846013 0.151392 
3512.378822 0.154392 
3510.911630 0.158040 
3509.444439 0.162178 
3507.977247 0.165312 
3506.510056 0.169006 
3505.042864 0.172699 
3503.575673 0.176120 
3502.108481 0.180033 
3500.641290 0.183782 
3499.174098 0.187506 
3497.706907 0.191217 
3496.239715 0.194586 
3494.772524 0.198015 
3493.305332 0.202634 
3491.838141 0.206272 
3490.370949 0.209909 
3488.903758 0.213480 
3487.436566 0.217372 
3485.969375 0.221437 
3484.502183 0.225472 
3483.034992 0.229222 
3481.567800 0.233618 
3480.100609 0.237133 
3478.633417 0.241585 
3477.166226 0.245715 
3475.699034 0.250253 
3474.231843 0.254548 
3472.764651 0.258424 
3471.297460 0.263283 
3469.830268 0.267705 
3468.363077 0.271751 
3466.895885 0.276867 
3465.428694 0.280583 
3463.961502 0.285391 
3462.494311 0.289966 
3461.027119 0.295102 
3459.559928 0.299506 
3458.092736 0.303996 
3456.625545 0.309045 
3455.158353 0.314410 
3453.691162 0.318144 
3452.223970 0.323386 
3450.756779 0.328257 
3449.289587 0.333376 
3447.822396 0.338063 
3446.355205 0.343131 
3444.888013 0.347906 
3443.420822 0.352483 
3441.953630 0.357179 
3440.486439 0.362495 
3439.019247 0.367268 
3437.552056 0.372223 
3436.084864 0.376931 
3434.617673 0.381781 
3433.150481 0.386626 
3431.683290 0.391890 
3430.216098 0.396459 
3428.748907 0.402113 
3427.281715 0.408148 
3425.814524 0.414943 
3424.347332 0.422244 
3422.880141 0.431553 
3421.412949 0.440009 
3419.945758 0.450734 
3418.478566 0.461428 
3417.011375 0.473010 
3415.544183 0.484701 
3414.076992 0.494978 
3412.609800 0.505437 
3411.142609 0.513529 
3409.675417 0.520224 
3408.208226 0.526065 
3406.741034 0.531320 
3405.273843 0.533331 
3403.806651 0.535559 
3402.339460 0.538466 
3400.872268 0.540363 
3399.405077 0.543479 
3397.937885 0.545268 
3396.470694 0.549172 
3395.003502 0.552271 
3393.536311 0.557627 
3392.069119 0.561914 
3390.601928 0.567236 
3389.134736 0.572893 
3387.667545 0.578916 
3386.200353 0.585550 
3384.733162 0.590241 
3383.265970 0.595695 
3381.798779 0.601462 
3380.331587 0.606170 
3378.864396 0.609526 
3377.397204 0.612134 
3375.930013 0.611617 
3374.462821 0.611651 
3372.995630 0.610563 
3371.528438 0.608775 
3370.061247 0.605927 
3368.594055 0.603581 
3367.126864 0.600035 
3365.659672 0.596624 
3364.192481 0.594520 
3362.725289 0.591048 
3361.258098 0.587984 
3359.790906 0.585092 
3358.323715 0.583967 
3356.856523 0.581439 
3355.389332 0.580906 
3353.922140 0.580493 
3352.454949 0.579856 
3350.987757 0.578556 
3349.520566 0.577462 
3348.053374 0.578800 
3346.586183 0.577009 
3345.118991 0.577431 
3343.651800 0.578884 
3342.184608 0.578655 
3340.717417 0.580161 
3339.250225 0.580974 
3337.783034 0.581958 
3336.315842 0.581447 
3334.848651 0.583460 
3333.381459 0.584519 
3331.914268 0.585745 
3330.447076 0.587687 
3328.979885 0.588758 
3327.512693 0.589434 
3326.045502 0.592613 
3324.578310 0.592712 
3323.111119 0.595752 
3321.643927 0.597286 
3320.176736 0.599231 
3318.709544 0.601035 
3317.242353 0.603286 
3315.775161 0.606478 
3314.307970 0.609895 
3312.840778 0.613555 
3311.373587 0.616862 
3309.906395 0.621122 
3308.439204 0.623897 
3306.972012 0.628529 
3305.504821 0.633059 
3304.037629 0.636447 
3302.570438 0.639813 
3301.103246 0.643093 
3299.636055 0.644929 
3298.168863 0.645699 
3296.701672 0.645995 
3295.234480 0.645150 
3293.767289 0.642776 
3292.300097 0.642212 
3290.832906 0.639798 
3289.365714 0.639664 
3287.898523 0.638266 
3286.431331 0.638152 
3284.964140 0.636401 
3283.496948 0.636504 
3282.029757 0.636610 
3280.562565 0.635760 
3279.095374 0.634617 
3277.628182 0.635056 
3276.160991 0.635070 
3274.693799 0.634387 
3273.226608 0.634788 
3271.759416 0.633171 
3270.292225 0.633059 
3268.825033 0.632732 
3267.357842 0.631448 
3265.890650 0.631899 
3264.423459 0.632552 
3262.956267 0.631955 
3261.489076 0.631167 
3260.021884 0.630234 
3258.554693 0.631191 
3257.087501 0.631414 
3255.620310 0.631748 
3254.153118 0.631305 
3252.685927 0.631242 
3251.218735 0.630481 
3249.751544 0.629613 
3248.284352 0.630133 
3246.817161 0.630492 
3245.349969 0.629679 
3243.882778 0.630293 
3242.415586 0.630603 
3240.948395 0.631269 
3239.481203 0.630642 
3238.014012 0.630830 
3236.546820 0.630256 
3235.079629 0.630645 
3233.612437 0.628195 
3232.145246 0.625223 
3230.678054 0.623647 
3229.210863 0.621057 
3227.743671 0.617818 
3226.276480 0.614760 
3224.809288 0.611311 
3223.342097 0.607622 
3221.874905 0.606304 
3220.407714 0.602720 
3218.940522 0.601572 
3217.473331 0.600828 
3216.006139 0.598659 
3214.538948 0.596962 
3213.071756 0.594812 
3211.604565 0.593818 
3210.137373 0.590788 
3208.670182 0.590033 
3207.202990 0.586732 
3205.735799 0.585093 
3204.268607 0.581817 
3202.801416 0.577832 
3201.334224 0.575025 
3199.867033 0.570672 
3198.399841 0.568515 
3196.932650 0.563769 
3195.465458 0.561053 
3193.998267 0.557798 
3192.531075 0.555356 
3191.063884 0.551663 
3189.596692 0.549637 
3188.129501 0.546171 
3186.662310 0.542317 
3185.195118 0.539836 
3183.727927 0.537773 
3182.260735 0.535185 
3180.793544 0.531349 
3179.326352 0.528715 
3177.859161 0.525931 
3176.391969 0.523408 
3174.924778 0.520116 
3173.457586 0.517090 
3171.990395 0.514597 
3170.523203 0.512610 
3169.056012 0.509276 
3167.588820 0.506271 
3166.121629 0.503296 
3164.654437 0.500088 
3163.187246 0.497788 
3161.720054 0.494459 
3160.252863 0.492022 
3158.785671 0.488600 
3157.318480 0.485638 
3155.851288 0.482956 
3154.384097 0.479399 
3152.916905 0.476017 
3151.449714 0.473164 
3149.982522 0.469276 
3148.515331 0.465443 
3147.048139 0.463340 
3145.580948 0.459985 
3144.113756 0.456285 
3142.646565 0.453207 
3141.179373 0.450293 
3139.712182 0.447592 
3138.244990 0.444382 
3136.777799 0.441329 
3135.310607 0.437727 
3133.843416 0.435421 
3132.376224 0.432040 
3130.909033 0.428835 
3129.441841 0.426327 
3127.974650 0.422765 
3126.507458 0.420135 
3125.040267 0.417115 
3123.573075 0.413950 
3122.105884 0.410549 
3120.638692 0.408299 
3119.171501 0.405057 
3117.704309 0.402528 
3116.237118 0.399112 
3114.769926 0.396067 
3113.302735 0.393456 
3111.835543 0.389997 
3110.368352 0.387171 
3108.901160 0.384544 
3107.433969 0.382128 
3105.966777 0.378363 
3104.499586 0.376040 
3103.032394 0.373089 
3101.565203 0.370523 
3100.098011 0.367339 
3098.630820 0.364162 
3097.163628 0.361931 
3095.696437 0.358734 
3094.229245 0.355912 
3092.762054 0.352528 
3091.294862 0.350764 
3089.827671 0.346704 
3088.360479 0.344332 
3086.893288 0.341255 
3085.426096 0.338119 
3083.958905 0.335294 
3082.491713 0.332413 
3081.024522 0.330312 
3079.557330 0.327045 
3078.090139 0.324017 
3076.622947 0.321078 
3075.155756 0.318644 
3073.688564 0.315782 
3072.221373 0.313778 
3070.754181 0.310659 
3069.286990 0.307954 
3067.819798 0.305743 
3066.352607 0.303265 
3064.885415 0.301088 
3063.418224 0.297932 
3061.951032 0.296326 
3060.483841 0.293836 
3059.016649 0.291367 
3057.549458 0.289041 
3056.082266 0.287096 
3054.615075 0.284681 
3053.147883 0.281903 
3051.680692 0.279829 
3050.213500 0.277326 
3048.746309 0.275917 
3047.279117 0.273242 
3045.811926 0.271410 
3044.344734 0.269132 
3042.877543 0.267588 
3041.410351 0.265431 
3039.943160 0.263702 
3038.475968 0.261973 
3037.008777 0.259880 
3035.541585 0.257823 
3034.074394 0.256597 
3032.607202 0.255139 
3031.140011 0.252950 
3029.672819 0.251565 
3028.205628 0.249931 
3026.738436 0.248383 
3025.271245 0.246240 
3023.804053 0.245047 
3022.336862 0.243889 
3020.869670 0.241692 
3019.402479 0.240701 
3017.935287 0.239463 
3016.468096 0.237881 
3015.000904 0.236204 
3013.533713 0.235122 
3012.066521 0.233308 
3010.599330 0.231818 
3009.132138 0.230193 
3007.664947 0.229387 
3006.197755 0.227519 
3004.730564 0.225627 
3003.263372 0.224434 
3001.796181 0.222835 
3000.328989 0.222066 
2998.861798 0.220318 
2997.394606 0.219025 
2995.927415 0.217876 
2994.460223 0.216953 
2992.993032 0.215942 
2991.525840 0.214733 
2990.058649 0.213798 
2988.591457 0.212337 
2987.124266 0.211744 
2985.657074 0.210616 
2984.189883 0.209800 
2982.722691 0.208411 
2981.255500 0.207615 
2979.788308 0.205758 
2978.321117 0.204935 
2976.853925 0.203536 
2975.386734 0.201932 
2973.919542 0.200862 
2972.452351 0.198660 
2970.985159 0.197904 
2969.517968 0.196826 
2968.050776 0.196074 
2966.583585 0.195222 
2965.116393 0.195470 
2963.649202 0.196295 
2962.182010 0.197306 
2960.714819 0.199788 
2959.247627 0.202841 
2957.780436 0.207239 
2956.313244 0.213045 
2954.846053 0.221529 
2953.378861 0.232325 
2951.911670 0.246463 
2950.444478 0.264050 
2948.977287 0.286635 
2947.510095 0.314124 
2946.042904 0.347453 
2944.575712 0.386511 
2943.108521 0.430850 
2941.641329 0.484325 
2940.174138 0.547690 
2938.706946 0.628579 
2937.239755 0.726506 
2935.772563 0.831889 
2934.305372 0.935324 
2932.838180 1.043142 
2931.370989 1.138520 
2929.903797 1.222819 
2928.436606 1.288705 
2926.969415 1.330087 
2925.502223 1.352215 
2924.035032 1.353520 
2922.567840 1.335192 
2921.100649 1.287556 
2919.633457 1.230154 
2918.166266 1.157589 
2916.699074 1.086775 
2915.231883 1.038907 
2913.764691 1.001409 
2912.297500 0.977817 
2910.830308 0.956432 
2909.363117 0.936290 
2907.895925 0.908669 
2906.428734 0.871593 
2904.961542 0.817610 
2903.494351 0.750123 
2902.027159 0.674791 
2900.559968 0.612520 
2899.092776 0.559024 
2897.625585 0.508622 
2896.158393 0.469850 
2894.691202 0.438317 
2893.224010 0.414005 
2891.756819 0.389058 
2890.289627 0.364108 
2888.822436 0.339035 
2887.355244 0.316134 
2885.888053 0.296756 
2884.420861 0.281389 
2882.953670 0.267626 
2881.486478 0.255655 
2880.019287 0.245445 
2878.552095 0.237491 
2877.084904 0.231832 
2875.617712 0.229000 
2874.150521 0.229958 
2872.683329 0.235046 
2871.216138 0.242501 
2869.748946 0.252502 
2868.281755 0.263930 
2866.814563 0.278148 
2865.347372 0.294575 
2863.880180 0.316723 
2862.412989 0.345476 
2860.945797 0.385405 
2859.478606 0.439537 
2858.011414 0.514294 
2856.544223 0.611530 
2855.077031 0.732543 
2853.609840 0.865300 
2852.142648 0.981679 
2850.675457 1.060515 
2849.208265 1.087111 
2847.741074 1.048159 
2846.273882 0.920658 
2844.806691 0.741286 
2843.339499 0.564087 
2841.872308 0.420633 
2840.405116 0.324211 
2838.937925 0.261362 
2837.470733 0.222377 
2836.003542 0.198513 
2834.536350 0.183023 
2833.069159 0.172760 
2831.601967 0.166441 
2830.134776 0.162149 
2828.667584 0.159241 
2827.200393 0.157586 
2825.733201 0.156191 
2824.266010 0.156074 
2822.798818 0.155437 
2821.331627 0.155095 
2819.864435 0.154398 
2818.397244 0.153803 
2816.930052 0.152181 
2815.462861 0.149984 
2813.995669 0.147459 
2812.528478 0.144604 
2811.061286 0.143129 
2809.594095 0.141718 
2808.126903 0.141910 
2806.659712 0.141324 
2805.192520 0.142373 
2803.725329 0.143504 
2802.258137 0.144812 
2800.790946 0.146548 
2799.323754 0.148529 
2797.856563 0.151126 
2796.389371 0.153343 
2794.922180 0.155740 
2793.454988 0.157189 
2791.987797 0.157943 
2790.520605 0.156549 
2789.053414 0.154254 
2787.586222 0.150800 
2786.119031 0.146665 
2784.651839 0.143337 
2783.184648 0.140053 
2781.717456 0.137117 
2780.250265 0.133733 
2778.783073 0.131196 
2777.315882 0.128297 
2775.848690 0.125817 
2774.381499 0.122654 
2772.914307 0.120667 
2771.447116 0.118512 
2769.979924 0.116703 
2768.512733 0.114999 
2767.045541 0.113299 
2765.578350 0.112863 
2764.111158 0.111385 
2762.643967 0.110628 
2761.176775 0.109691 
2759.709584 0.108919 
2758.242392 0.107824 
2756.775201 0.107056 
2755.308009 0.106209 
2753.840818 0.105517 
2752.373626 0.104986 
2750.906435 0.103933 
2749.439243 0.103650 
2747.972052 0.102648 
2746.504860 0.102141 
2745.037669 0.101185 
2743.570477 0.100652 
2742.103286 0.099922 
2740.636094 0.099093 
2739.168903 0.099161 
2737.701711 0.098190 
2736.234520 0.097804 
2734.767328 0.096747 
2733.300137 0.096345 
2731.832945 0.095703 
2730.365754 0.095127 
2728.898562 0.094426 
2727.431371 0.093818 
2725.964179 0.093612 
2724.496988 0.093220 
2723.029796 0.092700 
2721.562605 0.092374 
2720.095413 0.092196 
2718.628222 0.091600 
2717.161030 0.091478 
2715.693839 0.090974 
2714.226647 0.091046 
2712.759456 0.090627 
2711.292264 0.090456 
2709.825073 0.090171 
2708.357881 0.089795 
2706.890690 0.090214 
2705.423498 0.090203 
2703.956307 0.090659 
2702.489115 0.091135 
2701.021924 0.092220 
2699.554732 0.093438 
2698.087541 0.094091 
2696.620349 0.095006 
2695.153158 0.095507 
2693.685966 0.095805 
2692.218775 0.095120 
2690.751583 0.095015 
2689.284392 0.094159 
2687.817200 0.093988 
2686.350009 0.093428 
2684.882817 0.092598 
2683.415626 0.090501 
2681.948434 0.088173 
2680.481243 0.085332 
2679.014051 0.082564 
2677.546860 0.080694 
2676.079668 0.078698 
2674.612477 0.078086 
2673.145285 0.077375 
2671.678094 0.078209 
2670.210903 0.078427 
2668.743711 0.080049 
2667.276520 0.082849 
2665.809328 0.088399 
2664.342137 0.098738 
2662.874945 0.113862 
2661.407754 0.133311 
2659.940562 0.145213 
2658.473371 0.140057 
2657.006179 0.123485 
2655.538988 0.111632 
2654.071796 0.103717 
2652.604605 0.094503 
2651.137413 0.084988 
2649.670222 0.078311 
2648.203030 0.073775 
2646.735839 0.071090 
2645.268647 0.069608 
2643.801456 0.067911 
2642.334264 0.067278 
2640.867073 0.066268 
2639.399881 0.065953 
2637.932690 0.065064 
2636.465498 0.064628 
2634.998307 0.064550 
2633.531115 0.063747 
2632.063924 0.063803 
2630.596732 0.063300 
2629.129541 0.063066 
2627.662349 0.062959 
2626.195158 0.063701 
2624.727966 0.064438 
2623.260775 0.065566 
2621.793583 0.066825 
2620.326392 0.068233 
2618.859200 0.070041 
2617.392009 0.071710 
2615.924817 0.073652 
2614.457626 0.074667 
2612.990434 0.074983 
2611.523243 0.074254 
2610.056051 0.073688 
2608.588860 0.073097 
2607.121668 0.072585 
2605.654477 0.072467 
2604.187285 0.072204 
2602.720094 0.072224 
2601.252902 0.071801 
2599.785711 0.072367 
2598.318519 0.071898 
2596.851328 0.072038 
2595.384136 0.071809 
2593.916945 0.070873 
2592.449753 0.069476 
2590.982562 0.067617 
2589.515370 0.065650 
2588.048179 0.063375 
2586.580987 0.061555 
2585.113796 0.059014 
2583.646604 0.057913 
2582.179413 0.056431 
2580.712221 0.055820 
2579.245030 0.055297 
2577.777838 0.054983 
2576.310647 0.054643 
2574.843455 0.054177 
2573.376264 0.054165 
2571.909072 0.053780 
2570.441881 0.053369 
2568.974689 0.052306 
2567.507498 0.051860 
2566.040306 0.051199 
2564.573115 0.050609 
2563.105923 0.050202 
2561.638732 0.049807 
2560.171540 0.049804 
2558.704349 0.049612 
2557.237157 0.049651 
2555.769966 0.049722 
2554.302774 0.049680 
2552.835583 0.049456 
2551.368391 0.049292 
2549.901200 0.049106 
2548.434008 0.048389 
2546.966817 0.047784 
2545.499625 0.047105 
2544.032434 0.046794 
2542.565242 0.046099 
2541.098051 0.046024 
2539.630859 0.045595 
2538.163668 0.045541 
2536.696476 0.045195 
2535.229285 0.045254 
2533.762093 0.045295 
2532.294902 0.044970 
2530.827710 0.044901 
2529.360519 0.044492 
2527.893327 0.044162 
2526.426136 0.043396 
2524.958944 0.043384 
2523.491753 0.043158 
2522.024561 0.042825 
2520.557370 0.042519 
2519.090178 0.042429 
2517.622987 0.042059 
2516.155795 0.041900 
2514.688604 0.041788 
2513.221412 0.041714 
2511.754221 0.041757 
2510.287029 0.041413 
2508.819838 0.041232 
2507.352646 0.040845 
2505.885455 0.040671 
2504.418263 0.040379 
2502.951072 0.039979 
2501.483880 0.039892 
2500.016689 0.039416 
2498.549497 0.039174 
2497.082306 0.038702 
2495.615114 0.038768 
2494.147923 0.038300 
2492.680731 0.038086 
2491.213540 0.037918 
2489.746348 0.037791 
2488.279157 0.037607 
2486.811965 0.037682 
2485.344774 0.038014 
2483.877582 0.038229 
2482.410391 0.038667 
2480.943199 0.038855 
2479.476008 0.039386 
2478.008816 0.039311 
2476.541625 0.039125 
2475.074433 0.038971 
2473.607242 0.038453 
2472.140050 0.037831 
2470.672859 0.037352 
2469.205667 0.037326 
2467.738476 0.036808 
2466.271284 0.036355 
2464.804093 0.036030 
2463.336901 0.035763 
2461.869710 0.035346 
2460.402518 0.035123 
2458.935327 0.035063 
2457.468135 0.034978 
2456.000944 0.034841 
2454.533752 0.034537 
2453.066561 0.034448 
2451.599369 0.034304 
2450.132178 0.034186 
2448.664986 0.033912 
2447.197795 0.034014 
2445.730603 0.033784 
2444.263412 0.033684 
2442.796220 0.033591 
2441.329029 0.033645 
2439.861837 0.033678 
2438.394646 0.033639 
2436.927454 0.033700 
2435.460263 0.033629 
2433.993071 0.033339 
2432.525880 0.033407 
2431.058688 0.033400 
2429.591497 0.033285 
2428.124305 0.033406 
2426.657114 0.033537 
2425.189922 0.033487 
2423.722731 0.033507 
2422.255539 0.033877 
2420.788348 0.034261 
2419.321156 0.034206 
2417.853965 0.034446 
2416.386773 0.034939 
2414.919582 0.035111 
2413.452390 0.035462 
2411.985199 0.035478 
2410.518008 0.035195 
2409.050816 0.034739 
2407.583625 0.034289 
2406.116433 0.033888 
2404.649242 0.033627 
2403.182050 0.033234 
2401.714859 0.033212 
2400.247667 0.033691 
2398.780476 0.034151 
2397.313284 0.034818 
2395.846093 0.035805 
2394.378901 0.036517 
2392.911710 0.036047 
2391.444518 0.035159 
2389.977327 0.034145 
2388.510135 0.033494 
2387.042944 0.033400 
2385.575752 0.033519 
2384.108561 0.033786 
2382.641369 0.034280 
2381.174178 0.034879 
2379.706986 0.035517 
2378.239795 0.035960 
2376.772603 0.036400 
2375.305412 0.036401 
2373.838220 0.036402 
2372.371029 0.036000 
2370.903837 0.035814 
2369.436646 0.036285 
2367.969454 0.036677 
2366.502263 0.037209 
2365.035071 0.037235 
2363.567880 0.037019 
2362.100688 0.036004 
2360.633497 0.035773 
2359.166305 0.035336 
2357.699114 0.034990 
2356.231922 0.035122 
2354.764731 0.034800 
2353.297539 0.034612 
2351.830348 0.034711 
2350.363156 0.034559 
2348.895965 0.034603 
2347.428773 0.035194 
2345.961582 0.035861 
2344.494390 0.036951 
2343.027199 0.038577 
2341.560007 0.040351 
2340.092816 0.042762 
2338.625624 0.044747 
2337.158433 0.045114 
2335.691241 0.043059 
2334.224050 0.039794 
2332.756858 0.037280 
2331.289667 0.036450 
2329.822475 0.036362 
2328.355284 0.036623 
2326.888092 0.036875 
2325.420901 0.036925 
2323.953709 0.036849 
2322.486518 0.036653 
2321.019326 0.036748 
2319.552135 0.036561 
2318.084943 0.036617 
2316.617752 0.036525 
2315.150560 0.036942 
2313.683369 0.037022 
2312.216177 0.037324 
2310.748986 0.037593 
2309.281794 0.037830 
2307.814603 0.038202 
2306.347411 0.038320 
2304.880220 0.038815 
2303.413028 0.038950 
2301.945837 0.039217 
2300.478645 0.038818 
2299.011454 0.038927 
2297.544262 0.038587 
2296.077071 0.038478 
2294.609879 0.038432 
2293.142688 0.038501 
2291.675496 0.038862 
2290.208305 0.038790 
2288.741113 0.039150 
2287.273922 0.039183 
2285.806730 0.039653 
2284.339539 0.039926 
2282.872347 0.040124 
2281.405156 0.040160 
2279.937964 0.039948 
2278.470773 0.039997 
2277.003581 0.039707 
2275.536390 0.039805 
2274.069198 0.039449 
2272.602007 0.039801 
2271.134815 0.039700 
2269.667624 0.039963 
2268.200432 0.039872 
2266.733241 0.040058 
2265.266049 0.040248 
2263.798858 0.040184 
2262.331666 0.040621 
2260.864475 0.040536 
2259.397283 0.041321 
2257.930092 0.041537 
2256.462900 0.042332 
2254.995709 0.042755 
2253.528517 0.043534 
2252.061326 0.044175 
2250.594134 0.044363 
2249.126943 0.044987 
2247.659751 0.045164 
2246.192560 0.045172 
2244.725368 0.044715 
2243.258177 0.044957 
2241.790985 0.044475 
2240.323794 0.044380 
2238.856602 0.044076 
2237.389411 0.043961 
2235.922219 0.043745 
2234.455028 0.043604 
2232.987836 0.043981 
2231.520645 0.043810 
2230.053453 0.044057 
2228.586262 0.043967 
2227.119070 0.044218 
2225.651879 0.043828 
2224.184687 0.043994 
2222.717496 0.043833 
2221.250304 0.043739 
2219.783113 0.043714 
2218.315921 0.043352 
2216.848730 0.043630 
2215.381538 0.043285 
2213.914347 0.043446 
2212.447155 0.043387 
2210.979964 0.043885 
2209.512772 0.043728 
2208.045581 0.043889 
2206.578389 0.044037 
2205.111198 0.044127 
2203.644006 0.044296 
2202.176815 0.043901 
2200.709623 0.043918 
2199.242432 0.043547 
2197.775240 0.043411 
2196.308049 0.042919 
2194.840857 0.042715 
2193.373666 0.042706 
2191.906474 0.042443 
2190.439283 0.042482 
2188.972091 0.042030 
2187.504900 0.042141 
2186.037708 0.041912 
2184.570517 0.042813 
2183.103325 0.043475 
2181.636134 0.044747 
2180.168942 0.045610 
2178.701751 0.046275 
2177.234559 0.045922 
2175.767368 0.044686 
2174.300176 0.043551 
2172.832985 0.042523 
2171.365793 0.042631 
2169.898602 0.042018 
2168.431410 0.042022 
2166.964219 0.041636 
2165.497027 0.041156 
2164.029836 0.040841 
2162.562644 0.040542 
2161.095453 0.040477 
2159.628261 0.039986 
2158.161070 0.040306 
2156.693878 0.040248 
2155.226687 0.040657 
2153.759495 0.040526 
2152.292304 0.040696 
2150.825113 0.040461 
2149.357921 0.039836 
2147.890730 0.039689 
2146.423538 0.039278 
2144.956347 0.039429 
2143.489155 0.039283 
2142.021964 0.040142 
2140.554772 0.039800 
2139.087581 0.040192 
2137.620389 0.039798 
2136.153198 0.039562 
2134.686006 0.039129 
2133.218815 0.038718 
2131.751623 0.038506 
2130.284432 0.038035 
2128.817240 0.038180 
2127.350049 0.037484 
2125.882857 0.037760 
2124.415666 0.037066 
2122.948474 0.036805 
2121.481283 0.036308 
2120.014091 0.036264 
2118.546900 0.036087 
2117.079708 0.035698 
2115.612517 0.035697 
2114.145325 0.035185 
2112.678134 0.035421 
2111.210942 0.034702 
2109.743751 0.034763 
2108.276559 0.034636 
2106.809368 0.034437 
2105.342176 0.034476 
2103.874985 0.034130 
2102.407793 0.034282 
2100.940602 0.033548 
2099.473410 0.033988 
2098.006219 0.033439 
2096.539027 0.033654 
2095.071836 0.033213 
2093.604644 0.033247 
2092.137453 0.033172 
2090.670261 0.032945 
2089.203070 0.032944 
2087.735878 0.032537 
2086.268687 0.032790 
2084.801495 0.032085 
2083.334304 0.032606 
2081.867112 0.032184 
2080.399921 0.032409 
2078.932729 0.032013 
2077.465538 0.032049 
2075.998346 0.032041 
2074.531155 0.031627 
2073.063963 0.031934 
2071.596772 0.031532 
2070.129580 0.032108 
2068.662389 0.031663 
2067.195197 0.032264 
2065.728006 0.032252 
2064.260814 0.032700 
2062.793623 0.032927 
2061.326431 0.033312 
2059.859240 0.033452 
2058.392048 0.033021 
2056.924857 0.033223 
2055.457665 0.031976 
2053.990474 0.032085 
2052.523282 0.031026 
2051.056091 0.031041 
2049.588899 0.030621 
2048.121708 0.030703 
2046.654516 0.030683 
2045.187325 0.030277 
2043.720133 0.030608 
2042.252942 0.029922 
2040.785750 0.030309 
2039.318559 0.029278 
2037.851367 0.029525 
2036.384176 0.028845 
2034.916984 0.028868 
2033.449793 0.028646 
2031.982601 0.028246 
2030.515410 0.028398 
2029.048218 0.027952 
2027.581027 0.028009 
2026.113835 0.027469 
2024.646644 0.027881 
2023.179452 0.027367 
2021.712261 0.027573 
2020.245069 0.027500 
2018.777878 0.027469 
2017.310686 0.027363 
2015.843495 0.026695 
2014.376303 0.026900 
2012.909112 0.026107 
2011.441920 0.026313 
2009.974729 0.025608 
2008.507537 0.025959 
2007.040346 0.025430 
2005.573154 0.025354 
2004.105963 0.025211 
2002.638771 0.024822 
2001.171580 0.025050 
1999.704388 0.024409 
1998.237197 0.024879 
1996.770005 0.024112 
1995.302814 0.025075 
1993.835622 0.024811 
1992.368431 0.025622 
1990.901239 0.025601 
1989.434048 0.025919 
1987.966856 0.026100 
1986.499665 0.025568 
1985.032473 0.025716 
1983.565282 0.024813 
1982.098090 0.024489 
1980.630899 0.023242 
1979.163707 0.023283 
1977.696516 0.022438 
1976.229324 0.022405 
1974.762133 0.022023 
1973.294941 0.021767 
1971.827750 0.021781 
1970.360558 0.021012 
1968.893367 0.021513 
1967.426175 0.020832 
1965.958984 0.021366 
1964.491792 0.020457 
1963.024601 0.020606 
1961.557409 0.020090 
1960.090218 0.019806 
1958.623026 0.019837 
1957.155835 0.019320 
1955.688643 0.019634 
1954.221452 0.018694 
1952.754260 0.019357 
1951.287069 0.018308 
1949.819877 0.018626 
1948.352686 0.018033 
1946.885494 0.018022 
1945.418303 0.017941 
1943.951111 0.017505 
1942.483920 0.017858 
1941.016728 0.017133 
1939.549537 0.017488 
1938.082345 0.016810 
1936.615154 0.017306 
1935.147962 0.016664 
1933.680771 0.016980 
1932.213579 0.016749 
1930.746388 0.016706 
1929.279196 0.016481 
1927.812005 0.015930 
1926.344813 0.016019 
1924.877622 0.015049 
1923.410430 0.015458 
1921.943239 0.014682 
1920.476047 0.015058 
1919.008856 0.014497 
1917.541664 0.014617 
1916.074473 0.014170 
1914.607281 0.013552 
1913.140090 0.013801 
1911.672898 0.012841 
1910.205707 0.013348 
1908.738515 0.012364 
1907.271324 0.013075 
1905.804132 0.012238 
1904.336941 0.012479 
1902.869749 0.011955 
1901.402558 0.011718 
1899.935366 0.011999 
1898.468175 0.011040 
1897.000983 0.011492 
1895.533792 0.010849 
1894.066601 0.011450 
1892.599409 0.010490 
1891.132218 0.011018 
1889.665026 0.010314 
1888.197835 0.010288 
1886.730643 0.010153 
1885.263452 0.009571 
1883.796260 0.010155 
1882.329069 0.009081 
1880.861877 0.010016 
1879.394686 0.009266 
1877.927494 0.010131 
1876.460303 0.009294 
1874.993111 0.009597 
1873.525920 0.009361 
1872.058728 0.009005 
1870.591537 0.009373 
1869.124345 0.008857 
1867.657154 0.009235 
1866.189962 0.008293 
1864.722771 0.008809 
1863.255579 0.007625 
1861.788388 0.007727 
1860.321196 0.006945 
1858.854005 0.006935 
1857.386813 0.006754 
1855.919622 0.006124 
1854.452430 0.006598 
1852.985239 0.005537 
1851.518047 0.006103 
1850.050856 0.004979 
1848.583664 0.005642 
1847.116473 0.004747 
1845.649281 0.005120 
1844.182090 0.005142 
1842.714898 0.004750 
1841.247707 0.005088 
1839.780515 0.004413 
1838.313324 0.005058 
1836.846132 0.003937 
1835.378941 0.004616 
1833.911749 0.003517 
1832.444558 0.003953 
1830.977366 0.003549 
1829.510175 0.003563 
1828.042983 0.003546 
1826.575792 0.002960 
1825.108600 0.003387 
1823.641409 0.002063 
1822.174217 0.002813 
1820.707026 0.001892 
1819.239834 0.002653 
1817.772643 0.001838 
1816.305451 0.002107 
1814.838260 0.001723 
1813.371068 0.001536 
1811.903877 0.001727 
1810.436685 0.000863 
1808.969494 0.001617 
1807.502302 0.000629 
1806.035111 0.001458 
1804.567919 0.000513 
1803.100728 0.001262 
1801.633536 0.000458 
1800.166345 0.000525 
1798.699153 0.000471 
1797.231962 -0.000224 
1795.764770 0.000385 
1794.297579 -0.000584 
1792.830387 0.000677 
1791.363196 -0.000605 
1789.896004 0.000191 
1788.428813 -0.000650 
1786.961621 -0.000259 
1785.494430 -0.000423 
1784.027238 -0.000333 
1782.560047 0.000448 
1781.092855 0.000124 
1779.625664 0.001466 
1778.158472 0.000759 
1776.691281 0.001712 
1775.224089 0.000233 
1773.756898 0.000287 
1772.289706 -0.000271 
1770.822515 -0.000749 
1769.355323 -0.000759 
1767.888132 -0.001186 
1766.420940 -0.000327 
1764.953749 -0.001482 
1763.486557 -0.000552 
1762.019366 -0.001464 
1760.552174 -0.000867 
1759.084983 -0.001830 
1757.617791 -0.001218 
1756.150600 -0.001010 
1754.683408 -0.001303 
1753.216217 -0.000540 
1751.749025 -0.001087 
1750.281834 -0.000140 
1748.814642 -0.001064 
1747.347451 0.000145 
1745.880259 -0.000527 
1744.413068 0.000670 
1742.945876 0.000445 
1741.478685 0.001167 
1740.011493 0.001885 
1738.544302 0.001569 
1737.077110 0.002588 
1735.609919 0.002095 
1734.142727 0.003901 
1732.675536 0.003016 
1731.208344 0.004642 
1729.741153 0.004703 
1728.273961 0.005951 
1726.806770 0.006471 
1725.339578 0.007152 
1723.872387 0.008474 
1722.405195 0.008585 
1720.938004 0.010726 
1719.470812 0.010690 
1718.003621 0.013151 
1716.536429 0.013188 
1715.069238 0.014884 
1713.602046 0.015466 
1712.134855 0.016560 
1710.667663 0.017712 
1709.200472 0.018280 
1707.733280 0.020157 
1706.266089 0.020191 
1704.798897 0.022633 
1703.331706 0.022723 
1701.864514 0.024825 
1700.397323 0.025513 
1698.930131 0.026514 
1697.462940 0.027510 
1695.995748 0.029272 
1694.528557 0.030281 
1693.061365 0.030655 
1691.594174 0.033127 
1690.126982 0.033058 
1688.659791 0.035144 
1687.192599 0.034857 
1685.725408 0.036592 
1684.258216 0.037156 
1682.791025 0.037360 
1681.323833 0.038106 
1679.856642 0.037900 
1678.389450 0.039149 
1676.922259 0.038489 
1675.455067 0.040267 
1673.987876 0.038868 
1672.520684 0.039958 
1671.053493 0.039518 
1669.586301 0.040447 
1668.119110 0.040498 
1666.651918 0.040446 
1665.184727 0.041786 
1663.717535 0.041399 
1662.250344 0.043134 
1660.783152 0.042300 
1659.315961 0.044503 
1657.848769 0.044775 
1656.381578 0.047283 
1654.914386 0.049100 
1653.447195 0.051980 
1651.980003 0.054829 
1650.512812 0.056644 
1649.045620 0.061134 
1647.578429 0.063652 
1646.111237 0.069175 
1644.644046 0.072041 
1643.176854 0.077841 
1641.709663 0.081614 
1640.242471 0.086187 
1638.775280 0.089439 
1637.308088 0.091524 
1635.840897 0.093955 
1634.373706 0.093126 
1632.906514 0.094514 
1631.439323 0.093091 
1629.972131 0.094476 
1628.504940 0.093619 
1627.037748 0.094801 
1625.570557 0.094423 
1624.103365 0.095394 
1622.636174 0.096488 
1621.168982 0.095950 
1619.701791 0.096538 
1618.234599 0.093778 
1616.767408 0.092256 
1615.300216 0.085228 
1613.833025 0.079997 
1612.365833 0.072723 
1610.898642 0.067036 
1609.431450 0.061765 
1607.964259 0.056773 
1606.497067 0.053817 
1605.029876 0.049583 
1603.562684 0.048161 
1602.095493 0.044459 
1600.628301 0.043660 
1599.161110 0.040518 
1597.693918 0.039806 
1596.226727 0.038171 
1594.759535 0.037210 
1593.292344 0.036702 
1591.825152 0.035025 
1590.357961 0.035435 
1588.890769 0.033067 
1587.423578 0.033160 
1585.956386 0.030865 
1584.489195 0.031223 
1583.022003 0.029523 
1581.554812 0.029143 
1580.087620 0.028769 
1578.620429 0.027723 
1577.153237 0.028253 
1575.686046 0.026760 
1574.218854 0.027176 
1572.751663 0.025104 
1571.284471 0.026079 
1569.817280 0.024948 
1568.350088 0.025218 
1566.882897 0.024452 
1565.415705 0.024171 
1563.948514 0.024284 
1562.481322 0.023145 
1561.014131 0.024006 
1559.546939 0.022533 
1558.079748 0.023781 
1556.612556 0.021773 
1555.145365 0.022597 
1553.678173 0.021692 
1552.210982 0.021952 
1550.743790 0.022096 
1549.276599 0.021129 
1547.809407 0.021766 
1546.342216 0.020421 
1544.875024 0.021602 
1543.407833 0.020128 
1541.940641 0.021845 
1540.473450 0.020738 
1539.006258 0.021693 
1537.539067 0.020818 
1536.071875 0.020503 
1534.604684 0.020798 
1533.137492 0.019775 
1531.670301 0.020588 
1530.203109 0.019058 
1528.735918 0.020407 
1527.268726 0.018836 
1525.801535 0.020039 
1524.334343 0.019098 
1522.867152 0.019230 
1521.399960 0.019672 
1519.932769 0.018814 
1518.465577 0.019491 
1516.998386 0.018542 
1515.531194 0.020001 
1514.064003 0.018659 
1512.596811 0.019700 
1511.129620 0.018532 
1509.662428 0.019112 
1508.195237 0.018832 
1506.728045 0.018694 
1505.260854 0.019325 
1503.793662 0.017977 
1502.326471 0.019260 
1500.859279 0.017525 
1499.392088 0.018860 
1497.924896 0.017350 
1496.457705 0.018506 
1494.990513 0.017406 
1493.523322 0.017493 
1492.056130 0.017535 
1490.588939 0.016818 
1489.121747 0.017848 
1487.654556 0.016553 
1486.187364 0.017716 
1484.720173 0.015868 
1483.252981 0.017089 
1481.785790 0.015999 
1480.318598 0.016494 
1478.851407 0.016354 
1477.384215 0.015917 
1475.917024 0.016285 
1474.449832 0.014190 
1472.982641 0.014926 
1471.515449 0.013856 
1470.048258 0.019496 
1468.581066 0.025085 
1467.113875 0.031136 
1465.646683 0.032618 
1464.179492 0.031610 
1462.712300 0.027127 
1461.245109 0.018959 
1459.777917 0.016644 
1458.310726 0.023669 
1456.843534 0.064304 
1455.376343 0.139590 
1453.909151 0.229715 
1452.441960 0.270801 
1450.974768 0.287680 
1449.507577 0.289377 
1448.040385 0.268458 
1446.573194 0.244718 
1445.106002 0.214612 
1443.638811 0.193142 
1442.171619 0.173737 
1440.704428 0.161532 
1439.237236 0.143718 
1437.770045 0.118046 
1436.302853 0.083479 
1434.835662 0.060833 
1433.368470 0.049250 
1431.901279 0.043335 
1430.434087 0.042060 
1428.966896 0.039140 
1427.499704 0.038913 
1426.032513 0.035966 
1424.565321 0.036082 
1423.098130 0.033545 
1421.630938 0.032456 
1420.163747 0.031133 
1418.696555 0.029995 
1417.229364 0.029863 
1415.762172 0.028025 
1414.294981 0.028986 
1412.827789 0.027146 
1411.360598 0.027856 
1409.893406 0.026053 
1408.426215 0.026704 
1406.959023 0.025950 
1405.491832 0.025469 
1404.024640 0.025790 
1402.557449 0.024837 
1401.090257 0.025851 
1399.623066 0.024017 
1398.155874 0.025159 
1396.688683 0.023341 
1395.221491 0.024085 
1393.754300 0.022911 
1392.287108 0.023475 
1390.819917 0.023264 
1389.352725 0.022544 
1387.885534 0.023663 
1386.418342 0.022053 
1384.951151 0.023257 
1383.483959 0.021290 
1382.016768 0.022825 
1380.549576 0.021497 
1379.082385 0.022166 
1377.615193 0.021574 
1376.148002 0.021675 
1374.680811 0.022090 
1373.213619 0.020735 
1371.746428 0.021849 
1370.279236 0.019961 
1368.812045 0.021322 
1367.344853 0.019466 
1365.877662 0.021160 
1364.410470 0.020026 
1362.943279 0.020248 
1361.476087 0.019985 
1360.008896 0.019447 
1358.541704 0.020666 
1357.074513 0.020787 
1355.607321 0.026797 
1354.140130 0.031945 
1352.672938 0.039293 
1351.205747 0.040676 
1349.738555 0.042147 
1348.271364 0.034526 
1346.804172 0.030570 
1345.336981 0.029661 
1343.869789 0.027991 
1342.402598 0.029225 
1340.935406 0.028216 
1339.468215 0.029832 
1338.001023 0.025801 
1336.533832 0.024766 
1335.066640 0.022426 
1333.599449 0.022409 
1332.132257 0.021566 
1330.665066 0.020383 
1329.197874 0.021122 
1327.730683 0.019795 
1326.263491 0.021000 
1324.796300 0.018954 
1323.329108 0.020405 
1321.861917 0.018730 
1320.394725 0.020223 
1318.927534 0.021468 
1317.460342 0.022692 
1315.993151 0.021756 
1314.525959 0.018814 
1313.058768 0.020170 
1311.591576 0.018138 
1310.124385 0.019526 
1308.657193 0.017448 
1307.190002 0.018809 
1305.722810 0.017486 
1304.255619 0.017885 
1302.788427 0.018089 
1301.321236 0.017692 
1299.854044 0.018496 
1298.386853 0.016561 
1296.919661 0.018111 
1295.452470 0.015891 
1293.985278 0.017295 
1292.518087 0.015727 
1291.050895 0.017165 
1289.583704 0.016355 
1288.116512 0.015965 
1286.649321 0.016397 
1285.182129 0.015025 
1283.714938 0.015998 
1282.247746 0.013628 
1280.780555 0.015491 
1279.313363 0.013266 
1277.846172 0.014591 
1276.378980 0.013497 
1274.911789 0.014521 
1273.444597 0.015881 
1271.977406 0.017477 
1270.510214 0.021108 
1269.043023 0.021148 
1267.575831 0.024501 
1266.108640 0.023181 
1264.641448 0.025959 
1263.174257 0.027225 
1261.707065 0.028681 
1260.239874 0.032675 
1258.772682 0.038250 
1257.305491 0.042028 
1255.838299 0.042068 
1254.371108 0.042233 
1252.903916 0.035575 
1251.436725 0.029605 
1249.969533 0.020372 
1248.502342 0.018651 
1247.035150 0.015251 
1245.567959 0.014913 
1244.100767 0.014174 
1242.633576 0.013154 
1241.166384 0.013833 
1239.699193 0.011966 
1238.232001 0.013884 
1236.764810 0.011535 
1235.297618 0.013120 
1233.830427 0.010712 
1232.363235 0.012207 
1230.896044 0.011067 
1229.428852 0.011115 
1227.961661 0.011596 
1226.494469 0.010493 
1225.027278 0.011962 
1223.560086 0.009619 
1222.092895 0.011486 
1220.625703 0.008838 
1219.158512 0.010405 
1217.691320 0.008876 
1216.224129 0.009826 
1214.756937 0.009120 
1213.289746 0.008384 
1211.822554 0.009339 
1210.355363 0.007495 
1208.888171 0.008650 
1207.420980 0.005811 
1205.953788 0.007846 
1204.486597 0.005604 
1203.019405 0.006910 
1201.552214 0.005940 
1200.085022 0.006062 
1198.617831 0.006000 
1197.150639 0.004543 
1195.683448 0.005696 
1194.216256 0.003163 
1192.749065 0.005240 
1191.281873 0.002984 
1189.814682 0.005141 
1188.347490 0.003254 
1186.880299 0.003962 
1185.413107 0.003636 
1183.945916 0.003094 
1182.478724 0.003667 
1181.011533 0.001789 
1179.544341 0.004106 
1178.077150 0.002102 
1176.609958 0.004718 
1175.142767 0.002848 
1173.675575 0.004786 
1172.208384 0.003599 
1170.741192 0.004240 
1169.274001 0.005025 
1167.806809 0.004351 
1166.339618 0.006319 
1164.872426 0.005272 
1163.405235 0.009256 
1161.938043 0.009261 
1160.470852 0.014096 
1159.003660 0.013409 
1157.536469 0.013566 
1156.069277 0.010956 
1154.602086 0.009889 
1153.134894 0.011805 
1151.667703 0.011022 
1150.200511 0.013965 
1148.733320 0.012746 
1147.266128 0.016470 
1145.798937 0.014954 
1144.331745 0.018491 
1142.864554 0.019155 
1141.397362 0.021787 
1139.930171 0.023549 
1138.462979 0.025180 
1136.995788 0.029150 
1135.528596 0.029234 
1134.061405 0.033601 
1132.594213 0.033682 
1131.127022 0.038737 
1129.659830 0.039293 
1128.192639 0.043409 
1126.725447 0.045985 
1125.258256 0.048825 
1123.791064 0.052347 
1122.323873 0.054213 
1120.856681 0.059101 
1119.389490 0.059830 
1117.922298 0.065801 
1116.455107 0.067668 
1114.987916 0.072937 
1113.520724 0.073401 
1112.053533 0.075527 
1110.586341 0.076361 
1109.119150 0.075693 
1107.651958 0.077299 
1106.184767 0.076311 
1104.717575 0.080706 
1103.250384 0.081314 
1101.783192 0.086173 
1100.316001 0.086523 
1098.848809 0.089507 
1097.381618 0.089640 
1095.914426 0.090779 
1094.447235 0.091664 
1092.980043 0.089518 
1091.512852 0.090723 
1090.045660 0.088132 
1088.578469 0.090935 
1087.111277 0.087415 
1085.644086 0.088009 
1084.176894 0.084694 
1082.709703 0.083253 
1081.242511 0.080494 
1079.775320 0.077272 
1078.308128 0.075916 
1076.840937 0.071067 
1075.373745 0.070679 
1073.906554 0.064732 
1072.439362 0.063485 
1070.972171 0.057393 
1069.504979 0.055685 
1068.037788 0.051159 
1066.570596 0.047604 
1065.103405 0.044563 
1063.636213 0.040555 
1062.169022 0.040520 
1060.701830 0.036514 
1059.234639 0.038085 
1057.767447 0.034077 
1056.300256 0.034176 
1054.833064 0.028937 
1053.365873 0.026213 
1051.898681 0.022990 
1050.431490 0.021228 
1048.964298 0.021689 
1047.497107 0.020025 
1046.029915 0.022992 
1044.562724 0.022963 
1043.095532 0.028902 
1041.628341 0.028997 
1040.161149 0.032522 
1038.693958 0.031442 
1037.226766 0.030803 
1035.759575 0.028210 
1034.292383 0.025658 
1032.825192 0.026432 
1031.358000 0.024200 
1029.890809 0.027403 
1028.423617 0.026347 
1026.956426 0.030014 
1025.489234 0.027794 
1024.022043 0.028834 
1022.554851 0.030559 
1021.087660 0.033794 
1019.620468 0.035516 
1018.153277 0.031695 
1016.686085 0.026343 
1015.218894 0.016067 
1013.751702 0.011287 
1012.284511 0.004761 
1010.817319 0.003999 
1009.350128 0.000042 
1007.882936 0.000071 
1006.415745 -0.000774 
1004.948553 -0.001634 
1003.481362 -0.001078 
1002.014170 -0.002896 
1000.546979 -0.000696 
999.079787 -0.003873 
997.612596 -0.001892 
996.145404 -0.004224 
994.678213 -0.002543 
993.211021 -0.003886 
991.743830 -0.003236 
990.276638 -0.002647 
988.809447 -0.003383 
987.342255 -0.001498 
985.875064 -0.003218 
984.407872 -0.001167 
982.940681 -0.003548 
981.473489 -0.000824 
980.006298 -0.002045 
978.539106 -0.000407 
977.071915 -0.000747 
975.604723 -0.000093 
974.137532 0.001078 
972.670340 -0.000076 
971.203149 0.002198 
969.735957 0.000582 
968.268766 0.003137 
966.801574 0.001835 
965.334383 0.004841 
963.867191 0.003967 
962.400000 0.005184 
960.932808 0.005931 
959.465617 0.006039 
957.998425 0.007547 
956.531234 0.006359 
955.064042 0.009667 
953.596851 0.008606 
952.129659 0.011536 
950.662468 0.010584 
949.195276 0.013194 
947.728085 0.012913 
946.260893 0.013535 
944.793702 0.014940 
943.326510 0.014695 
941.859319 0.017062 
940.392127 0.016123 
938.924936 0.019497 
937.457744 0.018392 
935.990553 0.020735 
934.523361 0.020030 
933.056170 0.022048 
931.588978 0.022821 
930.121787 0.023268 
928.654595 0.025524 
927.187404 0.025155 
925.720212 0.028415 
924.253021 0.027114 
922.785829 0.029827 
921.318638 0.028535 
919.851446 0.031090 
918.384255 0.031366 
916.917063 0.032703 
915.449872 0.033927 
913.982680 0.034722 
912.515489 0.038116 
911.048297 0.040125 
909.581106 0.050930 
908.113914 0.064894 
906.646723 0.083846 
905.179531 0.094737 
903.712340 0.102259 
902.245148 0.102395 
900.777957 0.090086 
899.310765 0.071886 
897.843574 0.056839 
896.376382 0.056020 
894.909191 0.055331 
893.441999 0.056531 
891.974808 0.053403 
890.507616 0.055310 
889.040425 0.054706 
887.573233 0.056370 
886.106042 0.056665 
884.638850 0.056751 
883.171659 0.058764 
881.704467 0.057520 
880.237276 0.060611 
878.770084 0.059627 
877.302893 0.062549 
875.835701 0.061046 
874.368510 0.062848 
872.901318 0.062042 
871.434127 0.062995 
869.966935 0.065294 
868.499744 0.071341 
867.032552 0.092428 
865.565361 0.118961 
864.098169 0.149647 
862.630978 0.176968 
861.163786 0.198796 
859.696595 0.169182 
858.229404 0.113647 
856.762212 0.093752 
855.295021 0.087061 
853.827829 0.085450 
852.360638 0.083775 
850.893446 0.085606 
849.426255 0.083310 
847.959063 0.085587 
846.491872 0.083832 
845.024680 0.085820 
843.557489 0.085529 
842.090297 0.086631 
840.623106 0.087189 
839.155914 0.087251 
837.688723 0.089453 
836.221531 0.087807 
834.754340 0.089799 
833.287148 0.087976 
831.819957 0.090583 
830.352765 0.089368 
828.885574 0.090992 
827.418382 0.091275 
825.951191 0.091760 
824.483999 0.092409 
823.016808 0.092040 
821.549616 0.093504 
820.082425 0.091464 
818.615233 0.094117 
817.148042 0.092722 
815.680850 0.095387 
814.213659 0.093604 
812.746467 0.094867 
811.279276 0.094523 
809.812084 0.094070 
808.344893 0.094726 
806.877701 0.093846 
805.410510 0.095935 
803.943318 0.094195 
802.476127 0.097721 
801.008935 0.096077 
799.541744 0.096635 
798.074552 0.094275 
796.607361 0.095173 
795.140169 0.095281 
793.672978 0.093969 
792.205786 0.095527 
790.738595 0.094614 
789.271403 0.096609 
787.804212 0.094791 
786.337020 0.096998 
784.869829 0.094119 
783.402637 0.095102 
781.935446 0.093847 
780.468254 0.092768 
779.001063 0.092535 
777.533871 0.091463 
776.066680 0.092817 
774.599488 0.090072 
773.132297 0.091383 
771.665105 0.089057 
770.197914 0.090135 
768.730722 0.088105 
767.263531 0.089673 
765.796339 0.088151 
764.329148 0.087225 
762.861956 0.087685 
761.394765 0.085591 
759.927573 0.086379 
758.460382 0.083663 
756.993190 0.086037 
755.525999 0.082327 
754.058807 0.083991 
752.591616 0.082140 
751.124424 0.082704 
749.657233 0.080543 
748.190041 0.079823 
746.722850 0.080192 
745.255658 0.077498 
743.788467 0.078488 
742.321275 0.076460 
740.854084 0.078280 
739.386892 0.074882 
737.919701 0.076230 
736.452509 0.073452 
734.985318 0.073302 
733.518126 0.072676 
732.050935 0.071069 
730.583743 0.071297 
729.116552 0.068524 
727.649360 0.070821 
726.182169 0.067064 
724.714977 0.068188 
723.247786 0.065641 
721.780594 0.065723 
720.313403 0.063809 
718.846211 0.063066 
717.379020 0.063998 
715.911828 0.061461 
714.444637 0.062199 
712.977445 0.059716 
711.510254 0.060023 
710.043062 0.057129 
708.575871 0.057905 
707.108679 0.055457 
705.641488 0.056110 
704.174296 0.055102 
702.707105 0.054026 
701.239913 0.052966 
699.772722 0.051539 
698.305530 0.052085 
696.838339 0.047901 
695.371147 0.049678 
693.903956 0.047506 
692.436764 0.049026 
690.969573 0.045521 
689.502381 0.046516 
688.035190 0.044772 
686.567998 0.042918 
685.100807 0.042732 
683.633615 0.040243 
682.166424 0.040760 
680.699232 0.037668 
679.232041 0.040399 
677.764849 0.036010 
676.297658 0.036795 
674.830466 0.035087 
673.363275 0.033903 
671.896083 0.032738 
670.428892 0.032300 
668.961700 0.032509 
667.494509 0.030410 
666.027317 0.031131 
664.560126 0.027540 
663.092934 0.028865 
661.625743 0.025092 
660.158551 0.025940 
658.691360 0.022235 
657.224168 0.022700 
655.756977 0.022271 
654.289785 0.019078 
652.822594 0.018763 
651.355402 0.015946 
649.888211 0.016569 
648.421019 0.012054 
646.953828 0.013999 
645.486636 0.010109 
644.019445 0.009653 
642.552253 0.006669 
641.085062 0.005695 
639.617870 0.003745 
638.150679 0.002017 
636.683487 0.003722 
635.216296 0.001124 
633.749104 0.005833 
632.281913 0.002647 
630.814721 0.006386 
629.347530 0.005525 
627.880338 0.007183 
626.413147 0.005272 
624.945955 0.005321 
623.478764 0.004981 
622.011572 0.000540 
620.544381 0.000227 
619.077189 -0.001894 
617.609998 0.002389 
616.142806 -0.003630 
614.675615 -0.000834 
613.208423 -0.002500 
611.741232 0.005580 
610.274040 -0.002002 
608.806849 0.003989 
607.339657 0.003956 
605.872466 0.001900 
604.405274 0.005329 
602.938083 0.000335 
601.470891 0.000932 
600.003700 -0.004300 
