5000.111000 0.000000 
4998.643810 0.000226 
4997.176619 0.000013 
4995.709429 -0.000227 
4994.242239 -0.000763 
4992.775048 -0.000466 
4991.307858 -0.000454 
4989.840667 -0.000361 
4988.373477 -0.000135 
4986.906287 -0.000500 
4985.439096 -0.000715 
4983.971906 -0.000401 
4982.504716 -0.000000 
4981.037525 0.000168 
4979.570335 0.000335 
4978.103145 0.000571 
4976.635954 0.000833 
4975.168764 0.000505 
4973.701573 -0.000444 
4972.234383 0.000131 
4970.767193 -0.000472 
4969.300002 -0.000319 
4967.832812 -0.000434 
4966.365622 -0.000133 
4964.898431 -0.000302 
4963.431241 -0.000824 
4961.964051 -0.000644 
4960.496860 -0.000733 
4959.029670 -0.000773 
4957.562479 -0.000631 
4956.095289 -0.000715 
4954.628099 -0.000665 
4953.160908 -0.000344 
4951.693718 -0.000514 
4950.226528 0.000000 
4948.759337 0.000039 
4947.292147 -0.000010 
4945.824957 0.000137 
4944.357766 0.000576 
4942.890576 0.000495 
4941.423385 0.000436 
4939.956195 0.000568 
4938.489005 0.000379 
4937.021814 0.000132 
4935.554624 0.000683 
4934.087434 0.001101 
4932.620243 0.000632 
4931.153053 0.000319 
4929.685863 0.000288 
4928.218672 0.000328 
4926.751482 0.000517 
4925.284291 -0.000022 
4923.817101 0.000355 
4922.349911 0.000213 
4920.882720 0.000134 
4919.415530 0.000778 
4917.948340 0.000047 
4916.481149 0.000408 
4915.013959 0.000515 
4913.546769 -0.000155 
4912.079578 0.000502 
4910.612388 0.000489 
4909.145197 -0.000081 
4907.678007 0.000096 
4906.210817 -0.000227 
4904.743626 -0.000932 
4903.276436 -0.000500 
4901.809246 -0.000503 
4900.342055 -0.000514 
4898.874865 -0.000025 
4897.407675 0.000024 
4895.940484 -0.000103 
4894.473294 0.000296 
4893.006103 0.000106 
4891.538913 0.000351 
4890.071723 0.000200 
4888.604532 -0.000007 
4887.137342 0.000047 
4885.670152 -0.000065 
4884.202961 0.000430 
4882.735771 0.000405 
4881.268581 -0.000102 
4879.801390 0.000033 
4878.334200 -0.000140 
4876.867009 0.000452 
4875.399819 0.000007 
4873.932629 -0.000014 
4872.465438 0.000438 
4870.998248 -0.000243 
4869.531058 0.000037 
4868.063867 -0.000033 
4866.596677 -0.000122 
4865.129487 -0.000316 
4863.662296 -0.000001 
4862.195106 -0.000150 
4860.727915 -0.000154 
4859.260725 0.000029 
4857.793535 -0.000411 
4856.326344 -0.000443 
4854.859154 -0.000349 
4853.391964 -0.000598 
4851.924773 -0.000407 
4850.457583 -0.000542 
4848.990393 -0.000982 
4847.523202 -0.000561 
4846.056012 -0.001093 
4844.588821 -0.000803 
4843.121631 -0.000860 
4841.654441 -0.000555 
4840.187250 -0.000512 
4838.720060 -0.000876 
4837.252870 -0.000808 
4835.785679 -0.001188 
4834.318489 -0.000481 
4832.851299 -0.000321 
4831.384108 -0.000337 
4829.916918 -0.000424 
4828.449727 -0.000196 
4826.982537 -0.000239 
4825.515347 -0.000218 
4824.048156 -0.000624 
4822.580966 -0.000433 
4821.113776 -0.000350 
4819.646585 -0.000345 
4818.179395 -0.000431 
4816.712205 -0.000526 
4815.245014 -0.000720 
4813.777824 -0.000628 
4812.310633 -0.000688 
4810.843443 -0.000600 
4809.376253 -0.000585 
4807.909062 -0.000396 
4806.441872 -0.000769 
4804.974682 -0.000907 
4803.507491 -0.000639 
4802.040301 -0.000471 
4800.573111 -0.000517 
4799.105920 -0.000100 
4797.638730 -0.000320 
4796.171539 -0.000640 
4794.704349 -0.000463 
4793.237159 -0.000182 
4791.769968 -0.000013 
4790.302778 0.000027 
4788.835588 -0.000106 
4787.368397 -0.000089 
4785.901207 -0.000388 
4784.434017 -0.000347 
4782.966826 -0.000508 
4781.499636 -0.000090 
4780.032445 -0.000087 
4778.565255 -0.000060 
4777.098065 -0.000066 
4775.630874 0.000109 
4774.163684 -0.000200 
4772.696494 0.000052 
4771.229303 -0.000045 
4769.762113 -0.000130 
4768.294923 0.000374 
4766.827732 -0.000167 
4765.360542 -0.000088 
4763.893351 -0.000834 
4762.426161 -0.000874 
4760.958971 -0.000515 
4759.491780 -0.000753 
4758.024590 -0.001413 
4756.557400 -0.001487 
4755.090209 -0.001253 
4753.623019 -0.001550 
4752.155829 -0.001522 
4750.688638 -0.001873 
4749.221448 -0.002260 
4747.754257 -0.002177 
4746.287067 -0.001802 
4744.819877 -0.001811 
4743.352686 -0.002314 
4741.885496 -0.002173 
4740.418306 -0.001982 
4738.951115 -0.001926 
4737.483925 -0.002084 
4736.016735 -0.002337 
4734.549544 -0.001608 
4733.082354 -0.001676 
4731.615163 -0.001652 
4730.147973 -0.001551 
4728.680783 -0.001337 
4727.213592 -0.000704 
4725.746402 -0.000754 
4724.279212 -0.000623 
4722.812021 0.000107 
4721.344831 0.000331 
4719.877641 -0.000267 
4718.410450 0.000478 
4716.943260 -0.000286 
4715.476069 -0.000150 
4714.008879 -0.000399 
4712.541689 -0.000389 
4711.074498 -0.000604 
4709.607308 -0.000982 
4708.140118 -0.001318 
4706.672927 -0.001248 
4705.205737 -0.001077 
4703.738547 -0.001102 
4702.271356 -0.001062 
4700.804166 -0.000901 
4699.336975 -0.000997 
4697.869785 -0.001396 
4696.402595 -0.001263 
4694.935404 -0.000957 
4693.468214 -0.000729 
4692.001024 -0.001202 
4690.533833 -0.000781 
4689.066643 -0.001109 
4687.599453 -0.000699 
4686.132262 -0.000432 
4684.665072 -0.000239 
4683.197881 -0.000061 
4681.730691 -0.000065 
4680.263501 0.000352 
4678.796310 -0.000181 
4677.329120 0.000272 
4675.861930 -0.000125 
4674.394739 0.000177 
4672.927549 -0.000433 
4671.460359 0.000039 
4669.993168 -0.000029 
4668.525978 -0.000419 
4667.058787 0.000394 
4665.591597 -0.000290 
4664.124407 0.000102 
4662.657216 0.000492 
4661.190026 -0.000220 
4659.722836 0.000323 
4658.255645 -0.000242 
4656.788455 -0.000377 
4655.321265 0.000274 
4653.854074 -0.000016 
4652.386884 -0.000073 
4650.919693 -0.000087 
4649.452503 0.000155 
4647.985313 0.000584 
4646.518122 0.000372 
4645.050932 0.000327 
4643.583742 0.000797 
4642.116551 0.000712 
4640.649361 0.000977 
4639.182171 0.000799 
4637.714980 0.000886 
4636.247790 0.000739 
4634.780599 0.000716 
4633.313409 0.000898 
4631.846219 0.001146 
4630.379028 0.000862 
4628.911838 0.000767 
4627.444648 0.000700 
4625.977457 0.000446 
4624.510267 0.000817 
4623.043077 0.000606 
4621.575886 0.000580 
4620.108696 0.000465 
4618.641506 0.000350 
4617.174315 0.000107 
4615.707125 0.000271 
4614.239934 0.000039 
4612.772744 -0.000093 
4611.305554 0.000079 
4609.838363 0.000100 
4608.371173 0.000115 
4606.903983 0.000749 
4605.436792 0.000378 
4603.969602 0.000601 
4602.502412 0.000691 
4601.035221 0.000558 
4599.568031 0.000645 
4598.100840 0.000558 
4596.633650 0.000576 
4595.166460 0.001054 
4593.699269 0.000306 
4592.232079 0.000533 
4590.764889 0.000678 
4589.297698 0.000418 
4587.830508 0.000430 
4586.363318 0.000588 
4584.896127 0.000350 
4583.428937 0.000407 
4581.961746 0.000289 
4580.494556 0.000109 
4579.027366 0.000239 
4577.560175 0.000289 
4576.092985 0.000254 
4574.625795 -0.000221 
4573.158604 -0.000380 
4571.691414 0.000007 
4570.224224 0.000212 
4568.757033 -0.000091 
4567.289843 -0.000128 
4565.822652 0.000153 
4564.355462 0.000049 
4562.888272 0.000050 
4561.421081 0.000122 
4559.953891 0.000300 
4558.486701 0.000155 
4557.019510 0.000735 
4555.552320 0.000751 
4554.085130 0.000312 
4552.617939 0.000230 
4551.150749 0.000588 
4549.683558 0.000803 
4548.216368 0.000876 
4546.749178 0.000567 
4545.281987 0.000776 
4543.814797 0.001188 
4542.347607 0.001274 
4540.880416 0.000834 
4539.413226 0.001364 
4537.946036 0.001488 
4536.478845 0.001805 
4535.011655 0.001832 
4533.544464 0.002526 
4532.077274 0.002966 
4530.610084 0.003273 
4529.142893 0.003429 
4527.675703 0.003026 
4526.208513 0.003086 
4524.741322 0.002497 
4523.274132 0.002100 
4521.806942 0.001687 
4520.339751 0.001329 
4518.872561 0.001448 
4517.405370 0.001241 
4515.938180 0.000964 
4514.470990 0.000761 
4513.003799 0.000862 
4511.536609 0.000698 
4510.069419 0.000529 
4508.602228 0.000714 
4507.135038 0.000380 
4505.667848 0.000345 
4504.200657 0.000655 
4502.733467 0.000580 
4501.266276 0.000508 
4499.799086 0.000094 
4498.331896 0.000115 
4496.864705 0.000372 
4495.397515 0.000346 
4493.930325 0.000414 
4492.463134 0.000298 
4490.995944 0.000287 
4489.528754 0.000561 
4488.061563 0.000244 
4486.594373 0.000116 
4485.127182 0.000113 
4483.659992 0.000143 
4482.192802 0.000356 
4480.725611 0.000254 
4479.258421 0.000427 
4477.791231 0.000078 
4476.324040 0.000181 
4474.856850 0.000213 
4473.389660 -0.000029 
4471.922469 0.000190 
4470.455279 0.000300 
4468.988088 0.000045 
4467.520898 0.000063 
4466.053708 -0.000049 
4464.586517 -0.000042 
4463.119327 -0.000413 
4461.652137 -0.000023 
4460.184946 -0.000185 
4458.717756 -0.000434 
4457.250566 -0.000194 
4455.783375 0.000065 
4454.316185 0.000164 
4452.848994 0.000028 
4451.381804 -0.000417 
4449.914614 -0.000293 
4448.447423 -0.000135 
4446.980233 -0.000242 
4445.513043 0.000075 
4444.045852 0.000176 
4442.578662 -0.000285 
4441.111472 -0.000108 
4439.644281 -0.000125 
4438.177091 -0.000233 
4436.709900 -0.000377 
4435.242710 -0.000488 
4433.775520 -0.000294 
4432.308329 -0.000409 
4430.841139 -0.000243 
4429.373949 -0.000126 
4427.906758 -0.000100 
4426.439568 -0.000427 
4424.972378 -0.000457 
4423.505187 -0.000046 
4422.037997 -0.000292 
4420.570806 -0.000411 
4419.103616 -0.000216 
4417.636426 -0.000199 
4416.169235 -0.000035 
4414.702045 -0.000156 
4413.234855 -0.000070 
4411.767664 0.000010 
4410.300474 0.000073 
4408.833284 -0.000224 
4407.366093 0.000063 
4405.898903 -0.000035 
4404.431712 -0.000248 
4402.964522 0.000096 
4401.497332 0.000004 
4400.030141 -0.000436 
4398.562951 0.000026 
4397.095761 0.000184 
4395.628570 0.000236 
4394.161380 0.000285 
4392.694190 0.000119 
4391.226999 0.000105 
4389.759809 0.000057 
4388.292618 0.000015 
4386.825428 0.000419 
4385.358238 0.000133 
4383.891047 0.000376 
4382.423857 0.000093 
4380.956667 0.000421 
4379.489476 0.000300 
4378.022286 0.000148 
4376.555096 -0.000015 
4375.087905 0.000348 
4373.620715 0.000300 
4372.153524 0.000391 
4370.686334 0.000192 
4369.219144 0.000324 
4367.751953 0.000476 
4366.284763 0.000484 
4364.817573 0.000489 
4363.350382 0.000372 
4361.883192 0.000772 
4360.416002 0.000543 
4358.948811 0.000704 
4357.481621 0.000761 
4356.014430 0.000744 
4354.547240 0.000714 
4353.080050 0.001003 
4351.612859 0.000551 
4350.145669 0.001175 
4348.678479 0.000974 
4347.211288 0.000731 
4345.744098 0.001014 
4344.276908 0.001161 
4342.809717 0.001354 
4341.342527 0.001330 
4339.875336 0.001120 
4338.408146 0.001515 
4336.940956 0.001575 
4335.473765 0.001724 
4334.006575 0.001986 
4332.539385 0.002043 
4331.072194 0.002106 
4329.605004 0.002471 
4328.137814 0.002829 
4326.670623 0.002755 
4325.203433 0.003028 
4323.736242 0.002825 
4322.269052 0.002875 
4320.801862 0.003181 
4319.334671 0.003402 
4317.867481 0.003579 
4316.400291 0.003650 
4314.933100 0.004290 
4313.465910 0.004760 
4311.998720 0.005697 
4310.531529 0.006618 
4309.064339 0.008213 
4307.597148 0.010374 
4306.129958 0.012939 
4304.662768 0.015249 
4303.195577 0.017410 
4301.728387 0.018983 
4300.261197 0.019865 
4298.794006 0.019248 
4297.326816 0.015856 
4295.859626 0.011475 
4294.392435 0.007052 
4292.925245 0.004095 
4291.458054 0.002436 
4289.990864 0.001292 
4288.523674 0.001037 
4287.056483 0.000765 
4285.589293 0.000340 
4284.122103 0.000270 
4282.654912 0.000095 
4281.187722 0.000156 
4279.720532 0.000056 
4278.253341 0.000070 
4276.786151 0.000039 
4275.318960 0.000269 
4273.851770 0.000028 
4272.384580 -0.000361 
4270.917389 -0.000642 
4269.450199 -0.000822 
4267.983009 -0.000765 
4266.515818 -0.000678 
4265.048628 -0.000414 
4263.581438 -0.000235 
4262.114247 -0.000414 
4260.647057 -0.000309 
4259.179866 -0.000518 
4257.712676 -0.000193 
4256.245486 -0.000356 
4254.778295 -0.000091 
4253.311105 -0.000331 
4251.843915 -0.000270 
4250.376724 -0.000161 
4248.909534 -0.000411 
4247.442344 -0.000194 
4245.975153 -0.000153 
4244.507963 -0.000122 
4243.040772 -0.000203 
4241.573582 -0.000339 
4240.106392 -0.000400 
4238.639201 -0.000412 
4237.172011 -0.000122 
4235.704821 -0.000200 
4234.237630 -0.000403 
4232.770440 -0.000350 
4231.303250 -0.000065 
4229.836059 0.000022 
4228.368869 -0.000195 
4226.901678 -0.000032 
4225.434488 0.000150 
4223.967298 0.000057 
4222.500107 0.000012 
4221.032917 0.000151 
4219.565727 0.000201 
4218.098536 0.000337 
4216.631346 0.000436 
4215.164156 0.001042 
4213.696965 0.001888 
4212.229775 0.002906 
4210.762584 0.004403 
4209.295394 0.006128 
4207.828204 0.008002 
4206.361013 0.010413 
4204.893823 0.013149 
4203.426633 0.015403 
4201.959442 0.015464 
4200.492252 0.012918 
4199.025062 0.009570 
4197.557871 0.006094 
4196.090681 0.003567 
4194.623490 0.001848 
4193.156300 0.001300 
4191.689110 0.000604 
4190.221919 0.000313 
4188.754729 -0.000076 
4187.287539 -0.000100 
4185.820348 -0.000204 
4184.353158 -0.000459 
4182.885968 -0.000204 
4181.418777 -0.000305 
4179.951587 -0.000545 
4178.484396 -0.000522 
4177.017206 -0.000612 
4175.550016 -0.000700 
4174.082825 -0.000670 
4172.615635 -0.000542 
4171.148445 -0.000302 
4169.681254 -0.000504 
4168.214064 -0.000557 
4166.746874 -0.000377 
4165.279683 -0.000254 
4163.812493 -0.000116 
4162.345302 -0.000255 
4160.878112 -0.000863 
4159.410922 -0.000654 
4157.943731 -0.000631 
4156.476541 -0.000503 
4155.009351 -0.000513 
4153.542160 -0.000617 
4152.074970 -0.000441 
4150.607780 -0.000511 
4149.140589 -0.000596 
4147.673399 -0.000605 
4146.206208 -0.000337 
4144.739018 -0.000402 
4143.271828 -0.000440 
4141.804637 -0.000313 
4140.337447 -0.000559 
4138.870257 -0.000269 
4137.403066 -0.000361 
4135.935876 -0.000260 
4134.468686 -0.000265 
4133.001495 -0.000213 
4131.534305 -0.000300 
4130.067114 -0.000146 
4128.599924 -0.000177 
4127.132734 -0.000349 
4125.665543 0.000000 
4124.198353 -0.000146 
4122.731163 -0.000290 
4121.263972 -0.000223 
4119.796782 0.000026 
4118.329592 0.000120 
4116.862401 0.000334 
4115.395211 -0.000017 
4113.928020 0.000127 
4112.460830 0.000178 
4110.993640 -0.000007 
4109.526449 -0.000010 
4108.059259 0.000026 
4106.592069 0.000000 
4105.124878 -0.000112 
4103.657688 -0.000003 
4102.190498 -0.000255 
4100.723307 -0.000039 
4099.256117 -0.000210 
4097.788926 -0.000273 
4096.321736 -0.000100 
4094.854546 0.000008 
4093.387355 -0.000211 
4091.920165 -0.000120 
4090.452975 -0.000238 
4088.985784 -0.000011 
4087.518594 -0.000142 
4086.051404 -0.000213 
4084.584213 -0.000147 
4083.117023 -0.000200 
4081.649832 0.000047 
4080.182642 -0.000147 
4078.715452 -0.000003 
4077.248261 -0.000090 
4075.781071 -0.000264 
4074.313881 -0.000186 
4072.846690 0.000089 
4071.379500 0.000086 
4069.912310 0.000279 
4068.445119 0.000042 
4066.977929 0.000386 
4065.510738 -0.000057 
4064.043548 -0.000034 
4062.576358 -0.000004 
4061.109167 -0.000084 
4059.641977 -0.000156 
4058.174787 -0.000321 
4056.707596 0.000038 
4055.240406 0.000026 
4053.773216 -0.000200 
4052.306025 0.000004 
4050.838835 0.000080 
4049.371644 0.000121 
4047.904454 -0.000158 
4046.437264 -0.000178 
4044.970073 -0.000164 
4043.502883 -0.000106 
4042.035693 -0.000033 
4040.568502 0.000071 
4039.101312 -0.000161 
4037.634122 0.000222 
4036.166931 -0.000158 
4034.699741 -0.000186 
4033.232550 0.000060 
4031.765360 -0.000061 
4030.298170 0.000063 
4028.830979 -0.000104 
4027.363789 -0.000215 
4025.896599 0.000107 
4024.429408 -0.000083 
4022.962218 -0.000109 
4021.495028 -0.000112 
4020.027837 0.000068 
4018.560647 -0.000136 
4017.093456 -0.000145 
4015.626266 -0.000300 
4014.159076 0.000068 
4012.691885 -0.000266 
4011.224695 -0.000148 
4009.757505 -0.000192 
4008.290314 -0.000086 
4006.823124 -0.000019 
4005.355934 0.000025 
4003.888743 0.000112 
4002.421553 -0.000019 
4000.954362 0.000056 
3999.487172 -0.000280 
3998.019982 0.000015 
3996.552791 -0.000095 
3995.085601 0.000118 
3993.618411 0.000157 
3992.151220 0.000119 
3990.684030 0.000182 
3989.216840 0.000149 
3987.749649 0.000200 
3986.282459 0.000145 
3984.815268 -0.000028 
3983.348078 0.000155 
3981.880888 -0.000099 
3980.413697 0.000192 
3978.946507 0.000272 
3977.479317 0.000198 
3976.012126 0.000165 
3974.544936 -0.000046 
3973.077746 0.000290 
3971.610555 0.000200 
3970.143365 0.000368 
3968.676174 -0.000042 
3967.208984 0.000100 
3965.741794 0.000227 
3964.274603 0.000082 
3962.807413 0.000200 
3961.340223 0.000365 
3959.873032 0.000124 
3958.405842 0.000196 
3956.938652 0.000075 
3955.471461 0.000138 
3954.004271 0.000011 
3952.537080 0.000179 
3951.069890 0.000170 
3949.602700 0.000300 
3948.135509 0.000155 
3946.668319 0.000183 
3945.201129 0.000252 
3943.733938 0.000254 
3942.266748 0.000313 
3940.799558 0.000010 
3939.332367 0.000108 
3937.865177 0.000179 
3936.397986 0.000099 
3934.930796 0.000200 
3933.463606 -0.000131 
3931.996415 0.000249 
3930.529225 0.000263 
3929.062035 0.000068 
3927.594844 0.000168 
3926.127654 0.000101 
3924.660464 0.000141 
3923.193273 0.000339 
3921.726083 0.000151 
3920.258892 0.000128 
3918.791702 0.000307 
3917.324512 0.000374 
3915.857321 0.000124 
3914.390131 -0.000013 
3912.922941 -0.000016 
3911.455750 -0.000043 
3909.988560 0.000100 
3908.521370 0.000307 
3907.054179 0.000223 
3905.586989 0.000408 
3904.119798 0.000566 
3902.652608 0.000182 
3901.185418 0.000175 
3899.718227 0.000080 
3898.251037 0.000400 
3896.783847 0.000083 
3895.316656 0.000101 
3893.849466 0.000136 
3892.382276 0.000150 
3890.915085 0.000372 
3889.447895 0.000123 
3887.980705 0.000079 
3886.513514 0.000342 
3885.046324 0.000296 
3883.579133 -0.000050 
3882.111943 0.000200 
3880.644753 0.000033 
3879.177562 -0.000068 
3877.710372 0.000183 
3876.243182 0.000246 
3874.775991 0.000130 
3873.308801 0.000211 
3871.841611 0.000043 
3870.374420 0.000350 
3868.907230 0.000155 
3867.440039 -0.000016 
3865.972849 -0.000022 
3864.505659 0.000303 
3863.038468 0.000162 
3861.571278 0.000110 
3860.104088 -0.000065 
3858.636897 0.000035 
3857.169707 0.000127 
3855.702517 0.000431 
3854.235326 0.000775 
3852.768136 0.000447 
3851.300945 0.000430 
3849.833755 0.000619 
3848.366565 0.001593 
3846.899374 0.002784 
3845.432184 0.002358 
3843.964994 0.001646 
3842.497803 0.001068 
3841.030613 0.000445 
3839.563423 0.000227 
3838.096232 0.000246 
3836.629042 0.000068 
3835.161851 0.000008 
3833.694661 0.000253 
3832.227471 0.000005 
3830.760280 -0.000051 
3829.293090 0.000123 
3827.825900 0.000065 
3826.358709 0.000108 
3824.891519 0.000207 
3823.424329 0.000169 
3821.957138 0.000145 
3820.489948 0.000192 
3819.022757 -0.000045 
3817.555567 0.000063 
3816.088377 0.000326 
3814.621186 -0.000024 
3813.153996 -0.000049 
3811.686806 0.000124 
3810.219615 -0.000154 
3808.752425 0.000000 
3807.285235 0.000163 
3805.818044 0.000285 
3804.350854 0.000211 
3802.883663 0.000388 
3801.416473 0.000622 
3799.949283 0.000072 
3798.482092 0.000113 
3797.014902 0.000196 
3795.547712 0.000083 
3794.080521 0.000245 
3792.613331 0.000215 
3791.146141 0.000352 
3789.678950 0.000182 
3788.211760 0.000185 
3786.744569 0.000300 
3785.277379 0.000318 
3783.810189 0.000388 
3782.342998 0.000204 
3780.875808 0.000300 
3779.408618 0.000267 
3777.941427 0.000209 
3776.474237 0.000219 
3775.007047 0.000300 
3773.539856 0.000114 
3772.072666 0.000233 
3770.605475 0.000234 
3769.138285 0.000217 
3767.671095 0.000044 
3766.203904 0.000141 
3764.736714 0.000096 
3763.269524 -0.000096 
3761.802333 -0.000097 
3760.335143 -0.000014 
3758.867953 -0.000049 
3757.400762 -0.000213 
3755.933572 0.000100 
3754.466381 0.000011 
3752.999191 -0.000186 
3751.532001 0.000039 
3750.064810 -0.000162 
3748.597620 -0.000359 
3747.130430 -0.000635 
3745.663239 -0.000548 
3744.196049 0.000062 
3742.728859 -0.000970 
3741.261668 -0.000688 
3739.794478 -0.000947 
3738.327287 -0.000784 
3736.860097 -0.000581 
3735.392907 -0.000862 
3733.925716 -0.000987 
3732.458526 -0.000881 
3730.991336 -0.000800 
3729.524145 -0.000919 
3728.056955 -0.000602 
3726.589765 -0.000485 
3725.122574 -0.000711 
3723.655384 -0.000742 
3722.188193 -0.000500 
3720.721003 -0.000598 
3719.253813 -0.000374 
3717.786622 -0.000037 
3716.319432 -0.000215 
3714.852242 -0.000427 
3713.385051 -0.000165 
3711.917861 -0.000034 
3710.450671 -0.000199 
3708.983480 -0.000231 
3707.516290 -0.000105 
3706.049099 0.000134 
3704.581909 0.000143 
3703.114719 0.000503 
3701.647528 0.000623 
3700.180338 0.000513 
3698.713148 0.000805 
3697.245957 0.000800 
3695.778767 0.001036 
3694.311577 0.001119 
3692.844386 0.001300 
3691.377196 0.001519 
3689.910005 0.001709 
3688.442815 0.002034 
3686.975625 0.002112 
3685.508434 0.002307 
3684.041244 0.002759 
3682.574054 0.002757 
3681.106863 0.003205 
3679.639673 0.003633 
3678.172483 0.004254 
3676.705292 0.004549 
3675.238102 0.004994 
3673.770911 0.005483 
3672.303721 0.005915 
3670.836531 0.006521 
3669.369340 0.006697 
3667.902150 0.007206 
3666.434960 0.007480 
3664.967769 0.007748 
3663.500579 0.008048 
3662.033389 0.008332 
3660.566198 0.008496 
3659.099008 0.008586 
3657.631817 0.008920 
3656.164627 0.009312 
3654.697437 0.009654 
3653.230246 0.009465 
3651.763056 0.010022 
3650.295866 0.010222 
3648.828675 0.011051 
3647.361485 0.011341 
3645.894295 0.011667 
3644.427104 0.012024 
3642.959914 0.012614 
3641.492723 0.013008 
3640.025533 0.013765 
3638.558343 0.014180 
3637.091152 0.014754 
3635.623962 0.015377 
3634.156772 0.016050 
3632.689581 0.016716 
3631.222391 0.017136 
3629.755201 0.017939 
3628.288010 0.018408 
3626.820820 0.019093 
3625.353629 0.019789 
3623.886439 0.020610 
3622.419249 0.020992 
3620.952058 0.021797 
3619.484868 0.022811 
3618.017678 0.023577 
3616.550487 0.024509 
3615.083297 0.025138 
3613.616107 0.025971 
3612.148916 0.026738 
3610.681726 0.027532 
3609.214535 0.028737 
3607.747345 0.029583 
3606.280155 0.030560 
3604.812964 0.031225 
3603.345774 0.032239 
3601.878584 0.033367 
3600.411393 0.034508 
3598.944203 0.035431 
3597.477013 0.036624 
3596.009822 0.037939 
3594.542632 0.038785 
3593.075441 0.040059 
3591.608251 0.041097 
3590.141061 0.042484 
3588.673870 0.043489 
3587.206680 0.044781 
3585.739490 0.046126 
3584.272299 0.047067 
3582.805109 0.048349 
3581.337919 0.049542 
3579.870728 0.051332 
3578.403538 0.052507 
3576.936347 0.053847 
3575.469157 0.055364 
3574.001967 0.056571 
3572.534776 0.058143 
3571.067586 0.059871 
3569.600396 0.061460 
3568.133205 0.063285 
3566.666015 0.064957 
3565.198825 0.066679 
3563.731634 0.068471 
3562.264444 0.070251 
3560.797253 0.072184 
3559.330063 0.074202 
3557.862873 0.076206 
3556.395682 0.078375 
3554.928492 0.080338 
3553.461302 0.082732 
3551.994111 0.084950 
3550.526921 0.087495 
3549.059731 0.089707 
3547.592540 0.092284 
3546.125350 0.094902 
3544.658159 0.097200 
3543.190969 0.100076 
3541.723779 0.102724 
3540.256588 0.105802 
3538.789398 0.108585 
3537.322208 0.111594 
3535.855017 0.114449 
3534.387827 0.117616 
3532.920637 0.120800 
3531.453446 0.123997 
3529.986256 0.127407 
3528.519065 0.130684 
3527.051875 0.134261 
3525.584685 0.137684 
3524.117494 0.141509 
3522.650304 0.144925 
3521.183114 0.148825 
3519.715923 0.152560 
3518.248733 0.156464 
3516.781543 0.160334 
3515.314352 0.164475 
3513.847162 0.168276 
3512.379971 0.172432 
3510.912781 0.176853 
3509.445591 0.181272 
3507.978400 0.185817 
3506.511210 0.190172 
3505.044020 0.194590 
3503.576829 0.199305 
3502.109639 0.204029 
3500.642449 0.208847 
3499.175258 0.213957 
3497.708068 0.218910 
3496.240877 0.224016 
3494.773687 0.229138 
3493.306497 0.234797 
3491.839306 0.240242 
3490.372116 0.245688 
3488.904926 0.251189 
3487.437735 0.257404 
3485.970545 0.263209 
3484.503355 0.269108 
3483.036164 0.275204 
3481.568974 0.281205 
3480.101783 0.287635 
3478.634593 0.293814 
3477.167403 0.300231 
3475.700212 0.306983 
3474.233022 0.313740 
3472.765832 0.320767 
3471.298641 0.327506 
3469.831451 0.334179 
3468.364261 0.340683 
3466.897070 0.347578 
3465.429880 0.354852 
3463.962689 0.362317 
3462.495499 0.369355 
3461.028309 0.377021 
3459.561118 0.384063 
3458.093928 0.391785 
3456.626738 0.399417 
3455.159547 0.406606 
3453.692357 0.413720 
3452.225167 0.421626 
3450.757976 0.428908 
3449.290786 0.436358 
3447.823595 0.443851 
3446.356405 0.451234 
3444.889215 0.458522 
3443.422024 0.466541 
3441.954834 0.474103 
3440.487644 0.481806 
3439.020453 0.488972 
3437.553263 0.496055 
3436.086073 0.502913 
3434.618882 0.508890 
3433.151692 0.517348 
3431.684501 0.524771 
3430.217311 0.531731 
3428.750121 0.538904 
3427.282930 0.545728 
3425.815740 0.552970 
3424.348550 0.560050 
3422.881359 0.566861 
3421.414169 0.573796 
3419.946979 0.580303 
3418.479788 0.586766 
3417.012598 0.593415 
3415.545407 0.599389 
3414.078217 0.606222 
3412.611027 0.611707 
3411.143836 0.618188 
3409.676646 0.624637 
3408.209456 0.629995 
3406.742265 0.636430 
3405.275075 0.642621 
3403.807885 0.647805 
3402.340694 0.653763 
3400.873504 0.657306 
3399.406313 0.661763 
3397.939123 0.668411 
3396.471933 0.674729 
3395.004742 0.679804 
3393.537552 0.685344 
3392.070362 0.688853 
3390.603171 0.691755 
3389.135981 0.699305 
3387.668791 0.703547 
3386.201600 0.708264 
3384.734410 0.713171 
3383.267219 0.717944 
3381.800029 0.722257 
3380.332839 0.725432 
3378.865648 0.729894 
3377.398458 0.734954 
3375.931268 0.738237 
3374.464077 0.742669 
3372.996887 0.746493 
3371.529697 0.750041 
3370.062506 0.753886 
3368.595316 0.754264 
3367.128125 0.759859 
3365.660935 0.763975 
3364.193745 0.767928 
3362.726554 0.771734 
3361.259364 0.775210 
3359.792174 0.778924 
3358.324983 0.782179 
3356.857793 0.785961 
3355.390603 0.789949 
3353.923412 0.793094 
3352.456222 0.797023 
3350.989031 0.798040 
3349.521841 0.801570 
3348.054651 0.806439 
3346.587460 0.810062 
3345.120270 0.813576 
3343.653080 0.817116 
3342.185889 0.819191 
3340.718699 0.823849 
3339.251509 0.827073 
3337.784318 0.828667 
3336.317128 0.832467 
3334.849937 0.835774 
3333.382747 0.839958 
3331.915557 0.843809 
3330.448366 0.847725 
3328.981176 0.851562 
3327.513986 0.854637 
3326.046795 0.856642 
3324.579605 0.860224 
3323.112415 0.865100 
3321.645224 0.867705 
3320.178034 0.871788 
3318.710843 0.875275 
3317.243653 0.877851 
3315.776463 0.882859 
3314.309272 0.886001 
3312.842082 0.889046 
3311.374892 0.892625 
3309.907701 0.896030 
3308.440511 0.898435 
3306.973321 0.901414 
3305.506130 0.901194 
3304.038940 0.902474 
3302.571749 0.909422 
3301.104559 0.913501 
3299.637369 0.916836 
3298.170178 0.920291 
3296.702988 0.922701 
3295.235798 0.925034 
3293.768607 0.927580 
3292.301417 0.929107 
3290.834227 0.930632 
3289.367036 0.934638 
3287.899846 0.936922 
3286.432655 0.939190 
3284.965465 0.940516 
3283.498275 0.941357 
3282.031084 0.943115 
3280.563894 0.944718 
3279.096704 0.945750 
3277.629513 0.947631 
3276.162323 0.948407 
3274.695133 0.946077 
3273.227942 0.947705 
3271.760752 0.945989 
3270.293561 0.944582 
3268.826371 0.945574 
3267.359181 0.945618 
3265.891990 0.945361 
3264.424800 0.944122 
3262.957610 0.943560 
3261.490419 0.941846 
3260.023229 0.941575 
3258.556039 0.938991 
3257.088848 0.936837 
3255.621658 0.933371 
3254.154467 0.931599 
3252.687277 0.929542 
3251.220087 0.927015 
3249.752896 0.923984 
3248.285706 0.920554 
3246.818516 0.915312 
3245.351325 0.913232 
3243.884135 0.910419 
3242.416945 0.907359 
3240.949754 0.903435 
3239.482564 0.899501 
3238.015373 0.896494 
3236.548183 0.890819 
3235.080993 0.887365 
3233.613802 0.879491 
3232.146612 0.875454 
3230.679422 0.872011 
3229.212231 0.868158 
3227.745041 0.863433 
3226.277851 0.858718 
3224.810660 0.852555 
3223.343470 0.848988 
3221.876279 0.842493 
3220.409089 0.837361 
3218.941899 0.832700 
3217.474708 0.826974 
3216.007518 0.821786 
3214.540328 0.816190 
3213.073137 0.810689 
3211.605947 0.805381 
3210.138757 0.799796 
3208.671566 0.794285 
3207.204376 0.789524 
3205.737185 0.782812 
3204.269995 0.777362 
3202.802805 0.771849 
3201.335614 0.765445 
3199.868424 0.759970 
3198.401234 0.753291 
3196.934043 0.747852 
3195.466853 0.741501 
3193.999663 0.736112 
3192.532472 0.729330 
3191.065282 0.722817 
3189.598091 0.716931 
3188.130901 0.710993 
3186.663711 0.704125 
3185.196520 0.698050 
3183.729330 0.691266 
3182.262140 0.684229 
3180.794949 0.677445 
3179.327759 0.670855 
3177.860569 0.664314 
3176.393378 0.657756 
3174.926188 0.650408 
3173.458997 0.644049 
3171.991807 0.637083 
3170.524617 0.630449 
3169.057426 0.623665 
3167.590236 0.616752 
3166.123046 0.610002 
3164.655855 0.602890 
3163.188665 0.595620 
3161.721475 0.589113 
3160.254284 0.582394 
3158.787094 0.575184 
3157.319904 0.568127 
3155.852713 0.561164 
3154.385523 0.554376 
3152.918332 0.546830 
3151.451142 0.538623 
3149.983952 0.533092 
3148.516761 0.526089 
3147.049571 0.518903 
3145.582381 0.511867 
3144.115190 0.504746 
3142.648000 0.497707 
3141.180810 0.490917 
3139.713619 0.483196 
3138.246429 0.475988 
3136.779238 0.469018 
3135.312048 0.461792 
3133.844858 0.454683 
3132.377667 0.447770 
3130.910477 0.440418 
3129.443287 0.433287 
3127.976096 0.426302 
3126.508906 0.419124 
3125.041716 0.412068 
3123.574525 0.405053 
3122.107335 0.398100 
3120.640144 0.390552 
3119.172954 0.383390 
3117.705764 0.376740 
3116.238573 0.369327 
3114.771383 0.362253 
3113.304193 0.355973 
3111.837002 0.349170 
3110.369812 0.342288 
3108.902622 0.335126 
3107.435431 0.328296 
3105.968241 0.321667 
3104.501050 0.314985 
3103.033860 0.308488 
3101.566670 0.301958 
3100.099479 0.295275 
3098.632289 0.288824 
3097.165099 0.282682 
3095.697908 0.276441 
3094.230718 0.269976 
3092.763528 0.263506 
3091.296337 0.256714 
3089.829147 0.250073 
3088.361956 0.243680 
3086.894766 0.237627 
3085.427576 0.231698 
3083.960385 0.225140 
3082.493195 0.219539 
3081.026005 0.213584 
3079.558814 0.207856 
3078.091624 0.201976 
3076.624434 0.196547 
3075.157243 0.191320 
3073.690053 0.185955 
3072.222862 0.180376 
3070.755672 0.175319 
3069.288482 0.170508 
3067.821291 0.165526 
3066.354101 0.160740 
3064.886911 0.156107 
3063.419720 0.151388 
3061.952530 0.147046 
3060.485340 0.142817 
3059.018149 0.138723 
3057.550959 0.134655 
3056.083768 0.130832 
3054.616578 0.127354 
3053.149388 0.124035 
3051.682197 0.120616 
3050.215007 0.117453 
3048.747817 0.114178 
3047.280626 0.111541 
3045.813436 0.108788 
3044.346246 0.106258 
3042.879055 0.103793 
3041.411865 0.101496 
3039.944674 0.099495 
3038.477484 0.097574 
3037.010294 0.095799 
3035.543103 0.094110 
3034.075913 0.092697 
3032.608723 0.091580 
3031.141532 0.090521 
3029.674342 0.089666 
3028.207152 0.089272 
3026.739961 0.089200 
3025.272771 0.090084 
3023.805580 0.091943 
3022.338390 0.096429 
3020.871200 0.106715 
3019.404009 0.129088 
3017.936819 0.171596 
3016.469629 0.246828 
3015.002438 0.353615 
3013.535248 0.471897 
3012.068058 0.570512 
3010.600867 0.637533 
3009.133677 0.622368 
3007.666486 0.504976 
3006.199296 0.377799 
3004.732106 0.261443 
3003.264915 0.177593 
3001.797725 0.125695 
3000.330535 0.094820 
2998.863344 0.075785 
2997.396154 0.062967 
2995.928964 0.054543 
2994.461773 0.048795 
2992.994583 0.044405 
2991.527392 0.041314 
2990.060202 0.038736 
2988.593012 0.036809 
2987.125821 0.035307 
2985.658631 0.034179 
2984.191441 0.033513 
2982.724250 0.033790 
2981.257060 0.035669 
2979.789870 0.040005 
2978.322679 0.048339 
2976.855489 0.058836 
2975.388298 0.058982 
2973.921108 0.050183 
2972.453918 0.040594 
2970.986727 0.032743 
2969.519537 0.027795 
2968.052347 0.025392 
2966.585156 0.024361 
2965.117966 0.023725 
2963.650776 0.023619 
2962.183585 0.023495 
2960.716395 0.023385 
2959.249204 0.022504 
2957.782014 0.021090 
2956.314824 0.019741 
2954.847633 0.018323 
2953.380443 0.017367 
2951.913253 0.016547 
2950.446062 0.016161 
2948.978872 0.015728 
2947.511682 0.015886 
2946.044491 0.016452 
2944.577301 0.017423 
2943.110110 0.019218 
2941.642920 0.020041 
2940.175730 0.018464 
2938.708539 0.016500 
2937.241349 0.015316 
2935.774159 0.014493 
2934.306968 0.013840 
2932.839778 0.013003 
2931.372588 0.012161 
2929.905397 0.011415 
2928.438207 0.010956 
2926.971016 0.010492 
2925.503826 0.010107 
2924.036636 0.009806 
2922.569445 0.009775 
2921.102255 0.009602 
2919.635065 0.009813 
2918.167874 0.010217 
2916.700684 0.010698 
2915.233494 0.010370 
2913.766303 0.009920 
2912.299113 0.009410 
2910.831922 0.008870 
2909.364732 0.008768 
2907.897542 0.008937 
2906.430351 0.009525 
2904.963161 0.009789 
2903.495971 0.009702 
2902.028780 0.009620 
2900.561590 0.008882 
2899.094400 0.008304 
2897.627209 0.007790 
2896.160019 0.007422 
2894.692828 0.007301 
2893.225638 0.007016 
2891.758448 0.007059 
2890.291257 0.007420 
2888.824067 0.008127 
2887.356877 0.009724 
2885.889686 0.012422 
2884.422496 0.015449 
2882.955306 0.015211 
2881.488115 0.012747 
2880.020925 0.010122 
2878.553734 0.008845 
2877.086544 0.008205 
2875.619354 0.008369 
2874.152163 0.008071 
2872.684973 0.007875 
2871.217783 0.007472 
2869.750592 0.007272 
2868.283402 0.007101 
2866.816212 0.007034 
2865.349021 0.007228 
2863.881831 0.007101 
2862.414640 0.007200 
2860.947450 0.007131 
2859.480260 0.007100 
2858.013069 0.007232 
2856.545879 0.007256 
2855.078689 0.007299 
2853.611498 0.007234 
2852.144308 0.007338 
2850.677118 0.007047 
2849.209927 0.006900 
2847.742737 0.006902 
2846.275546 0.006522 
2844.808356 0.006715 
2843.341166 0.006684 
2841.873975 0.006693 
2840.406785 0.006690 
2838.939595 0.007033 
2837.472404 0.007131 
2836.005214 0.007506 
2834.538024 0.007766 
2833.070833 0.008056 
2831.603643 0.008266 
2830.136452 0.008434 
2828.669262 0.008400 
2827.202072 0.008391 
2825.734881 0.008480 
2824.267691 0.009106 
2822.800501 0.009865 
2821.333310 0.010861 
2819.866120 0.011932 
2818.398930 0.013206 
2816.931739 0.014150 
2815.464549 0.014659 
2813.997358 0.014949 
2812.530168 0.014405 
2811.062978 0.012561 
2809.595787 0.009727 
2808.128597 0.007274 
2806.661407 0.005079 
2805.194216 0.003897 
2803.727026 0.003135 
2802.259836 0.002663 
2800.792645 0.002300 
2799.325455 0.002034 
2797.858264 0.001738 
2796.391074 0.001624 
2794.923884 0.001428 
2793.456693 0.001200 
2791.989503 0.001139 
2790.522313 0.001000 
2789.055122 0.001000 
2787.587932 0.000871 
2786.120742 0.000775 
2784.653551 0.000800 
2783.186361 0.000633 
2781.719170 0.000500 
2780.251980 0.000400 
2778.784790 0.000500 
2777.317599 0.000342 
2775.850409 0.000309 
2774.383219 0.000320 
2772.916028 0.000166 
2771.448838 0.000216 
2769.981648 0.000233 
2768.514457 0.000182 
2767.047267 0.000099 
2765.580076 0.000000 
2764.112886 0.000043 
2762.645696 0.000199 
2761.178505 0.000133 
2759.711315 0.000000 
2758.244125 0.000001 
2756.776934 -0.000035 
2755.309744 -0.000100 
2753.842554 -0.000199 
2752.375363 -0.000105 
2750.908173 -0.000127 
2749.440982 -0.000199 
2747.973792 -0.000080 
2746.506602 -0.000034 
2745.039411 -0.000098 
2743.572221 0.000235 
2742.105031 0.000257 
2740.637840 0.000200 
2739.170650 0.000132 
2737.703460 0.000066 
2736.236269 -0.000100 
2734.769079 -0.000095 
2733.301888 -0.000100 
2731.834698 -0.000099 
2730.367508 -0.000135 
2728.900317 -0.000137 
2727.433127 -0.000100 
2725.965937 -0.000100 
2724.498746 -0.000066 
2723.031556 -0.000001 
2721.564366 -0.000137 
2720.097175 -0.000065 
2718.629985 0.000000 
2717.162794 0.000000 
2715.695604 -0.000035 
2714.228414 -0.000049 
2712.761223 -0.000054 
2711.294033 -0.000200 
2709.826843 -0.000099 
2708.359652 0.000072 
2706.892462 0.000100 
2705.425272 0.000096 
2703.958081 -0.000121 
2702.490891 -0.000102 
2701.023700 -0.000128 
2699.556510 -0.000132 
2698.089320 -0.000135 
2696.622129 -0.000253 
2695.154939 -0.000306 
2693.687749 -0.000335 
2692.220558 -0.000498 
2690.753368 -0.000318 
2689.286178 -0.000335 
2687.818987 -0.000302 
2686.351797 -0.000377 
2684.884606 -0.000335 
2683.417416 -0.000498 
2681.950226 -0.000400 
2680.483035 -0.000365 
2679.015845 -0.000454 
2677.548655 -0.000469 
2676.081464 -0.000465 
2674.614274 -0.000583 
2673.147084 -0.000631 
2671.679893 -0.000479 
2670.212703 -0.000402 
2668.745512 -0.000569 
2667.278322 -0.000563 
2665.811132 -0.000531 
2664.343941 -0.000474 
2662.876751 -0.000435 
2661.409561 -0.000441 
2659.942370 -0.000400 
2658.475180 -0.000535 
2657.007990 -0.000500 
2655.540799 -0.000431 
2654.073609 -0.000314 
2652.606418 -0.000200 
2651.139228 -0.000200 
2649.672038 -0.000203 
2648.204847 -0.000334 
2646.737657 -0.000300 
2645.270467 -0.000264 
2643.803276 -0.000459 
2642.336086 -0.000254 
2640.868896 -0.000236 
2639.401705 -0.000396 
2637.934515 -0.000135 
2636.467324 -0.000188 
2635.000134 -0.000212 
2633.532944 -0.000131 
2632.065753 -0.000064 
2630.598563 0.000000 
2629.131373 0.000047 
2627.664182 0.000229 
2626.196992 0.000039 
2624.729802 0.000252 
2623.262611 0.000172 
2621.795421 0.000203 
2620.328230 0.000244 
2618.861040 0.000300 
2617.393850 0.000316 
2615.926659 0.000438 
2614.459469 0.000264 
2612.992279 0.000255 
2611.525088 -0.000088 
2610.057898 -0.000273 
2608.590708 -0.000610 
2607.123517 -0.001118 
2605.656327 -0.001448 
2604.189136 -0.001795 
2602.721946 -0.001846 
2601.254756 -0.001753 
2599.787565 -0.001475 
2598.320375 -0.001066 
2596.853185 -0.000727 
2595.385994 -0.000246 
2593.918804 0.000221 
2592.451614 0.000598 
2590.984423 0.000997 
2589.517233 0.000900 
2588.050042 0.000763 
2586.582852 0.000800 
2585.115662 0.000957 
2583.648471 0.001063 
2582.181281 0.001103 
2580.714091 0.001270 
2579.246900 0.001300 
2577.779710 0.001400 
2576.312520 0.001473 
2574.845329 0.001563 
2573.378139 0.001533 
2571.910948 0.001681 
2570.443758 0.001700 
2568.976568 0.001798 
2567.509377 0.001782 
2566.042187 0.001774 
2564.574997 0.001828 
2563.107806 0.002066 
2561.640616 0.002100 
2560.173426 0.002200 
2558.706235 0.002200 
2557.239045 0.002300 
2555.771854 0.002300 
2554.304664 0.002370 
2552.837474 0.002411 
2551.370283 0.002498 
2549.903093 0.002431 
2548.435903 0.002563 
2546.968712 0.002700 
2545.501522 0.002700 
2544.034332 0.002863 
2542.567141 0.002896 
2541.099951 0.002729 
2539.632760 0.002937 
2538.165570 0.003000 
2536.698380 0.003071 
2535.231189 0.003137 
2533.763999 0.003003 
2532.296809 0.003161 
2530.829618 0.003300 
2529.362428 0.003327 
2527.895238 0.003371 
2526.428047 0.003352 
2524.960857 0.003408 
2523.493666 0.003600 
2522.026476 0.003538 
2520.559286 0.003604 
2519.092095 0.003700 
2517.624905 0.003675 
2516.157715 0.003813 
2514.690524 0.003929 
2513.223334 0.003887 
2511.756144 0.004129 
2510.288953 0.004101 
2508.821763 0.004128 
2507.354572 0.004196 
2505.887382 0.004232 
2504.420192 0.004407 
2502.953001 0.004500 
2501.485811 0.004500 
2500.018621 0.004578 
2498.551430 0.004795 
2497.084240 0.004771 
2495.617050 0.004838 
2494.149859 0.004905 
2492.682669 0.005000 
2491.215478 0.005000 
2489.748288 0.005105 
2488.281098 0.005129 
2486.813907 0.005169 
2485.346717 0.005300 
2483.879527 0.005371 
2482.412336 0.005421 
2480.945146 0.005504 
2479.477956 0.005593 
2478.010765 0.005662 
2476.543575 0.005739 
2475.076384 0.005919 
2473.609194 0.005938 
2472.142004 0.006005 
2470.674813 0.006100 
2469.207623 0.006200 
2467.740433 0.006200 
2466.273242 0.006343 
2464.806052 0.006477 
2463.338862 0.006488 
2461.871671 0.006500 
2460.404481 0.006723 
2458.937290 0.006705 
2457.470100 0.006778 
2456.002910 0.006859 
2454.535719 0.006905 
2453.068529 0.007000 
2451.601339 0.007100 
2450.134148 0.007105 
2448.666958 0.007272 
2447.199768 0.007319 
2445.732577 0.007411 
2444.265387 0.007568 
2442.798196 0.007600 
2441.331006 0.007644 
2439.863816 0.007628 
2438.396625 0.007801 
2436.929435 0.007927 
2435.462245 0.008014 
2433.995054 0.008072 
2432.527864 0.008100 
2431.060674 0.008117 
2429.593483 0.008200 
2428.126293 0.008206 
2426.659103 0.008445 
2425.191912 0.008439 
2423.724722 0.008406 
2422.257531 0.008500 
2420.790341 0.008702 
2419.323151 0.008706 
2417.855960 0.008728 
2416.388770 0.008918 
2414.921580 0.008899 
2413.454389 0.008945 
2411.987199 0.009117 
2410.520009 0.009226 
2409.052818 0.009268 
2407.585628 0.009300 
2406.118437 0.009300 
2404.651247 0.009356 
2403.184057 0.009604 
2401.716866 0.009612 
2400.249676 0.009727 
2398.782486 0.009800 
2397.315295 0.009894 
2395.848105 0.009873 
2394.380915 0.010039 
2392.913724 0.010128 
2391.446534 0.010088 
2389.979343 0.010190 
2388.512153 0.010113 
2387.044963 0.010319 
2385.577772 0.010300 
2384.110582 0.010574 
2382.643392 0.010589 
2381.176201 0.010600 
2379.709011 0.010506 
2378.241821 0.010600 
2376.774630 0.010527 
2375.307440 0.010493 
2373.840249 0.010210 
2372.373059 0.010254 
2370.905869 0.010179 
2369.438678 0.009716 
2367.971488 0.009875 
2366.504298 0.009375 
2365.037107 0.010090 
2363.569917 0.009298 
2362.102727 0.010229 
2360.635536 0.009748 
2359.168346 0.009940 
2357.701155 0.010497 
2356.233965 0.010062 
2354.766775 0.011055 
2353.299584 0.011834 
2351.832394 0.012263 
2350.365204 0.013471 
2348.898013 0.014781 
2347.430823 0.016018 
2345.963633 0.018195 
2344.496442 0.021371 
2343.029252 0.026608 
2341.562061 0.033344 
2340.094871 0.037060 
2338.627681 0.030141 
2337.160490 0.020395 
2335.693300 0.016229 
2334.226110 0.015568 
2332.758919 0.015641 
2331.291729 0.015645 
2329.824539 0.015205 
2328.357348 0.014308 
2326.890158 0.013969 
2325.422967 0.014403 
2323.955777 0.014167 
2322.488587 0.013816 
2321.021396 0.013952 
2319.554206 0.014402 
2318.087016 0.014854 
2316.619825 0.014862 
2315.152635 0.014918 
2313.685445 0.015185 
2312.218254 0.015296 
2310.751064 0.015393 
2309.283873 0.015603 
2307.816683 0.015868 
2306.349493 0.015960 
2304.882302 0.016082 
2303.415112 0.016300 
2301.947922 0.016440 
2300.480731 0.016602 
2299.013541 0.016681 
2297.546351 0.016916 
2296.079160 0.017115 
2294.611970 0.017226 
2293.144779 0.017402 
2291.677589 0.017508 
2290.210399 0.017749 
2288.743208 0.017900 
2287.276018 0.018100 
2285.808828 0.018174 
2284.341637 0.018300 
2282.874447 0.018476 
2281.407257 0.018600 
2279.940066 0.018876 
2278.472876 0.019096 
2277.005685 0.019354 
2275.538495 0.019492 
2274.071305 0.019871 
2272.604114 0.019705 
2271.136924 0.019810 
2269.669734 0.019908 
2268.202543 0.020075 
2266.735353 0.020200 
2265.268163 0.020219 
2263.800972 0.020483 
2262.333782 0.020720 
2260.866591 0.020797 
2259.399401 0.020807 
2257.932211 0.021042 
2256.465020 0.021274 
2254.997830 0.021312 
2253.530640 0.021350 
2252.063449 0.021509 
2250.596259 0.021677 
2249.129069 0.021842 
2247.661878 0.021992 
2246.194688 0.021975 
2244.727497 0.022071 
2243.260307 0.022305 
2241.793117 0.022400 
2240.325926 0.022442 
2238.858736 0.022591 
2237.391546 0.022689 
2235.924355 0.022752 
2234.457165 0.022801 
2232.989975 0.022878 
2231.522784 0.023009 
2230.055594 0.023100 
2228.588403 0.022952 
2227.121213 0.023100 
2225.654023 0.023200 
2224.186832 0.023200 
2222.719642 0.023242 
2221.252452 0.023200 
2219.785261 0.023235 
2218.318071 0.023295 
2216.850881 0.023391 
2215.383690 0.023300 
2213.916500 0.023242 
2212.449309 0.023291 
2210.982119 0.023205 
2209.514929 0.023274 
2208.047738 0.023190 
2206.580548 0.023100 
2205.113358 0.023142 
2203.646167 0.023000 
2202.178977 0.022881 
2200.711787 0.022855 
2199.244596 0.022798 
2197.777406 0.022720 
2196.310215 0.022630 
2194.843025 0.022591 
2193.375835 0.022424 
2191.908644 0.022415 
2190.441454 0.022191 
2188.974264 0.022100 
2187.507073 0.021915 
2186.039883 0.021791 
2184.572693 0.021578 
2183.105502 0.021357 
2181.638312 0.021100 
2180.171121 0.020959 
2178.703931 0.020772 
2177.236741 0.020696 
2175.769550 0.020461 
2174.302360 0.020357 
2172.835170 0.020181 
2171.367979 0.020076 
2169.900789 0.019914 
2168.433599 0.019790 
2166.966408 0.019700 
2165.499218 0.019598 
2164.032027 0.019598 
2162.564837 0.019518 
2161.097647 0.019327 
2159.630456 0.019286 
2158.163266 0.019112 
2156.696076 0.018981 
2155.228885 0.018937 
2153.761695 0.019306 
2152.294505 0.019643 
2150.827314 0.019690 
2149.360124 0.019523 
2147.892933 0.019099 
2146.425743 0.018778 
2144.958553 0.018371 
2143.491362 0.018061 
2142.024172 0.017937 
2140.556982 0.019230 
2139.089791 0.024228 
2137.622601 0.040940 
2136.155411 0.054896 
2134.688220 0.032885 
2133.221030 0.020151 
2131.753839 0.017651 
2130.286649 0.016621 
2128.819459 0.015810 
2127.352268 0.015368 
2125.885078 0.014926 
2124.417888 0.014589 
2122.950697 0.014308 
2121.483507 0.014035 
2120.016317 0.013768 
2118.549126 0.013416 
2117.081936 0.013217 
2115.614745 0.013043 
2114.147555 0.012745 
2112.680365 0.012449 
2111.213174 0.012300 
2109.745984 0.012072 
2108.278794 0.011824 
2106.811603 0.011698 
2105.344413 0.011583 
2103.877223 0.011212 
2102.410032 0.011081 
2100.942842 0.010827 
2099.475651 0.010678 
2098.008461 0.010489 
2096.541271 0.010266 
2095.074080 0.010056 
2093.606890 0.009800 
2092.139700 0.009800 
2090.672509 0.009700 
2089.205319 0.009672 
2087.738129 0.009313 
2086.270938 0.009056 
2084.803748 0.008950 
2083.336557 0.008700 
2081.869367 0.008565 
2080.402177 0.008288 
2078.934986 0.008139 
2077.467796 0.008023 
2076.000606 0.007915 
2074.533415 0.007722 
2073.066225 0.007611 
2071.599035 0.007481 
2070.131844 0.007300 
2068.664654 0.007160 
2067.197463 0.006900 
2065.730273 0.006781 
2064.263083 0.006756 
2062.795892 0.006511 
2061.328702 0.006539 
2059.861512 0.006232 
2058.394321 0.006178 
2056.927131 0.006078 
2055.459941 0.005900 
2053.992750 0.005790 
2052.525560 0.005700 
2051.058369 0.005455 
2049.591179 0.005401 
2048.123989 0.005402 
2046.656798 0.005199 
2045.189608 0.004989 
2043.722418 0.004900 
2042.255227 0.004800 
2040.788037 0.004710 
2039.320847 0.004595 
2037.853656 0.004483 
2036.386466 0.004300 
2034.919275 0.004300 
2033.452085 0.004255 
2031.984895 0.004048 
2030.517704 0.004043 
2029.050514 0.003910 
2027.583324 0.003845 
2026.116133 0.003652 
2024.648943 0.003655 
2023.181753 0.003500 
2021.714562 0.003422 
2020.247372 0.003355 
2018.780181 0.003288 
2017.312991 0.003121 
2015.845801 0.003100 
2014.378610 0.003073 
2012.911420 0.002942 
2011.444230 0.002800 
2009.977039 0.002739 
2008.509849 0.002621 
2007.042659 0.002655 
2005.575468 0.002590 
2004.108278 0.002610 
2002.641087 0.002455 
2001.173897 0.002200 
1999.706707 0.002200 
1998.239516 0.002085 
1996.772326 0.002100 
1995.305136 0.002100 
1993.837945 0.001958 
1992.370755 0.001848 
1990.903565 0.001830 
1989.436374 0.001746 
1987.969184 0.001774 
1986.501993 0.001700 
1985.034803 0.001565 
1983.567613 0.001512 
1982.100422 0.001568 
1980.633232 0.001354 
1979.166042 0.001343 
1977.698851 0.001321 
1976.231661 0.001200 
1974.764471 0.001322 
1973.297280 0.001273 
1971.830090 0.001136 
1970.362899 0.001000 
1968.895709 0.001000 
1967.428519 0.001023 
1965.961328 0.000987 
1964.494138 0.001025 
1963.026948 0.000888 
1961.559757 0.000933 
1960.092567 0.000925 
1958.625377 0.001046 
1957.158186 0.001091 
1955.690996 0.001085 
1954.223805 0.001000 
1952.756615 0.000880 
1951.289425 0.000709 
1949.822234 0.000677 
1948.355044 0.000661 
1946.887854 0.000457 
1945.420663 0.000548 
1943.953473 0.000464 
1942.486283 0.000443 
1941.019092 0.000346 
1939.551902 0.000217 
1938.084711 0.000306 
1936.617521 0.000246 
1935.150331 0.000187 
1933.683140 0.000180 
1932.215950 0.000078 
1930.748760 0.000171 
1929.281569 0.000062 
1927.814379 0.000047 
1926.347189 0.000100 
1924.879998 0.000100 
1923.412808 0.000100 
1921.945617 0.000000 
1920.478427 -0.000079 
1919.011237 -0.000100 
1917.544046 -0.000021 
1916.076856 -0.000272 
1914.609666 -0.000300 
1913.142475 -0.000331 
1911.675285 -0.000320 
1910.208095 -0.000300 
1908.740904 -0.000414 
1907.273714 -0.000500 
1905.806523 -0.000425 
1904.339333 -0.000400 
1902.872143 -0.000480 
1901.404952 -0.000453 
1899.937762 -0.000400 
1898.470572 -0.000503 
1897.003381 -0.000527 
1895.536191 -0.000466 
1894.069001 -0.000400 
1892.601810 -0.000300 
1891.134620 -0.000486 
1889.667429 -0.000320 
1888.200239 -0.000500 
1886.733049 -0.000592 
1885.265858 -0.000504 
1883.798668 -0.000447 
1882.331478 -0.000500 
1880.864287 -0.000581 
1879.397097 -0.000569 
1877.929907 -0.000500 
1876.462716 -0.000581 
1874.995526 -0.000500 
1873.528335 -0.000500 
1872.061145 -0.000500 
1870.593955 -0.000453 
1869.126764 -0.000460 
1867.659574 -0.000392 
1866.192384 -0.000429 
1864.725193 -0.000414 
1863.258003 -0.000500 
1861.790813 -0.000452 
1860.323622 -0.000411 
1858.856432 -0.000382 
1857.389241 -0.000240 
1855.922051 -0.000214 
1854.454861 -0.000300 
1852.987670 -0.000233 
1851.520480 -0.000300 
1850.053290 -0.000300 
1848.586099 -0.000165 
1847.118909 -0.000200 
1845.651719 -0.000200 
1844.184528 -0.000035 
1842.717338 -0.000186 
1841.250147 -0.000101 
1839.782957 -0.000100 
1838.315767 -0.000100 
1836.848576 -0.000181 
1835.381386 -0.000100 
1833.914196 0.000015 
1832.447005 0.000108 
1830.979815 0.000065 
1829.512625 0.000293 
1828.045434 0.000381 
1826.578244 0.000448 
1825.111053 0.000600 
1823.643863 0.000763 
1822.176673 0.000796 
1820.709482 0.000951 
1819.242292 0.001055 
1817.775102 0.001200 
1816.307911 0.001287 
1814.840721 0.001394 
1813.373531 0.001597 
1811.906340 0.001815 
1810.439150 0.001900 
1808.971959 0.001983 
1807.504769 0.002230 
1806.037579 0.002400 
1804.570388 0.002495 
1803.103198 0.002645 
1801.636008 0.002900 
1800.168817 0.003060 
1798.701627 0.003118 
1797.234437 0.003288 
1795.767246 0.003649 
1794.300056 0.003827 
1792.832865 0.004064 
1791.365675 0.004185 
1789.898485 0.004331 
1788.431294 0.004582 
1786.964104 0.004864 
1785.496914 0.004946 
1784.029723 0.005360 
1782.562533 0.005531 
1781.095343 0.005724 
1779.628152 0.005992 
1778.160962 0.006342 
1776.693771 0.006628 
1775.226581 0.007043 
1773.759391 0.007235 
1772.292200 0.007851 
1770.825010 0.007982 
1769.357820 0.008199 
1767.890629 0.008716 
1766.423439 0.008963 
1764.956249 0.009444 
1763.489058 0.009834 
1762.021868 0.010434 
1760.554677 0.010776 
1759.087487 0.011248 
1757.620297 0.011646 
1756.153106 0.012305 
1754.685916 0.012833 
1753.218726 0.013372 
1751.751535 0.014069 
1750.284345 0.014453 
1748.817155 0.015119 
1747.349964 0.015697 
1745.882774 0.016364 
1744.415583 0.017139 
1742.948393 0.017848 
1741.481203 0.018664 
1740.014012 0.019397 
1738.546822 0.020047 
1737.079632 0.020940 
1735.612441 0.021947 
1734.145251 0.023198 
1732.678061 0.024054 
1731.210870 0.024913 
1729.743680 0.025949 
1728.276489 0.027116 
1726.809299 0.028249 
1725.342109 0.029647 
1723.874918 0.030984 
1722.407728 0.032330 
1720.940538 0.033560 
1719.473347 0.034619 
1718.006157 0.035820 
1716.538967 0.036810 
1715.071776 0.037722 
1713.604586 0.038601 
1712.137395 0.039438 
1710.670205 0.040123 
1709.203015 0.041174 
1707.735824 0.042077 
1706.268634 0.043087 
1704.801444 0.043993 
1703.334253 0.044704 
1701.867063 0.045549 
1700.399873 0.046727 
1698.932682 0.047307 
1697.465492 0.048037 
1695.998302 0.049248 
1694.531111 0.049620 
1693.063921 0.050265 
1691.596730 0.050845 
1690.129540 0.051500 
1688.662350 0.052015 
1687.195159 0.052550 
1685.727969 0.053053 
1684.260779 0.053658 
1682.793588 0.053787 
1681.326398 0.054076 
1679.859208 0.054334 
1678.392017 0.054426 
1676.924827 0.054650 
1675.457636 0.054976 
1673.990446 0.054805 
1672.523256 0.054800 
1671.056065 0.054883 
1669.588875 0.054800 
1668.121685 0.054686 
1666.654494 0.054396 
1665.187304 0.054145 
1663.720114 0.054000 
1662.252923 0.053753 
1660.785733 0.053241 
1659.318542 0.052837 
1657.851352 0.052453 
1656.384162 0.052003 
1654.916971 0.051663 
1653.449781 0.051494 
1651.982591 0.050909 
1650.515400 0.050401 
1649.048210 0.050195 
1647.581020 0.049943 
1646.113829 0.049717 
1644.646639 0.049282 
1643.179448 0.049271 
1641.712258 0.049009 
1640.245068 0.049000 
1638.777877 0.048880 
1637.310687 0.048818 
1635.843497 0.048930 
1634.376306 0.048674 
1632.909116 0.048382 
1631.441926 0.048265 
1629.974735 0.048016 
1628.507545 0.047757 
1627.040354 0.047364 
1625.573164 0.046931 
1624.105974 0.046480 
1622.638783 0.046021 
1621.171593 0.045496 
1619.704403 0.045198 
1618.237212 0.044649 
1616.770022 0.044685 
1615.302832 0.043977 
1613.835641 0.043658 
1612.368451 0.043326 
1610.901260 0.043135 
1609.434070 0.042874 
1607.966880 0.042690 
1606.499689 0.042370 
1605.032499 0.042185 
1603.565309 0.041888 
1602.098118 0.041791 
1600.630928 0.041410 
1599.163738 0.041053 
1597.696547 0.040828 
1596.229357 0.040401 
1594.762166 0.040040 
1593.294976 0.039663 
1591.827786 0.039434 
1590.360595 0.039021 
1588.893405 0.038625 
1587.426215 0.038282 
1585.959024 0.038072 
1584.491834 0.037789 
1583.024644 0.037525 
1581.557453 0.037313 
1580.090263 0.037125 
1578.623072 0.036970 
1577.155882 0.036891 
1575.688692 0.036792 
1574.221501 0.036384 
1572.754311 0.036215 
1571.287121 0.036148 
1569.819930 0.036084 
1568.352740 0.035916 
1566.885550 0.035748 
1565.418359 0.035640 
1563.951169 0.035275 
1562.483978 0.035273 
1561.016788 0.035119 
1559.549598 0.035026 
1558.082407 0.034963 
1556.615217 0.034370 
1555.148027 0.034120 
1553.680836 0.033967 
1552.213646 0.033602 
1550.746456 0.033516 
1549.279265 0.033233 
1547.812075 0.032921 
1546.344884 0.032714 
1544.877694 0.032559 
1543.410504 0.032281 
1541.943313 0.032194 
1540.476123 0.031948 
1539.008933 0.032011 
1537.541742 0.031491 
1536.074552 0.031254 
1534.607362 0.031179 
1533.140171 0.031177 
1531.672981 0.031000 
1530.205790 0.030942 
1528.738600 0.030786 
1527.271410 0.030647 
1525.804219 0.030481 
1524.337029 0.030134 
1522.869839 0.029914 
1521.402648 0.029757 
1519.935458 0.029250 
1518.468268 0.029000 
1517.001077 0.028881 
1515.533887 0.028542 
1514.066696 0.028452 
1512.599506 0.028280 
1511.132316 0.028114 
1509.665125 0.028041 
1508.197935 0.028000 
1506.730745 0.027903 
1505.263554 0.027661 
1503.796364 0.027400 
1502.329174 0.027400 
1500.861983 0.027436 
1499.394793 0.027520 
1497.927602 0.027514 
1496.460412 0.027503 
1494.993222 0.027056 
1493.526031 0.026810 
1492.058841 0.026594 
1490.591651 0.026500 
1489.124460 0.026400 
1487.657270 0.026229 
1486.190080 0.026080 
1484.722889 0.026035 
1483.255699 0.026147 
1481.788508 0.026020 
1480.321318 0.026043 
1478.854128 0.026153 
1477.386937 0.026300 
1475.919747 0.026220 
1474.452557 0.026039 
1472.985366 0.026141 
1471.518176 0.026207 
1470.050986 0.026093 
1468.583795 0.026323 
1467.116605 0.027600 
1465.649414 0.030243 
1464.182224 0.033250 
1462.715034 0.031591 
1461.247843 0.028588 
1459.780653 0.027044 
1458.313463 0.026163 
1456.846272 0.025901 
1455.379082 0.025309 
1453.911892 0.025213 
1452.444701 0.025212 
1450.977511 0.024936 
1449.510320 0.024956 
1448.043130 0.025159 
1446.575940 0.024946 
1445.108749 0.024812 
1443.641559 0.024754 
1442.174369 0.024807 
1440.707178 0.024891 
1439.239988 0.025351 
1437.772798 0.025888 
1436.305607 0.025974 
1434.838417 0.025015 
1433.371226 0.024665 
1431.904036 0.024513 
1430.436846 0.024600 
1428.969655 0.024479 
1427.502465 0.024400 
1426.035275 0.024400 
1424.568084 0.024300 
1423.100894 0.024125 
1421.633704 0.024070 
1420.166513 0.024242 
1418.699323 0.024028 
1417.232132 0.023800 
1415.764942 0.023779 
1414.297752 0.023700 
1412.830561 0.023538 
1411.363371 0.023419 
1409.896181 0.023235 
1408.428990 0.022918 
1406.961800 0.022642 
1405.494610 0.022228 
1404.027419 0.021943 
1402.560229 0.021525 
1401.093038 0.020980 
1399.625848 0.020614 
1398.158658 0.020023 
1396.691467 0.019580 
1395.224277 0.019382 
1393.757087 0.019116 
1392.289896 0.018822 
1390.822706 0.018625 
1389.355516 0.018513 
1387.888325 0.018600 
1386.421135 0.018674 
1384.953944 0.018779 
1383.486754 0.018700 
1382.019564 0.018602 
1380.552373 0.018543 
1379.085183 0.018700 
1377.617993 0.018655 
1376.150802 0.018888 
1374.683612 0.019427 
1373.216422 0.020060 
1371.749231 0.019361 
1370.282041 0.018640 
1368.814850 0.017969 
1367.347660 0.017700 
1365.880470 0.017494 
1364.413279 0.017091 
1362.946089 0.016813 
1361.478899 0.016460 
1360.011708 0.015913 
1358.544518 0.015510 
1357.077328 0.015146 
1355.610137 0.014804 
1354.142947 0.014362 
1352.675756 0.013920 
1351.208566 0.013611 
1349.741376 0.013215 
1348.274185 0.012694 
1346.806995 0.012300 
1345.339805 0.012055 
1343.872614 0.011823 
1342.405424 0.011633 
1340.938234 0.011422 
1339.471043 0.011500 
1338.003853 0.011521 
1336.536662 0.011422 
1335.069472 0.011589 
1333.602282 0.011589 
1332.135091 0.011672 
1330.667901 0.011600 
1329.200711 0.011556 
1327.733520 0.011600 
1326.266330 0.011746 
1324.799140 0.011747 
1323.331949 0.011768 
1321.864759 0.011889 
1320.397568 0.011931 
1318.930378 0.012211 
1317.463188 0.012403 
1315.995997 0.013040 
1314.528807 0.013909 
1313.061617 0.015671 
1311.594426 0.019049 
1310.127236 0.025818 
1308.660046 0.039201 
1307.192855 0.069564 
1305.725665 0.133030 
1304.258474 0.249125 
1302.791284 0.426162 
1301.324094 0.542498 
1299.856903 0.549833 
1298.389713 0.490484 
1296.922523 0.370045 
1295.455332 0.215829 
1293.988142 0.092315 
1292.520952 0.041721 
1291.053761 0.026482 
1289.586571 0.017960 
1288.119380 0.013061 
1286.652190 0.010835 
1285.185000 0.009325 
1283.717809 0.008513 
1282.250619 0.007732 
1280.783429 0.007171 
1279.316238 0.006619 
1277.849048 0.006310 
1276.381858 0.005982 
1274.914667 0.005521 
1273.447477 0.005246 
1271.980286 0.005087 
1270.513096 0.004946 
1269.045906 0.004797 
1267.578715 0.004643 
1266.111525 0.004400 
1264.644335 0.004289 
1263.177144 0.004143 
1261.709954 0.003962 
1260.242764 0.003900 
1258.775573 0.003882 
1257.308383 0.003743 
1255.841192 0.003542 
1254.374002 0.003654 
1252.906812 0.003469 
1251.439621 0.003406 
1249.972431 0.003461 
1248.505241 0.003553 
1247.038050 0.003400 
1245.570860 0.003414 
1244.103670 0.003476 
1242.636479 0.003310 
1241.169289 0.003325 
1239.702098 0.003474 
1238.234908 0.003309 
1236.767718 0.003300 
1235.300527 0.002988 
1233.833337 0.002535 
1232.366147 0.002443 
1230.898956 0.002769 
1229.431766 0.003117 
1227.964576 0.003277 
1226.497385 0.003421 
1225.030195 0.003450 
1223.563004 0.003451 
1222.095814 0.003300 
1220.628624 0.003119 
1219.161433 0.002991 
1217.694243 0.002771 
1216.227053 0.002600 
1214.759862 0.002522 
1213.292672 0.002308 
1211.825482 0.002122 
1210.358291 0.002085 
1208.891101 0.002054 
1207.423910 0.001901 
1205.956720 0.001800 
1204.489530 0.001624 
1203.022339 0.001609 
1201.555149 0.001463 
1200.087959 0.001576 
1198.620768 0.001409 
1197.153578 0.001269 
1195.686388 0.001224 
1194.219197 0.001300 
1192.752007 0.001258 
1191.284816 0.001252 
1189.817626 0.001009 
1188.350436 0.001142 
1186.883245 0.001134 
1185.416055 0.001023 
1183.948865 0.000949 
1182.481674 0.000889 
1181.014484 0.000896 
1179.547294 0.000800 
1178.080103 0.000700 
1176.612913 0.000791 
1175.145722 0.000600 
1173.678532 0.000500 
1172.211342 0.000543 
1170.744151 0.000500 
1169.276961 0.000375 
1167.809771 0.000300 
1166.342580 0.000352 
1164.875390 0.000375 
1163.408200 0.000196 
1161.941009 0.000142 
1160.473819 0.000100 
1159.006628 0.000100 
1157.539438 0.000058 
1156.072248 0.000125 
1154.605057 0.000108 
1153.137867 0.000085 
1151.670677 -0.000045 
1150.203486 -0.000092 
1148.736296 -0.000240 
1147.269106 -0.000312 
1145.801915 -0.000319 
1144.334725 -0.000500 
1142.867534 -0.000456 
1141.400344 -0.000394 
1139.933154 -0.000358 
1138.465963 -0.000400 
1136.998773 -0.000308 
1135.531583 -0.000300 
1134.064392 -0.000102 
1132.597202 0.000184 
1131.130012 0.000383 
1129.662821 0.000600 
1128.195631 0.000692 
1126.728440 0.000776 
1125.261250 0.000764 
1123.794060 0.000608 
1122.326869 0.000700 
1120.859679 0.000525 
1119.392489 0.000536 
1117.925298 0.000441 
1116.458108 0.000349 
1114.990918 0.000200 
1113.523727 0.000157 
1112.056537 0.000100 
1110.589346 0.000100 
1109.122156 -0.000095 
1107.654966 -0.000121 
1106.187775 -0.000199 
1104.720585 -0.000159 
1103.253395 -0.000298 
1101.786204 -0.000140 
1100.319014 -0.000059 
1098.851824 -0.000052 
1097.384633 0.000076 
1095.917443 0.000141 
1094.450252 0.000326 
1092.983062 0.000378 
1091.515872 0.000518 
1090.048681 0.000500 
1088.581491 0.000593 
1087.114301 0.000300 
1085.647110 0.000448 
1084.179920 0.000300 
1082.712730 0.000065 
1081.245539 0.000126 
1079.778349 0.000107 
1078.311158 0.000200 
1076.843968 0.000148 
1075.376778 0.000000 
1073.909587 -0.000181 
1072.442397 0.000000 
1070.975207 0.000049 
1069.508016 -0.000100 
1068.040826 -0.000174 
1066.573636 -0.000193 
1065.106445 -0.000040 
1063.639255 -0.000171 
1062.172064 0.000178 
1060.704874 0.000073 
1059.237684 0.000226 
1057.770493 0.000579 
1056.303303 0.000483 
1054.836113 0.000374 
1053.368922 0.000165 
1051.901732 0.000700 
1050.434542 0.000760 
1048.967351 0.000874 
1047.500161 0.000782 
1046.032970 0.000709 
1044.565780 0.000497 
1043.098590 0.000318 
1041.631399 0.000210 
1040.164209 -0.000014 
1038.697019 -0.000040 
1037.229828 0.000248 
1035.762638 0.000287 
1034.295448 0.000340 
1032.828257 0.000658 
1031.361067 0.000785 
1029.893876 0.001269 
1028.426686 0.001673 
1026.959496 0.002386 
1025.492305 0.003074 
1024.025115 0.003243 
1022.557925 0.003320 
1021.090734 0.003340 
1019.623544 0.003104 
1018.156354 0.003180 
1016.689163 0.002485 
1015.221973 0.002129 
1013.754782 0.001361 
1012.287592 0.000837 
1010.820402 0.000593 
1009.353211 0.000378 
1007.886021 -0.000433 
1006.418831 -0.000827 
1004.951640 -0.000806 
1003.484450 -0.000858 
1002.017260 -0.000699 
1000.550069 -0.000641 
999.082879 -0.000422 
997.615688 -0.000239 
996.148498 -0.000005 
994.681308 0.000333 
993.214117 0.000782 
991.746927 0.001188 
990.279737 0.001349 
988.812546 0.002045 
987.345356 0.002587 
985.878166 0.003094 
984.410975 0.003764 
982.943785 0.004539 
981.476594 0.005406 
980.009404 0.006197 
978.542214 0.007147 
977.075023 0.008223 
975.607833 0.009363 
974.140643 0.010369 
972.673452 0.011564 
971.206262 0.012764 
969.739072 0.014086 
968.271881 0.015542 
966.804691 0.016780 
965.337501 0.018251 
963.870310 0.019689 
962.403120 0.020989 
960.935929 0.022265 
959.468739 0.023881 
958.001549 0.025491 
956.534358 0.026987 
955.067168 0.028493 
953.599978 0.030175 
952.132787 0.031939 
950.665597 0.033696 
949.198407 0.035159 
947.731216 0.036398 
946.264026 0.037570 
944.796835 0.039100 
943.329645 0.040547 
941.862455 0.041979 
940.395264 0.043664 
938.928074 0.045318 
937.460884 0.046914 
935.993693 0.048589 
934.526503 0.050288 
933.059313 0.052067 
931.592122 0.053467 
930.124932 0.055271 
928.657741 0.057116 
927.190551 0.058734 
925.723361 0.060534 
924.256170 0.062314 
922.788980 0.063846 
921.321790 0.065534 
919.854599 0.067386 
918.387409 0.068868 
916.920219 0.070591 
915.453028 0.072326 
913.985838 0.073833 
912.518647 0.075405 
911.051457 0.076975 
909.584267 0.078351 
908.117076 0.079864 
906.649886 0.081444 
905.182696 0.082976 
903.715505 0.084530 
902.248315 0.086025 
900.781125 0.087228 
899.313934 0.088520 
897.846744 0.090243 
896.379553 0.091743 
894.912363 0.093096 
893.445173 0.094430 
891.977982 0.095647 
890.510792 0.096977 
889.043602 0.098183 
887.576411 0.099683 
886.109221 0.100858 
884.642031 0.102086 
883.174840 0.103201 
881.707650 0.104580 
880.240459 0.105815 
878.773269 0.106806 
877.306079 0.108054 
875.838888 0.108738 
874.371698 0.109525 
872.904508 0.110481 
871.437317 0.111212 
869.970127 0.112138 
868.502937 0.113083 
867.035746 0.114126 
865.568556 0.114850 
864.101365 0.115589 
862.634175 0.116371 
861.166985 0.117258 
859.699794 0.117890 
858.232604 0.118770 
856.765414 0.119547 
855.298223 0.120202 
853.831033 0.120865 
852.363843 0.121730 
850.896652 0.122098 
849.429462 0.122968 
847.962271 0.123298 
846.495081 0.124166 
845.027891 0.124222 
843.560700 0.124343 
842.093510 0.124980 
840.626320 0.125391 
839.159129 0.125693 
837.691939 0.126127 
836.224749 0.127098 
834.757558 0.127552 
833.290368 0.128256 
831.823177 0.128931 
830.355987 0.129459 
828.888797 0.129731 
827.421606 0.130411 
825.954416 0.131181 
824.487226 0.131765 
823.020035 0.133562 
821.552845 0.138386 
820.085655 0.137376 
818.618464 0.134325 
817.151274 0.133393 
815.684083 0.133786 
814.216893 0.134016 
812.749703 0.134235 
811.282512 0.134368 
809.815322 0.134565 
808.348132 0.134721 
806.880941 0.134611 
805.413751 0.134752 
803.946561 0.134763 
802.479370 0.134586 
801.012180 0.134988 
799.544989 0.134785 
798.077799 0.134410 
796.610609 0.134253 
795.143418 0.133963 
793.676228 0.133822 
792.209038 0.133568 
790.741847 0.133124 
789.274657 0.132321 
787.807467 0.131881 
786.340276 0.131919 
784.873086 0.131409 
783.405895 0.130881 
781.938705 0.130350 
780.471515 0.129819 
779.004324 0.129307 
777.537134 0.128592 
776.069944 0.127986 
774.602753 0.127511 
773.135563 0.126922 
771.668373 0.126602 
770.201182 0.125825 
768.733992 0.125143 
767.266801 0.124490 
765.799611 0.123767 
764.332421 0.122999 
762.865230 0.122113 
761.398040 0.121434 
759.930850 0.120398 
758.463659 0.119368 
756.996469 0.118933 
755.529279 0.118135 
754.062088 0.117114 
752.594898 0.116338 
751.127707 0.115343 
749.660517 0.114176 
748.193327 0.113787 
746.726136 0.112391 
745.258946 0.111456 
743.791756 0.110348 
742.324565 0.109233 
740.857375 0.108229 
739.390185 0.107329 
737.922994 0.105954 
736.455804 0.104516 
734.988613 0.104114 
733.521423 0.102603 
732.054233 0.101220 
730.587042 0.100096 
729.119852 0.098545 
727.652662 0.097765 
726.185471 0.096677 
724.718281 0.095132 
723.251091 0.094734 
721.783900 0.092749 
720.316710 0.091419 
718.849519 0.090186 
717.382329 0.089172 
715.915139 0.088088 
714.447948 0.085917 
712.980758 0.085699 
711.513568 0.083976 
710.046377 0.082094 
708.579187 0.079835 
707.111997 0.079270 
705.644806 0.078089 
704.177616 0.076950 
702.710425 0.074759 
701.243235 0.074188 
699.776045 0.072135 
698.308854 0.070911 
696.841664 0.069181 
695.374474 0.067980 
693.907283 0.066070 
692.440093 0.064230 
690.972903 0.062914 
689.505712 0.061356 
688.038522 0.059832 
686.571331 0.058775 
685.104141 0.057106 
683.636951 0.054756 
682.169760 0.054456 
680.702570 0.052828 
679.235380 0.051914 
677.768189 0.050466 
676.300999 0.048629 
674.833809 0.046320 
673.366618 0.044767 
671.899428 0.044629 
670.432237 0.042614 
668.965047 0.040657 
667.497857 0.037894 
666.030666 0.037162 
664.563476 0.037196 
663.096286 0.036712 
661.629095 0.033711 
660.161905 0.034423 
658.694715 0.033409 
657.227524 0.032546 
655.760334 0.032558 
654.293143 0.030996 
652.825953 0.029192 
651.358763 0.029557 
649.891572 0.027888 
648.424382 0.023891 
646.957192 0.023868 
645.490001 0.024056 
644.022811 0.023365 
642.555621 0.021363 
641.088430 0.022028 
639.621240 0.020005 
638.154049 0.017960 
636.686859 0.017183 
635.219669 0.018130 
633.752478 0.016190 
632.285288 0.015289 
630.818098 0.017040 
629.350907 0.014253 
627.883717 0.013062 
626.416527 0.011281 
624.949336 0.011645 
623.482146 0.011226 
622.014955 0.009596 
620.547765 0.007401 
619.080575 0.008690 
617.613384 0.007765 
616.146194 0.005922 
614.679004 0.006595 
613.211813 0.003945 
611.744623 0.005505 
610.277433 0.003023 
608.810242 0.003238 
607.343052 0.001731 
605.875861 -0.001305 
604.408671 0.001861 
602.941481 -0.000243 
601.474290 -0.000047 
600.007100 -0.001300 
