5000.111000 0.000300 
4998.643809 0.000941 
4997.176617 0.001541 
4995.709426 0.001449 
4994.242234 0.000569 
4992.775043 0.000509 
4991.307851 0.000751 
4989.840660 0.000955 
4988.373468 0.001267 
4986.906277 0.001753 
4985.439085 0.001066 
4983.971894 0.001476 
4982.504702 0.002092 
4981.037511 0.001701 
4979.570319 0.002130 
4978.103128 0.002628 
4976.635936 0.002425 
4975.168745 0.002596 
4973.701553 0.002155 
4972.234362 0.003120 
4970.767170 0.003593 
4969.299979 0.003501 
4967.832787 0.003181 
4966.365596 0.003271 
4964.898404 0.002903 
4963.431213 0.003980 
4961.964021 0.004399 
4960.496830 0.003997 
4959.029638 0.004885 
4957.562447 0.004767 
4956.095255 0.005330 
4954.628064 0.005483 
4953.160872 0.005997 
4951.693681 0.006807 
4950.226489 0.006669 
4948.759298 0.006961 
4947.292106 0.008414 
4945.824915 0.007981 
4944.357723 0.007888 
4942.890532 0.009172 
4941.423340 0.009203 
4939.956149 0.009601 
4938.488957 0.009322 
4937.021766 0.010062 
4935.554574 0.010982 
4934.087383 0.010088 
4932.620191 0.011155 
4931.153000 0.011675 
4929.685808 0.011846 
4928.218617 0.011652 
4926.751425 0.011477 
4925.284234 0.012015 
4923.817042 0.012001 
4922.349851 0.012621 
4920.882659 0.012070 
4919.415468 0.013080 
4917.948276 0.012883 
4916.481085 0.012452 
4915.013893 0.013330 
4913.546702 0.012734 
4912.079510 0.013611 
4910.612319 0.013320 
4909.145127 0.013149 
4907.677936 0.013315 
4906.210744 0.012664 
4904.743553 0.012831 
4903.276361 0.013732 
4901.809170 0.013544 
4900.341978 0.013208 
4898.874787 0.013372 
4897.407595 0.013403 
4895.940404 0.012509 
4894.473212 0.012927 
4893.006021 0.012393 
4891.538829 0.012746 
4890.071638 0.011996 
4888.604446 0.012083 
4887.137255 0.012305 
4885.670063 0.011771 
4884.202872 0.011896 
4882.735680 0.011409 
4881.268489 0.012355 
4879.801297 0.011406 
4878.334106 0.011492 
4876.866914 0.011919 
4875.399723 0.011261 
4873.932531 0.011061 
4872.465340 0.010647 
4870.998148 0.010474 
4869.530957 0.010472 
4868.063765 0.010462 
4866.596574 0.009893 
4865.129382 0.009856 
4863.662191 0.009994 
4862.194999 0.009518 
4860.727808 0.009159 
4859.260616 0.009235 
4857.793425 0.008959 
4856.326233 0.008924 
4854.859042 0.008164 
4853.391850 0.008190 
4851.924659 0.008253 
4850.457467 0.007691 
4848.990276 0.007369 
4847.523084 0.007224 
4846.055893 0.007007 
4844.588701 0.006492 
4843.121510 0.006338 
4841.654318 0.006244 
4840.187127 0.006001 
4838.719935 0.006062 
4837.252744 0.006328 
4835.785552 0.005561 
4834.318361 0.004610 
4832.851169 0.004682 
4831.383978 0.005399 
4829.916786 0.004814 
4828.449595 0.004695 
4826.982403 0.003846 
4825.515212 0.003471 
4824.048020 0.004304 
4822.580829 0.003614 
4821.113637 0.003327 
4819.646446 0.002865 
4818.179254 0.003088 
4816.712063 0.002668 
4815.244871 0.001989 
4813.777680 0.002600 
4812.310488 0.002004 
4810.843297 0.002382 
4809.376105 0.001746 
4807.908914 0.001894 
4806.441722 0.001672 
4804.974531 0.001230 
4803.507339 0.001417 
4802.040148 0.001271 
4800.572956 0.000839 
4799.105765 0.001305 
4797.638573 0.000330 
4796.171382 0.000695 
4794.704190 0.000876 
4793.236999 0.000847 
4791.769807 -0.000484 
4790.302616 -0.000139 
4788.835424 -0.000172 
4787.368233 -0.000761 
4785.901041 -0.000082 
4784.433850 -0.000619 
4782.966658 -0.000375 
4781.499467 -0.000427 
4780.032275 -0.001070 
4778.565084 -0.001050 
4777.097892 -0.000526 
4775.630701 -0.000948 
4774.163509 0.000205 
4772.696318 -0.000849 
4771.229126 -0.000893 
4769.761935 -0.000721 
4768.294743 -0.001147 
4766.827552 -0.000945 
4765.360360 -0.000846 
4763.893169 -0.000900 
4762.425977 -0.000114 
4760.958786 0.000028 
4759.491594 0.000002 
4758.024403 -0.000649 
4756.557211 -0.000211 
4755.090020 0.000387 
4753.622828 0.000872 
4752.155637 0.001242 
4750.688445 0.001737 
4749.221254 0.002089 
4747.754062 0.001946 
4746.286871 0.001443 
4744.819679 0.001689 
4743.352488 0.002070 
4741.885296 0.002185 
4740.418105 0.002772 
4738.950914 0.002618 
4737.483722 0.003219 
4736.016531 0.002563 
4734.549339 0.003628 
4733.082148 0.004291 
4731.614956 0.004459 
4730.147765 0.005395 
4728.680573 0.005071 
4727.213382 0.006161 
4725.746190 0.006099 
4724.278999 0.006435 
4722.811807 0.006997 
4721.344616 0.008766 
4719.877424 0.008315 
4718.410233 0.009037 
4716.943041 0.009426 
4715.475850 0.009367 
4714.008658 0.010348 
4712.541467 0.010624 
4711.074275 0.011749 
4709.607084 0.011988 
4708.139892 0.012449 
4706.672701 0.012645 
4705.205509 0.013926 
4703.738318 0.013322 
4702.271126 0.012627 
4700.803935 0.012138 
4699.336743 0.011342 
4697.869552 0.011574 
4696.402360 0.011046 
4694.935169 0.012288 
4693.467977 0.013148 
4692.000786 0.014319 
4690.533594 0.015709 
4689.066403 0.016127 
4687.599211 0.016747 
4686.132020 0.016430 
4684.664828 0.018400 
4683.197637 0.017782 
4681.730445 0.017989 
4680.263254 0.018219 
4678.796062 0.016728 
4677.328871 0.018228 
4675.861679 0.016708 
4674.394488 0.016631 
4672.927296 0.016593 
4671.460105 0.016982 
4669.992913 0.018323 
4668.525722 0.017781 
4667.058530 0.018370 
4665.591339 0.019125 
4664.124147 0.019232 
4662.656956 0.018931 
4661.189764 0.020348 
4659.722573 0.020485 
4658.255381 0.020462 
4656.788190 0.020982 
4655.320998 0.021376 
4653.853807 0.021902 
4652.386615 0.021842 
4650.919424 0.022616 
4649.452232 0.022783 
4647.985041 0.023267 
4646.517849 0.024202 
4645.050658 0.023611 
4643.583466 0.024405 
4642.116275 0.024981 
4640.649083 0.024693 
4639.181892 0.025950 
4637.714700 0.025897 
4636.247509 0.025545 
4634.780317 0.026659 
4633.313126 0.025888 
4631.845934 0.026565 
4630.378743 0.027564 
4628.911551 0.026769 
4627.444360 0.027436 
4625.977168 0.027892 
4624.509977 0.027778 
4623.042785 0.027866 
4621.575594 0.028029 
4620.108402 0.028668 
4618.641211 0.028357 
4617.174019 0.028834 
4615.706828 0.029734 
4614.239636 0.029544 
4612.772445 0.029358 
4611.305253 0.029877 
4609.838062 0.030282 
4608.370870 0.030003 
4606.903679 0.030481 
4605.436487 0.030489 
4603.969296 0.030679 
4602.502104 0.030300 
4601.034913 0.030752 
4599.567721 0.031242 
4598.100530 0.030875 
4596.633338 0.031217 
4595.166147 0.031421 
4593.698955 0.030894 
4592.231764 0.031295 
4590.764572 0.031206 
4589.297381 0.031289 
4587.830189 0.031517 
4586.362998 0.031674 
4584.895806 0.031390 
4583.428615 0.030908 
4581.961423 0.031161 
4580.494232 0.031717 
4579.027040 0.031196 
4577.559849 0.031640 
4576.092657 0.031842 
4574.625466 0.031603 
4573.158274 0.031440 
4571.691083 0.032090 
4570.223891 0.032349 
4568.756700 0.031592 
4567.289508 0.031968 
4565.822317 0.032690 
4564.355125 0.031627 
4562.887934 0.030807 
4561.420742 0.031002 
4559.953551 0.030846 
4558.486359 0.031302 
4557.019168 0.031500 
4555.551976 0.031280 
4554.084785 0.031090 
4552.617593 0.030988 
4551.150402 0.031304 
4549.683210 0.031507 
4548.216019 0.031144 
4546.748827 0.030455 
4545.281636 0.030709 
4543.814444 0.030522 
4542.347253 0.030590 
4540.880061 0.030890 
4539.412870 0.030809 
4537.945678 0.030573 
4536.478487 0.030203 
4535.011295 0.029903 
4533.544104 0.030379 
4532.076912 0.030137 
4530.609721 0.029661 
4529.142529 0.029715 
4527.675338 0.029461 
4526.208146 0.030028 
4524.740955 0.029614 
4523.273763 0.029779 
4521.806572 0.029379 
4520.339380 0.029130 
4518.872189 0.029218 
4517.404997 0.029378 
4515.937806 0.029319 
4514.470614 0.029364 
4513.003423 0.028856 
4511.536231 0.028338 
4510.069040 0.028500 
4508.601848 0.028681 
4507.134657 0.028066 
4505.667465 0.028517 
4504.200274 0.028267 
4502.733082 0.027943 
4501.265891 0.028588 
4499.798699 0.028044 
4498.331508 0.027955 
4496.864316 0.027110 
4495.397125 0.027360 
4493.929933 0.027419 
4492.462742 0.027631 
4490.995550 0.027020 
4489.528359 0.027424 
4488.061167 0.027612 
4486.593976 0.026780 
4485.126784 0.026695 
4483.659593 0.026865 
4482.192402 0.027047 
4480.725210 0.026793 
4479.258019 0.026649 
4477.790827 0.026738 
4476.323636 0.026442 
4474.856444 0.026375 
4473.389253 0.026469 
4471.922061 0.025892 
4470.454870 0.025560 
4468.987678 0.025660 
4467.520487 0.026292 
4466.053295 0.026195 
4464.586104 0.025659 
4463.118912 0.025585 
4461.651721 0.025167 
4460.184529 0.025037 
4458.717338 0.025115 
4457.250146 0.025304 
4455.782955 0.025005 
4454.315763 0.025365 
4452.848572 0.025257 
4451.381380 0.024851 
4449.914189 0.024569 
4448.446997 0.024925 
4446.979806 0.024611 
4445.512614 0.024273 
4444.045423 0.024577 
4442.578231 0.024599 
4441.111040 0.024189 
4439.643848 0.024594 
4438.176657 0.024024 
4436.709465 0.023690 
4435.242274 0.024064 
4433.775082 0.023995 
4432.307891 0.023729 
4430.840699 0.023817 
4429.373508 0.023870 
4427.906316 0.023860 
4426.439125 0.023773 
4424.971933 0.023421 
4423.504742 0.023129 
4422.037550 0.023488 
4420.570359 0.023070 
4419.103167 0.023388 
4417.635976 0.023199 
4416.168784 0.023022 
4414.701593 0.023429 
4413.234401 0.023326 
4411.767210 0.022916 
4410.300018 0.022564 
4408.832827 0.022449 
4407.365635 0.022889 
4405.898444 0.022646 
4404.431252 0.022696 
4402.964061 0.022628 
4401.496869 0.022195 
4400.029678 0.022202 
4398.562486 0.022324 
4397.095295 0.022318 
4395.628103 0.022536 
4394.160912 0.022099 
4392.693720 0.022011 
4391.226529 0.021906 
4389.759337 0.021956 
4388.292146 0.021702 
4386.824954 0.022318 
4385.357763 0.021943 
4383.890571 0.021674 
4382.423380 0.021424 
4380.956188 0.021544 
4379.488997 0.022020 
4378.021805 0.021369 
4376.554614 0.021738 
4375.087422 0.022134 
4373.620231 0.021476 
4372.153039 0.021421 
4370.685848 0.021278 
4369.218656 0.021092 
4367.751465 0.021027 
4366.284273 0.021596 
4364.817082 0.021093 
4363.349890 0.021249 
4361.882699 0.021677 
4360.415507 0.020983 
4358.948316 0.021043 
4357.481124 0.020697 
4356.013933 0.020697 
4354.546741 0.020728 
4353.079550 0.020606 
4351.612358 0.020955 
4350.145167 0.020587 
4348.677975 0.021029 
4347.210784 0.020522 
4345.743592 0.020283 
4344.276401 0.020308 
4342.809209 0.020336 
4341.342018 0.020623 
4339.874826 0.020450 
4338.407635 0.020415 
4336.940443 0.020644 
4335.473252 0.020038 
4334.006060 0.020293 
4332.538869 0.020578 
4331.071677 0.020496 
4329.604486 0.020331 
4328.137294 0.019742 
4326.670103 0.020280 
4325.202911 0.019794 
4323.735720 0.019743 
4322.268528 0.019903 
4320.801337 0.020159 
4319.334145 0.019822 
4317.866954 0.020440 
4316.399762 0.019949 
4314.932571 0.019724 
4313.465379 0.019589 
4311.998188 0.019972 
4310.530996 0.019873 
4309.063805 0.019530 
4307.596613 0.019782 
4306.129422 0.019442 
4304.662230 0.019511 
4303.195039 0.019612 
4301.727847 0.019541 
4300.260656 0.019691 
4298.793464 0.019590 
4297.326273 0.019359 
4295.859081 0.019354 
4294.391890 0.019084 
4292.924698 0.019233 
4291.457507 0.019211 
4289.990315 0.019581 
4288.523124 0.019273 
4287.055932 0.018973 
4285.588741 0.019013 
4284.121549 0.019084 
4282.654358 0.018896 
4281.187166 0.018701 
4279.719975 0.019069 
4278.252783 0.018808 
4276.785592 0.018536 
4275.318400 0.018075 
4273.851209 0.018444 
4272.384017 0.018878 
4270.916826 0.018398 
4269.449634 0.018094 
4267.982443 0.018148 
4266.515251 0.018100 
4265.048060 0.018293 
4263.580868 0.018025 
4262.113677 0.018100 
4260.646485 0.018069 
4259.179294 0.018227 
4257.712102 0.018339 
4256.244911 0.018344 
4254.777719 0.017788 
4253.310528 0.018120 
4251.843336 0.017823 
4250.376145 0.018005 
4248.908953 0.018176 
4247.441762 0.018193 
4245.974570 0.018027 
4244.507379 0.017848 
4243.040187 0.017831 
4241.572996 0.017340 
4240.105804 0.017933 
4238.638613 0.017589 
4237.171421 0.017770 
4235.704230 0.017883 
4234.237038 0.017462 
4232.769847 0.017753 
4231.302655 0.017555 
4229.835464 0.017549 
4228.368272 0.017380 
4226.901081 0.017068 
4225.433889 0.017323 
4223.966698 0.017480 
4222.499507 0.017290 
4221.032315 0.017311 
4219.565124 0.017299 
4218.097932 0.017253 
4216.630741 0.017176 
4215.163549 0.017287 
4213.696358 0.016915 
4212.229166 0.017115 
4210.761975 0.016722 
4209.294783 0.016765 
4207.827592 0.016982 
4206.360400 0.017157 
4204.893209 0.017073 
4203.426017 0.016848 
4201.958826 0.017121 
4200.491634 0.016779 
4199.024443 0.016240 
4197.557251 0.016431 
4196.090060 0.016890 
4194.622868 0.016357 
4193.155677 0.016478 
4191.688485 0.016216 
4190.221294 0.016513 
4188.754102 0.016124 
4187.286911 0.015930 
4185.819719 0.016112 
4184.352528 0.016059 
4182.885336 0.016055 
4181.418145 0.015970 
4179.950953 0.015637 
4178.483762 0.015892 
4177.016570 0.015900 
4175.549379 0.015908 
4174.082187 0.015675 
4172.614996 0.015834 
4171.147804 0.015425 
4169.680613 0.015754 
4168.213421 0.015996 
4166.746230 0.015676 
4165.279038 0.015697 
4163.811847 0.015211 
4162.344655 0.015381 
4160.877464 0.015721 
4159.410272 0.015635 
4157.943081 0.015279 
4156.475889 0.015617 
4155.008698 0.015137 
4153.541506 0.015054 
4152.074315 0.015321 
4150.607123 0.015132 
4149.139932 0.015061 
4147.672740 0.015187 
4146.205549 0.015669 
4144.738357 0.015338 
4143.271166 0.015319 
4141.803974 0.015466 
4140.336783 0.015242 
4138.869591 0.015261 
4137.402400 0.015121 
4135.935208 0.014880 
4134.468017 0.014889 
4133.000825 0.015417 
4131.533634 0.014648 
4130.066442 0.014819 
4128.599251 0.014605 
4127.132059 0.014470 
4125.664868 0.014281 
4124.197676 0.014404 
4122.730485 0.014026 
4121.263293 0.014180 
4119.796102 0.014215 
4118.328910 0.013969 
4116.861719 0.014209 
4115.394527 0.013860 
4113.927336 0.013810 
4112.460144 0.013721 
4110.992953 0.013927 
4109.525761 0.014068 
4108.058570 0.013832 
4106.591378 0.013542 
4105.124187 0.013493 
4103.656995 0.013697 
4102.189804 0.014046 
4100.722612 0.013647 
4099.255421 0.013208 
4097.788229 0.013282 
4096.321038 0.013301 
4094.853846 0.012991 
4093.386655 0.013327 
4091.919463 0.013004 
4090.452272 0.012946 
4088.985080 0.012936 
4087.517889 0.012969 
4086.050697 0.012783 
4084.583506 0.012628 
4083.116314 0.012825 
4081.649123 0.012801 
4080.181931 0.012913 
4078.714740 0.012515 
4077.247548 0.013063 
4075.780357 0.012357 
4074.313165 0.012223 
4072.845974 0.012685 
4071.378782 0.012555 
4069.911591 0.012359 
4068.444399 0.012123 
4066.977208 0.012186 
4065.510016 0.011996 
4064.042825 0.012352 
4062.575633 0.011875 
4061.108442 0.012311 
4059.641250 0.012187 
4058.174059 0.011644 
4056.706867 0.011954 
4055.239676 0.011716 
4053.772484 0.011970 
4052.305293 0.011657 
4050.838101 0.011635 
4049.370910 0.011686 
4047.903718 0.011741 
4046.436527 0.011252 
4044.969335 0.011212 
4043.502144 0.011656 
4042.034952 0.011765 
4040.567761 0.011643 
4039.100569 0.011308 
4037.633378 0.011325 
4036.166186 0.011200 
4034.698995 0.011200 
4033.231803 0.011104 
4031.764612 0.010945 
4030.297420 0.011000 
4028.830229 0.010645 
4027.363037 0.010776 
4025.895846 0.010717 
4024.428654 0.010843 
4022.961463 0.011131 
4021.494271 0.010730 
4020.027080 0.010628 
4018.559888 0.010531 
4017.092697 0.010583 
4015.625505 0.010763 
4014.158314 0.010330 
4012.691122 0.010483 
4011.223931 0.010431 
4009.756739 0.010330 
4008.289548 0.010315 
4006.822356 0.010236 
4005.355165 0.010115 
4003.887973 0.010118 
4002.420782 0.010002 
4000.953590 0.010241 
3999.486399 0.010065 
3998.019207 0.009976 
3996.552016 0.009931 
3995.084824 0.009970 
3993.617633 0.009894 
3992.150441 0.009915 
3990.683250 0.009836 
3989.216058 0.009530 
3987.748867 0.009974 
3986.281675 0.009724 
3984.814484 0.009703 
3983.347292 0.009675 
3981.880101 0.009520 
3980.412909 0.009300 
3978.945718 0.009074 
3977.478526 0.009332 
3976.011335 0.009867 
3974.544143 0.009546 
3973.076952 0.009219 
3971.609760 0.009180 
3970.142569 0.009294 
3968.675377 0.009287 
3967.208186 0.008935 
3965.740994 0.009328 
3964.273803 0.009136 
3962.806612 0.009116 
3961.339420 0.009105 
3959.872229 0.008828 
3958.405037 0.008618 
3956.937846 0.008318 
3955.470654 0.008733 
3954.003463 0.008528 
3952.536271 0.008443 
3951.069080 0.008333 
3949.601888 0.008219 
3948.134697 0.008245 
3946.667505 0.007863 
3945.200314 0.008242 
3943.733122 0.008309 
3942.265931 0.007878 
3940.798739 0.008002 
3939.331548 0.008079 
3937.864356 0.007856 
3936.397165 0.007924 
3934.929973 0.007775 
3933.462782 0.007500 
3931.995590 0.007464 
3930.528399 0.007186 
3929.061207 0.007383 
3927.594016 0.007518 
3926.126824 0.007296 
3924.659633 0.007047 
3923.192441 0.006963 
3921.725250 0.007157 
3920.258058 0.006917 
3918.790867 0.006726 
3917.323675 0.006652 
3915.856484 0.006709 
3914.389292 0.006850 
3912.922101 0.006601 
3911.454909 0.006767 
3909.987718 0.006216 
3908.520526 0.006577 
3907.053335 0.006274 
3905.586143 0.005933 
3904.118952 0.005802 
3902.651760 0.006201 
3901.184569 0.005789 
3899.717377 0.005952 
3898.250186 0.005756 
3896.782994 0.006100 
3895.315803 0.005851 
3893.848611 0.006004 
3892.381420 0.005668 
3890.914228 0.005193 
3889.447037 0.005472 
3887.979845 0.005545 
3886.512654 0.005419 
3885.045462 0.004914 
3883.578271 0.005194 
3882.111079 0.005237 
3880.643888 0.005289 
3879.176696 0.004860 
3877.709505 0.004866 
3876.242313 0.004930 
3874.775122 0.004926 
3873.307930 0.004594 
3871.840739 0.004762 
3870.373547 0.004635 
3868.906356 0.004328 
3867.439164 0.004599 
3865.971973 0.004744 
3864.504781 0.004038 
3863.037590 0.004438 
3861.570398 0.004431 
3860.103207 0.004304 
3858.636015 0.004406 
3857.168824 0.003932 
3855.701632 0.003985 
3854.234441 0.003283 
3852.767249 0.003721 
3851.300058 0.003297 
3849.832866 0.003735 
3848.365675 0.003751 
3846.898483 0.004012 
3845.431292 0.003786 
3843.964100 0.003470 
3842.496909 0.003353 
3841.029717 0.003533 
3839.562526 0.003380 
3838.095334 0.003369 
3836.628143 0.003122 
3835.160951 0.003243 
3833.693760 0.003055 
3832.226568 0.003162 
3830.759377 0.003034 
3829.292185 0.002982 
3827.824994 0.003033 
3826.357802 0.002811 
3824.890611 0.003042 
3823.423419 0.003017 
3821.956228 0.002593 
3820.489036 0.002482 
3819.021845 0.002746 
3817.554653 0.002605 
3816.087462 0.002092 
3814.620270 0.002440 
3813.153079 0.002733 
3811.685887 0.002275 
3810.218696 0.002385 
3808.751504 0.002336 
3807.284313 0.002272 
3805.817121 0.002233 
3804.349930 0.002258 
3802.882738 0.002172 
3801.415547 0.001724 
3799.948355 0.001762 
3798.481164 0.002195 
3797.013972 0.002164 
3795.546781 0.001434 
3794.079589 0.002064 
3792.612398 0.002124 
3791.145206 0.001877 
3789.678015 0.001586 
3788.210823 0.001748 
3786.743632 0.002088 
3785.276440 0.001659 
3783.809249 0.001698 
3782.342057 0.001542 
3780.874866 0.001514 
3779.407674 0.001502 
3777.940483 0.001546 
3776.473291 0.001384 
3775.006100 0.001826 
3773.538908 0.001430 
3772.071717 0.001519 
3770.604525 0.001522 
3769.137334 0.001084 
3767.670142 0.001359 
3766.202951 0.001115 
3764.735759 0.000823 
3763.268568 0.001152 
3761.801376 0.001254 
3760.334185 0.001398 
3758.866993 0.000955 
3757.399802 0.001701 
3755.932610 0.001556 
3754.465419 0.001286 
3752.998227 0.001375 
3751.531036 0.000922 
3750.063844 0.001424 
3748.596653 0.001370 
3747.129461 0.001464 
3745.662270 0.001897 
3744.195078 0.000757 
3742.727887 0.001800 
3741.260695 0.001769 
3739.793504 0.002144 
3738.326312 0.001978 
3736.859121 0.001654 
3735.391929 0.001920 
3733.924738 0.001766 
3732.457546 0.002133 
3730.990355 0.001614 
3729.523163 0.001855 
3728.055972 0.001868 
3726.588780 0.001930 
3725.121589 0.001783 
3723.654397 0.002007 
3722.187206 0.001628 
3720.720014 0.001860 
3719.252823 0.001893 
3717.785631 0.002135 
3716.318440 0.002047 
3714.851248 0.001784 
3713.384057 0.001961 
3711.916865 0.001467 
3710.449674 0.002933 
3708.982482 0.016039 
3707.515291 0.041364 
3706.048099 0.010946 
3704.580908 0.004932 
3703.113717 0.004418 
3701.646525 0.004161 
3700.179334 0.004350 
3698.712142 0.004323 
3697.244951 0.004304 
3695.777759 0.003852 
3694.310568 0.003398 
3692.843376 0.002443 
3691.376185 0.001810 
3689.908993 0.001447 
3688.441802 0.000831 
3686.974610 0.000644 
3685.507419 0.000748 
3684.040227 0.000328 
3682.573036 0.000322 
3681.105844 0.000261 
3679.638653 0.000121 
3678.171461 0.000113 
3676.704270 0.000278 
3675.237078 -0.000339 
3673.769887 0.000707 
3672.302695 0.000860 
3670.835504 0.000787 
3669.368312 0.000940 
3667.901121 0.001691 
3666.433929 0.002108 
3664.966738 0.002492 
3663.499546 0.002934 
3662.032355 0.003412 
3660.565163 0.003872 
3659.097972 0.004194 
3657.630780 0.004867 
3656.163589 0.005438 
3654.696397 0.006290 
3653.229206 0.006893 
3651.762014 0.007153 
3650.294823 0.007768 
3648.827631 0.008217 
3647.360440 0.008860 
3645.893248 0.009602 
3644.426057 0.010011 
3642.958865 0.010636 
3641.491674 0.011397 
3640.024482 0.012000 
3638.557291 0.012543 
3637.090099 0.012985 
3635.622908 0.013688 
3634.155716 0.013997 
3632.688525 0.014867 
3631.221333 0.015664 
3629.754142 0.015676 
3628.286950 0.015983 
3626.819759 0.016916 
3625.352567 0.017650 
3623.885376 0.018092 
3622.418184 0.018914 
3620.950993 0.019219 
3619.483801 0.019859 
3618.016610 0.020777 
3616.549418 0.021332 
3615.082227 0.022618 
3613.615035 0.023304 
3612.147844 0.024082 
3610.680652 0.024849 
3609.213461 0.025806 
3607.746269 0.027237 
3606.279078 0.028223 
3604.811886 0.029213 
3603.344695 0.030173 
3601.877503 0.032973 
3600.410312 0.043478 
3598.943120 0.047023 
3597.475929 0.036776 
3596.008737 0.037517 
3594.541546 0.038465 
3593.074354 0.040185 
3591.607163 0.041492 
3590.139971 0.042876 
3588.672780 0.043989 
3587.205588 0.045739 
3585.738397 0.046988 
3584.271205 0.048417 
3582.804014 0.049994 
3581.336822 0.051218 
3579.869631 0.053366 
3578.402439 0.055165 
3576.935248 0.056501 
3575.468056 0.058055 
3574.000865 0.060496 
3572.533673 0.062342 
3571.066482 0.064374 
3569.599290 0.066369 
3568.132099 0.068376 
3566.664907 0.070354 
3565.197716 0.072950 
3563.730524 0.074959 
3562.263333 0.077455 
3560.796141 0.079745 
3559.328950 0.082092 
3557.861758 0.084899 
3556.394567 0.087211 
3554.927375 0.090078 
3553.460184 0.092805 
3551.992992 0.095538 
3550.525801 0.098330 
3549.058609 0.101151 
3547.591418 0.104058 
3546.124226 0.106919 
3544.657035 0.109824 
3543.189843 0.113211 
3541.722652 0.116504 
3540.255460 0.120086 
3538.788269 0.123248 
3537.321077 0.126531 
3535.853886 0.130098 
3534.386694 0.133619 
3532.919503 0.137529 
3531.452311 0.141205 
3529.985120 0.144963 
3528.517928 0.149075 
3527.050737 0.153037 
3525.583545 0.157091 
3524.116354 0.161108 
3522.649162 0.165386 
3521.181971 0.170163 
3519.714779 0.174501 
3518.247588 0.179339 
3516.780396 0.183612 
3515.313205 0.188091 
3513.846013 0.193153 
3512.378822 0.197958 
3510.911630 0.203365 
3509.444439 0.208515 
3507.977247 0.213597 
3506.510056 0.218592 
3505.042864 0.224250 
3503.575673 0.229927 
3502.108481 0.234872 
3500.641290 0.240947 
3499.174098 0.247006 
3497.706907 0.253240 
3496.239715 0.258955 
3494.772524 0.265329 
3493.305332 0.271326 
3491.838141 0.277847 
3490.370949 0.284630 
3488.903758 0.291345 
3487.436566 0.298145 
3485.969375 0.305008 
3484.502183 0.311977 
3483.034992 0.319180 
3481.567800 0.326397 
3480.100609 0.334026 
3478.633417 0.341447 
3477.166226 0.349183 
3475.699034 0.356570 
3474.231843 0.365540 
3472.764651 0.373303 
3471.297460 0.381146 
3469.830268 0.389485 
3468.363077 0.396963 
3466.895885 0.406144 
3465.428694 0.414595 
3463.961502 0.423268 
3462.494311 0.432646 
3461.027119 0.441906 
3459.559928 0.450503 
3458.092736 0.459988 
3456.625545 0.469009 
3455.158353 0.477587 
3453.691162 0.487245 
3452.223970 0.496423 
3450.756779 0.505627 
3449.289587 0.515876 
3447.822396 0.525108 
3446.355205 0.533218 
3444.888013 0.543717 
3443.420822 0.553050 
3441.953630 0.562547 
3440.486439 0.572352 
3439.019247 0.581437 
3437.552056 0.590980 
3436.084864 0.599867 
3434.617673 0.607624 
3433.150481 0.617355 
3431.683290 0.627316 
3430.216098 0.636090 
3428.748907 0.646144 
3427.281715 0.655514 
3425.814524 0.664361 
3424.347332 0.673748 
3422.880141 0.683370 
3421.412949 0.692714 
3419.945758 0.701316 
3418.478566 0.709483 
3417.011375 0.717631 
3415.544183 0.728112 
3414.076992 0.736789 
3412.609800 0.744559 
3411.142609 0.753272 
3409.675417 0.762166 
3408.208226 0.769011 
3406.741034 0.778596 
3405.273843 0.787349 
3403.806651 0.795222 
3402.339460 0.802218 
3400.872268 0.807416 
3399.405077 0.813413 
3397.937885 0.823746 
3396.470694 0.831505 
3395.003502 0.838731 
3393.536311 0.846900 
3392.069119 0.850705 
3390.601928 0.855452 
3389.134736 0.867227 
3387.667545 0.873264 
3386.200353 0.880457 
3384.733162 0.887377 
3383.265970 0.894834 
3381.798779 0.901378 
3380.331587 0.906581 
3378.864396 0.912681 
3377.397204 0.918178 
3375.930013 0.925698 
3374.462821 0.931878 
3372.995630 0.937887 
3371.528438 0.943609 
3370.061247 0.949249 
3368.594055 0.948422 
3367.126864 0.959243 
3365.659672 0.964311 
3364.192481 0.972641 
3362.725289 0.978356 
3361.258098 0.983217 
3359.790906 0.991698 
3358.323715 0.997675 
3356.856523 1.001542 
3355.389332 1.007742 
3353.922140 1.013419 
3352.454949 1.022885 
3350.987757 1.025782 
3349.520566 1.027928 
3348.053374 1.036075 
3346.586183 1.044428 
3345.118991 1.050849 
3343.651800 1.060390 
3342.184608 1.062175 
3340.717417 1.069218 
3339.250225 1.077129 
3337.783034 1.078559 
3336.315842 1.087851 
3334.848651 1.094673 
3333.381459 1.101662 
3331.914268 1.108721 
3330.447076 1.114886 
3328.979885 1.122304 
3327.512693 1.131335 
3326.045502 1.135772 
3324.578310 1.143480 
3323.111119 1.152585 
3321.643927 1.160137 
3320.176736 1.168214 
3318.709544 1.173749 
3317.242353 1.179698 
3315.775161 1.186731 
3314.307970 1.198320 
3312.840778 1.206520 
3311.373587 1.215344 
3309.906395 1.222785 
3308.439204 1.224874 
3306.972012 1.230995 
3305.504821 1.231077 
3304.037629 1.233851 
3302.570438 1.254271 
3301.103246 1.264593 
3299.636055 1.275622 
3298.168863 1.286662 
3296.701672 1.294022 
3295.234480 1.296665 
3293.767289 1.303562 
3292.300097 1.311059 
3290.832906 1.316044 
3289.365714 1.327062 
3287.898523 1.333156 
3286.431331 1.339760 
3284.964140 1.344813 
3283.496948 1.353129 
3282.029757 1.359411 
3280.562565 1.365582 
3279.095374 1.373884 
3277.628182 1.376660 
3276.160991 1.385881 
3274.693799 1.389818 
3273.226608 1.395144 
3271.759416 1.391916 
3270.292225 1.386965 
3268.825033 1.398756 
3267.357842 1.403555 
3265.890650 1.407496 
3264.423459 1.411628 
3262.956267 1.416184 
3261.489076 1.417199 
3260.021884 1.419499 
3258.554693 1.420602 
3257.087501 1.417974 
3255.620310 1.417312 
3254.153118 1.417435 
3252.685927 1.424052 
3251.218735 1.418318 
3249.751544 1.417801 
3248.284352 1.417858 
3246.817161 1.406346 
3245.349969 1.410992 
3243.882778 1.411070 
3242.415586 1.407345 
3240.948395 1.406048 
3239.481203 1.405283 
3238.014012 1.402732 
3236.546820 1.402530 
3235.079629 1.395315 
3233.612437 1.374917 
3232.145246 1.373784 
3230.678054 1.379628 
3229.210863 1.377168 
3227.743671 1.373168 
3226.276480 1.362977 
3224.809288 1.362723 
3223.342097 1.360612 
3221.874905 1.352381 
3220.407714 1.345623 
3218.940522 1.339324 
3217.473331 1.332164 
3216.006139 1.324402 
3214.538948 1.317437 
3213.071756 1.312088 
3211.604565 1.305106 
3210.137373 1.298888 
3208.670182 1.289387 
3207.202990 1.284496 
3205.735799 1.276634 
3204.268607 1.269786 
3202.801416 1.261520 
3201.334224 1.256515 
3199.867033 1.247342 
3198.399841 1.241311 
3196.932650 1.232353 
3195.465458 1.223730 
3193.998267 1.214231 
3192.531075 1.207977 
3191.063884 1.197651 
3189.596692 1.193098 
3188.129501 1.182110 
3186.662310 1.172955 
3185.195118 1.165765 
3183.727927 1.158395 
3182.260735 1.149421 
3180.793544 1.139001 
3179.326352 1.131347 
3177.859161 1.120289 
3176.391969 1.111265 
3174.924778 1.102135 
3173.457586 1.093403 
3171.990395 1.083764 
3170.523203 1.073095 
3169.056012 1.064638 
3167.588820 1.054872 
3166.121629 1.044590 
3164.654437 1.034336 
3163.187246 1.023607 
3161.720054 1.013662 
3160.252863 1.003664 
3158.785671 0.991960 
3157.318480 0.981577 
3155.851288 0.971728 
3154.384097 0.961125 
3152.916905 0.947157 
3151.449714 0.933921 
3149.982522 0.925102 
3148.515331 0.914648 
3147.048139 0.904457 
3145.580948 0.892983 
3144.113756 0.882008 
3142.646565 0.871069 
3141.179373 0.858677 
3139.712182 0.845516 
3138.244990 0.835006 
3136.777799 0.823119 
3135.310607 0.811536 
3133.843416 0.799567 
3132.376224 0.788836 
3130.909033 0.776320 
3129.441841 0.763507 
3127.974650 0.751433 
3126.507458 0.739466 
3125.040267 0.727063 
3123.573075 0.715124 
3122.105884 0.703047 
3120.638692 0.688931 
3119.171501 0.676594 
3117.704309 0.664069 
3116.237118 0.650489 
3114.769926 0.638835 
3113.302735 0.628754 
3111.835543 0.616473 
3110.368352 0.604495 
3108.901160 0.590977 
3107.433969 0.579818 
3105.966777 0.568578 
3104.499586 0.556782 
3103.032394 0.544333 
3101.565203 0.532290 
3100.098011 0.521128 
3098.630820 0.509650 
3097.163628 0.498845 
3095.696437 0.487348 
3094.229245 0.475953 
3092.762054 0.465203 
3091.294862 0.454662 
3089.827671 0.443433 
3088.360479 0.433530 
3086.893288 0.422889 
3085.426096 0.413467 
3083.958905 0.402599 
3082.491713 0.393608 
3081.024522 0.384112 
3079.557330 0.375126 
3078.090139 0.364936 
3076.622947 0.356890 
3075.155756 0.348665 
3073.688564 0.340357 
3072.221373 0.332362 
3070.754181 0.324270 
3069.286990 0.316812 
3067.819798 0.309064 
3066.352607 0.301704 
3064.885415 0.294720 
3063.418224 0.288150 
3061.951032 0.281381 
3060.483841 0.275204 
3059.016649 0.269008 
3057.549458 0.262766 
3056.082266 0.257106 
3054.615075 0.251419 
3053.147883 0.246254 
3051.680692 0.241079 
3050.213500 0.235697 
3048.746309 0.230911 
3047.279117 0.226429 
3045.811926 0.221606 
3044.344734 0.217300 
3042.877543 0.212577 
3041.410351 0.208343 
3039.943160 0.204383 
3038.475968 0.200826 
3037.008777 0.197202 
3035.541585 0.193199 
3034.074394 0.189770 
3032.607202 0.186312 
3031.140011 0.183059 
3029.672819 0.179772 
3028.205628 0.176761 
3026.738436 0.173555 
3025.271245 0.170644 
3023.804053 0.167888 
3022.336862 0.164898 
3020.869670 0.162508 
3019.402479 0.160034 
3017.935287 0.157627 
3016.468096 0.155112 
3015.000904 0.152854 
3013.533713 0.150138 
3012.066521 0.148147 
3010.599330 0.145718 
3009.132138 0.143914 
3007.664947 0.141387 
3006.197755 0.139118 
3004.730564 0.137212 
3003.263372 0.134821 
3001.796181 0.132716 
3000.328989 0.130686 
2998.861798 0.128716 
2997.394606 0.126717 
2995.927415 0.124810 
2994.460223 0.122746 
2992.993032 0.121005 
2991.525840 0.119032 
2990.058649 0.117573 
2988.591457 0.115779 
2987.124266 0.114109 
2985.657074 0.112542 
2984.189883 0.111031 
2982.722691 0.109652 
2981.255500 0.108369 
2979.788308 0.106652 
2978.321117 0.105502 
2976.853925 0.104417 
2975.386734 0.103399 
2973.919542 0.102241 
2972.452351 0.101265 
2970.985159 0.100095 
2969.517968 0.099092 
2968.050776 0.098129 
2966.583585 0.097128 
2965.116393 0.096140 
2963.649202 0.095294 
2962.182010 0.094547 
2960.714819 0.093970 
2959.247627 0.093058 
2957.780436 0.092525 
2956.313244 0.091511 
2954.846053 0.091091 
2953.378861 0.090505 
2951.911670 0.089839 
2950.444478 0.089361 
2948.977287 0.088827 
2947.510095 0.088120 
2946.042904 0.087951 
2944.575712 0.087773 
2943.108521 0.087488 
2941.641329 0.087036 
2940.174138 0.086775 
2938.706946 0.086166 
2937.239755 0.086021 
2935.772563 0.085649 
2934.305372 0.085106 
2932.838180 0.084667 
2931.370989 0.083954 
2929.903797 0.083512 
2928.436606 0.083070 
2926.969415 0.082414 
2925.502223 0.082004 
2924.035032 0.081380 
2922.567840 0.080959 
2921.100649 0.080759 
2919.633457 0.080316 
2918.166266 0.080135 
2916.699074 0.079538 
2915.231883 0.079335 
2913.764691 0.078948 
2912.297500 0.078707 
2910.830308 0.078326 
2909.363117 0.077849 
2907.895925 0.077503 
2906.428734 0.077241 
2904.961542 0.077067 
2903.494351 0.076505 
2902.027159 0.076150 
2900.559968 0.075663 
2899.092776 0.075232 
2897.625585 0.074922 
2896.158393 0.074572 
2894.691202 0.074103 
2893.224010 0.073685 
2891.756819 0.073266 
2890.289627 0.072782 
2888.822436 0.072473 
2887.355244 0.072209 
2885.888053 0.071556 
2884.420861 0.071277 
2882.953670 0.071226 
2881.486478 0.070806 
2880.019287 0.070569 
2878.552095 0.070339 
2877.084904 0.070000 
2875.617712 0.069660 
2874.150521 0.069238 
2872.683329 0.069325 
2871.216138 0.069103 
2869.748946 0.068807 
2868.281755 0.068595 
2866.814563 0.068146 
2865.347372 0.067932 
2863.880180 0.067527 
2862.412989 0.067475 
2860.945797 0.067073 
2859.478606 0.066699 
2858.011414 0.066245 
2856.544223 0.065949 
2855.077031 0.065402 
2853.609840 0.064733 
2852.142648 0.064507 
2850.675457 0.064101 
2849.208265 0.063457 
2847.741074 0.062865 
2846.273882 0.062482 
2844.806691 0.061932 
2843.339499 0.061600 
2841.872308 0.061190 
2840.405116 0.060592 
2838.937925 0.060211 
2837.470733 0.060100 
2836.003542 0.059670 
2834.536350 0.059216 
2833.069159 0.058744 
2831.601967 0.058434 
2830.134776 0.058052 
2828.667584 0.057418 
2827.200393 0.056958 
2825.733201 0.056401 
2824.266010 0.055892 
2822.798818 0.055283 
2821.331627 0.054772 
2819.864435 0.054301 
2818.397244 0.053901 
2816.930052 0.053283 
2815.462861 0.052700 
2813.995669 0.052440 
2812.528478 0.051886 
2811.061286 0.051400 
2809.594095 0.050840 
2808.126903 0.050331 
2806.659712 0.050088 
2805.192520 0.049447 
2803.725329 0.049262 
2802.258137 0.048563 
2800.790946 0.048156 
2799.323754 0.047912 
2797.856563 0.047337 
2796.389371 0.047153 
2794.922180 0.046761 
2793.454988 0.046212 
2791.987797 0.045715 
2790.520605 0.045527 
2789.053414 0.044986 
2787.586222 0.044666 
2786.119031 0.044408 
2784.651839 0.044059 
2783.184648 0.043756 
2781.717456 0.043219 
2780.250265 0.042934 
2778.783073 0.043078 
2777.315882 0.042617 
2775.848690 0.042408 
2774.381499 0.042000 
2772.914307 0.041900 
2771.447116 0.041582 
2769.979924 0.041497 
2768.512733 0.041066 
2767.045541 0.041056 
2765.578350 0.040681 
2764.111158 0.040566 
2762.643967 0.040232 
2761.176775 0.040335 
2759.709584 0.040104 
2758.242392 0.039899 
2756.775201 0.039649 
2755.308009 0.039374 
2753.840818 0.039099 
2752.373626 0.039039 
2750.906435 0.039173 
2749.439243 0.038999 
2747.972052 0.038762 
2746.504860 0.038439 
2745.037669 0.038328 
2743.570477 0.038053 
2742.103286 0.038000 
2740.636094 0.037993 
2739.168903 0.037668 
2737.701711 0.037505 
2736.234520 0.037299 
2734.767328 0.037204 
2733.300137 0.036997 
2731.832945 0.036750 
2730.365754 0.036765 
2728.898562 0.036537 
2727.431371 0.036427 
2725.964179 0.036197 
2724.496988 0.036011 
2723.029796 0.035898 
2721.562605 0.035644 
2720.095413 0.035435 
2718.628222 0.035273 
2717.161030 0.035002 
2715.693839 0.034884 
2714.226647 0.034746 
2712.759456 0.034513 
2711.292264 0.034527 
2709.825073 0.034295 
2708.357881 0.033904 
2706.890690 0.033749 
2705.423498 0.033694 
2703.956307 0.033321 
2702.489115 0.033263 
2701.021924 0.032998 
2699.554732 0.032724 
2698.087541 0.032700 
2696.620349 0.032697 
2695.153158 0.032300 
2693.685966 0.032170 
2692.218775 0.032099 
2690.751583 0.031949 
2689.284392 0.031851 
2687.817200 0.031698 
2686.350009 0.031644 
2684.882817 0.031307 
2683.415626 0.030902 
2681.948434 0.031137 
2680.481243 0.030933 
2679.014051 0.030855 
2677.546860 0.030731 
2676.079668 0.030661 
2674.612477 0.030319 
2673.145285 0.030385 
2671.678094 0.030415 
2670.210903 0.030200 
2668.743711 0.030131 
2667.276520 0.030213 
2665.809328 0.030164 
2664.342137 0.029975 
2662.874945 0.030011 
2661.407754 0.029896 
2659.940562 0.029845 
2658.473371 0.029871 
2657.006179 0.029900 
2655.538988 0.029969 
2654.071796 0.029880 
2652.604605 0.029802 
2651.137413 0.029941 
2649.670222 0.030071 
2648.203030 0.030102 
2646.735839 0.030246 
2645.268647 0.030100 
2643.801456 0.030304 
2642.334264 0.030423 
2640.867073 0.030407 
2639.399881 0.030605 
2637.932690 0.030731 
2636.465498 0.030736 
2634.998307 0.031013 
2633.531115 0.031000 
2632.063924 0.031200 
2630.596732 0.031303 
2629.129541 0.031470 
2627.662349 0.031600 
2626.195158 0.031900 
2624.727966 0.031900 
2623.260775 0.032084 
2621.793583 0.032296 
2620.326392 0.032253 
2618.859200 0.032364 
2617.392009 0.032417 
2615.924817 0.032500 
2614.457626 0.032543 
2612.990434 0.032503 
2611.523243 0.032670 
2610.056051 0.032672 
2608.588860 0.032769 
2607.121668 0.032879 
2605.654477 0.032597 
2604.187285 0.032809 
2602.720094 0.032887 
2601.252902 0.032881 
2599.785711 0.032937 
2598.318519 0.033103 
2596.851328 0.033145 
2595.384136 0.033206 
2593.916945 0.033400 
2592.449753 0.033300 
2590.982562 0.033376 
2589.515370 0.033670 
2588.048179 0.033659 
2586.580987 0.033900 
2585.113796 0.033987 
2583.646604 0.033943 
2582.179413 0.034200 
2580.712221 0.034130 
2579.245030 0.034220 
2577.777838 0.034197 
2576.310647 0.034153 
2574.843455 0.034100 
2573.376264 0.034110 
2571.909072 0.034328 
2570.441881 0.034163 
2568.974689 0.034098 
2567.507498 0.033979 
2566.040306 0.033868 
2564.573115 0.033997 
2563.105923 0.033763 
2561.638732 0.033700 
2560.171540 0.033696 
2558.704349 0.033455 
2557.237157 0.033500 
2555.769966 0.033418 
2554.302774 0.033130 
2552.835583 0.032993 
2551.368391 0.033004 
2549.901200 0.032867 
2548.434008 0.032663 
2546.966817 0.032693 
2545.499625 0.032432 
2544.032434 0.032312 
2542.565242 0.032195 
2541.098051 0.031896 
2539.630859 0.031958 
2538.163668 0.031700 
2536.696476 0.031624 
2535.229285 0.031325 
2533.762093 0.031100 
2532.294902 0.031147 
2530.827710 0.030925 
2529.360519 0.030796 
2527.893327 0.030629 
2526.426136 0.030467 
2524.958944 0.030340 
2523.491753 0.030200 
2522.024561 0.029937 
2520.557370 0.029994 
2519.090178 0.029816 
2517.622987 0.029525 
2516.155795 0.029596 
2514.688604 0.029384 
2513.221412 0.029162 
2511.754221 0.029066 
2510.287029 0.029000 
2508.819838 0.028962 
2507.352646 0.028641 
2505.885455 0.028529 
2504.418263 0.028494 
2502.951072 0.028317 
2501.483880 0.028300 
2500.016689 0.028162 
2498.549497 0.028097 
2497.082306 0.027937 
2495.615114 0.027800 
2494.147923 0.027858 
2492.680731 0.027629 
2491.213540 0.027562 
2489.746348 0.027400 
2488.279157 0.027400 
2486.811965 0.027392 
2485.344774 0.027305 
2483.877582 0.027329 
2482.410391 0.027033 
2480.943199 0.027012 
2479.476008 0.027121 
2478.008816 0.026900 
2476.541625 0.026955 
2475.074433 0.026920 
2473.607242 0.027025 
2472.140050 0.026841 
2470.672859 0.026972 
2469.205667 0.027147 
2467.738476 0.027114 
2466.271284 0.027115 
2464.804093 0.027043 
2463.336901 0.027117 
2461.869710 0.027272 
2460.402518 0.027306 
2458.935327 0.027300 
2457.468135 0.027228 
2456.000944 0.027300 
2454.533752 0.027324 
2453.066561 0.027184 
2451.599369 0.026947 
2450.132178 0.026989 
2448.664986 0.026857 
2447.197795 0.026628 
2445.730603 0.026595 
2444.263412 0.026428 
2442.796220 0.026254 
2441.329029 0.026105 
2439.861837 0.025982 
2438.394646 0.025922 
2436.927454 0.025762 
2435.460263 0.025690 
2433.993071 0.025461 
2432.525880 0.025400 
2431.058688 0.025472 
2429.591497 0.025321 
2428.124305 0.025271 
2426.657114 0.025172 
2425.189922 0.025152 
2423.722731 0.025094 
2422.255539 0.025000 
2420.788348 0.024863 
2419.321156 0.024728 
2417.853965 0.024772 
2416.386773 0.024582 
2414.919582 0.024588 
2413.452390 0.024491 
2411.985199 0.024422 
2410.518008 0.024411 
2409.050816 0.024596 
2407.583625 0.024500 
2406.116433 0.024494 
2404.649242 0.024344 
2403.182050 0.024197 
2401.714859 0.024098 
2400.247667 0.024090 
2398.780476 0.024061 
2397.313284 0.023988 
2395.846093 0.023727 
2394.378901 0.023604 
2392.911710 0.023465 
2391.444518 0.023300 
2389.977327 0.023406 
2388.510135 0.023200 
2387.042944 0.023142 
2385.575752 0.023100 
2384.108561 0.023106 
2382.641369 0.023423 
2381.174178 0.025398 
2379.706986 0.029189 
2378.239795 0.034644 
2376.772603 0.044384 
2375.305412 0.058205 
2373.838220 0.071567 
2372.371029 0.081757 
2370.903837 0.092862 
2369.436646 0.109344 
2367.969454 0.126281 
2366.502263 0.150590 
2365.035071 0.170785 
2363.567880 0.200385 
2362.100688 0.227115 
2360.633497 0.265237 
2359.166305 0.307937 
2357.699114 0.357972 
2356.231922 0.428059 
2354.764731 0.507458 
2353.297539 0.592575 
2351.830348 0.643041 
2350.363156 0.567665 
2348.895965 0.405544 
2347.428773 0.319976 
2345.961582 0.325254 
2344.494390 0.384476 
2343.027199 0.464114 
2341.560007 0.520167 
2340.092816 0.515309 
2338.625624 0.401260 
2337.158433 0.244195 
2335.691241 0.150365 
2334.224050 0.107520 
2332.756858 0.083033 
2331.289667 0.067498 
2329.822475 0.061696 
2328.355284 0.060632 
2326.888092 0.060743 
2325.420901 0.053914 
2323.953709 0.050860 
2322.486518 0.049885 
2321.019326 0.047898 
2319.552135 0.044644 
2318.084943 0.041792 
2316.617752 0.041871 
2315.150560 0.041715 
2313.683369 0.040057 
2312.216177 0.039606 
2310.748986 0.039795 
2309.281794 0.038952 
2307.814603 0.038105 
2306.347411 0.038309 
2304.880220 0.038231 
2303.413028 0.037625 
2301.945837 0.037617 
2300.478645 0.037741 
2299.011454 0.037413 
2297.544262 0.037199 
2296.077071 0.036978 
2294.609879 0.036886 
2293.142688 0.036901 
2291.675496 0.036979 
2290.208305 0.036974 
2288.741113 0.036959 
2287.273922 0.037077 
2285.806730 0.038285 
2284.339539 0.041518 
2282.872347 0.057216 
2281.405156 0.053147 
2279.937964 0.043791 
2278.470773 0.043169 
2277.003581 0.044780 
2275.536390 0.045398 
2274.069198 0.044871 
2272.602007 0.043086 
2271.134815 0.042324 
2269.667624 0.042756 
2268.200432 0.043146 
2266.733241 0.043548 
2265.266049 0.044060 
2263.798858 0.043841 
2262.331666 0.043759 
2260.864475 0.043497 
2259.397283 0.043382 
2257.930092 0.043252 
2256.462900 0.043107 
2254.995709 0.043046 
2253.528517 0.043142 
2252.061326 0.043159 
2250.594134 0.043275 
2249.126943 0.043244 
2247.659751 0.043276 
2246.192560 0.043309 
2244.725368 0.043487 
2243.258177 0.043503 
2241.790985 0.043509 
2240.323794 0.043258 
2238.856602 0.043329 
2237.389411 0.043325 
2235.922219 0.043148 
2234.455028 0.043148 
2232.987836 0.043100 
2231.520645 0.042816 
2230.053453 0.042691 
2228.586262 0.042522 
2227.119070 0.042276 
2225.651879 0.042077 
2224.184687 0.041733 
2222.717496 0.041436 
2221.250304 0.041152 
2219.783113 0.040785 
2218.315921 0.040483 
2216.848730 0.040228 
2215.381538 0.039867 
2213.914347 0.039453 
2212.447155 0.039114 
2210.979964 0.038853 
2209.512772 0.038532 
2208.045581 0.038267 
2206.578389 0.037757 
2205.111198 0.037474 
2203.644006 0.037100 
2202.176815 0.036949 
2200.709623 0.036760 
2199.242432 0.036391 
2197.775240 0.036224 
2196.308049 0.036081 
2194.840857 0.035791 
2193.373666 0.035700 
2191.906474 0.035615 
2190.439283 0.035407 
2188.972091 0.035305 
2187.504900 0.035157 
2186.037708 0.035091 
2184.570517 0.035000 
2183.103325 0.034957 
2181.636134 0.034928 
2180.168942 0.035200 
2178.701751 0.035185 
2177.234559 0.035000 
2175.767368 0.034924 
2174.300176 0.034739 
2172.832985 0.034403 
2171.365793 0.034149 
2169.898602 0.033670 
2168.431410 0.032913 
2166.964219 0.032200 
2165.497027 0.031475 
2164.029836 0.030625 
2162.562644 0.029653 
2161.095453 0.028795 
2159.628261 0.028085 
2158.161070 0.027964 
2156.693878 0.028666 
2155.226687 0.029621 
2153.759495 0.029293 
2152.292304 0.028464 
2150.825113 0.027738 
2149.357921 0.027550 
2147.890730 0.028217 
2146.423538 0.029895 
2144.956347 0.032783 
2143.489155 0.036742 
2142.021964 0.041689 
2140.554772 0.046744 
2139.087581 0.050457 
2137.620389 0.051220 
2136.153198 0.051661 
2134.686006 0.048710 
2133.218815 0.042613 
2131.751623 0.034892 
2130.284432 0.029619 
2128.817240 0.026500 
2127.350049 0.024826 
2125.882857 0.023661 
2124.415666 0.022877 
2122.948474 0.022275 
2121.481283 0.021451 
2120.014091 0.020949 
2118.546900 0.020231 
2117.079708 0.019596 
2115.612517 0.018964 
2114.145325 0.018136 
2112.678134 0.017560 
2111.210942 0.016875 
2109.743751 0.016086 
2108.276559 0.015765 
2106.809368 0.016174 
2105.342176 0.017813 
2103.874985 0.020496 
2102.407793 0.023096 
2100.940602 0.024689 
2099.473410 0.025014 
2098.006219 0.024528 
2096.539027 0.024066 
2095.071836 0.023656 
2093.604644 0.023428 
2092.137453 0.023323 
2090.670261 0.023299 
2089.203070 0.022776 
2087.735878 0.022180 
2086.268687 0.021141 
2084.801495 0.020079 
2083.334304 0.018862 
2081.867112 0.017969 
2080.399921 0.017225 
2078.932729 0.016765 
2077.465538 0.016241 
2075.998346 0.015810 
2074.531155 0.015610 
2073.063963 0.015059 
2071.596772 0.014682 
2070.129580 0.014508 
2068.662389 0.014234 
2067.195197 0.013980 
2065.728006 0.013802 
2064.260814 0.013474 
2062.793623 0.013078 
2061.326431 0.012683 
2059.859240 0.012227 
2058.392048 0.011906 
2056.924857 0.011631 
2055.457665 0.011151 
2053.990474 0.010581 
2052.523282 0.010228 
2051.056091 0.009902 
2049.588899 0.009654 
2048.121708 0.009422 
2046.654516 0.009479 
2045.187325 0.010384 
2043.720133 0.009232 
2042.252942 0.008195 
2040.785750 0.007909 
2039.318559 0.007559 
2037.851367 0.007155 
2036.384176 0.006974 
2034.916984 0.006774 
2033.449793 0.006546 
2031.982601 0.006466 
2030.515410 0.006248 
2029.048218 0.006160 
2027.581027 0.006041 
2026.113835 0.006078 
2024.646644 0.005945 
2023.179452 0.005883 
2021.712261 0.005712 
2020.245069 0.005510 
2018.777878 0.005492 
2017.310686 0.005485 
2015.843495 0.005454 
2014.376303 0.005315 
2012.909112 0.005121 
2011.441920 0.005195 
2009.974729 0.005085 
2008.507537 0.004917 
2007.040346 0.004889 
2005.573154 0.004770 
2004.105963 0.004590 
2002.638771 0.004480 
2001.171580 0.004288 
1999.704388 0.004200 
1998.237197 0.004100 
1996.770005 0.004164 
1995.302814 0.003900 
1993.835622 0.003800 
1992.368431 0.003635 
1990.901239 0.003521 
1989.434048 0.003454 
1987.966856 0.003313 
1986.499665 0.003367 
1985.032473 0.003165 
1983.565282 0.003100 
1982.098090 0.003021 
1980.630899 0.003000 
1979.163707 0.002900 
1977.696516 0.002741 
1976.229324 0.002691 
1974.762133 0.002591 
1973.294941 0.002506 
1971.827750 0.002477 
1970.360558 0.002387 
1968.893367 0.002300 
1967.426175 0.002154 
1965.958984 0.002100 
1964.491792 0.002100 
1963.024601 0.002012 
1961.557409 0.002012 
1960.090218 0.002020 
1958.623026 0.001954 
1957.155835 0.001957 
1955.688643 0.001900 
1954.221452 0.001863 
1952.754260 0.001726 
1951.287069 0.001741 
1949.819877 0.001692 
1948.352686 0.001660 
1946.885494 0.001500 
1945.418303 0.001447 
1943.951111 0.001587 
1942.483920 0.001420 
1941.016728 0.001566 
1939.549537 0.001415 
1938.082345 0.001300 
1936.615154 0.001220 
1935.147962 0.001292 
1933.680771 0.001288 
1932.213579 0.001200 
1930.746388 0.001130 
1929.279196 0.001161 
1927.812005 0.001063 
1926.344813 0.000988 
1924.877622 0.000962 
1923.410430 0.000909 
1921.943239 0.001000 
1920.476047 0.000920 
1919.008856 0.000800 
1917.541664 0.000687 
1916.074473 0.000680 
1914.607281 0.000773 
1913.140090 0.000800 
1911.672898 0.000758 
1910.205707 0.000662 
1908.738515 0.000541 
1907.271324 0.000420 
1905.804132 0.000419 
1904.336941 0.000300 
1902.869749 0.000380 
1901.402558 0.000453 
1899.935366 0.000300 
1898.468175 0.000300 
1897.000983 0.000103 
1895.533792 0.000100 
1894.066601 0.000180 
1892.599409 0.000100 
1891.132218 0.000114 
1889.665026 0.000055 
1888.197835 0.000052 
1886.730643 0.000107 
1885.263452 0.000081 
1883.796260 0.000132 
1882.329069 0.000100 
1880.861877 0.000100 
1879.394686 0.000200 
1877.927494 0.000100 
1876.460303 0.000019 
1874.993111 -0.000041 
1873.525920 0.000059 
1872.058728 0.000100 
1870.591537 0.000200 
1869.124345 0.000033 
1867.657154 0.000181 
1866.189962 0.000238 
1864.722771 0.000208 
1863.255579 0.000287 
1861.788388 0.000348 
1860.321196 0.000314 
1858.854005 0.000529 
1857.386813 0.000942 
1855.919622 0.001576 
1854.452430 0.001631 
1852.985239 0.001592 
1851.518047 0.001402 
1850.050856 0.001219 
1848.583664 0.001152 
1847.116473 0.001014 
1845.649281 0.001070 
1844.182090 0.000883 
1842.714898 0.001185 
1841.247707 0.001232 
1839.780515 0.001300 
1838.313324 0.001300 
1836.846132 0.001381 
1835.378941 0.001496 
1833.911749 0.001679 
1832.444558 0.001772 
1830.977366 0.001968 
1829.510175 0.001926 
1828.042983 0.002167 
1826.575792 0.002232 
1825.108600 0.002374 
1823.641409 0.002734 
1822.174217 0.002860 
1820.707026 0.003011 
1819.239834 0.003169 
1817.772643 0.003387 
1816.305451 0.003608 
1814.838260 0.003786 
1813.371068 0.004048 
1811.903877 0.004229 
1810.436685 0.004339 
1808.969494 0.004635 
1807.502302 0.004946 
1806.035111 0.005137 
1804.567919 0.005314 
1803.100728 0.005615 
1801.633536 0.005859 
1800.166345 0.005990 
1798.699153 0.006406 
1797.231962 0.006679 
1795.764770 0.006969 
1794.297579 0.007355 
1792.830387 0.007433 
1791.363196 0.007944 
1789.896004 0.008431 
1788.428813 0.008904 
1786.961621 0.009297 
1785.494430 0.009676 
1784.027238 0.010031 
1782.560047 0.010591 
1781.092855 0.011101 
1779.625664 0.011521 
1778.158472 0.012016 
1776.691281 0.012628 
1775.224089 0.013165 
1773.756898 0.013759 
1772.289706 0.014214 
1770.822515 0.015373 
1769.355323 0.016217 
1767.888132 0.016851 
1766.420940 0.017986 
1764.953749 0.018951 
1763.486557 0.020104 
1762.019366 0.021135 
1760.552174 0.022633 
1759.084983 0.023985 
1757.617791 0.025393 
1756.150600 0.026784 
1754.683408 0.028656 
1753.216217 0.030374 
1751.749025 0.031916 
1750.281834 0.033939 
1748.814642 0.035813 
1747.347451 0.037872 
1745.880259 0.040094 
1744.413068 0.042340 
1742.945876 0.044422 
1741.478685 0.046624 
1740.011493 0.048602 
1738.544302 0.051010 
1737.077110 0.053272 
1735.609919 0.055662 
1734.142727 0.057349 
1732.675536 0.059882 
1731.208344 0.062549 
1729.741153 0.064684 
1728.273961 0.067336 
1726.806770 0.069935 
1725.339578 0.072614 
1723.872387 0.075470 
1722.405195 0.078200 
1720.938004 0.080808 
1719.470812 0.083284 
1718.003621 0.085526 
1716.536429 0.087684 
1715.069238 0.089846 
1713.602046 0.091652 
1712.134855 0.093208 
1710.667663 0.094375 
1709.200472 0.095316 
1707.733280 0.095861 
1706.266089 0.096349 
1704.798897 0.096800 
1703.331706 0.097155 
1701.864514 0.097594 
1700.397323 0.097177 
1698.930131 0.097706 
1697.462940 0.098009 
1695.995748 0.097342 
1694.528557 0.097975 
1693.061365 0.098121 
1691.594174 0.098229 
1690.126982 0.097967 
1688.659791 0.097766 
1687.192599 0.097382 
1685.725408 0.097012 
1684.258216 0.096031 
1682.791025 0.096400 
1681.323833 0.096041 
1679.856642 0.095456 
1678.389450 0.094690 
1676.922259 0.094209 
1675.455067 0.093280 
1673.987876 0.092800 
1672.520684 0.092162 
1671.053493 0.091222 
1669.586301 0.090391 
1668.119110 0.089952 
1666.651918 0.089178 
1665.184727 0.088738 
1663.717535 0.088092 
1662.250344 0.087392 
1660.783152 0.087212 
1659.315961 0.086735 
1657.848769 0.086240 
1656.381578 0.085832 
1654.914386 0.085272 
1653.447195 0.084607 
1651.980003 0.084366 
1650.512812 0.084849 
1649.045620 0.084429 
1647.578429 0.083954 
1646.111237 0.083629 
1644.644046 0.083800 
1643.176854 0.083632 
1641.709663 0.083516 
1640.242471 0.083137 
1638.775280 0.082731 
1637.308088 0.082306 
1635.840897 0.081800 
1634.373706 0.081654 
1632.906514 0.081449 
1631.439323 0.080871 
1629.972131 0.080347 
1628.504940 0.079743 
1627.037748 0.079172 
1625.570557 0.078923 
1624.103365 0.078451 
1622.636174 0.078080 
1621.168982 0.077565 
1619.701791 0.076897 
1618.234599 0.076242 
1616.767408 0.075186 
1615.300216 0.075397 
1613.833025 0.075158 
1612.365833 0.074574 
1610.898642 0.074064 
1609.431450 0.073466 
1607.964259 0.073017 
1606.497067 0.072864 
1605.029876 0.072467 
1603.562684 0.072218 
1602.095493 0.071684 
1600.628301 0.071208 
1599.161110 0.070766 
1597.693918 0.070376 
1596.226727 0.069964 
1594.759535 0.069630 
1593.292344 0.069198 
1591.825152 0.068561 
1590.357961 0.067945 
1588.890769 0.067416 
1587.423578 0.066912 
1585.956386 0.066133 
1584.489195 0.065477 
1583.022003 0.064809 
1581.554812 0.063991 
1580.087620 0.063269 
1578.620429 0.062560 
1577.153237 0.061779 
1575.686046 0.060518 
1574.218854 0.060323 
1572.751663 0.059570 
1571.284471 0.058962 
1569.817280 0.057969 
1568.350088 0.057515 
1566.882897 0.056795 
1565.415705 0.056124 
1563.948514 0.055474 
1562.481322 0.054917 
1561.014131 0.054248 
1559.546939 0.053331 
1558.079748 0.052695 
1556.612556 0.052607 
1555.145365 0.052211 
1553.678173 0.051552 
1552.210982 0.051526 
1550.743790 0.050945 
1549.276599 0.050607 
1547.809407 0.050282 
1546.342216 0.049914 
1544.875024 0.049373 
1543.407833 0.049173 
1541.940641 0.048586 
1540.473450 0.048518 
1539.006258 0.048132 
1537.539067 0.048472 
1536.071875 0.048481 
1534.604684 0.048301 
1533.137492 0.048052 
1531.670301 0.048200 
1530.203109 0.048300 
1528.735918 0.048300 
1527.268726 0.048308 
1525.801535 0.048279 
1524.334343 0.048465 
1522.867152 0.048636 
1521.399960 0.048675 
1519.932769 0.049067 
1518.465577 0.049553 
1516.998386 0.049521 
1515.531194 0.050125 
1514.064003 0.050473 
1512.596811 0.050897 
1511.129620 0.051599 
1509.662428 0.052377 
1508.195237 0.053122 
1506.728045 0.053612 
1505.260854 0.054692 
1503.793662 0.056012 
1502.326471 0.056865 
1500.859279 0.057851 
1499.392088 0.058647 
1497.924896 0.059330 
1496.457705 0.059324 
1494.990513 0.059815 
1493.523322 0.059897 
1492.056130 0.059847 
1490.588939 0.059720 
1489.121747 0.059900 
1487.654556 0.059802 
1486.187364 0.059665 
1484.720173 0.059381 
1483.252981 0.059147 
1481.785790 0.058980 
1480.318598 0.058813 
1478.851407 0.058642 
1477.384215 0.058174 
1475.917024 0.057455 
1474.449832 0.056942 
1472.982641 0.056049 
1471.515449 0.055735 
1470.048258 0.055421 
1468.581066 0.054933 
1467.113875 0.054578 
1465.646683 0.054055 
1464.179492 0.053432 
1462.712300 0.053313 
1461.245109 0.052939 
1459.777917 0.052467 
1458.310726 0.051943 
1456.843534 0.051207 
1455.376343 0.051280 
1453.909151 0.051044 
1452.441960 0.050992 
1450.974768 0.050863 
1449.507577 0.050615 
1448.040385 0.050174 
1446.573194 0.049959 
1445.106002 0.049737 
1443.638811 0.049654 
1442.171619 0.049579 
1440.704428 0.049413 
1439.237236 0.049200 
1437.770045 0.049093 
1436.302853 0.048631 
1434.835662 0.048700 
1433.368470 0.048500 
1431.901279 0.048413 
1430.434087 0.048003 
1428.966896 0.047940 
1427.499704 0.047635 
1426.032513 0.047343 
1424.565321 0.046951 
1423.098130 0.046621 
1421.630938 0.046361 
1420.163747 0.046057 
1418.696555 0.045437 
1417.229364 0.045271 
1415.762172 0.045038 
1414.294981 0.044898 
1412.827789 0.044746 
1411.360598 0.044697 
1409.893406 0.044611 
1408.426215 0.044591 
1406.959023 0.044613 
1405.491832 0.044610 
1404.024640 0.044740 
1402.557449 0.044921 
1401.090257 0.045000 
1399.623066 0.045000 
1398.155874 0.045100 
1396.688683 0.045236 
1395.221491 0.045254 
1393.754300 0.045264 
1392.287108 0.045231 
1390.819917 0.045403 
1389.352725 0.045300 
1387.885534 0.045124 
1386.418342 0.045307 
1384.951151 0.045186 
1383.483959 0.044988 
1382.016768 0.044513 
1380.549576 0.044278 
1379.082385 0.044062 
1377.615193 0.043697 
1376.148002 0.043368 
1374.680811 0.042848 
1373.213619 0.042206 
1371.746428 0.041559 
1370.279236 0.040934 
1368.812045 0.040435 
1367.344853 0.039985 
1365.877662 0.039608 
1364.410470 0.039099 
1362.943279 0.038488 
1361.476087 0.038158 
1360.008896 0.037900 
1358.541704 0.037678 
1357.074513 0.037435 
1355.607321 0.036770 
1354.140130 0.036158 
1352.672938 0.035320 
1351.205747 0.034444 
1349.738555 0.033502 
1348.271364 0.032724 
1346.804172 0.031984 
1345.336981 0.031375 
1343.869789 0.030301 
1342.402598 0.030300 
1340.935406 0.029811 
1339.468215 0.029700 
1338.001023 0.029521 
1336.533832 0.029510 
1335.066640 0.029879 
1333.599449 0.030291 
1332.132257 0.030816 
1330.665066 0.031164 
1329.197874 0.031458 
1327.730683 0.031845 
1326.263491 0.032325 
1324.796300 0.032909 
1323.329108 0.033418 
1321.861917 0.034151 
1320.394725 0.034859 
1318.927534 0.035290 
1317.460342 0.035793 
1315.993151 0.036315 
1314.525959 0.036877 
1313.058768 0.037316 
1311.591576 0.037571 
1310.124385 0.038098 
1308.657193 0.038718 
1307.190002 0.039408 
1305.722810 0.040123 
1304.255619 0.040571 
1302.788427 0.041039 
1301.321236 0.041051 
1299.854044 0.040520 
1298.386853 0.039689 
1296.919661 0.038790 
1295.452470 0.038015 
1293.985278 0.037299 
1292.518087 0.036775 
1291.050895 0.036230 
1289.583704 0.035771 
1288.116512 0.035212 
1286.649321 0.034537 
1285.182129 0.033760 
1283.714938 0.033191 
1282.247746 0.032492 
1280.780555 0.031975 
1279.313363 0.031481 
1277.846172 0.030846 
1276.378980 0.030101 
1274.911789 0.029319 
1273.444597 0.028840 
1271.977406 0.028370 
1270.510214 0.027862 
1269.043023 0.027513 
1267.575831 0.026786 
1266.108640 0.026120 
1264.641448 0.025580 
1263.174257 0.025112 
1261.707065 0.024911 
1260.239874 0.024564 
1258.772682 0.024210 
1257.305491 0.023818 
1255.838299 0.023451 
1254.371108 0.023226 
1252.903916 0.023037 
1251.436725 0.022916 
1249.969533 0.022796 
1248.502342 0.022388 
1247.035150 0.022394 
1245.567959 0.022085 
1244.100767 0.021870 
1242.633576 0.021725 
1241.166384 0.021760 
1239.699193 0.021719 
1238.232001 0.021693 
1236.764810 0.021648 
1235.297618 0.020119 
1233.830427 0.012623 
1232.363235 0.018665 
1230.896044 0.019156 
1229.428852 0.019240 
1227.961661 0.019286 
1226.494469 0.018957 
1225.027278 0.018719 
1223.560086 0.018285 
1222.092895 0.017911 
1220.625703 0.017617 
1219.158512 0.017158 
1217.691320 0.016618 
1216.224129 0.016202 
1214.756937 0.015483 
1213.289746 0.014924 
1211.822554 0.014399 
1210.355363 0.013678 
1208.888171 0.012908 
1207.420980 0.012156 
1205.953788 0.011641 
1204.486597 0.010999 
1203.019405 0.010440 
1201.552214 0.009977 
1200.085022 0.009369 
1198.617831 0.009010 
1197.150639 0.008415 
1195.683448 0.008006 
1194.216256 0.007580 
1192.749065 0.007342 
1191.281873 0.007128 
1189.814682 0.006580 
1188.347490 0.006227 
1186.880299 0.005904 
1185.413107 0.005537 
1183.945916 0.005400 
1182.478724 0.005251 
1181.011533 0.004918 
1179.544341 0.004676 
1178.077150 0.004357 
1176.609958 0.004055 
1175.142767 0.003983 
1173.675575 0.004075 
1172.208384 0.004091 
1170.741192 0.003787 
1169.274001 0.003451 
1167.806809 0.003127 
1166.339618 0.002973 
1164.872426 0.003088 
1163.405235 0.003096 
1161.938043 0.002924 
1160.470852 0.002600 
1159.003660 0.002288 
1157.536469 0.002040 
1156.069277 0.001800 
1154.602086 0.001800 
1153.134894 0.001742 
1151.667703 0.001643 
1150.200511 0.001230 
1148.733320 0.001042 
1147.266128 0.000875 
1145.798937 0.000892 
1144.331745 0.001045 
1142.864554 0.001220 
1141.397362 0.001351 
1139.930171 0.001103 
1138.462979 0.001025 
1136.995788 0.001100 
1135.528596 0.001300 
1134.061405 0.001433 
1132.594213 0.001594 
1131.127022 0.001534 
1129.659830 0.001421 
1128.192639 0.001478 
1126.725447 0.001559 
1125.258256 0.001637 
1123.791064 0.001792 
1122.323873 0.001541 
1120.856681 0.001444 
1119.389490 0.001308 
1117.922298 0.001301 
1116.455107 0.001475 
1114.987916 0.001589 
1113.520724 0.001800 
1112.053533 0.001580 
1110.586341 0.001592 
1109.119150 0.001590 
1107.651958 0.001751 
1106.184767 0.001852 
1104.717575 0.001941 
1103.250384 0.001946 
1101.783192 0.001799 
1100.316001 0.001759 
1098.848809 0.001809 
1097.381618 0.001895 
1095.914426 0.002086 
1094.447235 0.002281 
1092.980043 0.002320 
1091.512852 0.002333 
1090.045660 0.002284 
1088.578469 0.002115 
1087.111277 0.002111 
1085.644086 0.002023 
1084.176894 0.001821 
1082.709703 0.001664 
1081.242511 0.001590 
1079.775320 0.001597 
1078.308128 0.001619 
1076.840937 0.001474 
1075.373745 0.001493 
1073.906554 0.001603 
1072.439362 0.001674 
1070.972171 0.001600 
1069.504979 0.001642 
1068.037788 0.001496 
1066.570596 0.001146 
1065.103405 0.001240 
1063.636213 0.001126 
1062.169022 0.001205 
1060.701830 0.001240 
1059.234639 0.001147 
1057.767447 0.000971 
1056.300256 0.000925 
1054.833064 0.000700 
1053.365873 0.000554 
1051.898681 0.000488 
1050.431490 0.000542 
1048.964298 0.000212 
1047.497107 0.000000 
1046.029915 -0.000137 
1044.562724 -0.000401 
1043.095532 -0.000531 
1041.628341 -0.000371 
1040.161149 -0.000083 
1038.693958 0.000237 
1037.226766 0.000427 
1035.759575 0.000687 
1034.292383 0.001060 
1032.825192 0.001479 
1031.358000 0.001801 
1029.890809 0.002549 
1028.423617 0.002997 
1026.956426 0.003284 
1025.489234 0.003575 
1024.022043 0.004019 
1022.554851 0.004303 
1021.087660 0.004721 
1019.620468 0.005058 
1018.153277 0.005610 
1016.686085 0.005442 
1015.218894 0.005186 
1013.751702 0.004372 
1012.284511 0.003566 
1010.817319 0.003091 
1009.350128 0.002516 
1007.882936 0.001906 
1006.415745 0.001432 
1004.948553 0.000777 
1003.481362 0.000258 
1002.014170 0.000027 
1000.546979 -0.000028 
999.079787 0.000039 
997.612596 0.000237 
996.145404 0.000105 
994.678213 0.000121 
993.211021 0.000341 
991.743830 0.000685 
990.276638 0.001235 
988.809447 0.001884 
987.342255 0.002365 
985.875064 0.002948 
984.407872 0.003438 
982.940681 0.004234 
981.473489 0.005209 
980.006298 0.006191 
978.539106 0.007060 
977.071915 0.007995 
975.604723 0.008850 
974.137532 0.009996 
972.670340 0.011429 
971.203149 0.012880 
969.735957 0.014204 
968.268766 0.015445 
966.801574 0.017010 
965.334383 0.018459 
963.867191 0.020200 
962.400000 0.022109 
960.932808 0.024126 
959.465617 0.025998 
957.998425 0.027684 
956.531234 0.029601 
955.064042 0.031747 
953.596851 0.034059 
952.129659 0.036598 
950.662468 0.038797 
949.195276 0.041092 
947.728085 0.043318 
946.260893 0.045849 
944.793702 0.048420 
943.326510 0.051202 
941.859319 0.053930 
940.392127 0.056554 
938.924936 0.058955 
937.457744 0.061639 
935.990553 0.064331 
934.523361 0.067108 
933.056170 0.069949 
931.588978 0.072827 
930.121787 0.075709 
928.654595 0.078217 
927.187404 0.080914 
925.720212 0.083624 
924.253021 0.086572 
922.785829 0.089446 
921.318638 0.092343 
919.851446 0.095166 
918.384255 0.097761 
916.917063 0.100438 
915.449872 0.103197 
913.982680 0.105933 
912.515489 0.108876 
911.048297 0.111524 
909.581106 0.114321 
908.113914 0.116842 
906.646723 0.119495 
905.179531 0.122175 
903.712340 0.124644 
902.245148 0.127394 
900.777957 0.130273 
899.310765 0.132852 
897.843574 0.135516 
896.376382 0.137871 
894.909191 0.140150 
893.441999 0.142667 
891.974808 0.144925 
890.507616 0.147745 
889.040425 0.149907 
887.573233 0.152042 
886.106042 0.154364 
884.638850 0.155972 
883.171659 0.157949 
881.704467 0.160012 
880.237276 0.162073 
878.770084 0.164233 
877.302893 0.166033 
875.835701 0.167795 
874.368510 0.169501 
872.901318 0.171296 
871.434127 0.173304 
869.966935 0.175277 
868.499744 0.177481 
867.032552 0.179169 
865.565361 0.180819 
864.098169 0.182279 
862.630978 0.183596 
861.163786 0.185277 
859.696595 0.186843 
858.229404 0.188618 
856.762212 0.190134 
855.295021 0.191407 
853.827829 0.192630 
852.360638 0.193488 
850.893446 0.194918 
849.426255 0.196395 
847.959063 0.197934 
846.491872 0.199451 
845.024680 0.200398 
843.557489 0.201685 
842.090297 0.202761 
840.623106 0.203953 
839.155914 0.205518 
837.688723 0.206996 
836.221531 0.208096 
834.754340 0.209386 
833.287148 0.210264 
831.819957 0.211422 
830.352765 0.212218 
828.885574 0.213472 
827.418382 0.214873 
825.951191 0.215833 
824.483999 0.216766 
823.016808 0.217344 
821.549616 0.217881 
820.082425 0.218560 
818.615233 0.218977 
817.148042 0.219638 
815.680850 0.220481 
814.213659 0.220749 
812.746467 0.220657 
811.279276 0.220241 
809.812084 0.219923 
808.344893 0.219163 
806.877701 0.219108 
805.410510 0.218621 
803.943318 0.218629 
802.476127 0.218191 
801.008935 0.217485 
799.541744 0.216555 
798.074552 0.215876 
796.607361 0.215180 
795.140169 0.214909 
793.672978 0.214368 
792.205786 0.214081 
790.738595 0.213306 
789.271403 0.212419 
787.804212 0.211536 
786.337020 0.210676 
784.869829 0.209801 
783.402637 0.209342 
781.935446 0.208663 
780.468254 0.207866 
779.001063 0.206471 
777.533871 0.205290 
776.066680 0.204027 
774.599488 0.202811 
773.132297 0.201788 
771.665105 0.201013 
770.197914 0.199743 
768.730722 0.198467 
767.263531 0.196969 
765.796339 0.195488 
764.329148 0.193984 
762.861956 0.192622 
761.394765 0.191468 
759.927573 0.190046 
758.460382 0.188200 
756.993190 0.186751 
755.525999 0.185054 
754.058807 0.183118 
752.591616 0.180952 
751.124424 0.179055 
749.657233 0.177144 
748.190041 0.175126 
746.722850 0.172854 
745.255658 0.170622 
743.788467 0.168568 
742.321275 0.166413 
740.854084 0.164661 
739.386892 0.162463 
737.919701 0.160451 
736.452509 0.158693 
734.985318 0.156490 
733.518126 0.154378 
732.050935 0.152141 
730.583743 0.150343 
729.116552 0.147749 
727.649360 0.145706 
726.182169 0.143304 
724.714977 0.141322 
723.247786 0.139203 
721.780594 0.137279 
720.313403 0.135287 
718.846211 0.133299 
717.379020 0.130822 
715.911828 0.129042 
714.444637 0.126626 
712.977445 0.124272 
711.510254 0.122260 
710.043062 0.120190 
708.575871 0.118052 
707.108679 0.115529 
705.641488 0.113961 
704.174296 0.111426 
702.707105 0.109063 
701.239913 0.107279 
699.772722 0.104949 
698.305530 0.102999 
696.838339 0.100735 
695.371147 0.098184 
693.903956 0.096276 
692.436764 0.093920 
690.969573 0.092599 
689.502381 0.090479 
688.035190 0.087698 
686.567998 0.085839 
685.100807 0.083533 
683.633615 0.082038 
682.166424 0.079750 
680.699232 0.078054 
679.232041 0.076304 
677.764849 0.074976 
676.297658 0.074947 
674.830466 0.077755 
673.363275 0.081309 
671.896083 0.084670 
670.428892 0.091251 
668.961700 0.103784 
667.494509 0.124230 
666.027317 0.135705 
664.560126 0.168549 
663.092934 0.203582 
661.625743 0.197773 
660.158551 0.141622 
658.691360 0.111802 
657.224168 0.111550 
655.756977 0.158532 
654.289785 0.121353 
652.822594 0.100646 
651.355402 0.092893 
649.888211 0.086209 
648.421019 0.079021 
646.953828 0.073122 
645.486636 0.067309 
644.019445 0.062274 
642.552253 0.057734 
641.085062 0.053088 
639.617870 0.051319 
638.150679 0.048272 
636.683487 0.042220 
635.216296 0.038814 
633.749104 0.035757 
632.281913 0.033297 
630.814721 0.030443 
629.347530 0.028619 
627.880338 0.026002 
626.413147 0.023324 
624.945955 0.021405 
623.478764 0.019281 
622.011572 0.016792 
620.544381 0.014571 
619.077189 0.013200 
617.609998 0.012899 
616.142806 0.011378 
614.675615 0.010326 
613.208423 0.008278 
611.741232 0.007590 
610.274040 0.007337 
608.806849 0.005961 
607.339657 0.005163 
605.872466 0.004513 
604.405274 0.002832 
602.938083 0.002806 
601.470891 0.002614 
600.003700 -0.000400 
