5000.111000 0.000052 
4998.643809 -0.000258 
4997.176617 -0.000114 
4995.709426 -0.000143 
4994.242234 -0.000419 
4992.775043 -0.000166 
4991.307851 -0.000074 
4989.840660 -0.000213 
4988.373468 -0.000362 
4986.906277 -0.000515 
4985.439085 -0.000494 
4983.971894 -0.000440 
4982.504702 -0.000442 
4981.037511 -0.000329 
4979.570319 -0.000528 
4978.103128 -0.000233 
4976.635936 -0.000475 
4975.168745 -0.000346 
4973.701553 -0.000651 
4972.234362 -0.000559 
4970.767170 -0.000285 
4969.299979 -0.000247 
4967.832787 -0.000331 
4966.365596 -0.000529 
4964.898404 -0.000210 
4963.431213 -0.000437 
4961.964021 -0.000463 
4960.496830 -0.000371 
4959.029638 -0.000621 
4957.562447 -0.000252 
4956.095255 -0.000223 
4954.628064 -0.000120 
4953.160872 -0.000214 
4951.693681 -0.000189 
4950.226489 -0.000252 
4948.759298 -0.000059 
4947.292106 -0.000147 
4945.824915 -0.000062 
4944.357723 -0.000187 
4942.890532 -0.000197 
4941.423340 -0.000038 
4939.956149 0.000274 
4938.488957 0.000091 
4937.021766 0.000097 
4935.554574 0.000121 
4934.087383 -0.000040 
4932.620191 0.000189 
4931.153000 0.000284 
4929.685808 0.000346 
4928.218617 -0.000114 
4926.751425 -0.000017 
4925.284234 -0.000090 
4923.817042 0.000140 
4922.349851 0.000109 
4920.882659 0.000044 
4919.415468 0.000138 
4917.948276 0.000055 
4916.481085 0.000070 
4915.013893 0.000011 
4913.546702 -0.000238 
4912.079510 -0.000273 
4910.612319 -0.000025 
4909.145127 0.000059 
4907.677936 -0.000008 
4906.210744 0.000042 
4904.743553 -0.000063 
4903.276361 0.000028 
4901.809170 0.000128 
4900.341978 0.000216 
4898.874787 0.000303 
4897.407595 0.000004 
4895.940404 0.000144 
4894.473212 -0.000045 
4893.006021 0.000032 
4891.538829 0.000249 
4890.071638 0.000082 
4888.604446 0.000253 
4887.137255 -0.000032 
4885.670063 0.000077 
4884.202872 0.000276 
4882.735680 0.000157 
4881.268489 0.000050 
4879.801297 0.000261 
4878.334106 0.000083 
4876.866914 0.000118 
4875.399723 0.000390 
4873.932531 0.000221 
4872.465340 0.000145 
4870.998148 0.000078 
4869.530957 0.000191 
4868.063765 -0.000026 
4866.596574 0.000053 
4865.129382 0.000091 
4863.662191 0.000182 
4862.194999 -0.000027 
4860.727808 -0.000020 
4859.260616 -0.000154 
4857.793425 0.000190 
4856.326233 0.000074 
4854.859042 0.000199 
4853.391850 0.000080 
4851.924659 -0.000235 
4850.457467 -0.000044 
4848.990276 -0.000144 
4847.523084 -0.000047 
4846.055893 -0.000008 
4844.588701 0.000004 
4843.121510 -0.000117 
4841.654318 -0.000071 
4840.187127 0.000023 
4838.719935 -0.000198 
4837.252744 -0.000304 
4835.785552 -0.000462 
4834.318361 -0.000428 
4832.851169 -0.000507 
4831.383978 -0.000563 
4829.916786 -0.000497 
4828.449595 -0.000790 
4826.982403 -0.000591 
4825.515212 -0.000576 
4824.048020 -0.000774 
4822.580829 -0.000846 
4821.113637 -0.001121 
4819.646446 -0.001041 
4818.179254 -0.000991 
4816.712063 -0.000955 
4815.244871 -0.000937 
4813.777680 -0.001274 
4812.310488 -0.001248 
4810.843297 -0.001102 
4809.376105 -0.001295 
4807.908914 -0.001259 
4806.441722 -0.001438 
4804.974531 -0.001586 
4803.507339 -0.001506 
4802.040148 -0.001387 
4800.572956 -0.001439 
4799.105765 -0.001603 
4797.638573 -0.001414 
4796.171382 -0.001740 
4794.704190 -0.001809 
4793.236999 -0.001861 
4791.769807 -0.001928 
4790.302616 -0.001857 
4788.835424 -0.001831 
4787.368233 -0.001929 
4785.901041 -0.001995 
4784.433850 -0.002206 
4782.966658 -0.002241 
4781.499467 -0.002243 
4780.032275 -0.002084 
4778.565084 -0.002447 
4777.097892 -0.002249 
4775.630701 -0.002401 
4774.163509 -0.002168 
4772.696318 -0.002384 
4771.229126 -0.002397 
4769.761935 -0.002252 
4768.294743 -0.002290 
4766.827552 -0.002522 
4765.360360 -0.002242 
4763.893169 -0.002396 
4762.425977 -0.002538 
4760.958786 -0.002413 
4759.491594 -0.002531 
4758.024403 -0.002426 
4756.557211 -0.002279 
4755.090020 -0.002108 
4753.622828 -0.002276 
4752.155637 -0.001853 
4750.688445 -0.001613 
4749.221254 -0.001560 
4747.754062 -0.001627 
4746.286871 -0.001557 
4744.819679 -0.001546 
4743.352488 -0.001463 
4741.885296 -0.001350 
4740.418105 -0.001481 
4738.950914 -0.001388 
4737.483722 -0.001266 
4736.016531 -0.001665 
4734.549339 -0.001157 
4733.082148 -0.001293 
4731.614956 -0.001107 
4730.147765 -0.001102 
4728.680573 -0.001020 
4727.213382 -0.001015 
4725.746190 -0.001176 
4724.278999 -0.000607 
4722.811807 -0.000995 
4721.344616 -0.000733 
4719.877424 -0.000714 
4718.410233 -0.000631 
4716.943041 -0.000691 
4715.475850 -0.000453 
4714.008658 -0.000463 
4712.541467 -0.000430 
4711.074275 0.000058 
4709.607084 -0.000143 
4708.139892 0.000026 
4706.672701 -0.000050 
4705.205509 0.000086 
4703.738318 0.000304 
4702.271126 0.000375 
4700.803935 0.000701 
4699.336743 0.000524 
4697.869552 0.000691 
4696.402360 0.000998 
4694.935169 0.001020 
4693.467977 0.001268 
4692.000786 0.001084 
4690.533594 0.001503 
4689.066403 0.001490 
4687.599211 0.002111 
4686.132020 0.001990 
4684.664828 0.002017 
4683.197637 0.002139 
4681.730445 0.001857 
4680.263254 0.001988 
4678.796062 0.001498 
4677.328871 0.001656 
4675.861679 0.000807 
4674.394488 0.000989 
4672.927296 0.000699 
4671.460105 0.000449 
4669.992913 0.000601 
4668.525722 0.000144 
4667.058530 0.000540 
4665.591339 0.000439 
4664.124147 0.000537 
4662.656956 0.000615 
4661.189764 0.000175 
4659.722573 0.000367 
4658.255381 0.000326 
4656.788190 0.000547 
4655.320998 0.000621 
4653.853807 0.000384 
4652.386615 0.000644 
4650.919424 0.000501 
4649.452232 0.000620 
4647.985041 0.000567 
4646.517849 0.000537 
4645.050658 0.000664 
4643.583466 0.000694 
4642.116275 0.000592 
4640.649083 0.000616 
4639.181892 0.000709 
4637.714700 0.000617 
4636.247509 0.000676 
4634.780317 0.000711 
4633.313126 0.000612 
4631.845934 0.000738 
4630.378743 0.000781 
4628.911551 0.000784 
4627.444360 0.000682 
4625.977168 0.000764 
4624.509977 0.000911 
4623.042785 0.000864 
4621.575594 0.000958 
4620.108402 0.000951 
4618.641211 0.000953 
4617.174019 0.000984 
4615.706828 0.001049 
4614.239636 0.000828 
4612.772445 0.000917 
4611.305253 0.000755 
4609.838062 0.000903 
4608.370870 0.000801 
4606.903679 0.000825 
4605.436487 0.000845 
4603.969296 0.000574 
4602.502104 0.000883 
4601.034913 0.000744 
4599.567721 0.000759 
4598.100530 0.000693 
4596.633338 0.000706 
4595.166147 0.000526 
4593.698955 0.000407 
4592.231764 0.000648 
4590.764572 0.000574 
4589.297381 0.000362 
4587.830189 0.000510 
4586.362998 0.000272 
4584.895806 0.000464 
4583.428615 0.000397 
4581.961423 0.000386 
4580.494232 0.000508 
4579.027040 0.000259 
4577.559849 0.000442 
4576.092657 0.000279 
4574.625466 0.000229 
4573.158274 0.000308 
4571.691083 0.000138 
4570.223891 0.000280 
4568.756700 0.000235 
4567.289508 0.000328 
4565.822317 0.000223 
4564.355125 0.000199 
4562.887934 0.000006 
4561.420742 -0.000103 
4559.953551 -0.000013 
4558.486359 0.000163 
4557.019168 0.000021 
4555.551976 -0.000030 
4554.084785 -0.000250 
4552.617593 0.000020 
4551.150402 -0.000033 
4549.683210 0.000031 
4548.216019 -0.000156 
4546.748827 -0.000301 
4545.281636 -0.000023 
4543.814444 -0.000231 
4542.347253 -0.000253 
4540.880061 -0.000369 
4539.412870 -0.000351 
4537.945678 -0.000269 
4536.478487 -0.000208 
4535.011295 -0.000187 
4533.544104 -0.000136 
4532.076912 -0.000053 
4530.609721 -0.000100 
4529.142529 -0.000123 
4527.675338 0.000017 
4526.208146 -0.000089 
4524.740955 -0.000086 
4523.273763 -0.000175 
4521.806572 -0.000035 
4520.339380 -0.000028 
4518.872189 0.000008 
4517.404997 -0.000147 
4515.937806 -0.000000 
4514.470614 -0.000131 
4513.003423 -0.000039 
4511.536231 -0.000063 
4510.069040 0.000007 
4508.601848 -0.000132 
4507.134657 -0.000168 
4505.667465 -0.000143 
4504.200274 -0.000019 
4502.733082 -0.000154 
4501.265891 -0.000060 
4499.798699 -0.000167 
4498.331508 -0.000079 
4496.864316 -0.000063 
4495.397125 -0.000036 
4493.929933 -0.000016 
4492.462742 -0.000106 
4490.995550 -0.000127 
4489.528359 0.000036 
4488.061167 -0.000090 
4486.593976 -0.000212 
4485.126784 -0.000102 
4483.659593 -0.000101 
4482.192402 -0.000076 
4480.725210 0.000014 
4479.258019 -0.000036 
4477.790827 -0.000096 
4476.323636 -0.000001 
4474.856444 0.000107 
4473.389253 0.000022 
4471.922061 0.000073 
4470.454870 0.000052 
4468.987678 0.000050 
4467.520487 -0.000006 
4466.053295 0.000166 
4464.586104 0.000204 
4463.118912 0.000076 
4461.651721 0.000056 
4460.184529 0.000016 
4458.717338 0.000106 
4457.250146 0.000156 
4455.782955 0.000134 
4454.315763 0.000050 
4452.848572 0.000105 
4451.381380 0.000078 
4449.914189 0.000244 
4448.446997 0.000082 
4446.979806 0.000078 
4445.512614 0.000053 
4444.045423 0.000163 
4442.578231 0.000150 
4441.111040 0.000061 
4439.643848 0.000058 
4438.176657 0.000033 
4436.709465 0.000151 
4435.242274 0.000069 
4433.775082 0.000118 
4432.307891 0.000125 
4430.840699 0.000103 
4429.373508 0.000055 
4427.906316 0.000032 
4426.439125 -0.000055 
4424.971933 0.000027 
4423.504742 -0.000048 
4422.037550 0.000076 
4420.570359 0.000104 
4419.103167 0.000134 
4417.635976 -0.000034 
4416.168784 -0.000051 
4414.701593 0.000059 
4413.234401 0.000093 
4411.767210 0.000057 
4410.300018 -0.000076 
4408.832827 0.000014 
4407.365635 -0.000039 
4405.898444 0.000020 
4404.431252 -0.000022 
4402.964061 0.000093 
4401.496869 -0.000148 
4400.029678 0.000034 
4398.562486 0.000055 
4397.095295 -0.000019 
4395.628103 0.000027 
4394.160912 -0.000070 
4392.693720 -0.000078 
4391.226529 0.000033 
4389.759337 0.000070 
4388.292146 -0.000005 
4386.824954 -0.000125 
4385.357763 -0.000064 
4383.890571 -0.000004 
4382.423380 -0.000002 
4380.956188 -0.000078 
4379.488997 0.000023 
4378.021805 0.000051 
4376.554614 0.000026 
4375.087422 0.000058 
4373.620231 0.000064 
4372.153039 0.000092 
4370.685848 -0.000057 
4369.218656 0.000056 
4367.751465 -0.000157 
4366.284273 0.000097 
4364.817082 0.000015 
4363.349890 0.000075 
4361.882699 -0.000014 
4360.415507 0.000159 
4358.948316 0.000091 
4357.481124 0.000087 
4356.013933 0.000011 
4354.546741 0.000074 
4353.079550 0.000095 
4351.612358 0.000070 
4350.145167 0.000015 
4348.677975 0.000135 
4347.210784 -0.000011 
4345.743592 0.000049 
4344.276401 0.000148 
4342.809209 0.000128 
4341.342018 -0.000056 
4339.874826 0.000121 
4338.407635 0.000245 
4336.940443 0.000173 
4335.473252 0.000089 
4334.006060 0.000178 
4332.538869 0.000115 
4331.071677 0.000076 
4329.604486 0.000049 
4328.137294 0.000120 
4326.670103 0.000030 
4325.202911 0.000082 
4323.735720 0.000047 
4322.268528 0.000147 
4320.801337 0.000137 
4319.334145 0.000114 
4317.866954 0.000118 
4316.399762 0.000033 
4314.932571 -0.000030 
4313.465379 0.000113 
4311.998188 0.000091 
4310.530996 0.000234 
4309.063805 0.000040 
4307.596613 0.000085 
4306.129422 0.000064 
4304.662230 0.000064 
4303.195039 0.000091 
4301.727847 0.000012 
4300.260656 0.000132 
4298.793464 0.000034 
4297.326273 0.000119 
4295.859081 0.000080 
4294.391890 0.000165 
4292.924698 0.000088 
4291.457507 0.000120 
4289.990315 0.000209 
4288.523124 0.000195 
4287.055932 0.000141 
4285.588741 0.000095 
4284.121549 0.000197 
4282.654358 0.000200 
4281.187166 0.000217 
4279.719975 0.000123 
4278.252783 -0.000018 
4276.785592 0.000097 
4275.318400 0.000088 
4273.851209 0.000032 
4272.384017 0.000058 
4270.916826 0.000095 
4269.449634 -0.000050 
4267.982443 0.000026 
4266.515251 0.000126 
4265.048060 0.000012 
4263.580868 0.000003 
4262.113677 0.000011 
4260.646485 0.000148 
4259.179294 0.000066 
4257.712102 0.000063 
4256.244911 -0.000016 
4254.777719 -0.000112 
4253.310528 0.000006 
4251.843336 0.000001 
4250.376145 0.000062 
4248.908953 -0.000005 
4247.441762 -0.000027 
4245.974570 -0.000045 
4244.507379 0.000016 
4243.040187 -0.000047 
4241.572996 -0.000099 
4240.105804 -0.000050 
4238.638613 -0.000081 
4237.171421 -0.000001 
4235.704230 -0.000032 
4234.237038 -0.000113 
4232.769847 -0.000060 
4231.302655 -0.000058 
4229.835464 -0.000130 
4228.368272 -0.000059 
4226.901081 0.000009 
4225.433889 -0.000128 
4223.966698 -0.000067 
4222.499507 -0.000048 
4221.032315 -0.000149 
4219.565124 -0.000068 
4218.097932 -0.000113 
4216.630741 -0.000182 
4215.163549 -0.000193 
4213.696358 -0.000126 
4212.229166 -0.000097 
4210.761975 -0.000180 
4209.294783 -0.000154 
4207.827592 0.000002 
4206.360400 -0.000113 
4204.893209 0.000019 
4203.426017 -0.000077 
4201.958826 -0.000161 
4200.491634 -0.000030 
4199.024443 -0.000144 
4197.557251 -0.000042 
4196.090060 -0.000031 
4194.622868 -0.000104 
4193.155677 -0.000071 
4191.688485 0.000022 
4190.221294 0.000061 
4188.754102 -0.000057 
4187.286911 0.000013 
4185.819719 -0.000046 
4184.352528 -0.000010 
4182.885336 -0.000010 
4181.418145 0.000028 
4179.950953 -0.000053 
4178.483762 0.000006 
4177.016570 -0.000002 
4175.549379 -0.000027 
4174.082187 -0.000004 
4172.614996 -0.000059 
4171.147804 -0.000059 
4169.680613 0.000047 
4168.213421 0.000045 
4166.746230 -0.000075 
4165.279038 0.000083 
4163.811847 -0.000076 
4162.344655 -0.000098 
4160.877464 0.000057 
4159.410272 0.000112 
4157.943081 -0.000000 
4156.475889 -0.000061 
4155.008698 0.000051 
4153.541506 -0.000058 
4152.074315 -0.000024 
4150.607123 0.000009 
4149.139932 -0.000044 
4147.672740 -0.000025 
4146.205549 0.000017 
4144.738357 0.000012 
4143.271166 -0.000023 
4141.803974 0.000019 
4140.336783 0.000007 
4138.869591 -0.000058 
4137.402400 -0.000045 
4135.935208 0.000026 
4134.468017 -0.000058 
4133.000825 -0.000072 
4131.533634 0.000017 
4130.066442 -0.000001 
4128.599251 -0.000056 
4127.132059 0.000047 
4125.664868 -0.000072 
4124.197676 0.000055 
4122.730485 0.000018 
4121.263293 -0.000063 
4119.796102 -0.000008 
4118.328910 -0.000070 
4116.861719 -0.000022 
4115.394527 -0.000184 
4113.927336 -0.000153 
4112.460144 -0.000064 
4110.992953 0.000009 
4109.525761 -0.000086 
4108.058570 -0.000020 
4106.591378 -0.000133 
4105.124187 -0.000070 
4103.656995 -0.000120 
4102.189804 -0.000057 
4100.722612 -0.000047 
4099.255421 -0.000067 
4097.788229 0.000058 
4096.321038 -0.000060 
4094.853846 -0.000062 
4093.386655 -0.000191 
4091.919463 -0.000104 
4090.452272 -0.000088 
4088.985080 -0.000153 
4087.517889 -0.000020 
4086.050697 0.000006 
4084.583506 -0.000129 
4083.116314 -0.000129 
4081.649123 -0.000111 
4080.181931 -0.000015 
4078.714740 -0.000020 
4077.247548 -0.000118 
4075.780357 -0.000016 
4074.313165 -0.000112 
4072.845974 -0.000031 
4071.378782 -0.000067 
4069.911591 -0.000155 
4068.444399 -0.000133 
4066.977208 -0.000005 
4065.510016 -0.000038 
4064.042825 -0.000147 
4062.575633 -0.000023 
4061.108442 -0.000030 
4059.641250 -0.000016 
4058.174059 -0.000074 
4056.706867 -0.000028 
4055.239676 -0.000068 
4053.772484 0.000046 
4052.305293 -0.000076 
4050.838101 0.000048 
4049.370910 -0.000077 
4047.903718 -0.000022 
4046.436527 -0.000024 
4044.969335 0.000081 
4043.502144 -0.000007 
4042.034952 0.000021 
4040.567761 0.000046 
4039.100569 -0.000190 
4037.633378 -0.000016 
4036.166186 0.000069 
4034.698995 -0.000062 
4033.231803 -0.000087 
4031.764612 -0.000025 
4030.297420 -0.000031 
4028.830229 0.000015 
4027.363037 -0.000038 
4025.895846 -0.000107 
4024.428654 0.000054 
4022.961463 -0.000084 
4021.494271 0.000052 
4020.027080 -0.000119 
4018.559888 0.000002 
4017.092697 0.000001 
4015.625505 0.000006 
4014.158314 -0.000060 
4012.691122 0.000085 
4011.223931 -0.000001 
4009.756739 0.000041 
4008.289548 0.000011 
4006.822356 -0.000009 
4005.355165 -0.000074 
4003.887973 -0.000026 
4002.420782 -0.000035 
4000.953590 0.000002 
3999.486399 -0.000021 
3998.019207 -0.000043 
3996.552016 0.000046 
3995.084824 -0.000054 
3993.617633 -0.000128 
3992.150441 -0.000078 
3990.683250 -0.000076 
3989.216058 -0.000178 
3987.748867 -0.000083 
3986.281675 -0.000059 
3984.814484 -0.000092 
3983.347292 -0.000057 
3981.880101 -0.000170 
3980.412909 -0.000046 
3978.945718 -0.000104 
3977.478526 -0.000170 
3976.011335 -0.000071 
3974.544143 -0.000154 
3973.076952 -0.000200 
3971.609760 -0.000139 
3970.142569 -0.000024 
3968.675377 0.000010 
3967.208186 -0.000037 
3965.740994 -0.000073 
3964.273803 -0.000133 
3962.806612 -0.000125 
3961.339420 -0.000012 
3959.872229 -0.000044 
3958.405037 -0.000074 
3956.937846 -0.000146 
3955.470654 -0.000136 
3954.003463 -0.000160 
3952.536271 -0.000164 
3951.069080 -0.000002 
3949.601888 -0.000120 
3948.134697 -0.000082 
3946.667505 -0.000095 
3945.200314 -0.000173 
3943.733122 -0.000130 
3942.265931 -0.000089 
3940.798739 -0.000075 
3939.331548 -0.000065 
3937.864356 0.000015 
3936.397165 -0.000029 
3934.929973 -0.000131 
3933.462782 -0.000084 
3931.995590 -0.000094 
3930.528399 -0.000031 
3929.061207 -0.000071 
3927.594016 -0.000061 
3926.126824 0.000012 
3924.659633 -0.000010 
3923.192441 0.000006 
3921.725250 -0.000021 
3920.258058 -0.000084 
3918.790867 -0.000148 
3917.323675 -0.000075 
3915.856484 -0.000060 
3914.389292 0.000028 
3912.922101 -0.000000 
3911.454909 -0.000036 
3909.987718 0.000004 
3908.520526 -0.000013 
3907.053335 0.000055 
3905.586143 -0.000016 
3904.118952 -0.000344 
3902.651760 -0.000039 
3901.184569 -0.000146 
3899.717377 -0.000110 
3898.250186 -0.000086 
3896.782994 0.000071 
3895.315803 0.000009 
3893.848611 -0.000006 
3892.381420 0.000126 
3890.914228 -0.000157 
3889.447037 0.000027 
3887.979845 0.000194 
3886.512654 -0.000003 
3885.045462 -0.000049 
3883.578271 0.000272 
3882.111079 0.000209 
3880.643888 0.000115 
3879.176696 0.000147 
3877.709505 0.000186 
3876.242313 0.000245 
3874.775122 0.000013 
3873.307930 0.000104 
3871.840739 0.000092 
3870.373547 -0.000238 
3868.906356 -0.000094 
3867.439164 0.000043 
3865.971973 0.000059 
3864.504781 -0.000246 
3863.037590 0.000068 
3861.570398 -0.000095 
3860.103207 -0.000024 
3858.636015 -0.000074 
3857.168824 -0.000028 
3855.701632 -0.000047 
3854.234441 -0.001212 
3852.767249 -0.000527 
3851.300058 -0.000443 
3849.832866 0.000005 
3848.365675 0.000026 
3846.898483 -0.000011 
3845.431292 0.000109 
3843.964100 -0.000075 
3842.496909 -0.000054 
3841.029717 -0.000095 
3839.562526 -0.000025 
3838.095334 -0.000346 
3836.628143 0.000006 
3835.160951 0.000013 
3833.693760 0.000102 
3832.226568 0.000152 
3830.759377 0.000115 
3829.292185 0.000278 
3827.824994 0.000324 
3826.357802 0.000244 
3824.890611 0.000404 
3823.423419 0.000429 
3821.956228 0.000167 
3820.489036 0.000070 
3819.021845 0.000413 
3817.554653 0.000262 
3816.087462 -0.000261 
3814.620270 0.000107 
3813.153079 0.000055 
3811.685887 0.000036 
3810.218696 0.000030 
3808.751504 0.000012 
3807.284313 -0.000297 
3805.817121 -0.000098 
3804.349930 -0.000117 
3802.882738 -0.000063 
3801.415547 -0.000876 
3799.948355 -0.000060 
3798.481164 -0.000006 
3797.013972 -0.000043 
3795.546781 0.000006 
3794.079589 -0.000065 
3792.612398 -0.000022 
3791.145206 0.000058 
3789.678015 0.000044 
3788.210823 0.000085 
3786.743632 0.000041 
3785.276440 0.000001 
3783.809249 0.000048 
3782.342057 0.000048 
3780.874866 0.000112 
3779.407674 -0.000148 
3777.940483 0.000133 
3776.473291 0.000056 
3775.006100 0.000056 
3773.538908 -0.000075 
3772.071717 -0.000040 
3770.604525 -0.000030 
3769.137334 -0.000103 
3767.670142 0.000026 
3766.202951 -0.000025 
3764.735759 -0.000037 
3763.268568 0.000026 
3761.801376 0.000027 
3760.334185 -0.000005 
3758.866993 0.000139 
3757.399802 0.000204 
3755.932610 0.000200 
3754.465419 0.000117 
3752.998227 0.000037 
3751.531036 -0.000069 
3750.063844 0.000112 
3748.596653 0.000035 
3747.129461 0.000074 
3745.662270 -0.000195 
3744.195078 -0.001484 
3742.727887 -0.000610 
3741.260695 -0.000407 
3739.793504 -0.000063 
3738.326312 -0.000063 
3736.859121 -0.000434 
3735.391929 -0.000255 
3733.924738 -0.000143 
3732.457546 -0.002465 
3730.990355 -0.001725 
3729.523163 -0.001030 
3728.055972 -0.000616 
3726.588780 0.001929 
3725.121589 0.000127 
3723.654397 0.000607 
3722.187206 0.000701 
3720.720014 0.001094 
3719.252823 0.001260 
3717.785631 0.001484 
3716.318440 0.001661 
3714.851248 0.001807 
3713.384057 0.002003 
3711.916865 0.001837 
3710.449674 0.002562 
3708.982482 0.003683 
3707.515291 0.005689 
3706.048099 0.004942 
3704.580908 0.003362 
3703.113717 0.002905 
3701.646525 0.002571 
3700.179334 0.002550 
3698.712142 0.002553 
3697.244951 0.002362 
3695.777759 0.002301 
3694.310568 0.002324 
3692.843376 0.002172 
3691.376185 0.002011 
3689.908993 0.002152 
3688.441802 0.001602 
3686.974610 0.002272 
3685.507419 0.002392 
3684.040227 0.002350 
3682.573036 0.002469 
3681.105844 0.002484 
3679.638653 0.002526 
3678.171461 0.002693 
3676.704270 0.002531 
3675.237078 0.002255 
3673.769887 0.002956 
3672.302695 0.003156 
3670.835504 0.002794 
3669.368312 0.003267 
3667.901121 0.003393 
3666.433929 0.003729 
3664.966738 0.003764 
3663.499546 0.003987 
3662.032355 0.003965 
3660.565163 0.004118 
3659.097972 0.004252 
3657.630780 0.004317 
3656.163589 0.004072 
3654.696397 0.004455 
3653.229206 0.004637 
3651.762014 0.004533 
3650.294823 0.004545 
3648.827631 0.004327 
3647.360440 0.004629 
3645.893248 0.004828 
3644.426057 0.005008 
3642.958865 0.005043 
3641.491674 0.005125 
3640.024482 0.005277 
3638.557291 0.005283 
3637.090099 0.005358 
3635.622908 0.005365 
3634.155716 0.005418 
3632.688525 0.005604 
3631.221333 0.005702 
3629.754142 0.005262 
3628.286950 0.005496 
3626.819759 0.005934 
3625.352567 0.006082 
3623.885376 0.006252 
3622.418184 0.006353 
3620.950993 0.006397 
3619.483801 0.006390 
3618.016610 0.006726 
3616.549418 0.006957 
3615.082227 0.007059 
3613.615035 0.007175 
3612.147844 0.007387 
3610.680652 0.007623 
3609.213461 0.007544 
3607.746269 0.007933 
3606.279078 0.008156 
3604.811886 0.008505 
3603.344695 0.008742 
3601.877503 0.009164 
3600.410312 0.010041 
3598.943120 0.011096 
3597.475929 0.010282 
3596.008737 0.010000 
3594.541546 0.010141 
3593.074354 0.010305 
3591.607163 0.010580 
3590.139971 0.010781 
3588.672780 0.010864 
3587.205588 0.011224 
3585.738397 0.011386 
3584.271205 0.011874 
3582.804014 0.012054 
3581.336822 0.012371 
3579.869631 0.012628 
3578.402439 0.012969 
3576.935248 0.013278 
3575.468056 0.013532 
3574.000865 0.013865 
3572.533673 0.014118 
3571.066482 0.014596 
3569.599290 0.014896 
3568.132099 0.015171 
3566.664907 0.015542 
3565.197716 0.016021 
3563.730524 0.016397 
3562.263333 0.016814 
3560.796141 0.017114 
3559.328950 0.017407 
3557.861758 0.017871 
3556.394567 0.018302 
3554.927375 0.018667 
3553.460184 0.018923 
3551.992992 0.019296 
3550.525801 0.019796 
3549.058609 0.020324 
3547.591418 0.020582 
3546.124226 0.021042 
3544.657035 0.021525 
3543.189843 0.021940 
3541.722652 0.022431 
3540.255460 0.022962 
3538.788269 0.023394 
3537.321077 0.023848 
3535.853886 0.024318 
3534.386694 0.024897 
3532.919503 0.025459 
3531.452311 0.025841 
3529.985120 0.026424 
3528.517928 0.026892 
3527.050737 0.027438 
3525.583545 0.027959 
3524.116354 0.028430 
3522.649162 0.028935 
3521.181971 0.029560 
3519.714779 0.030066 
3518.247588 0.030720 
3516.780396 0.031305 
3515.313205 0.031757 
3513.846013 0.032370 
3512.378822 0.032918 
3510.911630 0.033526 
3509.444439 0.034031 
3507.977247 0.034690 
3506.510056 0.035281 
3505.042864 0.035711 
3503.575673 0.036316 
3502.108481 0.037081 
3500.641290 0.037634 
3499.174098 0.038154 
3497.706907 0.038763 
3496.239715 0.039320 
3494.772524 0.039993 
3493.305332 0.040520 
3491.838141 0.041188 
3490.370949 0.041739 
3488.903758 0.042495 
3487.436566 0.043024 
3485.969375 0.043656 
3484.502183 0.044356 
3483.034992 0.044889 
3481.567800 0.045487 
3480.100609 0.046158 
3478.633417 0.046776 
3477.166226 0.047336 
3475.699034 0.048104 
3474.231843 0.048665 
3472.764651 0.049264 
3471.297460 0.049860 
3469.830268 0.050450 
3468.363077 0.051084 
3466.895885 0.051763 
3465.428694 0.052454 
3463.961502 0.053060 
3462.494311 0.053722 
3461.027119 0.054229 
3459.559928 0.054944 
3458.092736 0.055517 
3456.625545 0.056158 
3455.158353 0.056756 
3453.691162 0.057435 
3452.223970 0.057992 
3450.756779 0.058704 
3449.289587 0.059333 
3447.822396 0.059924 
3446.355205 0.060475 
3444.888013 0.061193 
3443.420822 0.061816 
3441.953630 0.062431 
3440.486439 0.063074 
3439.019247 0.063548 
3437.552056 0.064233 
3436.084864 0.064727 
3434.617673 0.065446 
3433.150481 0.065992 
3431.683290 0.066660 
3430.216098 0.067150 
3428.748907 0.067726 
3427.281715 0.068371 
3425.814524 0.068955 
3424.347332 0.069561 
3422.880141 0.070054 
3421.412949 0.070605 
3419.945758 0.071162 
3418.478566 0.071748 
3417.011375 0.072278 
3415.544183 0.072836 
3414.076992 0.073252 
3412.609800 0.073987 
3411.142609 0.074483 
3409.675417 0.075043 
3408.208226 0.075598 
3406.741034 0.076106 
3405.273843 0.076609 
3403.806651 0.077122 
3402.339460 0.077611 
3400.872268 0.078045 
3399.405077 0.078569 
3397.937885 0.079107 
3396.470694 0.079485 
3395.003502 0.079969 
3393.536311 0.080496 
3392.069119 0.080915 
3390.601928 0.081415 
3389.134736 0.081945 
3387.667545 0.082280 
3386.200353 0.082665 
3384.733162 0.083080 
3383.265970 0.083623 
3381.798779 0.083868 
3380.331587 0.084393 
3378.864396 0.084756 
3377.397204 0.085228 
3375.930013 0.085587 
3374.462821 0.086011 
3372.995630 0.086345 
3371.528438 0.086726 
3370.061247 0.087129 
3368.594055 0.087455 
3367.126864 0.087875 
3365.659672 0.088239 
3364.192481 0.088499 
3362.725289 0.088888 
3361.258098 0.089202 
3359.790906 0.089567 
3358.323715 0.089964 
3356.856523 0.090297 
3355.389332 0.090526 
3353.922140 0.090840 
3352.454949 0.091273 
3350.987757 0.091665 
3349.520566 0.091940 
3348.053374 0.092218 
3346.586183 0.092494 
3345.118991 0.092896 
3343.651800 0.093266 
3342.184608 0.093557 
3340.717417 0.093846 
3339.250225 0.094137 
3337.783034 0.094427 
3336.315842 0.094805 
3334.848651 0.095180 
3333.381459 0.095508 
3331.914268 0.095853 
3330.447076 0.096194 
3328.979885 0.096550 
3327.512693 0.096797 
3326.045502 0.097109 
3324.578310 0.097461 
3323.111119 0.097830 
3321.643927 0.098125 
3320.176736 0.098555 
3318.709544 0.098860 
3317.242353 0.099224 
3315.775161 0.099444 
3314.307970 0.099837 
3312.840778 0.100254 
3311.373587 0.100552 
3309.906395 0.100838 
3308.439204 0.101285 
3306.972012 0.101571 
3305.504821 0.101969 
3304.037629 0.102295 
3302.570438 0.102589 
3301.103246 0.102910 
3299.636055 0.103172 
3298.168863 0.103566 
3296.701672 0.103871 
3295.234480 0.104248 
3293.767289 0.104416 
3292.300097 0.104824 
3290.832906 0.105052 
3289.365714 0.105468 
3287.898523 0.105682 
3286.431331 0.105919 
3284.964140 0.106272 
3283.496948 0.106585 
3282.029757 0.106867 
3280.562565 0.107044 
3279.095374 0.107247 
3277.628182 0.107467 
3276.160991 0.107751 
3274.693799 0.107884 
3273.226608 0.108173 
3271.759416 0.108285 
3270.292225 0.108355 
3268.825033 0.108534 
3267.357842 0.108684 
3265.890650 0.108885 
3264.423459 0.108896 
3262.956267 0.109007 
3261.489076 0.109015 
3260.021884 0.109192 
3258.554693 0.109204 
3257.087501 0.109163 
3255.620310 0.109186 
3254.153118 0.109211 
3252.685927 0.109200 
3251.218735 0.109163 
3249.751544 0.109080 
3248.284352 0.109025 
3246.817161 0.108954 
3245.349969 0.108854 
3243.882778 0.108736 
3242.415586 0.108610 
3240.948395 0.108462 
3239.481203 0.108159 
3238.014012 0.108135 
3236.546820 0.107879 
3235.079629 0.107780 
3233.612437 0.107446 
3232.145246 0.107216 
3230.678054 0.106987 
3229.210863 0.106681 
3227.743671 0.106470 
3226.276480 0.106062 
3224.809288 0.105787 
3223.342097 0.105495 
3221.874905 0.105113 
3220.407714 0.104774 
3218.940522 0.104439 
3217.473331 0.104031 
3216.006139 0.103692 
3214.538948 0.103190 
3213.071756 0.102793 
3211.604565 0.102371 
3210.137373 0.101889 
3208.670182 0.101454 
3207.202990 0.100966 
3205.735799 0.100536 
3204.268607 0.100010 
3202.801416 0.099548 
3201.334224 0.098988 
3199.867033 0.098532 
3198.399841 0.097960 
3196.932650 0.097485 
3195.465458 0.096850 
3193.998267 0.096308 
3192.531075 0.095660 
3191.063884 0.095103 
3189.596692 0.094560 
3188.129501 0.094000 
3186.662310 0.093304 
3185.195118 0.092679 
3183.727927 0.092118 
3182.260735 0.091445 
3180.793544 0.090852 
3179.326352 0.090129 
3177.859161 0.089503 
3176.391969 0.088835 
3174.924778 0.088160 
3173.457586 0.087519 
3171.990395 0.086758 
3170.523203 0.086046 
3169.056012 0.085290 
3167.588820 0.084655 
3166.121629 0.083872 
3164.654437 0.083139 
3163.187246 0.082371 
3161.720054 0.081708 
3160.252863 0.080933 
3158.785671 0.080229 
3157.318480 0.079382 
3155.851288 0.078692 
3154.384097 0.077768 
3152.916905 0.077046 
3151.449714 0.076245 
3149.982522 0.075468 
3148.515331 0.074727 
3147.048139 0.073855 
3145.580948 0.073044 
3144.113756 0.072198 
3142.646565 0.071446 
3141.179373 0.070687 
3139.712182 0.069819 
3138.244990 0.068974 
3136.777799 0.068077 
3135.310607 0.067326 
3133.843416 0.066479 
3132.376224 0.065566 
3130.909033 0.064816 
3129.441841 0.063945 
3127.974650 0.063002 
3126.507458 0.062248 
3125.040267 0.061369 
3123.573075 0.060553 
3122.105884 0.059604 
3120.638692 0.058843 
3119.171501 0.057913 
3117.704309 0.057063 
3116.237118 0.056240 
3114.769926 0.055356 
3113.302735 0.054545 
3111.835543 0.053674 
3110.368352 0.052764 
3108.901160 0.051851 
3107.433969 0.051012 
3105.966777 0.050180 
3104.499586 0.049394 
3103.032394 0.048528 
3101.565203 0.047634 
3100.098011 0.046740 
3098.630820 0.045966 
3097.163628 0.045057 
3095.696437 0.044205 
3094.229245 0.043373 
3092.762054 0.042538 
3091.294862 0.041751 
3089.827671 0.040918 
3088.360479 0.040133 
3086.893288 0.039275 
3085.426096 0.038492 
3083.958905 0.037716 
3082.491713 0.036944 
3081.024522 0.036147 
3079.557330 0.035304 
3078.090139 0.034550 
3076.622947 0.033857 
3075.155756 0.033094 
3073.688564 0.032426 
3072.221373 0.031528 
3070.754181 0.030928 
3069.286990 0.030188 
3067.819798 0.029554 
3066.352607 0.028965 
3064.885415 0.028176 
3063.418224 0.027581 
3061.951032 0.026960 
3060.483841 0.026288 
3059.016649 0.025723 
3057.549458 0.025091 
3056.082266 0.024525 
3054.615075 0.023927 
3053.147883 0.023366 
3051.680692 0.022887 
3050.213500 0.022370 
3048.746309 0.021810 
3047.279117 0.021318 
3045.811926 0.020828 
3044.344734 0.020421 
3042.877543 0.019952 
3041.410351 0.019544 
3039.943160 0.019014 
3038.475968 0.018594 
3037.008777 0.018184 
3035.541585 0.017816 
3034.074394 0.017471 
3032.607202 0.017067 
3031.140011 0.016685 
3029.672819 0.016324 
3028.205628 0.016030 
3026.738436 0.015669 
3025.271245 0.015366 
3023.804053 0.015029 
3022.336862 0.014684 
3020.869670 0.014405 
3019.402479 0.014143 
3017.935287 0.013899 
3016.468096 0.013667 
3015.000904 0.013373 
3013.533713 0.013173 
3012.066521 0.012896 
3010.599330 0.012695 
3009.132138 0.012347 
3007.664947 0.012178 
3006.197755 0.012011 
3004.730564 0.011735 
3003.263372 0.011521 
3001.796181 0.011328 
3000.328989 0.011075 
2998.861798 0.010939 
2997.394606 0.010741 
2995.927415 0.010592 
2994.460223 0.010395 
2992.993032 0.010211 
2991.525840 0.010079 
2990.058649 0.009894 
2988.591457 0.009731 
2987.124266 0.009583 
2985.657074 0.009358 
2984.189883 0.009237 
2982.722691 0.009058 
2981.255500 0.009006 
2979.788308 0.008834 
2978.321117 0.008657 
2976.853925 0.008552 
2975.386734 0.008395 
2973.919542 0.008415 
2972.452351 0.008273 
2970.985159 0.008146 
2969.517968 0.008058 
2968.050776 0.007998 
2966.583585 0.007870 
2965.116393 0.007766 
2963.649202 0.007704 
2962.182010 0.007626 
2960.714819 0.007466 
2959.247627 0.007430 
2957.780436 0.007358 
2956.313244 0.007226 
2954.846053 0.007130 
2953.378861 0.007064 
2951.911670 0.007075 
2950.444478 0.006915 
2948.977287 0.006889 
2947.510095 0.006852 
2946.042904 0.006672 
2944.575712 0.006627 
2943.108521 0.006599 
2941.641329 0.006542 
2940.174138 0.006455 
2938.706946 0.006394 
2937.239755 0.006359 
2935.772563 0.006311 
2934.305372 0.006274 
2932.838180 0.006197 
2931.370989 0.006138 
2929.903797 0.006063 
2928.436606 0.006008 
2926.969415 0.005999 
2925.502223 0.005873 
2924.035032 0.005839 
2922.567840 0.005763 
2921.100649 0.005755 
2919.633457 0.005716 
2918.166266 0.005661 
2916.699074 0.005697 
2915.231883 0.005666 
2913.764691 0.005686 
2912.297500 0.005682 
2910.830308 0.005617 
2909.363117 0.005567 
2907.895925 0.005558 
2906.428734 0.005580 
2904.961542 0.005564 
2903.494351 0.005509 
2902.027159 0.005575 
2900.559968 0.005536 
2899.092776 0.005500 
2897.625585 0.005528 
2896.158393 0.005525 
2894.691202 0.005540 
2893.224010 0.005493 
2891.756819 0.005586 
2890.289627 0.005494 
2888.822436 0.005560 
2887.355244 0.005571 
2885.888053 0.005581 
2884.420861 0.005632 
2882.953670 0.005629 
2881.486478 0.005690 
2880.019287 0.005736 
2878.552095 0.005757 
2877.084904 0.005790 
2875.617712 0.005827 
2874.150521 0.005796 
2872.683329 0.005906 
2871.216138 0.005845 
2869.748946 0.005934 
2868.281755 0.005826 
2866.814563 0.005928 
2865.347372 0.005950 
2863.880180 0.005991 
2862.412989 0.005974 
2860.945797 0.005964 
2859.478606 0.006000 
2858.011414 0.005925 
2856.544223 0.005924 
2855.077031 0.005799 
2853.609840 0.005824 
2852.142648 0.005785 
2850.675457 0.005757 
2849.208265 0.005650 
2847.741074 0.005714 
2846.273882 0.005716 
2844.806691 0.005662 
2843.339499 0.005565 
2841.872308 0.005539 
2840.405116 0.005451 
2838.937925 0.005362 
2837.470733 0.005396 
2836.003542 0.005197 
2834.536350 0.005205 
2833.069159 0.005102 
2831.601967 0.005070 
2830.134776 0.004984 
2828.667584 0.004821 
2827.200393 0.004882 
2825.733201 0.004788 
2824.266010 0.004722 
2822.798818 0.004677 
2821.331627 0.004570 
2819.864435 0.004506 
2818.397244 0.004453 
2816.930052 0.004376 
2815.462861 0.004388 
2813.995669 0.004227 
2812.528478 0.004223 
2811.061286 0.004077 
2809.594095 0.004020 
2808.126903 0.003958 
2806.659712 0.003902 
2805.192520 0.003829 
2803.725329 0.003788 
2802.258137 0.003806 
2800.790946 0.003637 
2799.323754 0.003602 
2797.856563 0.003518 
2796.389371 0.003460 
2794.922180 0.003404 
2793.454988 0.003371 
2791.987797 0.003275 
2790.520605 0.003230 
2789.053414 0.003091 
2787.586222 0.003097 
2786.119031 0.002980 
2784.651839 0.002946 
2783.184648 0.002914 
2781.717456 0.002804 
2780.250265 0.002793 
2778.783073 0.002660 
2777.315882 0.002663 
2775.848690 0.002525 
2774.381499 0.002487 
2772.914307 0.002473 
2771.447116 0.002403 
2769.979924 0.002357 
2768.512733 0.002280 
2767.045541 0.002223 
2765.578350 0.002158 
2764.111158 0.002110 
2762.643967 0.002039 
2761.176775 0.001967 
2759.709584 0.001927 
2758.242392 0.001912 
2756.775201 0.001793 
2755.308009 0.001815 
2753.840818 0.001710 
2752.373626 0.001685 
2750.906435 0.001609 
2749.439243 0.001569 
2747.972052 0.001586 
2746.504860 0.001478 
2745.037669 0.001467 
2743.570477 0.001367 
2742.103286 0.001318 
2740.636094 0.001310 
2739.168903 0.001236 
2737.701711 0.001201 
2736.234520 0.001106 
2734.767328 0.001050 
2733.300137 0.001079 
2731.832945 0.000958 
2730.365754 0.000922 
2728.898562 0.000876 
2727.431371 0.000815 
2725.964179 0.000760 
2724.496988 0.000708 
2723.029796 0.000735 
2721.562605 0.000613 
2720.095413 0.000599 
2718.628222 0.000539 
2717.161030 0.000516 
2715.693839 0.000427 
2714.226647 0.000357 
2712.759456 0.000327 
2711.292264 0.000304 
2709.825073 0.000213 
2708.357881 0.000202 
2706.890690 0.000145 
2705.423498 0.000113 
2703.956307 0.000038 
2702.489115 0.000022 
2701.021924 0.000030 
2699.554732 -0.000083 
2698.087541 -0.000083 
2696.620349 -0.000140 
2695.153158 -0.000121 
2693.685966 -0.000147 
2692.218775 -0.000180 
2690.751583 -0.000184 
2689.284392 -0.000239 
2687.817200 -0.000254 
2686.350009 -0.000262 
2684.882817 -0.000277 
2683.415626 -0.000256 
2681.948434 -0.000296 
2680.481243 -0.000322 
2679.014051 -0.000370 
2677.546860 -0.000366 
2676.079668 -0.000327 
2674.612477 -0.000410 
2673.145285 -0.000357 
2671.678094 -0.000406 
2670.210903 -0.000389 
2668.743711 -0.000384 
2667.276520 -0.000436 
2665.809328 -0.000374 
2664.342137 -0.000464 
2662.874945 -0.000433 
2661.407754 -0.000443 
2659.940562 -0.000421 
2658.473371 -0.000443 
2657.006179 -0.000474 
2655.538988 -0.000415 
2654.071796 -0.000400 
2652.604605 -0.000480 
2651.137413 -0.000392 
2649.670222 -0.000422 
2648.203030 -0.000394 
2646.735839 -0.000431 
2645.268647 -0.000399 
2643.801456 -0.000351 
2642.334264 -0.000408 
2640.867073 -0.000338 
2639.399881 -0.000413 
2637.932690 -0.000365 
2636.465498 -0.000338 
2634.998307 -0.000346 
2633.531115 -0.000308 
2632.063924 -0.000326 
2630.596732 -0.000261 
2629.129541 -0.000280 
2627.662349 -0.000290 
2626.195158 -0.000244 
2624.727966 -0.000292 
2623.260775 -0.000240 
2621.793583 -0.000254 
2620.326392 -0.000282 
2618.859200 -0.000209 
2617.392009 -0.000253 
2615.924817 -0.000175 
2614.457626 -0.000235 
2612.990434 -0.000190 
2611.523243 -0.000170 
2610.056051 -0.000173 
2608.588860 -0.000148 
2607.121668 -0.000193 
2605.654477 -0.000108 
2604.187285 -0.000215 
2602.720094 -0.000158 
2601.252902 -0.000112 
2599.785711 -0.000151 
2598.318519 -0.000125 
2596.851328 -0.000131 
2595.384136 -0.000162 
2593.916945 -0.000062 
2592.449753 -0.000105 
2590.982562 -0.000034 
2589.515370 -0.000108 
2588.048179 -0.000082 
2586.580987 -0.000009 
2585.113796 -0.000074 
2583.646604 -0.000010 
2582.179413 -0.000100 
2580.712221 -0.000046 
2579.245030 -0.000025 
2577.777838 0.000030 
2576.310647 -0.000002 
2574.843455 0.000025 
2573.376264 -0.000009 
2571.909072 0.000001 
2570.441881 -0.000057 
2568.974689 0.000039 
2567.507498 -0.000023 
2566.040306 0.000024 
2564.573115 0.000013 
2563.105923 -0.000023 
2561.638732 0.000067 
2560.171540 -0.000022 
2558.704349 0.000062 
2557.237157 -0.000003 
2555.769966 -0.000003 
2554.302774 0.000027 
2552.835583 0.000041 
2551.368391 0.000053 
2549.901200 -0.000005 
2548.434008 0.000067 
2546.966817 0.000035 
2545.499625 0.000040 
2544.032434 0.000034 
2542.565242 -0.000031 
2541.098051 0.000013 
2539.630859 0.000013 
2538.163668 -0.000057 
2536.696476 0.000037 
2535.229285 -0.000005 
2533.762093 0.000048 
2532.294902 0.000033 
2530.827710 0.000012 
2529.360519 0.000040 
2527.893327 -0.000007 
2526.426136 0.000088 
2524.958944 -0.000000 
2523.491753 -0.000005 
2522.024561 0.000007 
2520.557370 0.000045 
2519.090178 -0.000001 
2517.622987 -0.000024 
2516.155795 0.000033 
2514.688604 -0.000007 
2513.221412 -0.000025 
2511.754221 0.000049 
2510.287029 -0.000011 
2508.819838 0.000005 
2507.352646 0.000025 
2505.885455 -0.000018 
2504.418263 0.000009 
2502.951072 -0.000095 
2501.483880 0.000035 
2500.016689 -0.000003 
2498.549497 0.000010 
2497.082306 0.000019 
2495.615114 -0.000027 
2494.147923 0.000048 
2492.680731 -0.000016 
2491.213540 0.000016 
2489.746348 0.000038 
2488.279157 0.000035 
2486.811965 0.000037 
2485.344774 0.000024 
2483.877582 0.000018 
2482.410391 0.000078 
2480.943199 -0.000020 
2479.476008 0.000099 
2478.008816 0.000077 
2476.541625 0.000098 
2475.074433 0.000124 
2473.607242 0.000105 
2472.140050 0.000172 
2470.672859 0.000137 
2469.205667 0.000194 
2467.738476 0.000149 
2466.271284 0.000185 
2464.804093 0.000252 
2463.336901 0.000164 
2461.869710 0.000235 
2460.402518 0.000212 
2458.935327 0.000250 
2457.468135 0.000266 
2456.000944 0.000274 
2454.533752 0.000295 
2453.066561 0.000270 
2451.599369 0.000309 
2450.132178 0.000291 
2448.664986 0.000274 
2447.197795 0.000276 
2445.730603 0.000222 
2444.263412 0.000267 
2442.796220 0.000248 
2441.329029 0.000227 
2439.861837 0.000230 
2438.394646 0.000200 
2436.927454 0.000282 
2435.460263 0.000220 
2433.993071 0.000257 
2432.525880 0.000241 
2431.058688 0.000217 
2429.591497 0.000259 
2428.124305 0.000205 
2426.657114 0.000214 
2425.189922 0.000239 
2423.722731 0.000194 
2422.255539 0.000251 
2420.788348 0.000209 
2419.321156 0.000281 
2417.853965 0.000275 
2416.386773 0.000257 
2414.919582 0.000301 
2413.452390 0.000239 
2411.985199 0.000282 
2410.518008 0.000217 
2409.050816 0.000279 
2407.583625 0.000320 
2406.116433 0.000339 
2404.649242 0.000360 
2403.182050 0.000368 
2401.714859 0.000329 
2400.247667 0.000413 
2398.780476 0.000374 
2397.313284 0.000471 
2395.846093 0.000431 
2394.378901 0.000495 
2392.911710 0.000488 
2391.444518 0.000452 
2389.977327 0.000529 
2388.510135 0.000486 
2387.042944 0.000605 
2385.575752 0.000629 
2384.108561 0.000685 
2382.641369 0.000759 
2381.174178 0.000889 
2379.706986 0.001512 
2378.239795 0.003533 
2376.772603 0.007835 
2375.305412 0.014521 
2373.838220 0.019830 
2372.371029 0.023025 
2370.903837 0.025159 
2369.436646 0.026672 
2367.969454 0.028196 
2366.502263 0.029139 
2365.035071 0.030408 
2363.567880 0.031141 
2362.100688 0.032393 
2360.633497 0.033376 
2359.166305 0.034740 
2357.699114 0.036388 
2356.231922 0.037970 
2354.764731 0.040254 
2353.297539 0.042629 
2351.830348 0.045456 
2350.363156 0.049139 
2348.895965 0.053534 
2347.428773 0.059367 
2345.961582 0.066958 
2344.494390 0.075460 
2343.027199 0.083041 
2341.560007 0.086637 
2340.092816 0.084399 
2338.625624 0.073384 
2337.158433 0.054311 
2335.691241 0.036514 
2334.224050 0.026079 
2332.756858 0.019605 
2331.289667 0.014882 
2329.822475 0.011497 
2328.355284 0.009520 
2326.888092 0.007940 
2325.420901 0.005793 
2323.953709 0.004023 
2322.486518 0.002744 
2321.019326 0.001321 
2319.552135 0.000269 
2318.084943 -0.000084 
2316.617752 -0.000380 
2315.150560 -0.000426 
2313.683369 -0.000383 
2312.216177 -0.000266 
2310.748986 -0.000325 
2309.281794 -0.000377 
2307.814603 -0.000383 
2306.347411 -0.000573 
2304.880220 -0.000630 
2303.413028 -0.000582 
2301.945837 -0.000643 
2300.478645 -0.000555 
2299.011454 -0.000571 
2297.544262 -0.000506 
2296.077071 -0.000519 
2294.609879 -0.000544 
2293.142688 -0.000462 
2291.675496 -0.000483 
2290.208305 -0.000453 
2288.741113 -0.000483 
2287.273922 -0.000475 
2285.806730 -0.000156 
2284.339539 0.000353 
2282.872347 0.002231 
2281.405156 0.002607 
2279.937964 0.001353 
2278.470773 0.000909 
2277.003581 0.000661 
2275.536390 0.000547 
2274.069198 0.000247 
2272.602007 0.000030 
2271.134815 -0.000148 
2269.667624 -0.000264 
2268.200432 -0.000201 
2266.733241 -0.000220 
2265.266049 -0.000057 
2263.798858 -0.000036 
2262.331666 -0.000136 
2260.864475 -0.000086 
2259.397283 -0.000097 
2257.930092 -0.000065 
2256.462900 -0.000082 
2254.995709 -0.000075 
2253.528517 0.000003 
2252.061326 -0.000079 
2250.594134 0.000040 
2249.126943 0.000047 
2247.659751 0.000078 
2246.192560 0.000140 
2244.725368 0.000082 
2243.258177 0.000189 
2241.790985 0.000140 
2240.323794 0.000187 
2238.856602 0.000270 
2237.389411 0.000186 
2235.922219 0.000290 
2234.455028 0.000233 
2232.987836 0.000270 
2231.520645 0.000315 
2230.053453 0.000265 
2228.586262 0.000382 
2227.119070 0.000301 
2225.651879 0.000370 
2224.184687 0.000385 
2222.717496 0.000351 
2221.250304 0.000484 
2219.783113 0.000377 
2218.315921 0.000467 
2216.848730 0.000421 
2215.381538 0.000438 
2213.914347 0.000505 
2212.447155 0.000420 
2210.979964 0.000516 
2209.512772 0.000497 
2208.045581 0.000491 
2206.578389 0.000535 
2205.111198 0.000522 
2203.644006 0.000624 
2202.176815 0.000555 
2200.709623 0.000557 
2199.242432 0.000581 
2197.775240 0.000510 
2196.308049 0.000576 
2194.840857 0.000492 
2193.373666 0.000578 
2191.906474 0.000544 
2190.439283 0.000506 
2188.972091 0.000580 
2187.504900 0.000481 
2186.037708 0.000544 
2184.570517 0.000507 
2183.103325 0.000473 
2181.636134 0.000503 
2180.168942 0.000392 
2178.701751 0.000407 
2177.234559 0.000323 
2175.767368 0.000355 
2174.300176 0.000352 
2172.832985 0.000257 
2171.365793 0.000330 
2169.898602 0.000284 
2168.431410 0.000323 
2166.964219 0.000329 
2165.497027 0.000234 
2164.029836 0.000259 
2162.562644 0.000167 
2161.095453 0.000111 
2159.628261 0.000015 
2158.161070 -0.000065 
2156.693878 -0.000037 
2155.226687 -0.000141 
2153.759495 -0.000025 
2152.292304 0.000027 
2150.825113 0.000162 
2149.357921 0.000485 
2147.890730 0.000902 
2146.423538 0.001646 
2144.956347 0.002118 
2143.489155 0.002632 
2142.021964 0.003296 
2140.554772 0.004003 
2139.087581 0.004423 
2137.620389 0.003727 
2136.153198 0.002386 
2134.686006 0.001277 
2133.218815 0.000589 
2131.751623 0.000412 
2130.284432 0.000184 
2128.817240 0.000085 
2127.350049 0.000118 
2125.882857 0.000034 
2124.415666 0.000117 
2122.948474 -0.000036 
2121.481283 0.000005 
2120.014091 -0.000028 
2118.546900 -0.000041 
2117.079708 -0.000028 
2115.612517 -0.000094 
2114.145325 0.000011 
2112.678134 -0.000047 
2111.210942 -0.000032 
2109.743751 0.000022 
2108.276559 -0.000089 
2106.809368 0.000002 
2105.342176 -0.000046 
2103.874985 -0.000036 
2102.407793 0.000011 
2100.940602 -0.000072 
2099.473410 0.000040 
2098.006219 -0.000043 
2096.539027 0.000023 
2095.071836 0.000083 
2093.604644 0.000016 
2092.137453 0.000139 
2090.670261 0.000021 
2089.203070 0.000058 
2087.735878 -0.000006 
2086.268687 0.000022 
2084.801495 0.000079 
2083.334304 -0.000046 
2081.867112 0.000047 
2080.399921 -0.000004 
2078.932729 -0.000011 
2077.465538 0.000067 
2075.998346 -0.000011 
2074.531155 0.000089 
2073.063963 0.000043 
2071.596772 0.000042 
2070.129580 0.000118 
2068.662389 0.000007 
2067.195197 0.000107 
2065.728006 0.000005 
2064.260814 0.000004 
2062.793623 0.000002 
2061.326431 -0.000105 
2059.859240 -0.000011 
2058.392048 -0.000157 
2056.924857 -0.000064 
2055.457665 -0.000066 
2053.990474 -0.000157 
2052.523282 -0.000066 
2051.056091 -0.000136 
2049.588899 -0.000118 
2048.121708 -0.000162 
2046.654516 -0.000098 
2045.187325 0.000001 
2043.720133 -0.000173 
2042.252942 -0.000121 
2040.785750 -0.000201 
2039.318559 -0.000179 
2037.851367 -0.000141 
2036.384176 -0.000249 
2034.916984 -0.000126 
2033.449793 -0.000186 
2031.982601 -0.000146 
2030.515410 -0.000108 
2029.048218 -0.000182 
2027.581027 -0.000048 
2026.113835 -0.000111 
2024.646644 -0.000092 
2023.179452 -0.000078 
2021.712261 -0.000043 
2020.245069 0.000017 
2018.777878 -0.000094 
2017.310686 -0.000013 
2015.843495 -0.000024 
2014.376303 -0.000060 
2012.909112 -0.000011 
2011.441920 -0.000102 
2009.974729 -0.000006 
2008.507537 -0.000069 
2007.040346 -0.000061 
2005.573154 0.000018 
2004.105963 -0.000067 
2002.638771 -0.000005 
2001.171580 -0.000096 
1999.704388 -0.000024 
1998.237197 -0.000046 
1996.770005 -0.000108 
1995.302814 0.000005 
1993.835622 -0.000066 
1992.368431 -0.000074 
1990.901239 -0.000044 
1989.434048 -0.000071 
1987.966856 -0.000037 
1986.499665 -0.000103 
1985.032473 -0.000045 
1983.565282 -0.000048 
1982.098090 -0.000087 
1980.630899 -0.000017 
1979.163707 -0.000082 
1977.696516 0.000001 
1976.229324 -0.000041 
1974.762133 -0.000027 
1973.294941 0.000023 
1971.827750 -0.000017 
1970.360558 0.000071 
1968.893367 0.000000 
1967.426175 -0.000006 
1965.958984 0.000051 
1964.491792 0.000001 
1963.024601 0.000055 
1961.557409 0.000004 
1960.090218 0.000025 
1958.623026 0.000035 
1957.155835 0.000031 
1955.688643 0.000103 
1954.221452 0.000003 
1952.754260 0.000119 
1951.287069 0.000068 
1949.819877 0.000052 
1948.352686 0.000159 
1946.885494 0.000061 
1945.418303 0.000120 
1943.951111 0.000071 
1942.483920 0.000024 
1941.016728 0.000133 
1939.549537 0.000096 
1938.082345 0.000171 
1936.615154 0.000102 
1935.147962 0.000160 
1933.680771 0.000171 
1932.213579 0.000121 
1930.746388 0.000201 
1929.279196 0.000113 
1927.812005 0.000163 
1926.344813 0.000178 
1924.877622 0.000121 
1923.410430 0.000141 
1921.943239 0.000056 
1920.476047 0.000152 
1919.008856 0.000087 
1917.541664 -0.000019 
1916.074473 0.000162 
1914.607281 0.000105 
1913.140090 0.000171 
1911.672898 0.000102 
1910.205707 0.000083 
1908.738515 0.000091 
1907.271324 0.000049 
1905.804132 0.000141 
1904.336941 0.000047 
1902.869749 0.000068 
1901.402558 0.000089 
1899.935366 -0.000019 
1898.468175 0.000057 
1897.000983 -0.000000 
1895.533792 0.000003 
1894.066601 -0.000007 
1892.599409 -0.000028 
1891.132218 -0.000006 
1889.665026 -0.000198 
1888.197835 -0.000051 
1886.730643 -0.000116 
1885.263452 -0.000124 
1883.796260 -0.000074 
1882.329069 -0.000148 
1880.861877 -0.000068 
1879.394686 -0.000123 
1877.927494 -0.000125 
1876.460303 -0.000063 
1874.993111 -0.000163 
1873.525920 -0.000066 
1872.058728 -0.000160 
1870.591537 -0.000179 
1869.124345 -0.000347 
1867.657154 -0.000279 
1866.189962 -0.000143 
1864.722771 -0.000216 
1863.255579 -0.000198 
1861.788388 -0.000179 
1860.321196 -0.000210 
1858.854005 -0.000167 
1857.386813 -0.000258 
1855.919622 -0.000196 
1854.452430 -0.000197 
1852.985239 -0.000236 
1851.518047 -0.000202 
1850.050856 -0.000282 
1848.583664 -0.000207 
1847.116473 -0.000253 
1845.649281 -0.000257 
1844.182090 -0.000511 
1842.714898 -0.000305 
1841.247707 -0.000183 
1839.780515 -0.000262 
1838.313324 -0.000193 
1836.846132 -0.000206 
1835.378941 -0.000244 
1833.911749 -0.000159 
1832.444558 -0.000231 
1830.977366 -0.000262 
1829.510175 -0.000348 
1828.042983 -0.000239 
1826.575792 -0.000166 
1825.108600 -0.000381 
1823.641409 -0.000149 
1822.174217 -0.000146 
1820.707026 -0.000167 
1819.239834 -0.000061 
1817.772643 -0.000172 
1816.305451 -0.000040 
1814.838260 -0.000107 
1813.371068 -0.000079 
1811.903877 -0.000078 
1810.436685 -0.000199 
1808.969494 -0.000021 
1807.502302 -0.000092 
1806.035111 0.000006 
1804.567919 0.000012 
1803.100728 -0.000038 
1801.633536 -0.000009 
1800.166345 -0.000041 
1798.699153 0.000056 
1797.231962 0.000089 
1795.764770 0.000066 
1794.297579 0.000205 
1792.830387 -0.000230 
1791.363196 0.000110 
1789.896004 0.000235 
1788.428813 0.000245 
1786.961621 0.000345 
1785.494430 0.000255 
1784.027238 0.000410 
1782.560047 0.000429 
1781.092855 0.000423 
1779.625664 0.000525 
1778.158472 0.000534 
1776.691281 0.000665 
1775.224089 0.000604 
1773.756898 0.000671 
1772.289706 0.000275 
1770.822515 0.000687 
1769.355323 0.000924 
1767.888132 0.000701 
1766.420940 0.001065 
1764.953749 0.001143 
1763.486557 0.001174 
1762.019366 0.001075 
1760.552174 0.001307 
1759.084983 0.001510 
1757.617791 0.001538 
1756.150600 0.001519 
1754.683408 0.001836 
1753.216217 0.001845 
1751.749025 0.001746 
1750.281834 0.002032 
1748.814642 0.002098 
1747.347451 0.002385 
1745.880259 0.002513 
1744.413068 0.002730 
1742.945876 0.002784 
1741.478685 0.003035 
1740.011493 0.002877 
1738.544302 0.003271 
1737.077110 0.003540 
1735.609919 0.003548 
1734.142727 0.003173 
1732.675536 0.003778 
1731.208344 0.004184 
1729.741153 0.004416 
1728.273961 0.004612 
1726.806770 0.004863 
1725.339578 0.005078 
1723.872387 0.005230 
1722.405195 0.005574 
1720.938004 0.005661 
1719.470812 0.005856 
1718.003621 0.005556 
1716.536429 0.005835 
1715.069238 0.006117 
1713.602046 0.006475 
1712.134855 0.006782 
1710.667663 0.006876 
1709.200472 0.007028 
1707.733280 0.007208 
1706.266089 0.007068 
1704.798897 0.007369 
1703.331706 0.007595 
1701.864514 0.007675 
1700.397323 0.006903 
1698.930131 0.007715 
1697.462940 0.008095 
1695.995748 0.007001 
1694.528557 0.008211 
1693.061365 0.008465 
1691.594174 0.008502 
1690.126982 0.008608 
1688.659791 0.008594 
1687.192599 0.008771 
1685.725408 0.008477 
1684.258216 0.007911 
1682.791025 0.008791 
1681.323833 0.008926 
1679.856642 0.009021 
1678.389450 0.009010 
1676.922259 0.009005 
1675.455067 0.008682 
1673.987876 0.008948 
1672.520684 0.009071 
1671.053493 0.008866 
1669.586301 0.008601 
1668.119110 0.008910 
1666.651918 0.008888 
1665.184727 0.008966 
1663.717535 0.008688 
1662.250344 0.008528 
1660.783152 0.008630 
1659.315961 0.008429 
1657.848769 0.008355 
1656.381578 0.008071 
1654.914386 0.007695 
1653.447195 0.006708 
1651.980003 0.006804 
1650.512812 0.007390 
1649.045620 0.007086 
1647.578429 0.006791 
1646.111237 0.006357 
1644.644046 0.006623 
1643.176854 0.006601 
1641.709663 0.006341 
1640.242471 0.006392 
1638.775280 0.006212 
1637.308088 0.006043 
1635.840897 0.005622 
1634.373706 0.005879 
1632.906514 0.006136 
1631.439323 0.006030 
1629.972131 0.006044 
1628.504940 0.005924 
1627.037748 0.005815 
1625.570557 0.005951 
1624.103365 0.005616 
1622.636174 0.005731 
1621.168982 0.005784 
1619.701791 0.005665 
1618.234599 0.005652 
1616.767408 0.004614 
1615.300216 0.005528 
1613.833025 0.005542 
1612.365833 0.005506 
1610.898642 0.005574 
1609.431450 0.005437 
1607.964259 0.005577 
1606.497067 0.005507 
1605.029876 0.005519 
1603.562684 0.005498 
1602.095493 0.005333 
1600.628301 0.005411 
1599.161110 0.005232 
1597.693918 0.005179 
1596.226727 0.005135 
1594.759535 0.004960 
1593.292344 0.005050 
1591.825152 0.004946 
1590.357961 0.004933 
1588.890769 0.004866 
1587.423578 0.004833 
1585.956386 0.004886 
1584.489195 0.004695 
1583.022003 0.004737 
1581.554812 0.004690 
1580.087620 0.004603 
1578.620429 0.004648 
1577.153237 0.004372 
1575.686046 0.003881 
1574.218854 0.004426 
1572.751663 0.004406 
1571.284471 0.004415 
1569.817280 0.003898 
1568.350088 0.004245 
1566.882897 0.004169 
1565.415705 0.004109 
1563.948514 0.004097 
1562.481322 0.003954 
1561.014131 0.003749 
1559.546939 0.003091 
1558.079748 0.002862 
1556.612556 0.003553 
1555.145365 0.003384 
1553.678173 0.003262 
1552.210982 0.003384 
1550.743790 0.003294 
1549.276599 0.003231 
1547.809407 0.003231 
1546.342216 0.003209 
1544.875024 0.002794 
1543.407833 0.002933 
1541.940641 0.002329 
1540.473450 0.002357 
1539.006258 0.001994 
1537.539067 0.002747 
1536.071875 0.002809 
1534.604684 0.002592 
1533.137492 0.002455 
1531.670301 0.002661 
1530.203109 0.002583 
1528.735918 0.002573 
1527.268726 0.002476 
1525.801535 0.002425 
1524.334343 0.002498 
1522.867152 0.002264 
1521.399960 0.001929 
1519.932769 0.002140 
1518.465577 0.002412 
1516.998386 0.002115 
1515.531194 0.002302 
1514.064003 0.002426 
1512.596811 0.002279 
1511.129620 0.002497 
1509.662428 0.002398 
1508.195237 0.002295 
1506.728045 0.001934 
1505.260854 0.002133 
1503.793662 0.002893 
1502.326471 0.002902 
1500.859279 0.002964 
1499.392088 0.003056 
1497.924896 0.003090 
1496.457705 0.002918 
1494.990513 0.003350 
1493.523322 0.003510 
1492.056130 0.003590 
1490.588939 0.003369 
1489.121747 0.003733 
1487.654556 0.003668 
1486.187364 0.003920 
1484.720173 0.003988 
1483.252981 0.004089 
1481.785790 0.004141 
1480.318598 0.004098 
1478.851407 0.004248 
1477.384215 0.004240 
1475.917024 0.004122 
1474.449832 0.004319 
1472.982641 0.004007 
1471.515449 0.004346 
1470.048258 0.004569 
1468.581066 0.004649 
1467.113875 0.004780 
1465.646683 0.004535 
1464.179492 0.004645 
1462.712300 0.004789 
1461.245109 0.004842 
1459.777917 0.004875 
1458.310726 0.004662 
1456.843534 0.004343 
1455.376343 0.004909 
1453.909151 0.005157 
1452.441960 0.005167 
1450.974768 0.005224 
1449.507577 0.005432 
1448.040385 0.005285 
1446.573194 0.005522 
1445.106002 0.005537 
1443.638811 0.005618 
1442.171619 0.005710 
1440.704428 0.005676 
1439.237236 0.005825 
1437.770045 0.005662 
1436.302853 0.005424 
1434.835662 0.005894 
1433.368470 0.005897 
1431.901279 0.006009 
1430.434087 0.005851 
1428.966896 0.006037 
1427.499704 0.006062 
1426.032513 0.005958 
1424.565321 0.006039 
1423.098130 0.005996 
1421.630938 0.006048 
1420.163747 0.005808 
1418.696555 0.005723 
1417.229364 0.005971 
1415.762172 0.005926 
1414.294981 0.006036 
1412.827789 0.005956 
1411.360598 0.005903 
1409.893406 0.005943 
1408.426215 0.005829 
1406.959023 0.005890 
1405.491832 0.005693 
1404.024640 0.005716 
1402.557449 0.005746 
1401.090257 0.005556 
1399.623066 0.005505 
1398.155874 0.005432 
1396.688683 0.005468 
1395.221491 0.005247 
1393.754300 0.005197 
1392.287108 0.005318 
1390.819917 0.005176 
1389.352725 0.005264 
1387.885534 0.004971 
1386.418342 0.005020 
1384.951151 0.005117 
1383.483959 0.005082 
1382.016768 0.005124 
1380.549576 0.005097 
1379.082385 0.005118 
1377.615193 0.005095 
1376.148002 0.005048 
1374.680811 0.005206 
1373.213619 0.005123 
1371.746428 0.005238 
1370.279236 0.005308 
1368.812045 0.005259 
1367.344853 0.005339 
1365.877662 0.005246 
1364.410470 0.005274 
1362.943279 0.005035 
1361.476087 0.004917 
1360.008896 0.005004 
1358.541704 0.004755 
1357.074513 0.004670 
1355.607321 0.004500 
1354.140130 0.004305 
1352.672938 0.004104 
1351.205747 0.003831 
1349.738555 0.003707 
1348.271364 0.003415 
1346.804172 0.003186 
1345.336981 0.003060 
1343.869789 0.002774 
1342.402598 0.002616 
1340.935406 0.002383 
1339.468215 0.002258 
1338.001023 0.002139 
1336.533832 0.001961 
1335.066640 0.002026 
1333.599449 0.001786 
1332.132257 0.001766 
1330.665066 0.001675 
1329.197874 0.001534 
1327.730683 0.001557 
1326.263491 0.001388 
1324.796300 0.001453 
1323.329108 0.001420 
1321.861917 0.001381 
1320.394725 0.001463 
1318.927534 0.001339 
1317.460342 0.001514 
1315.993151 0.001391 
1314.525959 0.001428 
1313.058768 0.001462 
1311.591576 0.001343 
1310.124385 0.001487 
1308.657193 0.001414 
1307.190002 0.001462 
1305.722810 0.001478 
1304.255619 0.001451 
1302.788427 0.001558 
1301.321236 0.001430 
1299.854044 0.001509 
1298.386853 0.001422 
1296.919661 0.001356 
1295.452470 0.001452 
1293.985278 0.001316 
1292.518087 0.001308 
1291.050895 0.001290 
1289.583704 0.001219 
1288.116512 0.001268 
1286.649321 0.001135 
1285.182129 0.001164 
1283.714938 0.001034 
1282.247746 0.000995 
1280.780555 0.000914 
1279.313363 0.000669 
1277.846172 0.000680 
1276.378980 0.000491 
1274.911789 0.000389 
1273.444597 0.000237 
1271.977406 0.000039 
1270.510214 0.000089 
1269.043023 -0.000123 
1267.575831 -0.000133 
1266.108640 -0.000194 
1264.641448 -0.000229 
1263.174257 -0.000081 
1261.707065 -0.000182 
1260.239874 0.000032 
1258.772682 0.000089 
1257.305491 0.000181 
1255.838299 0.000314 
1254.371108 0.000229 
1252.903916 0.000321 
1251.436725 0.000183 
1249.969533 0.000111 
1248.502342 0.000140 
1247.035150 0.000006 
1245.567959 0.000109 
1244.100767 -0.000004 
1242.633576 0.000040 
1241.166384 0.000068 
1239.699193 0.000040 
1238.232001 0.000122 
1236.764810 0.000017 
1235.297618 0.000039 
1233.830427 -0.000042 
1232.363235 -0.000079 
1230.896044 0.000130 
1229.428852 0.000192 
1227.961661 0.000404 
1226.494469 0.000530 
1225.027278 0.000601 
1223.560086 0.000768 
1222.092895 0.000730 
1220.625703 0.000918 
1219.158512 0.000861 
1217.691320 0.000865 
1216.224129 0.000980 
1214.756937 0.000987 
1213.289746 0.001130 
1211.822554 0.001074 
1210.355363 0.001195 
1208.888171 0.001236 
1207.420980 0.001132 
1205.953788 0.001301 
1204.486597 0.001210 
1203.019405 0.001325 
1201.552214 0.001293 
1200.085022 0.001267 
1198.617831 0.001389 
1197.150639 0.001265 
1195.683448 0.001361 
1194.216256 0.001286 
1192.749065 0.001250 
1191.281873 0.001301 
1189.814682 0.001156 
1188.347490 0.001196 
1186.880299 0.001163 
1185.413107 0.001089 
1183.945916 0.001140 
1182.478724 0.001044 
1181.011533 0.001128 
1179.544341 0.001031 
1178.077150 0.001044 
1176.609958 0.001067 
1175.142767 0.000984 
1173.675575 0.001051 
1172.208384 0.000881 
1170.741192 0.000939 
1169.274001 0.000992 
1167.806809 0.000840 
1166.339618 0.000948 
1164.872426 0.000831 
1163.405235 0.000885 
1161.938043 0.000887 
1160.470852 0.000869 
1159.003660 0.000919 
1157.536469 0.000756 
1156.069277 0.000866 
1154.602086 0.000782 
1153.134894 0.000768 
1151.667703 0.000791 
1150.200511 0.000655 
1148.733320 0.000762 
1147.266128 0.000655 
1145.798937 0.000722 
1144.331745 0.000734 
1142.864554 0.000664 
1141.397362 0.000749 
1139.930171 0.000621 
1138.462979 0.000690 
1136.995788 0.000662 
1135.528596 0.000617 
1134.061405 0.000681 
1132.594213 0.000511 
1131.127022 0.000667 
1129.659830 0.000609 
1128.192639 0.000564 
1126.725447 0.000632 
1125.258256 0.000498 
1123.791064 0.000564 
1122.323873 0.000469 
1120.856681 0.000490 
1119.389490 0.000539 
1117.922298 0.000368 
1116.455107 0.000448 
1114.987916 0.000350 
1113.520724 0.000327 
1112.053533 0.000309 
1110.586341 0.000237 
1109.119150 0.000285 
1107.651958 0.000156 
1106.184767 0.000228 
1104.717575 0.000197 
1103.250384 0.000073 
1101.783192 0.000212 
1100.316001 0.000018 
1098.848809 0.000079 
1097.381618 0.000012 
1095.914426 -0.000050 
1094.447235 -0.000012 
1092.980043 -0.000186 
1091.512852 -0.000062 
1090.045660 -0.000147 
1088.578469 -0.000199 
1087.111277 -0.000136 
1085.644086 -0.000223 
1084.176894 -0.000100 
1082.709703 -0.000273 
1081.242511 -0.000199 
1079.775320 -0.000217 
1078.308128 -0.000277 
1076.840937 -0.000204 
1075.373745 -0.000276 
1073.906554 -0.000198 
1072.439362 -0.000285 
1070.972171 -0.000251 
1069.504979 -0.000153 
1068.037788 -0.000272 
1066.570596 -0.000083 
1065.103405 -0.000100 
1063.636213 -0.000104 
1062.169022 -0.000049 
1060.701830 -0.000072 
1059.234639 0.000050 
1057.767447 -0.000059 
1056.300256 -0.000013 
1054.833064 0.000040 
1053.365873 -0.000032 
1051.898681 0.000082 
1050.431490 0.000024 
1048.964298 0.000130 
1047.497107 0.000374 
1046.029915 0.000403 
1044.562724 0.000428 
1043.095532 0.000321 
1041.628341 0.000439 
1040.161149 0.000437 
1038.693958 0.000391 
1037.226766 0.000454 
1035.759575 0.000282 
1034.292383 0.000288 
1032.825192 0.000113 
1031.358000 0.000116 
1029.890809 0.000122 
1028.423617 -0.000020 
1026.956426 0.000156 
1025.489234 0.000061 
1024.022043 0.000038 
1022.554851 0.000015 
1021.087660 -0.000019 
1019.620468 0.000147 
1018.153277 0.000038 
1016.686085 0.000157 
1015.218894 0.000253 
1013.751702 0.000267 
1012.284511 0.000421 
1010.817319 0.000440 
1009.350128 0.000582 
1007.882936 0.000534 
1006.415745 0.000532 
1004.948553 0.000799 
1003.481362 0.000826 
1002.014170 0.000896 
1000.546979 0.001032 
999.079787 0.001071 
997.612596 0.001123 
996.145404 0.001125 
994.678213 0.001335 
993.211021 0.001385 
991.743830 0.001472 
990.276638 0.001628 
988.809447 0.001560 
987.342255 0.001786 
985.875064 0.001900 
984.407872 0.002115 
982.940681 0.002138 
981.473489 0.002260 
980.006298 0.002489 
978.539106 0.002497 
977.071915 0.002619 
975.604723 0.002844 
974.137532 0.003012 
972.670340 0.003216 
971.203149 0.003290 
969.735957 0.003735 
968.268766 0.003710 
966.801574 0.003845 
965.334383 0.004070 
963.867191 0.004332 
962.400000 0.004441 
960.932808 0.004555 
959.465617 0.004867 
957.998425 0.005112 
956.531234 0.005119 
955.064042 0.005540 
953.596851 0.005682 
952.129659 0.005817 
950.662468 0.006084 
949.195276 0.006348 
947.728085 0.006608 
946.260893 0.006639 
944.793702 0.006974 
943.326510 0.007275 
941.859319 0.007345 
940.392127 0.007664 
938.924936 0.007818 
937.457744 0.008169 
935.990553 0.008285 
934.523361 0.008668 
933.056170 0.008960 
931.588978 0.008953 
930.121787 0.009279 
928.654595 0.009456 
927.187404 0.009667 
925.720212 0.009930 
924.253021 0.010056 
922.785829 0.010528 
921.318638 0.010561 
919.851446 0.010759 
918.384255 0.011005 
916.917063 0.011145 
915.449872 0.011523 
913.982680 0.011547 
912.515489 0.012010 
911.048297 0.012214 
909.581106 0.012276 
908.113914 0.012730 
906.646723 0.012799 
905.179531 0.013022 
903.712340 0.013167 
902.245148 0.013414 
900.777957 0.013588 
899.310765 0.013578 
897.843574 0.014114 
896.376382 0.014297 
894.909191 0.014434 
893.441999 0.014710 
891.974808 0.014866 
890.507616 0.015061 
889.040425 0.015171 
887.573233 0.015518 
886.106042 0.015754 
884.638850 0.015696 
883.171659 0.015936 
881.704467 0.016063 
880.237276 0.016288 
878.770084 0.016341 
877.302893 0.016557 
875.835701 0.016856 
874.368510 0.016846 
872.901318 0.017142 
871.434127 0.017223 
869.966935 0.017454 
868.499744 0.017589 
867.032552 0.017468 
865.565361 0.017869 
864.098169 0.017737 
862.630978 0.017902 
861.163786 0.018137 
859.696595 0.018242 
858.229404 0.018359 
856.762212 0.018478 
855.295021 0.018745 
853.827829 0.018836 
852.360638 0.018946 
850.893446 0.019250 
849.426255 0.019242 
847.959063 0.019463 
846.491872 0.019419 
845.024680 0.019663 
843.557489 0.019903 
842.090297 0.019727 
840.623106 0.020060 
839.155914 0.020121 
837.688723 0.020267 
836.221531 0.020488 
834.754340 0.020608 
833.287148 0.021061 
831.819957 0.020991 
830.352765 0.021338 
828.885574 0.021527 
827.418382 0.021597 
825.951191 0.021852 
824.483999 0.021754 
823.016808 0.022239 
821.549616 0.022320 
820.082425 0.022468 
818.615233 0.022735 
817.148042 0.022650 
815.680850 0.023086 
814.213659 0.023027 
812.746467 0.023156 
811.279276 0.023285 
809.812084 0.023096 
808.344893 0.023372 
806.877701 0.023091 
805.410510 0.022975 
803.943318 0.022889 
802.476127 0.022870 
801.008935 0.022984 
799.541744 0.022897 
798.074552 0.022981 
796.607361 0.022897 
795.140169 0.022800 
793.672978 0.023052 
792.205786 0.022988 
790.738595 0.023145 
789.271403 0.023073 
787.804212 0.023177 
786.337020 0.023260 
784.869829 0.023067 
783.402637 0.023421 
781.935446 0.023262 
780.468254 0.023484 
779.001063 0.023631 
777.533871 0.023466 
776.066680 0.023820 
774.599488 0.023630 
773.132297 0.023869 
771.665105 0.023788 
770.197914 0.023842 
768.730722 0.024017 
767.263531 0.023833 
765.796339 0.024139 
764.329148 0.024045 
762.861956 0.024069 
761.394765 0.024169 
759.927573 0.023970 
758.460382 0.024395 
756.993190 0.024017 
755.525999 0.024033 
754.058807 0.024031 
752.591616 0.023779 
751.124424 0.024021 
749.657233 0.023685 
748.190041 0.023710 
746.722850 0.023630 
745.255658 0.023462 
743.788467 0.023639 
742.321275 0.023413 
740.854084 0.023503 
739.386892 0.023376 
737.919701 0.023186 
736.452509 0.023254 
734.985318 0.023014 
733.518126 0.022984 
732.050935 0.022740 
730.583743 0.022669 
729.116552 0.022563 
727.649360 0.022366 
726.182169 0.022497 
724.714977 0.022216 
723.247786 0.022343 
721.780594 0.021959 
720.313403 0.022006 
718.846211 0.022142 
717.379020 0.021548 
715.911828 0.021692 
714.444637 0.021266 
712.977445 0.021392 
711.510254 0.021201 
710.043062 0.020927 
708.575871 0.021375 
707.108679 0.020620 
705.641488 0.020533 
704.174296 0.020606 
702.707105 0.020381 
701.239913 0.020254 
699.772722 0.020065 
698.305530 0.019976 
696.838339 0.019949 
695.371147 0.019499 
693.903956 0.019199 
692.436764 0.018544 
690.969573 0.019026 
689.502381 0.018672 
688.035190 0.018851 
686.567998 0.018382 
685.100807 0.018116 
683.633615 0.018047 
682.166424 0.017532 
680.699232 0.017599 
679.232041 0.017590 
677.764849 0.016830 
676.297658 0.017209 
674.830466 0.018947 
673.363275 0.022219 
671.896083 0.023615 
670.428892 0.025123 
668.961700 0.025965 
667.494509 0.026186 
666.027317 0.028717 
664.560126 0.029569 
663.092934 0.031663 
661.625743 0.034236 
660.158551 0.033848 
658.691360 0.031093 
657.224168 0.029493 
655.756977 0.033529 
654.289785 0.032673 
652.822594 0.027334 
651.355402 0.024646 
649.888211 0.022406 
648.421019 0.021820 
646.953828 0.020635 
645.486636 0.019791 
644.019445 0.018240 
642.552253 0.017898 
641.085062 0.017791 
639.617870 0.016523 
638.150679 0.016474 
636.683487 0.015607 
635.216296 0.014888 
633.749104 0.014530 
632.281913 0.014307 
630.814721 0.014244 
629.347530 0.012879 
627.880338 0.013534 
626.413147 0.011846 
624.945955 0.011763 
623.478764 0.011812 
622.011572 0.011879 
620.544381 0.010281 
619.077189 0.010233 
617.609998 0.007363 
616.142806 0.009113 
614.675615 0.008569 
613.208423 0.006967 
611.741232 0.007337 
610.274040 0.006815 
608.806849 0.005309 
607.339657 0.005420 
605.872466 0.005562 
604.405274 0.003648 
602.938083 0.002995 
601.470891 0.001253 
600.003700 -0.000426 
