5000.111000 0.000000 
4998.643809 0.000022 
4997.176617 -0.000064 
4995.709426 -0.000874 
4994.242234 -0.000203 
4992.775043 -0.000057 
4991.307851 -0.000351 
4989.840660 -0.000896 
4988.373468 -0.000638 
4986.906277 -0.000746 
4985.439085 -0.000523 
4983.971894 -0.000334 
4982.504702 -0.000401 
4981.037511 -0.000611 
4979.570319 -0.000623 
4978.103128 -0.000670 
4976.635936 -0.000169 
4975.168745 0.000317 
4973.701553 0.000190 
4972.234362 0.000222 
4970.767170 0.000199 
4969.299979 0.000001 
4967.832787 0.000364 
4966.365596 0.000298 
4964.898404 -0.000619 
4963.431213 -0.000765 
4961.964021 -0.000487 
4960.496830 -0.000370 
4959.029638 -0.000775 
4957.562447 -0.000768 
4956.095255 -0.000837 
4954.628064 -0.000304 
4953.160872 -0.000924 
4951.693681 -0.000419 
4950.226489 -0.000885 
4948.759298 -0.000493 
4947.292106 -0.000470 
4945.824915 -0.000247 
4944.357723 -0.000024 
4942.890532 -0.000296 
4941.423340 0.000243 
4939.956149 0.000133 
4938.488957 -0.000183 
4937.021766 -0.000536 
4935.554574 -0.000330 
4934.087383 -0.000198 
4932.620191 0.000135 
4931.153000 -0.000075 
4929.685808 -0.000080 
4928.218617 0.000757 
4926.751425 0.000627 
4925.284234 0.001005 
4923.817042 0.001061 
4922.349851 0.001123 
4920.882659 0.001334 
4919.415468 0.001199 
4917.948276 0.001335 
4916.481085 0.001299 
4915.013893 0.001324 
4913.546702 0.001032 
4912.079510 0.001877 
4910.612319 0.001147 
4909.145127 0.000851 
4907.677936 0.000807 
4906.210744 0.001070 
4904.743553 0.000451 
4903.276361 0.000039 
4901.809170 0.000310 
4900.341978 0.000661 
4898.874787 0.001077 
4897.407595 0.000746 
4895.940404 0.000594 
4894.473212 0.001088 
4893.006021 0.001424 
4891.538829 0.001377 
4890.071638 0.001248 
4888.604446 0.001164 
4887.137255 0.001219 
4885.670063 0.001698 
4884.202872 0.001453 
4882.735680 0.001303 
4881.268489 0.001303 
4879.801297 0.001583 
4878.334106 0.001740 
4876.866914 0.001116 
4875.399723 0.001393 
4873.932531 0.001518 
4872.465340 0.000818 
4870.998148 0.001741 
4869.530957 0.001331 
4868.063765 0.001341 
4866.596574 0.001046 
4865.129382 0.000947 
4863.662191 0.000704 
4862.194999 0.000483 
4860.727808 0.000360 
4859.260616 0.000123 
4857.793425 0.000511 
4856.326233 0.000647 
4854.859042 0.000093 
4853.391850 -0.000168 
4851.924659 -0.000096 
4850.457467 0.000068 
4848.990276 -0.000181 
4847.523084 -0.000305 
4846.055893 -0.000294 
4844.588701 -0.000069 
4843.121510 -0.000339 
4841.654318 -0.000081 
4840.187127 -0.000294 
4838.719935 -0.000123 
4837.252744 -0.000398 
4835.785552 -0.000443 
4834.318361 -0.000525 
4832.851169 -0.000520 
4831.383978 -0.000650 
4829.916786 0.000138 
4828.449595 -0.000497 
4826.982403 -0.000735 
4825.515212 -0.000069 
4824.048020 -0.000168 
4822.580829 -0.000925 
4821.113637 -0.000290 
4819.646446 -0.000442 
4818.179254 -0.000668 
4816.712063 -0.000792 
4815.244871 -0.000211 
4813.777680 -0.000594 
4812.310488 -0.000389 
4810.843297 -0.000595 
4809.376105 -0.000381 
4807.908914 -0.000355 
4806.441722 -0.000528 
4804.974531 0.000037 
4803.507339 -0.000206 
4802.040148 -0.000393 
4800.572956 -0.000114 
4799.105765 0.000083 
4797.638573 0.000041 
4796.171382 0.000082 
4794.704190 -0.000083 
4793.236999 0.000196 
4791.769807 -0.000188 
4790.302616 0.000148 
4788.835424 -0.000128 
4787.368233 -0.000349 
4785.901041 -0.000337 
4784.433850 -0.000507 
4782.966658 -0.000514 
4781.499467 -0.000640 
4780.032275 -0.000627 
4778.565084 -0.000631 
4777.097892 -0.000772 
4775.630701 -0.001159 
4774.163509 -0.000683 
4772.696318 -0.000297 
4771.229126 -0.000593 
4769.761935 -0.000470 
4768.294743 -0.000546 
4766.827552 -0.000524 
4765.360360 -0.000030 
4763.893169 -0.000183 
4762.425977 -0.000328 
4760.958786 -0.000689 
4759.491594 -0.000248 
4758.024403 -0.000228 
4756.557211 -0.000686 
4755.090020 -0.000557 
4753.622828 -0.000228 
4752.155637 -0.000513 
4750.688445 -0.000632 
4749.221254 0.000275 
4747.754062 -0.000231 
4746.286871 -0.000326 
4744.819679 -0.000286 
4743.352488 -0.000011 
4741.885296 -0.000430 
4740.418105 -0.000571 
4738.950914 -0.000729 
4737.483722 -0.000886 
4736.016531 -0.000277 
4734.549339 -0.000391 
4733.082148 -0.000912 
4731.614956 -0.000607 
4730.147765 -0.000717 
4728.680573 -0.000954 
4727.213382 -0.000983 
4725.746190 -0.000411 
4724.278999 -0.000358 
4722.811807 -0.000364 
4721.344616 -0.000052 
4719.877424 -0.000084 
4718.410233 0.000223 
4716.943041 -0.000365 
4715.475850 -0.000298 
4714.008658 -0.000219 
4712.541467 -0.000469 
4711.074275 -0.000669 
4709.607084 -0.000603 
4708.139892 -0.001084 
4706.672701 -0.000955 
4705.205509 -0.001072 
4703.738318 -0.000900 
4702.271126 -0.000848 
4700.803935 -0.000614 
4699.336743 -0.000544 
4697.869552 -0.000648 
4696.402360 -0.000203 
4694.935169 -0.000077 
4693.467977 -0.000152 
4692.000786 0.000212 
4690.533594 0.000916 
4689.066403 0.000660 
4687.599211 0.000883 
4686.132020 0.001245 
4684.664828 0.001458 
4683.197637 0.002124 
4681.730445 0.001775 
4680.263254 0.001970 
4678.796062 0.001251 
4677.328871 0.000877 
4675.861679 0.000241 
4674.394488 0.000588 
4672.927296 0.000413 
4671.460105 0.000863 
4669.992913 0.000890 
4668.525722 0.000503 
4667.058530 0.000891 
4665.591339 0.000553 
4664.124147 0.000766 
4662.656956 0.000880 
4661.189764 0.000452 
4659.722573 0.000584 
4658.255381 0.001021 
4656.788190 0.001582 
4655.320998 0.001156 
4653.853807 0.001125 
4652.386615 0.001415 
4650.919424 0.001230 
4649.452232 0.001316 
4647.985041 0.001632 
4646.517849 0.001818 
4645.050658 0.001559 
4643.583466 0.001672 
4642.116275 0.001509 
4640.649083 0.001631 
4639.181892 0.001601 
4637.714700 0.001483 
4636.247509 0.001348 
4634.780317 0.001309 
4633.313126 0.000845 
4631.845934 0.000865 
4630.378743 0.000956 
4628.911551 0.000627 
4627.444360 0.000587 
4625.977168 0.000211 
4624.509977 -0.000053 
4623.042785 -0.000214 
4621.575594 -0.000276 
4620.108402 -0.000072 
4618.641211 -0.000100 
4617.174019 -0.000188 
4615.706828 -0.000191 
4614.239636 -0.000259 
4612.772445 -0.000090 
4611.305253 0.000082 
4609.838062 0.000308 
4608.370870 -0.000012 
4606.903679 0.000225 
4605.436487 0.000039 
4603.969296 0.000295 
4602.502104 0.000146 
4601.034913 0.000248 
4599.567721 0.000246 
4598.100530 0.000691 
4596.633338 0.000638 
4595.166147 0.000544 
4593.698955 0.000680 
4592.231764 0.000516 
4590.764572 0.000853 
4589.297381 0.000198 
4587.830189 0.000610 
4586.362998 0.000791 
4584.895806 0.000470 
4583.428615 0.000778 
4581.961423 0.000523 
4580.494232 0.000472 
4579.027040 0.000379 
4577.559849 0.000440 
4576.092657 0.000289 
4574.625466 0.000250 
4573.158274 0.000648 
4571.691083 0.000163 
4570.223891 0.000099 
4568.756700 0.000168 
4567.289508 0.000232 
4565.822317 0.000180 
4564.355125 0.000138 
4562.887934 -0.000025 
4561.420742 0.000222 
4559.953551 0.000458 
4558.486359 0.000161 
4557.019168 0.000478 
4555.551976 0.000110 
4554.084785 0.000095 
4552.617593 0.000414 
4551.150402 0.000257 
4549.683210 0.000156 
4548.216019 0.000100 
4546.748827 0.000399 
4545.281636 0.000452 
4543.814444 0.000373 
4542.347253 0.000309 
4540.880061 0.000409 
4539.412870 0.000457 
4537.945678 -0.000179 
4536.478487 -0.000176 
4535.011295 0.000132 
4533.544104 0.000073 
4532.076912 0.000148 
4530.609721 0.000096 
4529.142529 -0.000034 
4527.675338 -0.000103 
4526.208146 0.000057 
4524.740955 -0.000059 
4523.273763 0.000193 
4521.806572 -0.000092 
4520.339380 -0.000278 
4518.872189 0.000192 
4517.404997 -0.000067 
4515.937806 -0.000022 
4514.470614 0.000037 
4513.003423 0.000092 
4511.536231 -0.000118 
4510.069040 0.000226 
4508.601848 0.000404 
4507.134657 -0.000074 
4505.667465 -0.000093 
4504.200274 -0.000118 
4502.733082 -0.000200 
4501.265891 0.000120 
4499.798699 -0.000052 
4498.331508 -0.000149 
4496.864316 -0.000028 
4495.397125 -0.000024 
4493.929933 -0.000099 
4492.462742 -0.000157 
4490.995550 -0.000208 
4489.528359 -0.000102 
4488.061167 -0.000172 
4486.593976 -0.000270 
4485.126784 -0.000005 
4483.659593 -0.000157 
4482.192402 -0.000015 
4480.725210 -0.000050 
4479.258019 -0.000180 
4477.790827 -0.000036 
4476.323636 0.000084 
4474.856444 -0.000163 
4473.389253 -0.000159 
4471.922061 -0.000290 
4470.454870 -0.000192 
4468.987678 -0.000417 
4467.520487 -0.000108 
4466.053295 -0.000350 
4464.586104 -0.000090 
4463.118912 -0.000067 
4461.651721 -0.000044 
4460.184529 -0.000358 
4458.717338 -0.000285 
4457.250146 -0.000049 
4455.782955 0.000066 
4454.315763 -0.000097 
4452.848572 0.000002 
4451.381380 -0.000329 
4449.914189 -0.000376 
4448.446997 -0.000200 
4446.979806 -0.000386 
4445.512614 -0.000117 
4444.045423 -0.000375 
4442.578231 -0.000242 
4441.111040 -0.000099 
4439.643848 -0.000363 
4438.176657 -0.000208 
4436.709465 -0.000591 
4435.242274 -0.000350 
4433.775082 -0.000311 
4432.307891 -0.000227 
4430.840699 -0.000294 
4429.373508 -0.000129 
4427.906316 -0.000291 
4426.439125 -0.000250 
4424.971933 -0.000138 
4423.504742 0.000052 
4422.037550 -0.000414 
4420.570359 -0.000204 
4419.103167 -0.000406 
4417.635976 -0.000325 
4416.168784 -0.000373 
4414.701593 -0.000268 
4413.234401 0.000089 
4411.767210 -0.000069 
4410.300018 -0.000181 
4408.832827 -0.000496 
4407.365635 -0.000227 
4405.898444 -0.000491 
4404.431252 -0.000476 
4402.964061 0.000066 
4401.496869 -0.000197 
4400.029678 -0.000289 
4398.562486 -0.000221 
4397.095295 -0.000216 
4395.628103 -0.000053 
4394.160912 -0.000374 
4392.693720 -0.000362 
4391.226529 -0.000400 
4389.759337 -0.000372 
4388.292146 -0.000206 
4386.824954 -0.000291 
4385.357763 -0.000345 
4383.890571 -0.000394 
4382.423380 -0.000342 
4380.956188 -0.000483 
4379.488997 -0.000035 
4378.021805 -0.000279 
4376.554614 -0.000454 
4375.087422 -0.000279 
4373.620231 -0.000076 
4372.153039 -0.000390 
4370.685848 -0.000526 
4369.218656 -0.000123 
4367.751465 -0.000210 
4366.284273 -0.000023 
4364.817082 -0.000256 
4363.349890 -0.000067 
4361.882699 -0.000340 
4360.415507 -0.000466 
4358.948316 -0.000195 
4357.481124 -0.000210 
4356.013933 -0.000088 
4354.546741 -0.000260 
4353.079550 0.000133 
4351.612358 0.000021 
4350.145167 -0.000479 
4348.677975 -0.000310 
4347.210784 -0.000247 
4345.743592 -0.000270 
4344.276401 -0.000440 
4342.809209 -0.000103 
4341.342018 -0.000375 
4339.874826 0.000222 
4338.407635 -0.000314 
4336.940443 -0.000388 
4335.473252 -0.000132 
4334.006060 -0.000123 
4332.538869 -0.000310 
4331.071677 -0.000217 
4329.604486 -0.000445 
4328.137294 -0.000102 
4326.670103 -0.000180 
4325.202911 0.000000 
4323.735720 -0.000087 
4322.268528 -0.000008 
4320.801337 -0.000147 
4319.334145 -0.000335 
4317.866954 -0.000313 
4316.399762 0.000067 
4314.932571 -0.000243 
4313.465379 0.000097 
4311.998188 -0.000215 
4310.530996 -0.000044 
4309.063805 0.000106 
4307.596613 -0.000097 
4306.129422 0.000071 
4304.662230 0.000132 
4303.195039 0.000082 
4301.727847 0.000073 
4300.260656 -0.000077 
4298.793464 -0.000474 
4297.326273 -0.000283 
4295.859081 -0.000012 
4294.391890 -0.000116 
4292.924698 -0.000216 
4291.457507 -0.000118 
4289.990315 0.000106 
4288.523124 -0.000033 
4287.055932 -0.000105 
4285.588741 0.000054 
4284.121549 0.000206 
4282.654358 0.000322 
4281.187166 0.000422 
4279.719975 0.000067 
4278.252783 0.000011 
4276.785592 -0.000133 
4275.318400 -0.000196 
4273.851209 -0.000495 
4272.384017 -0.000572 
4270.916826 -0.000374 
4269.449634 -0.000646 
4267.982443 -0.000706 
4266.515251 -0.000415 
4265.048060 -0.000112 
4263.580868 0.000043 
4262.113677 -0.000136 
4260.646485 0.000123 
4259.179294 0.000122 
4257.712102 -0.000093 
4256.244911 -0.000354 
4254.777719 0.000104 
4253.310528 0.000026 
4251.843336 0.000203 
4250.376145 0.000212 
4248.908953 0.000011 
4247.441762 -0.000084 
4245.974570 0.000053 
4244.507379 -0.000280 
4243.040187 -0.000355 
4241.572996 -0.000018 
4240.105804 -0.000200 
4238.638613 -0.000001 
4237.171421 -0.000024 
4235.704230 -0.000374 
4234.237038 -0.000205 
4232.769847 -0.000190 
4231.302655 -0.000212 
4229.835464 -0.000258 
4228.368272 0.000091 
4226.901081 -0.000164 
4225.433889 -0.000390 
4223.966698 -0.000184 
4222.499507 -0.000028 
4221.032315 -0.000427 
4219.565124 -0.000357 
4218.097932 -0.000211 
4216.630741 -0.000140 
4215.163549 -0.000278 
4213.696358 -0.000252 
4212.229166 -0.000240 
4210.761975 0.000043 
4209.294783 0.000039 
4207.827592 -0.000224 
4206.360400 0.000000 
4204.893209 -0.000037 
4203.426017 -0.000060 
4201.958826 -0.000179 
4200.491634 -0.000227 
4199.024443 -0.000283 
4197.557251 -0.000114 
4196.090060 -0.000264 
4194.622868 -0.000295 
4193.155677 -0.000134 
4191.688485 -0.000241 
4190.221294 -0.000324 
4188.754102 -0.000183 
4187.286911 -0.000275 
4185.819719 -0.000280 
4184.352528 -0.000243 
4182.885336 -0.000337 
4181.418145 -0.000272 
4179.950953 -0.000058 
4178.483762 -0.000429 
4177.016570 -0.000392 
4175.549379 -0.000307 
4174.082187 -0.000222 
4172.614996 -0.000400 
4171.147804 -0.000364 
4169.680613 -0.000320 
4168.213421 -0.000143 
4166.746230 -0.000402 
4165.279038 -0.000421 
4163.811847 -0.000313 
4162.344655 -0.000400 
4160.877464 -0.000132 
4159.410272 -0.000479 
4157.943081 -0.000307 
4156.475889 -0.000059 
4155.008698 -0.000301 
4153.541506 -0.000301 
4152.074315 -0.000297 
4150.607123 -0.000239 
4149.139932 -0.000354 
4147.672740 -0.000108 
4146.205549 -0.000020 
4144.738357 -0.000119 
4143.271166 -0.000025 
4141.803974 -0.000457 
4140.336783 -0.000359 
4138.869591 -0.000193 
4137.402400 -0.000051 
4135.935208 -0.000478 
4134.468017 -0.000400 
4133.000825 -0.000249 
4131.533634 -0.000280 
4130.066442 -0.000247 
4128.599251 -0.000400 
4127.132059 -0.000231 
4125.664868 -0.000241 
4124.197676 -0.000196 
4122.730485 -0.000274 
4121.263293 -0.000268 
4119.796102 -0.000300 
4118.328910 -0.000380 
4116.861719 -0.000293 
4115.394527 -0.000200 
4113.927336 -0.000280 
4112.460144 -0.000369 
4110.992953 -0.000273 
4109.525761 0.000048 
4108.058570 -0.000283 
4106.591378 -0.000027 
4105.124187 -0.000248 
4103.656995 0.000064 
4102.189804 -0.000010 
4100.722612 -0.000408 
4099.255421 -0.000090 
4097.788229 -0.000210 
4096.321038 -0.000054 
4094.853846 -0.000053 
4093.386655 -0.000120 
4091.919463 -0.000049 
4090.452272 -0.000153 
4088.985080 -0.000125 
4087.517889 0.000041 
4086.050697 -0.000034 
4084.583506 -0.000286 
4083.116314 -0.000144 
4081.649123 0.000247 
4080.181931 0.000189 
4078.714740 -0.000019 
4077.247548 -0.000035 
4075.780357 -0.000086 
4074.313165 0.000000 
4072.845974 -0.000095 
4071.378782 0.000086 
4069.911591 0.000162 
4068.444399 -0.000164 
4066.977208 0.000000 
4065.510016 -0.000057 
4064.042825 0.000048 
4062.575633 0.000225 
4061.108442 0.000153 
4059.641250 0.000152 
4058.174059 0.000029 
4056.706867 -0.000051 
4055.239676 0.000073 
4053.772484 0.000142 
4052.305293 0.000023 
4050.838101 -0.000105 
4049.370910 -0.000086 
4047.903718 -0.000081 
4046.436527 0.000117 
4044.969335 -0.000080 
4043.502144 0.000088 
4042.034952 -0.000052 
4040.567761 0.000085 
4039.100569 0.000081 
4037.633378 0.000173 
4036.166186 -0.000205 
4034.698995 0.000019 
4033.231803 -0.000100 
4031.764612 0.000068 
4030.297420 0.000035 
4028.830229 0.000104 
4027.363037 0.000085 
4025.895846 0.000080 
4024.428654 -0.000004 
4022.961463 -0.000100 
4021.494271 0.000040 
4020.027080 0.000065 
4018.559888 0.000058 
4017.092697 0.000398 
4015.625505 0.000241 
4014.158314 -0.000013 
4012.691122 -0.000080 
4011.223931 0.000115 
4009.756739 0.000021 
4008.289548 0.000082 
4006.822356 0.000085 
4005.355165 0.000115 
4003.887973 0.000093 
4002.420782 0.000045 
4000.953590 -0.000085 
3999.486399 0.000000 
3998.019207 -0.000142 
3996.552016 0.000049 
3995.084824 0.000151 
3993.617633 0.000243 
3992.150441 0.000150 
3990.683250 0.000136 
3989.216058 0.000200 
3987.748867 -0.000044 
3986.281675 0.000130 
3984.814484 0.000118 
3983.347292 0.000040 
3981.880101 0.000395 
3980.412909 0.000072 
3978.945718 0.000105 
3977.478526 -0.000046 
3976.011335 0.000197 
3974.544143 -0.000155 
3973.076952 0.000109 
3971.609760 0.000049 
3970.142569 -0.000020 
3968.675377 -0.000023 
3967.208186 0.000149 
3965.740994 0.000284 
3964.273803 0.000231 
3962.806612 0.000263 
3961.339420 -0.000064 
3959.872229 -0.000100 
3958.405037 0.000082 
3956.937846 0.000277 
3955.470654 0.000027 
3954.003463 -0.000049 
3952.536271 0.000009 
3951.069080 0.000150 
3949.601888 0.000117 
3948.134697 -0.000116 
3946.667505 0.000048 
3945.200314 -0.000115 
3943.733122 0.000016 
3942.265931 0.000100 
3940.798739 -0.000010 
3939.331548 -0.000187 
3937.864356 -0.000117 
3936.397165 -0.000100 
3934.929973 -0.000128 
3933.462782 -0.000047 
3931.995590 0.000050 
3930.528399 -0.000047 
3929.061207 -0.000183 
3927.594016 -0.000002 
3926.126824 -0.000001 
3924.659633 -0.000123 
3923.192441 -0.000329 
3921.725250 -0.000194 
3920.258058 -0.000198 
3918.790867 -0.000250 
3917.323675 -0.000116 
3915.856484 -0.000283 
3914.389292 -0.000254 
3912.922101 -0.000216 
3911.454909 -0.000050 
3909.987718 -0.000300 
3908.520526 -0.000329 
3907.053335 -0.000137 
3905.586143 -0.000237 
3904.118952 -0.000276 
3902.651760 -0.000301 
3901.184569 -0.000207 
3899.717377 -0.000200 
3898.250186 -0.000406 
3896.782994 -0.000323 
3895.315803 -0.000070 
3893.848611 -0.000451 
3892.381420 -0.000234 
3890.914228 -0.000376 
3889.447037 -0.000267 
3887.979845 -0.000431 
3886.512654 -0.000161 
3885.045462 -0.000326 
3883.578271 -0.000618 
3882.111079 -0.000283 
3880.643888 -0.000410 
3879.176696 -0.000358 
3877.709505 -0.000283 
3876.242313 -0.000367 
3874.775122 -0.000518 
3873.307930 -0.000234 
3871.840739 -0.000232 
3870.373547 -0.000434 
3868.906356 -0.000407 
3867.439164 -0.000301 
3865.971973 -0.000512 
3864.504781 -0.000285 
3863.037590 -0.000162 
3861.570398 -0.000292 
3860.103207 -0.000565 
3858.636015 -0.000400 
3857.168824 -0.000621 
3855.701632 -0.000596 
3854.234441 -0.001098 
3852.767249 -0.000499 
3851.300058 -0.000229 
3849.832866 -0.000394 
3848.365675 -0.000321 
3846.898483 -0.000268 
3845.431292 -0.000514 
3843.964100 -0.000556 
3842.496909 -0.000603 
3841.029717 -0.000551 
3839.562526 -0.000464 
3838.095334 -0.000388 
3836.628143 -0.000683 
3835.160951 -0.000553 
3833.693760 -0.000634 
3832.226568 -0.000390 
3830.759377 -0.000518 
3829.292185 -0.000358 
3827.824994 -0.000331 
3826.357802 -0.000457 
3824.890611 -0.000242 
3823.423419 -0.000471 
3821.956228 -0.000352 
3820.489036 -0.000518 
3819.021845 -0.000415 
3817.554653 -0.000364 
3816.087462 -0.000670 
3814.620270 -0.000336 
3813.153079 -0.000418 
3811.685887 -0.000361 
3810.218696 -0.000364 
3808.751504 -0.000420 
3807.284313 -0.000477 
3805.817121 -0.000584 
3804.349930 -0.000360 
3802.882738 -0.000464 
3801.415547 -0.000394 
3799.948355 -0.000530 
3798.481164 -0.000387 
3797.013972 -0.000389 
3795.546781 -0.000300 
3794.079589 -0.000282 
3792.612398 -0.000254 
3791.145206 -0.000300 
3789.678015 -0.000214 
3788.210823 -0.000286 
3786.743632 -0.000426 
3785.276440 -0.000213 
3783.809249 -0.000212 
3782.342057 -0.000062 
3780.874866 -0.000058 
3779.407674 -0.000330 
3777.940483 -0.000130 
3776.473291 -0.000200 
3775.006100 -0.000285 
3773.538908 -0.000117 
3772.071717 0.000019 
3770.604525 0.000015 
3769.137334 -0.000168 
3767.670142 0.000024 
3766.202951 -0.000122 
3764.735759 -0.000096 
3763.268568 -0.000100 
3761.801376 0.000071 
3760.334185 0.000156 
3758.866993 -0.000112 
3757.399802 0.000271 
3755.932610 0.000052 
3754.465419 -0.000140 
3752.998227 0.000165 
3751.531036 -0.000176 
3750.063844 -0.000057 
3748.596653 -0.000293 
3747.129461 -0.000078 
3745.662270 -0.000169 
3744.195078 -0.000061 
3742.727887 0.000205 
3741.260695 -0.000051 
3739.793504 -0.000014 
3738.326312 0.000041 
3736.859121 -0.000039 
3735.391929 -0.000178 
3733.924738 -0.000199 
3732.457546 0.000123 
3730.990355 -0.000219 
3729.523163 -0.000076 
3728.055972 -0.000081 
3726.588780 0.000045 
3725.121589 -0.000217 
3723.654397 0.000114 
3722.187206 -0.000024 
3720.720014 0.000071 
3719.252823 0.000081 
3717.785631 -0.000001 
3716.318440 0.000111 
3714.851248 0.000092 
3713.384057 0.000245 
3711.916865 0.000159 
3710.449674 0.000417 
3708.982482 0.000757 
3707.515291 0.001096 
3706.048099 0.001796 
3704.580908 0.002238 
3703.113717 0.002675 
3701.646525 0.002959 
3700.179334 0.003025 
3698.712142 0.002691 
3697.244951 0.002483 
3695.777759 0.002117 
3694.310568 0.001947 
3692.843376 0.001863 
3691.376185 0.001656 
3689.908993 0.001797 
3688.441802 0.001481 
3686.974610 0.001532 
3685.507419 0.001811 
3684.040227 0.001952 
3682.573036 0.001795 
3681.105844 0.001986 
3679.638653 0.001980 
3678.171461 0.002099 
3676.704270 0.002100 
3675.237078 0.002278 
3673.769887 0.002759 
3672.302695 0.003064 
3670.835504 0.003205 
3669.368312 0.003575 
3667.901121 0.004044 
3666.433929 0.004232 
3664.966738 0.004598 
3663.499546 0.004846 
3662.032355 0.005056 
3660.565163 0.005470 
3659.097972 0.005807 
3657.630780 0.006063 
3656.163589 0.006389 
3654.696397 0.006920 
3653.229206 0.007384 
3651.762014 0.007500 
3650.294823 0.007938 
3648.827631 0.008265 
3647.360440 0.008705 
3645.893248 0.009191 
3644.426057 0.009721 
3642.958865 0.010092 
3641.491674 0.010336 
3640.024482 0.010840 
3638.557291 0.011174 
3637.090099 0.011486 
3635.622908 0.011911 
3634.155716 0.012277 
3632.688525 0.012758 
3631.221333 0.013348 
3629.754142 0.013610 
3628.286950 0.013932 
3626.819759 0.014599 
3625.352567 0.015376 
3623.885376 0.015865 
3622.418184 0.016283 
3620.950993 0.017094 
3619.483801 0.017532 
3618.016610 0.018335 
3616.549418 0.019023 
3615.082227 0.019554 
3613.615035 0.020262 
3612.147844 0.020896 
3610.680652 0.021728 
3609.213461 0.022400 
3607.746269 0.023095 
3606.279078 0.023909 
3604.811886 0.025026 
3603.344695 0.025834 
3601.877503 0.026700 
3600.410312 0.027921 
3598.943120 0.028829 
3597.475929 0.030070 
3596.008737 0.031333 
3594.541546 0.032153 
3593.074354 0.033139 
3591.607163 0.034039 
3590.139971 0.035188 
3588.672780 0.036043 
3587.205588 0.037261 
3585.738397 0.038263 
3584.271205 0.039268 
3582.804014 0.040392 
3581.336822 0.041591 
3579.869631 0.042833 
3578.402439 0.044130 
3576.935248 0.045178 
3575.468056 0.046620 
3574.000865 0.048262 
3572.533673 0.049301 
3571.066482 0.051081 
3569.599290 0.052493 
3568.132099 0.054060 
3566.664907 0.055560 
3565.197716 0.057167 
3563.730524 0.058670 
3562.263333 0.060410 
3560.796141 0.062232 
3559.328950 0.063700 
3557.861758 0.065598 
3556.394567 0.067552 
3554.927375 0.069389 
3553.460184 0.071229 
3551.992992 0.073327 
3550.525801 0.075151 
3549.058609 0.077227 
3547.591418 0.079328 
3546.124226 0.081253 
3544.657035 0.083285 
3543.189843 0.085938 
3541.722652 0.087937 
3540.255460 0.090062 
3538.788269 0.092647 
3537.321077 0.094853 
3535.853886 0.097215 
3534.386694 0.099731 
3532.919503 0.102244 
3531.452311 0.104836 
3529.985120 0.107392 
3528.517928 0.110031 
3527.050737 0.112634 
3525.583545 0.115498 
3524.116354 0.118338 
3522.649162 0.120987 
3521.181971 0.123902 
3519.714779 0.126781 
3518.247588 0.129590 
3516.780396 0.132737 
3515.313205 0.135809 
3513.846013 0.138699 
3512.378822 0.141977 
3510.911630 0.144907 
3509.444439 0.148308 
3507.977247 0.151339 
3506.510056 0.154754 
3505.042864 0.158113 
3503.575673 0.161490 
3502.108481 0.164729 
3500.641290 0.168198 
3499.174098 0.171710 
3497.706907 0.175361 
3496.239715 0.178928 
3494.772524 0.182424 
3493.305332 0.186204 
3491.838141 0.190357 
3490.370949 0.194298 
3488.903758 0.197873 
3487.436566 0.201746 
3485.969375 0.205667 
3484.502183 0.209528 
3483.034992 0.213809 
3481.567800 0.217894 
3480.100609 0.221956 
3478.633417 0.225960 
3477.166226 0.230286 
3475.699034 0.234805 
3474.231843 0.239262 
3472.764651 0.243610 
3471.297460 0.248005 
3469.830268 0.252228 
3468.363077 0.256242 
3466.895885 0.260713 
3465.428694 0.265104 
3463.961502 0.270050 
3462.494311 0.274733 
3461.027119 0.279496 
3459.559928 0.283859 
3458.092736 0.288530 
3456.625545 0.293231 
3455.158353 0.297705 
3453.691162 0.302495 
3452.223970 0.306942 
3450.756779 0.311840 
3449.289587 0.316459 
3447.822396 0.320876 
3446.355205 0.325795 
3444.888013 0.330279 
3443.420822 0.334989 
3441.953630 0.339364 
3440.486439 0.344314 
3439.019247 0.348943 
3437.552056 0.353257 
3436.084864 0.357724 
3434.617673 0.361465 
3433.150481 0.366568 
3431.683290 0.371439 
3430.216098 0.375373 
3428.748907 0.379770 
3427.281715 0.384082 
3425.814524 0.388954 
3424.347332 0.393308 
3422.880141 0.397501 
3421.412949 0.401690 
3419.945758 0.405803 
3418.478566 0.410273 
3417.011375 0.414187 
3415.544183 0.418064 
3414.076992 0.422367 
3412.609800 0.425937 
3411.142609 0.430047 
3409.675417 0.434168 
3408.208226 0.437595 
3406.741034 0.441879 
3405.273843 0.445664 
3403.806651 0.449470 
3402.339460 0.453178 
3400.872268 0.455379 
3399.405077 0.458535 
3397.937885 0.462725 
3396.470694 0.466811 
3395.003502 0.469962 
3393.536311 0.473500 
3392.069119 0.475542 
3390.601928 0.478534 
3389.134736 0.482808 
3387.667545 0.486311 
3386.200353 0.489346 
3384.733162 0.492816 
3383.265970 0.495630 
3381.798779 0.498254 
3380.331587 0.501141 
3378.864396 0.503915 
3377.397204 0.506823 
3375.930013 0.509505 
3374.462821 0.512281 
3372.995630 0.514979 
3371.528438 0.518018 
3370.061247 0.520229 
3368.594055 0.521396 
3367.126864 0.524814 
3365.659672 0.527169 
3364.192481 0.530698 
3362.725289 0.532806 
3361.258098 0.535546 
3359.790906 0.538093 
3358.323715 0.540370 
3356.856523 0.542806 
3355.389332 0.545818 
3353.922140 0.548084 
3352.454949 0.550804 
3350.987757 0.552610 
3349.520566 0.554744 
3348.053374 0.558231 
3346.586183 0.560724 
3345.118991 0.563193 
3343.651800 0.565426 
3342.184608 0.567764 
3340.717417 0.570629 
3339.250225 0.572708 
3337.783034 0.574552 
3336.315842 0.577380 
3334.848651 0.579971 
3333.381459 0.582959 
3331.914268 0.586232 
3330.447076 0.588797 
3328.979885 0.590781 
3327.512693 0.593298 
3326.045502 0.595802 
3324.578310 0.597827 
3323.111119 0.601652 
3321.643927 0.603970 
3320.176736 0.606823 
3318.709544 0.609204 
3317.242353 0.612178 
3315.775161 0.615049 
3314.307970 0.617665 
3312.840778 0.620081 
3311.373587 0.623062 
3309.906395 0.626578 
3308.439204 0.627843 
3306.972012 0.629915 
3305.504821 0.631054 
3304.037629 0.633517 
3302.570438 0.638846 
3301.103246 0.641519 
3299.636055 0.644093 
3298.168863 0.646989 
3296.701672 0.648880 
3295.234480 0.652179 
3293.767289 0.654335 
3292.300097 0.656338 
3290.832906 0.658122 
3289.365714 0.661031 
3287.898523 0.663423 
3286.431331 0.665430 
3284.964140 0.667375 
3283.496948 0.668544 
3282.029757 0.670718 
3280.562565 0.672801 
3279.095374 0.674274 
3277.628182 0.676431 
3276.160991 0.677281 
3274.693799 0.677883 
3273.226608 0.679820 
3271.759416 0.679824 
3270.292225 0.680290 
3268.825033 0.681718 
3267.357842 0.682981 
3265.890650 0.683361 
3264.423459 0.684101 
3262.956267 0.683836 
3261.489076 0.683880 
3260.021884 0.684889 
3258.554693 0.684352 
3257.087501 0.684180 
3255.620310 0.683143 
3254.153118 0.683100 
3252.685927 0.683301 
3251.218735 0.682150 
3249.751544 0.680966 
3248.284352 0.680282 
3246.817161 0.678045 
3245.349969 0.677138 
3243.882778 0.676068 
3242.415586 0.674429 
3240.948395 0.673022 
3239.481203 0.671047 
3238.014012 0.669199 
3236.546820 0.667438 
3235.079629 0.665080 
3233.612437 0.660574 
3232.145246 0.658804 
3230.678054 0.657467 
3229.210863 0.655066 
3227.743671 0.652461 
3226.276480 0.649440 
3224.809288 0.646464 
3223.342097 0.643731 
3221.874905 0.640616 
3220.407714 0.637680 
3218.940522 0.634204 
3217.473331 0.630877 
3216.006139 0.627450 
3214.538948 0.624213 
3213.071756 0.620867 
3211.604565 0.616968 
3210.137373 0.613708 
3208.670182 0.610315 
3207.202990 0.606761 
3205.735799 0.602570 
3204.268607 0.598809 
3202.801416 0.594832 
3201.334224 0.590706 
3199.867033 0.586752 
3198.399841 0.582877 
3196.932650 0.579193 
3195.465458 0.574982 
3193.998267 0.570474 
3192.531075 0.566519 
3191.063884 0.562413 
3189.596692 0.557776 
3188.129501 0.553897 
3186.662310 0.549150 
3185.195118 0.544834 
3183.727927 0.540358 
3182.260735 0.535742 
3180.793544 0.531309 
3179.326352 0.526800 
3177.859161 0.522442 
3176.391969 0.517574 
3174.924778 0.512768 
3173.457586 0.507937 
3171.990395 0.503216 
3170.523203 0.498231 
3169.056012 0.493726 
3167.588820 0.488707 
3166.121629 0.483703 
3164.654437 0.478777 
3163.187246 0.473805 
3161.720054 0.468771 
3160.252863 0.463949 
3158.785671 0.458697 
3157.318480 0.453614 
3155.851288 0.448698 
3154.384097 0.443335 
3152.916905 0.437749 
3151.449714 0.431941 
3149.982522 0.427469 
3148.515331 0.422134 
3147.048139 0.417154 
3145.580948 0.411942 
3144.113756 0.406681 
3142.646565 0.401247 
3141.179373 0.395853 
3139.712182 0.390029 
3138.244990 0.385094 
3136.777799 0.379654 
3135.310607 0.374082 
3133.843416 0.369120 
3132.376224 0.363641 
3130.909033 0.358039 
3129.441841 0.352476 
3127.974650 0.347278 
3126.507458 0.341603 
3125.040267 0.336445 
3123.573075 0.330898 
3122.105884 0.325568 
3120.638692 0.319476 
3119.171501 0.314215 
3117.704309 0.309061 
3116.237118 0.303088 
3114.769926 0.297567 
3113.302735 0.292924 
3111.835543 0.287686 
3110.368352 0.282258 
3108.901160 0.276853 
3107.433969 0.271349 
3105.966777 0.266345 
3104.499586 0.261114 
3103.032394 0.255925 
3101.565203 0.251013 
3100.098011 0.245445 
3098.630820 0.240406 
3097.163628 0.235182 
3095.696437 0.230178 
3094.229245 0.225022 
3092.762054 0.219987 
3091.294862 0.214849 
3089.827671 0.209818 
3088.360479 0.205137 
3086.893288 0.200393 
3085.426096 0.195324 
3083.958905 0.190387 
3082.491713 0.185762 
3081.024522 0.180965 
3079.557330 0.176534 
3078.090139 0.171573 
3076.622947 0.167511 
3075.155756 0.163280 
3073.688564 0.158871 
3072.221373 0.154837 
3070.754181 0.150791 
3069.286990 0.146568 
3067.819798 0.142470 
3066.352607 0.138517 
3064.885415 0.134896 
3063.418224 0.131213 
3061.951032 0.127573 
3060.483841 0.124089 
3059.016649 0.120787 
3057.549458 0.117386 
3056.082266 0.114117 
3054.615075 0.111070 
3053.147883 0.108003 
3051.680692 0.105092 
3050.213500 0.102189 
3048.746309 0.099466 
3047.279117 0.096757 
3045.811926 0.094047 
3044.344734 0.091550 
3042.877543 0.089116 
3041.410351 0.086687 
3039.943160 0.084394 
3038.475968 0.082297 
3037.008777 0.080212 
3035.541585 0.078037 
3034.074394 0.075941 
3032.607202 0.074008 
3031.140011 0.072321 
3029.672819 0.070431 
3028.205628 0.068638 
3026.738436 0.067146 
3025.271245 0.065487 
3023.804053 0.063933 
3022.336862 0.062620 
3020.869670 0.061316 
3019.402479 0.060312 
3017.935287 0.059338 
3016.468096 0.058617 
3015.000904 0.057825 
3013.533713 0.056807 
3012.066521 0.055320 
3010.599330 0.053468 
3009.132138 0.051799 
3007.664947 0.050644 
3006.197755 0.049584 
3004.730564 0.048800 
3003.263372 0.047827 
3001.796181 0.046842 
3000.328989 0.045754 
2998.861798 0.044504 
2997.394606 0.043485 
2995.927415 0.042512 
2994.460223 0.041640 
2992.993032 0.040771 
2991.525840 0.039878 
2990.058649 0.039168 
2988.591457 0.038288 
2987.124266 0.037636 
2985.657074 0.036778 
2984.189883 0.036134 
2982.722691 0.035525 
2981.255500 0.035063 
2979.788308 0.034711 
2978.321117 0.033906 
2976.853925 0.033446 
2975.386734 0.032751 
2973.919542 0.031879 
2972.452351 0.031187 
2970.985159 0.030226 
2969.517968 0.029547 
2968.050776 0.029062 
2966.583585 0.028637 
2965.116393 0.028119 
2963.649202 0.027441 
2962.182010 0.026950 
2960.714819 0.026690 
2959.247627 0.026151 
2957.780436 0.025732 
2956.313244 0.025405 
2954.846053 0.025061 
2953.378861 0.024976 
2951.911670 0.024505 
2950.444478 0.024274 
2948.977287 0.023896 
2947.510095 0.023712 
2946.042904 0.023564 
2944.575712 0.023316 
2943.108521 0.023084 
2941.641329 0.022613 
2940.174138 0.022406 
2938.706946 0.021964 
2937.239755 0.021568 
2935.772563 0.021280 
2934.305372 0.020904 
2932.838180 0.020813 
2931.370989 0.020485 
2929.903797 0.020112 
2928.436606 0.019891 
2926.969415 0.019875 
2925.502223 0.019605 
2924.035032 0.019408 
2922.567840 0.019355 
2921.100649 0.019198 
2919.633457 0.019100 
2918.166266 0.019067 
2916.699074 0.018803 
2915.231883 0.018800 
2913.764691 0.018732 
2912.297500 0.018603 
2910.830308 0.018648 
2909.363117 0.018549 
2907.895925 0.018699 
2906.428734 0.018635 
2904.961542 0.018532 
2903.494351 0.018502 
2902.027159 0.018500 
2900.559968 0.018471 
2899.092776 0.018499 
2897.625585 0.018513 
2896.158393 0.018546 
2894.691202 0.018696 
2893.224010 0.018624 
2891.756819 0.018613 
2890.289627 0.018821 
2888.822436 0.019031 
2887.355244 0.019132 
2885.888053 0.019299 
2884.420861 0.019364 
2882.953670 0.019568 
2881.486478 0.019574 
2880.019287 0.019535 
2878.552095 0.019544 
2877.084904 0.019798 
2875.617712 0.019800 
2874.150521 0.020049 
2872.683329 0.020101 
2871.216138 0.020428 
2869.748946 0.020432 
2868.281755 0.020500 
2866.814563 0.020691 
2865.347372 0.021028 
2863.880180 0.020902 
2862.412989 0.021000 
2860.945797 0.021268 
2859.478606 0.021299 
2858.011414 0.021322 
2856.544223 0.021368 
2855.077031 0.021300 
2853.609840 0.021202 
2852.142648 0.021138 
2850.675457 0.020901 
2849.208265 0.020844 
2847.741074 0.020628 
2846.273882 0.020601 
2844.806691 0.020460 
2843.339499 0.020400 
2841.872308 0.020195 
2840.405116 0.019944 
2838.937925 0.019767 
2837.470733 0.019501 
2836.003542 0.019368 
2834.536350 0.019147 
2833.069159 0.019042 
2831.601967 0.018976 
2830.134776 0.018626 
2828.667584 0.018401 
2827.200393 0.018261 
2825.733201 0.018067 
2824.266010 0.017792 
2822.798818 0.017609 
2821.331627 0.017431 
2819.864435 0.017066 
2818.397244 0.016858 
2816.930052 0.016635 
2815.462861 0.016300 
2813.995669 0.016100 
2812.528478 0.015767 
2811.061286 0.015700 
2809.594095 0.015373 
2808.126903 0.014979 
2806.659712 0.014900 
2805.192520 0.014641 
2803.725329 0.014543 
2802.258137 0.014300 
2800.790946 0.014000 
2799.323754 0.013911 
2797.856563 0.013537 
2796.389371 0.013333 
2794.922180 0.013133 
2793.454988 0.013112 
2791.987797 0.012766 
2790.520605 0.012567 
2789.053414 0.012400 
2787.586222 0.012207 
2786.119031 0.012060 
2784.651839 0.011800 
2783.184648 0.011733 
2781.717456 0.011476 
2780.250265 0.011300 
2778.783073 0.011156 
2777.315882 0.011083 
2775.848690 0.010999 
2774.381499 0.010800 
2772.914307 0.010649 
2771.447116 0.010500 
2769.979924 0.010339 
2768.512733 0.010234 
2767.045541 0.010100 
2765.578350 0.010100 
2764.111158 0.009866 
2762.643967 0.009731 
2761.176775 0.009667 
2759.709584 0.009566 
2758.242392 0.009400 
2756.775201 0.009333 
2755.308009 0.009207 
2753.840818 0.009299 
2752.373626 0.009105 
2750.906435 0.009044 
2749.439243 0.008855 
2747.972052 0.008800 
2746.504860 0.008666 
2745.037669 0.008529 
2743.570477 0.008500 
2742.103286 0.008521 
2740.636094 0.008299 
2739.168903 0.008249 
2737.701711 0.008229 
2736.234520 0.008197 
2734.767328 0.007972 
2733.300137 0.007900 
2731.832945 0.007800 
2730.365754 0.007800 
2728.898562 0.007540 
2727.431371 0.007599 
2725.964179 0.007497 
2724.496988 0.007423 
2723.029796 0.007302 
2721.562605 0.007321 
2720.095413 0.007196 
2718.628222 0.006999 
2717.161030 0.006900 
2715.693839 0.006918 
2714.226647 0.006846 
2712.759456 0.006600 
2711.292264 0.006700 
2709.825073 0.006524 
2708.357881 0.006500 
2706.890690 0.006452 
2705.423498 0.006203 
2703.956307 0.006142 
2702.489115 0.006076 
2701.021924 0.006069 
2699.554732 0.005929 
2698.087541 0.005865 
2696.620349 0.005798 
2695.153158 0.005700 
2693.685966 0.005465 
2692.218775 0.005477 
2690.751583 0.005318 
2689.284392 0.005300 
2687.817200 0.005200 
2686.350009 0.005200 
2684.882817 0.005165 
2683.415626 0.005000 
2681.948434 0.004932 
2680.481243 0.004965 
2679.014051 0.004796 
2677.546860 0.004652 
2676.079668 0.004567 
2674.612477 0.004417 
2673.145285 0.004392 
2671.678094 0.004429 
2670.210903 0.004491 
2668.743711 0.004331 
2667.276520 0.004300 
2665.809328 0.004198 
2664.342137 0.004169 
2662.874945 0.004065 
2661.407754 0.004097 
2659.940562 0.003993 
2658.473371 0.004100 
2657.006179 0.004016 
2655.538988 0.004069 
2654.071796 0.004049 
2652.604605 0.004188 
2651.137413 0.004100 
2649.670222 0.004026 
2648.203030 0.004035 
2646.735839 0.004069 
2645.268647 0.004100 
2643.801456 0.004038 
2642.334264 0.004138 
2640.867073 0.004100 
2639.399881 0.004201 
2637.932690 0.004216 
2636.465498 0.004324 
2634.998307 0.004300 
2633.531115 0.004369 
2632.063924 0.004400 
2630.596732 0.004342 
2629.129541 0.004500 
2627.662349 0.004600 
2626.195158 0.004603 
2624.727966 0.004700 
2623.260775 0.004672 
2621.793583 0.004803 
2620.326392 0.004831 
2618.859200 0.004900 
2617.392009 0.004920 
2615.924817 0.005031 
2614.457626 0.004936 
2612.990434 0.004900 
2611.523243 0.004900 
2610.056051 0.004900 
2608.588860 0.004901 
2607.121668 0.004979 
2605.654477 0.004973 
2604.187285 0.005002 
2602.720094 0.005017 
2601.252902 0.005073 
2599.785711 0.005100 
2598.318519 0.005170 
2596.851328 0.005336 
2595.384136 0.005303 
2593.916945 0.005403 
2592.449753 0.005425 
2590.982562 0.005399 
2589.515370 0.005390 
2588.048179 0.005500 
2586.580987 0.005502 
2585.113796 0.005588 
2583.646604 0.005573 
2582.179413 0.005703 
2580.712221 0.005730 
2579.245030 0.005637 
2577.777838 0.005748 
2576.310647 0.005747 
2574.843455 0.005727 
2573.376264 0.005770 
2571.909072 0.005842 
2570.441881 0.005763 
2568.974689 0.005604 
2567.507498 0.005770 
2566.040306 0.005704 
2564.573115 0.005626 
2563.105923 0.005700 
2561.638732 0.005588 
2560.171540 0.005600 
2558.704349 0.005544 
2557.237157 0.005537 
2555.769966 0.005596 
2554.302774 0.005570 
2552.835583 0.005519 
2551.368391 0.005496 
2549.901200 0.005470 
2548.434008 0.005403 
2546.966817 0.005300 
2545.499625 0.005339 
2544.032434 0.005331 
2542.565242 0.005104 
2541.098051 0.005200 
2539.630859 0.005204 
2538.163668 0.005122 
2536.696476 0.005029 
2535.229285 0.005100 
2533.762093 0.004904 
2532.294902 0.005023 
2530.827710 0.004901 
2529.360519 0.004927 
2527.893327 0.004831 
2526.426136 0.004863 
2524.958944 0.004700 
2523.491753 0.004760 
2522.024561 0.004737 
2520.557370 0.004719 
2519.090178 0.004771 
2517.622987 0.004700 
2516.155795 0.004504 
2514.688604 0.004645 
2513.221412 0.004600 
2511.754221 0.004600 
2510.287029 0.004600 
2508.819838 0.004500 
2507.352646 0.004541 
2505.885455 0.004571 
2504.418263 0.004430 
2502.951072 0.004483 
2501.483880 0.004500 
2500.016689 0.004400 
2498.549497 0.004495 
2497.082306 0.004444 
2495.615114 0.004400 
2494.147923 0.004400 
2492.680731 0.004426 
2491.213540 0.004436 
2489.746348 0.004534 
2488.279157 0.004464 
2486.811965 0.004466 
2485.344774 0.004493 
2483.877582 0.004374 
2482.410391 0.004464 
2480.943199 0.004399 
2479.476008 0.004465 
2478.008816 0.004473 
2476.541625 0.004400 
2475.074433 0.004472 
2473.607242 0.004475 
2472.140050 0.004600 
2470.672859 0.004600 
2469.205667 0.004500 
2467.738476 0.004495 
2466.271284 0.004543 
2464.804093 0.004582 
2463.336901 0.004695 
2461.869710 0.004528 
2460.402518 0.004544 
2458.935327 0.004700 
2457.468135 0.004750 
2456.000944 0.004641 
2454.533752 0.004600 
2453.066561 0.004672 
2451.599369 0.004600 
2450.132178 0.004700 
2448.664986 0.004628 
2447.197795 0.004739 
2445.730603 0.004710 
2444.263412 0.004862 
2442.796220 0.004700 
2441.329029 0.004660 
2439.861837 0.004772 
2438.394646 0.004800 
2436.927454 0.004806 
2435.460263 0.004828 
2433.993071 0.004861 
2432.525880 0.004800 
2431.058688 0.004872 
2429.591497 0.004900 
2428.124305 0.004895 
2426.657114 0.004804 
2425.189922 0.004900 
2423.722731 0.004894 
2422.255539 0.004872 
2420.788348 0.005039 
2419.321156 0.005002 
2417.853965 0.005010 
2416.386773 0.005021 
2414.919582 0.005094 
2413.452390 0.005000 
2411.985199 0.005000 
2410.518008 0.005101 
2409.050816 0.005104 
2407.583625 0.005061 
2406.116433 0.005099 
2404.649242 0.005097 
2403.182050 0.005239 
2401.714859 0.005200 
2400.247667 0.005200 
2398.780476 0.005239 
2397.313284 0.005200 
2395.846093 0.005273 
2394.378901 0.005264 
2392.911710 0.005205 
2391.444518 0.005297 
2389.977327 0.005334 
2388.510135 0.005353 
2387.042944 0.005342 
2385.575752 0.005400 
2384.108561 0.005306 
2382.641369 0.005400 
2381.174178 0.005397 
2379.706986 0.005389 
2378.239795 0.005209 
2376.772603 0.005102 
2375.305412 0.005119 
2373.838220 0.005073 
2372.371029 0.005528 
2370.903837 0.006183 
2369.436646 0.007186 
2367.969454 0.009260 
2366.502263 0.010406 
2365.035071 0.013703 
2363.567880 0.015674 
2362.100688 0.019451 
2360.633497 0.021906 
2359.166305 0.025578 
2357.699114 0.030195 
2356.231922 0.033520 
2354.764731 0.038793 
2353.297539 0.044296 
2351.830348 0.050380 
2350.363156 0.058844 
2348.895965 0.069980 
2347.428773 0.085697 
2345.961582 0.108803 
2344.494390 0.138562 
2343.027199 0.173968 
2341.560007 0.207136 
2340.092816 0.221990 
2338.625624 0.189833 
2337.158433 0.125009 
2335.691241 0.077408 
2334.224050 0.055786 
2332.756858 0.041294 
2331.289667 0.030575 
2329.822475 0.021547 
2328.355284 0.014761 
2326.888092 0.010886 
2325.420901 0.009955 
2323.953709 0.009528 
2322.486518 0.008762 
2321.019326 0.007962 
2319.552135 0.007880 
2318.084943 0.008101 
2316.617752 0.007877 
2315.150560 0.007645 
2313.683369 0.007889 
2312.216177 0.007919 
2310.748986 0.007793 
2309.281794 0.007893 
2307.814603 0.008105 
2306.347411 0.008086 
2304.880220 0.008115 
2303.413028 0.008300 
2301.945837 0.008342 
2300.478645 0.008442 
2299.011454 0.008574 
2297.544262 0.008675 
2296.077071 0.008712 
2294.609879 0.008948 
2293.142688 0.008879 
2291.675496 0.009008 
2290.208305 0.009100 
2288.741113 0.009172 
2287.273922 0.009363 
2285.806730 0.009527 
2284.339539 0.009642 
2282.872347 0.010095 
2281.405156 0.010927 
2279.937964 0.011953 
2278.470773 0.012913 
2277.003581 0.013263 
2275.536390 0.013043 
2274.069198 0.012508 
2272.602007 0.011440 
2271.134815 0.010817 
2269.667624 0.010708 
2268.200432 0.010875 
2266.733241 0.010843 
2265.266049 0.011195 
2263.798858 0.011183 
2262.331666 0.011283 
2260.864475 0.011308 
2259.397283 0.011475 
2257.930092 0.011594 
2256.462900 0.011600 
2254.995709 0.011750 
2253.528517 0.011717 
2252.061326 0.011850 
2250.594134 0.011978 
2249.126943 0.011983 
2247.659751 0.012127 
2246.192560 0.012249 
2244.725368 0.012280 
2243.258177 0.012405 
2241.790985 0.012491 
2240.323794 0.012500 
2238.856602 0.012416 
2237.389411 0.012632 
2235.922219 0.012700 
2234.455028 0.012709 
2232.987836 0.012741 
2231.520645 0.012867 
2230.053453 0.012909 
2228.586262 0.013000 
2227.119070 0.013042 
2225.651879 0.013109 
2224.184687 0.013125 
2222.717496 0.013200 
2221.250304 0.013177 
2219.783113 0.013200 
2218.315921 0.013300 
2216.848730 0.013300 
2215.381538 0.013300 
2213.914347 0.013400 
2212.447155 0.013300 
2210.979964 0.013300 
2209.512772 0.013300 
2208.045581 0.013389 
2206.578389 0.013300 
2205.111198 0.013356 
2203.644006 0.013201 
2202.176815 0.013170 
2200.709623 0.013300 
2199.242432 0.013243 
2197.775240 0.013200 
2196.308049 0.013200 
2194.840857 0.013100 
2193.373666 0.013031 
2191.906474 0.013057 
2190.439283 0.012809 
2188.972091 0.012824 
2187.504900 0.012700 
2186.037708 0.012654 
2184.570517 0.012454 
2183.103325 0.012300 
2181.636134 0.012042 
2180.168942 0.012081 
2178.701751 0.011857 
2177.234559 0.011700 
2175.767368 0.011624 
2174.300176 0.011625 
2172.832985 0.011600 
2171.365793 0.011524 
2169.898602 0.011600 
2168.431410 0.011609 
2166.964219 0.011623 
2165.497027 0.011657 
2164.029836 0.011607 
2162.562644 0.011618 
2161.095453 0.011457 
2159.628261 0.011295 
2158.161070 0.011059 
2156.693878 0.010938 
2155.226687 0.010600 
2153.759495 0.010478 
2152.292304 0.010457 
2150.825113 0.010200 
2149.357921 0.010200 
2147.890730 0.010568 
2146.423538 0.012324 
2144.956347 0.016626 
2143.489155 0.023997 
2142.021964 0.042187 
2140.554772 0.064397 
2139.087581 0.078594 
2137.620389 0.077808 
2136.153198 0.060725 
2134.686006 0.034893 
2133.218815 0.019401 
2131.751623 0.014931 
2130.284432 0.012446 
2128.817240 0.010953 
2127.350049 0.010114 
2125.882857 0.009526 
2124.415666 0.009064 
2122.948474 0.008633 
2121.481283 0.008365 
2120.014091 0.008158 
2118.546900 0.007828 
2117.079708 0.007617 
2115.612517 0.007390 
2114.145325 0.007146 
2112.678134 0.007036 
2111.210942 0.006899 
2109.743751 0.006523 
2108.276559 0.006378 
2106.809368 0.006189 
2105.342176 0.005946 
2103.874985 0.005856 
2102.407793 0.005589 
2100.940602 0.005423 
2099.473410 0.005400 
2098.006219 0.005239 
2096.539027 0.005120 
2095.071836 0.005100 
2093.604644 0.005297 
2092.137453 0.005663 
2090.670261 0.005430 
2089.203070 0.004887 
2087.735878 0.004632 
2086.268687 0.004317 
2084.801495 0.004089 
2083.334304 0.003922 
2081.867112 0.003853 
2080.399921 0.003788 
2078.932729 0.003560 
2077.465538 0.003500 
2075.998346 0.003493 
2074.531155 0.003407 
2073.063963 0.003170 
2071.596772 0.003276 
2070.129580 0.003022 
2068.662389 0.003100 
2067.195197 0.002979 
2065.728006 0.002803 
2064.260814 0.002700 
2062.793623 0.002611 
2061.326431 0.002700 
2059.859240 0.002520 
2058.392048 0.002500 
2056.924857 0.002418 
2055.457665 0.002200 
2053.990474 0.002089 
2052.523282 0.002078 
2051.056091 0.001858 
2049.588899 0.001800 
2048.121708 0.001678 
2046.654516 0.001616 
2045.187325 0.001443 
2043.720133 0.001400 
2042.252942 0.001400 
2040.785750 0.001288 
2039.318559 0.001128 
2037.851367 0.001238 
2036.384176 0.001088 
2034.916984 0.000922 
2033.449793 0.000999 
2031.982601 0.000977 
2030.515410 0.000800 
2029.048218 0.000697 
2027.581027 0.000700 
2026.113835 0.000622 
2024.646644 0.000452 
2023.179452 0.000488 
2021.712261 0.000400 
2020.245069 0.000445 
2018.777878 0.000312 
2017.310686 0.000321 
2015.843495 0.000154 
2014.376303 0.000289 
2012.909112 0.000201 
2011.441920 0.000155 
2009.974729 0.000100 
2008.507537 0.000100 
2007.040346 0.000092 
2005.573154 -0.000012 
2004.105963 -0.000100 
2002.638771 0.000000 
2001.171580 -0.000091 
1999.704388 -0.000085 
1998.237197 -0.000184 
1996.770005 -0.000200 
1995.302814 -0.000200 
1993.835622 -0.000100 
1992.368431 -0.000291 
1990.901239 -0.000284 
1989.434048 -0.000300 
1987.966856 -0.000306 
1986.499665 -0.000378 
1985.032473 -0.000300 
1983.565282 -0.000300 
1982.098090 -0.000300 
1980.630899 -0.000233 
1979.163707 -0.000344 
1977.696516 -0.000400 
1976.229324 -0.000456 
1974.762133 -0.000400 
1973.294941 -0.000321 
1971.827750 -0.000354 
1970.360558 -0.000313 
1968.893367 -0.000559 
1967.426175 -0.000478 
1965.958984 -0.000375 
1964.491792 -0.000300 
1963.024601 -0.000300 
1961.557409 -0.000300 
1960.090218 -0.000300 
1958.623026 -0.000365 
1957.155835 -0.000187 
1955.688643 -0.000175 
1954.221452 -0.000212 
1952.754260 -0.000108 
1951.287069 -0.000100 
1949.819877 -0.000100 
1948.352686 -0.000100 
1946.885494 -0.000020 
1945.418303 -0.000100 
1943.951111 0.000000 
1942.483920 -0.000057 
1941.016728 -0.000054 
1939.549537 -0.000017 
1938.082345 -0.000107 
1936.615154 0.000033 
1935.147962 -0.000087 
1933.680771 0.000000 
1932.213579 -0.000169 
1930.746388 -0.000100 
1929.279196 -0.000061 
1927.812005 -0.000054 
1926.344813 0.000000 
1924.877622 -0.000080 
1923.410430 -0.000068 
1921.943239 0.000013 
1920.476047 0.000100 
1919.008856 -0.000082 
1917.541664 -0.000265 
1916.074473 -0.000008 
1914.607281 -0.000047 
1913.140090 0.000000 
1911.672898 0.000000 
1910.205707 0.000009 
1908.738515 -0.000086 
1907.271324 0.000000 
1905.804132 0.000000 
1904.336941 0.000063 
1902.869749 0.000002 
1901.402558 0.000053 
1899.935366 0.000091 
1898.468175 0.000087 
1897.000983 0.000047 
1895.533792 0.000012 
1894.066601 0.000018 
1892.599409 -0.000047 
1891.132218 0.000000 
1889.665026 0.000000 
1888.197835 0.000006 
1886.730643 -0.000028 
1885.263452 -0.000119 
1883.796260 -0.000117 
1882.329069 -0.000114 
1880.861877 -0.000119 
1879.394686 -0.000100 
1877.927494 -0.000100 
1876.460303 -0.000100 
1874.993111 -0.000082 
1873.525920 -0.000114 
1872.058728 -0.000119 
1870.591537 -0.000106 
1869.124345 -0.000286 
1867.657154 -0.000200 
1866.189962 -0.000100 
1864.722771 -0.000027 
1863.255579 -0.000113 
1861.788388 -0.000048 
1860.321196 -0.000186 
1858.854005 -0.000100 
1857.386813 0.000000 
1855.919622 0.000100 
1854.452430 0.000100 
1852.985239 0.000027 
1851.518047 0.000000 
1850.050856 0.000081 
1848.583664 0.000000 
1847.116473 -0.000086 
1845.649281 0.000000 
1844.182090 -0.000017 
1842.714898 0.000015 
1841.247707 0.000151 
1839.780515 0.000200 
1838.313324 0.000129 
1836.846132 0.000300 
1835.378941 0.000300 
1833.911749 0.000300 
1832.444558 0.000311 
1830.977366 0.000383 
1829.510175 0.000337 
1828.042983 0.000500 
1826.575792 0.000551 
1825.108600 0.000530 
1823.641409 0.000700 
1822.174217 0.000894 
1820.707026 0.000848 
1819.239834 0.000974 
1817.772643 0.000958 
1816.305451 0.001103 
1814.838260 0.001282 
1813.371068 0.001252 
1811.903877 0.001300 
1810.436685 0.001416 
1808.969494 0.001600 
1807.502302 0.001630 
1806.035111 0.001800 
1804.567919 0.001900 
1803.100728 0.001969 
1801.633536 0.002000 
1800.166345 0.002190 
1798.699153 0.002393 
1797.231962 0.002407 
1795.764770 0.002500 
1794.297579 0.002615 
1792.830387 0.002655 
1791.363196 0.002854 
1789.896004 0.003085 
1788.428813 0.003247 
1786.961621 0.003449 
1785.494430 0.003605 
1784.027238 0.003770 
1782.560047 0.003946 
1781.092855 0.004124 
1779.625664 0.004393 
1778.158472 0.004625 
1776.691281 0.004800 
1775.224089 0.005004 
1773.756898 0.005417 
1772.289706 0.005336 
1770.822515 0.005887 
1769.355323 0.006250 
1767.888132 0.006536 
1766.420940 0.007064 
1764.953749 0.007531 
1763.486557 0.007926 
1762.019366 0.008202 
1760.552174 0.009018 
1759.084983 0.009662 
1757.617791 0.010186 
1756.150600 0.010744 
1754.683408 0.011503 
1753.216217 0.012112 
1751.749025 0.012825 
1750.281834 0.013805 
1748.814642 0.014522 
1747.347451 0.015445 
1745.880259 0.016278 
1744.413068 0.017222 
1742.945876 0.017928 
1741.478685 0.018913 
1740.011493 0.019734 
1738.544302 0.020789 
1737.077110 0.021698 
1735.609919 0.022831 
1734.142727 0.023595 
1732.675536 0.024760 
1731.208344 0.026166 
1729.741153 0.027216 
1728.273961 0.028434 
1726.806770 0.029710 
1725.339578 0.031002 
1723.872387 0.032270 
1722.405195 0.033487 
1720.938004 0.034855 
1719.470812 0.035760 
1718.003621 0.036635 
1716.536429 0.037529 
1715.069238 0.038279 
1713.602046 0.039119 
1712.134855 0.039835 
1710.667663 0.040255 
1709.200472 0.040783 
1707.733280 0.041230 
1706.266089 0.041672 
1704.798897 0.042030 
1703.331706 0.042505 
1701.864514 0.042797 
1700.397323 0.042714 
1698.930131 0.043425 
1697.462940 0.043916 
1695.995748 0.043857 
1694.528557 0.044558 
1693.061365 0.044929 
1691.594174 0.045178 
1690.126982 0.045350 
1688.659791 0.045641 
1687.192599 0.045750 
1685.725408 0.045804 
1684.258216 0.045694 
1682.791025 0.045968 
1681.323833 0.046050 
1679.856642 0.045798 
1678.389450 0.045690 
1676.922259 0.045499 
1675.455067 0.045136 
1673.987876 0.044952 
1672.520684 0.044650 
1671.053493 0.044122 
1669.586301 0.043512 
1668.119110 0.043238 
1666.651918 0.042744 
1665.184727 0.042254 
1663.717535 0.041561 
1662.250344 0.040974 
1660.783152 0.040460 
1659.315961 0.039935 
1657.848769 0.039410 
1656.381578 0.038836 
1654.914386 0.038305 
1653.447195 0.037672 
1651.980003 0.037455 
1650.512812 0.037451 
1649.045620 0.037180 
1647.578429 0.036984 
1646.111237 0.036831 
1644.644046 0.037018 
1643.176854 0.037016 
1641.709663 0.037102 
1640.242471 0.037172 
1638.775280 0.037136 
1637.308088 0.037182 
1635.840897 0.036867 
1634.373706 0.036769 
1632.906514 0.036798 
1631.439323 0.036377 
1629.972131 0.036047 
1628.504940 0.035454 
1627.037748 0.035037 
1625.570557 0.034437 
1624.103365 0.033793 
1622.636174 0.033232 
1621.168982 0.032611 
1619.701791 0.032102 
1618.234599 0.031493 
1616.767408 0.030400 
1615.300216 0.030197 
1613.833025 0.029667 
1612.365833 0.029059 
1610.898642 0.028448 
1609.431450 0.027842 
1607.964259 0.027148 
1606.497067 0.026524 
1605.029876 0.025783 
1603.562684 0.025010 
1602.095493 0.024289 
1600.628301 0.023517 
1599.161110 0.022718 
1597.693918 0.022092 
1596.226727 0.021521 
1594.759535 0.020940 
1593.292344 0.020398 
1591.825152 0.019941 
1590.357961 0.019442 
1588.890769 0.019080 
1587.423578 0.018782 
1585.956386 0.018530 
1584.489195 0.018392 
1583.022003 0.018279 
1581.554812 0.018198 
1580.087620 0.018072 
1578.620429 0.018088 
1577.153237 0.018091 
1575.686046 0.018125 
1574.218854 0.018537 
1572.751663 0.018700 
1571.284471 0.019001 
1569.817280 0.019057 
1568.350088 0.019502 
1566.882897 0.019813 
1565.415705 0.020180 
1563.948514 0.020540 
1562.481322 0.020557 
1561.014131 0.020736 
1559.546939 0.020755 
1558.079748 0.020856 
1556.612556 0.021319 
1555.145365 0.021459 
1553.678173 0.021357 
1552.210982 0.021500 
1550.743790 0.021500 
1549.276599 0.021534 
1547.809407 0.021658 
1546.342216 0.021612 
1544.875024 0.021425 
1543.407833 0.021373 
1541.940641 0.021129 
1540.473450 0.021163 
1539.006258 0.020970 
1537.539067 0.021295 
1536.071875 0.021400 
1534.604684 0.021063 
1533.137492 0.020987 
1531.670301 0.021001 
1530.203109 0.021084 
1528.735918 0.020930 
1527.268726 0.021000 
1525.801535 0.020797 
1524.334343 0.020786 
1522.867152 0.020759 
1521.399960 0.020423 
1519.932769 0.020623 
1518.465577 0.020766 
1516.998386 0.020519 
1515.531194 0.020600 
1514.064003 0.020600 
1512.596811 0.020535 
1511.129620 0.020500 
1509.662428 0.020653 
1508.195237 0.020591 
1506.728045 0.020518 
1505.260854 0.020622 
1503.793662 0.021120 
1502.326471 0.021200 
1500.859279 0.021290 
1499.392088 0.021314 
1497.924896 0.021359 
1496.457705 0.021174 
1494.990513 0.021220 
1493.523322 0.021136 
1492.056130 0.020947 
1490.588939 0.020760 
1489.121747 0.020687 
1487.654556 0.020556 
1486.187364 0.020505 
1484.720173 0.020295 
1483.252981 0.020238 
1481.785790 0.020260 
1480.318598 0.020042 
1478.851407 0.019848 
1477.384215 0.019874 
1475.917024 0.019617 
1474.449832 0.019469 
1472.982641 0.019080 
1471.515449 0.019022 
1470.048258 0.018993 
1468.581066 0.018948 
1467.113875 0.018762 
1465.646683 0.018665 
1464.179492 0.018500 
1462.712300 0.018413 
1461.245109 0.018346 
1459.777917 0.018133 
1458.310726 0.017896 
1456.843534 0.017671 
1455.376343 0.017732 
1453.909151 0.017981 
1452.441960 0.017892 
1450.974768 0.017880 
1449.507577 0.017974 
1448.040385 0.017941 
1446.573194 0.017901 
1445.106002 0.018051 
1443.638811 0.018100 
1442.171619 0.018021 
1440.704428 0.018187 
1439.237236 0.018269 
1437.770045 0.018264 
1436.302853 0.018208 
1434.835662 0.018279 
1433.368470 0.018336 
1431.901279 0.018313 
1430.434087 0.018203 
1428.966896 0.018179 
1427.499704 0.018100 
1426.032513 0.018184 
1424.565321 0.018145 
1423.098130 0.018200 
1421.630938 0.018224 
1420.163747 0.018140 
1418.696555 0.018186 
1417.229364 0.018246 
1415.762172 0.018221 
1414.294981 0.018167 
1412.827789 0.018055 
1411.360598 0.017876 
1409.893406 0.017823 
1408.426215 0.017800 
1406.959023 0.017600 
1405.491832 0.017322 
1404.024640 0.017027 
1402.557449 0.016666 
1401.090257 0.016329 
1399.623066 0.016004 
1398.155874 0.015638 
1396.688683 0.015364 
1395.221491 0.015000 
1393.754300 0.014900 
1392.287108 0.014812 
1390.819917 0.014730 
1389.352725 0.014713 
1387.885534 0.014526 
1386.418342 0.014500 
1384.951151 0.014500 
1383.483959 0.014676 
1382.016768 0.014600 
1380.549576 0.014600 
1379.082385 0.014600 
1377.615193 0.014555 
1376.148002 0.014411 
1374.680811 0.014210 
1373.213619 0.014116 
1371.746428 0.013978 
1370.279236 0.013804 
1368.812045 0.013490 
1367.344853 0.013153 
1365.877662 0.012823 
1364.410470 0.012490 
1362.943279 0.012034 
1361.476087 0.011724 
1360.008896 0.011440 
1358.541704 0.011030 
1357.074513 0.010633 
1355.607321 0.010134 
1354.140130 0.009786 
1352.672938 0.009413 
1351.205747 0.008922 
1349.738555 0.008513 
1348.271364 0.008082 
1346.804172 0.007551 
1345.336981 0.007209 
1343.869789 0.006767 
1342.402598 0.006632 
1340.935406 0.006522 
1339.468215 0.006511 
1338.001023 0.006655 
1336.533832 0.006844 
1335.066640 0.007267 
1333.599449 0.007400 
1332.132257 0.007639 
1330.665066 0.007797 
1329.197874 0.007900 
1327.730683 0.008000 
1326.263491 0.007911 
1324.796300 0.007860 
1323.329108 0.007778 
1321.861917 0.007700 
1320.394725 0.007633 
1318.927534 0.007478 
1317.460342 0.007400 
1315.993151 0.007500 
1314.525959 0.007500 
1313.058768 0.007589 
1311.591576 0.007815 
1310.124385 0.008244 
1308.657193 0.009168 
1307.190002 0.010967 
1305.722810 0.012615 
1304.255619 0.013391 
1302.788427 0.012304 
1301.321236 0.010257 
1299.854044 0.008157 
1298.386853 0.005955 
1296.919661 0.004309 
1295.452470 0.004538 
1293.985278 0.006087 
1292.518087 0.006722 
1291.050895 0.006574 
1289.583704 0.006556 
1288.116512 0.006493 
1286.649321 0.006407 
1285.182129 0.006217 
1283.714938 0.006200 
1282.247746 0.006110 
1280.780555 0.006082 
1279.313363 0.005936 
1277.846172 0.005910 
1276.378980 0.005900 
1274.911789 0.005875 
1273.444597 0.005775 
1271.977406 0.005844 
1270.510214 0.005800 
1269.043023 0.005800 
1267.575831 0.005784 
1266.108640 0.005714 
1264.641448 0.005818 
1263.174257 0.005787 
1261.707065 0.005715 
1260.239874 0.005655 
1258.772682 0.005800 
1257.305491 0.005700 
1255.838299 0.005700 
1254.371108 0.005740 
1252.903916 0.005600 
1251.436725 0.005512 
1249.969533 0.005518 
1248.502342 0.005476 
1247.035150 0.005490 
1245.567959 0.005511 
1244.100767 0.005300 
1242.633576 0.005300 
1241.166384 0.005174 
1239.699193 0.005173 
1238.232001 0.005079 
1236.764810 0.004938 
1235.297618 0.004610 
1233.830427 0.003756 
1232.363235 0.003834 
1230.896044 0.004139 
1229.428852 0.004414 
1227.961661 0.004523 
1226.494469 0.004524 
1225.027278 0.004600 
1223.560086 0.004643 
1222.092895 0.004576 
1220.625703 0.004591 
1219.158512 0.004408 
1217.691320 0.004390 
1216.224129 0.004402 
1214.756937 0.004255 
1213.289746 0.004126 
1211.822554 0.003809 
1210.355363 0.003685 
1208.888171 0.003578 
1207.420980 0.003266 
1205.953788 0.003143 
1204.486597 0.002876 
1203.019405 0.002709 
1201.552214 0.002622 
1200.085022 0.002377 
1198.617831 0.002386 
1197.150639 0.002219 
1195.683448 0.002104 
1194.216256 0.002009 
1192.749065 0.001942 
1191.281873 0.001824 
1189.814682 0.001809 
1188.347490 0.001800 
1186.880299 0.001700 
1185.413107 0.001609 
1183.945916 0.001564 
1182.478724 0.001425 
1181.011533 0.001409 
1179.544341 0.001342 
1178.077150 0.001225 
1176.609958 0.001300 
1175.142767 0.001358 
1173.675575 0.001200 
1172.208384 0.001109 
1170.741192 0.001142 
1169.274001 0.001100 
1167.806809 0.001100 
1166.339618 0.001000 
1164.872426 0.001075 
1163.405235 0.001000 
1161.938043 0.000942 
1160.470852 0.000768 
1159.003660 0.000829 
1157.536469 0.000858 
1156.069277 0.000748 
1154.602086 0.000700 
1153.134894 0.000670 
1151.667703 0.000675 
1150.200511 0.000508 
1148.733320 0.000460 
1147.266128 0.000400 
1145.798937 0.000400 
1144.331745 0.000393 
1142.864554 0.000200 
1141.397362 0.000108 
1139.930171 0.000102 
1138.462979 0.000224 
1136.995788 0.000155 
1135.528596 0.000259 
1134.061405 0.000234 
1132.594213 0.000294 
1131.127022 0.000231 
1129.659830 0.000325 
1128.192639 0.000308 
1126.725447 0.000459 
1125.258256 0.000500 
1123.791064 0.000500 
1122.323873 0.000441 
1120.856681 0.000371 
1119.389490 0.000493 
1117.922298 0.000327 
1116.455107 0.000274 
1114.987916 0.000292 
1113.520724 0.000259 
1112.053533 0.000080 
1110.586341 -0.000092 
1109.119150 -0.000200 
1107.651958 -0.000153 
1106.184767 -0.000001 
1104.717575 0.000065 
1103.250384 0.000174 
1101.783192 0.000168 
1100.316001 0.000087 
1098.848809 0.000323 
1097.381618 0.000100 
1095.914426 0.000300 
1094.447235 0.000352 
1092.980043 0.000407 
1091.512852 0.000341 
1090.045660 0.000393 
1088.578469 0.000208 
1087.111277 0.000200 
1085.644086 0.000226 
1084.176894 0.000229 
1082.709703 0.000164 
1081.242511 0.000100 
1079.775320 -0.000085 
1078.308128 -0.000059 
1076.840937 -0.000143 
1075.373745 -0.000364 
1073.906554 -0.000335 
1072.439362 -0.000500 
1070.972171 -0.000593 
1069.504979 -0.000460 
1068.037788 -0.000389 
1066.570596 -0.000500 
1065.103405 -0.000440 
1063.636213 -0.000300 
1062.169022 -0.000393 
1060.701830 -0.000172 
1059.234639 -0.000026 
1057.767447 -0.000100 
1056.300256 -0.000019 
1054.833064 -0.000074 
1053.365873 0.000000 
1051.898681 -0.000092 
1050.431490 0.000051 
1048.964298 0.000088 
1047.497107 -0.000013 
1046.029915 -0.000110 
1044.562724 -0.000013 
1043.095532 0.000037 
1041.628341 -0.000173 
1040.161149 -0.000100 
1038.693958 0.000081 
1037.226766 0.000275 
1035.759575 0.000120 
1034.292383 0.000230 
1032.825192 0.000227 
1031.358000 0.000113 
1029.890809 0.000469 
1028.423617 0.000688 
1026.956426 0.000974 
1025.489234 0.000594 
1024.022043 0.001269 
1022.554851 0.001166 
1021.087660 0.000779 
1019.620468 0.000977 
1018.153277 0.001510 
1016.686085 0.001060 
1015.218894 0.001002 
1013.751702 0.000762 
1012.284511 0.000621 
1010.817319 0.000633 
1009.350128 0.000322 
1007.882936 0.000222 
1006.415745 0.000166 
1004.948553 0.000230 
1003.481362 0.000018 
1002.014170 0.000075 
1000.546979 0.000288 
999.079787 0.000279 
997.612596 0.000161 
996.145404 0.000311 
994.678213 0.000512 
993.211021 0.000582 
991.743830 0.000815 
990.276638 0.001100 
988.809447 0.001384 
987.342255 0.001693 
985.875064 0.001995 
984.407872 0.002437 
982.940681 0.002857 
981.473489 0.003493 
980.006298 0.003983 
978.539106 0.004294 
977.071915 0.005050 
975.604723 0.005570 
974.137532 0.006286 
972.670340 0.006846 
971.203149 0.007608 
969.735957 0.008276 
968.268766 0.009132 
966.801574 0.009926 
965.334383 0.010744 
963.867191 0.011694 
962.400000 0.012569 
960.932808 0.013366 
959.465617 0.014261 
957.998425 0.015314 
956.531234 0.016116 
955.064042 0.017043 
953.596851 0.018064 
952.129659 0.018823 
950.662468 0.019806 
949.195276 0.020731 
947.728085 0.021812 
946.260893 0.022741 
944.793702 0.023848 
943.326510 0.024762 
941.859319 0.025751 
940.392127 0.026848 
938.924936 0.027818 
937.457744 0.028966 
935.990553 0.029931 
934.523361 0.030782 
933.056170 0.031969 
931.588978 0.033109 
930.121787 0.034161 
928.654595 0.035208 
927.187404 0.036258 
925.720212 0.037467 
924.253021 0.038402 
922.785829 0.039603 
921.318638 0.040627 
919.851446 0.041576 
918.384255 0.042572 
916.917063 0.043579 
915.449872 0.044838 
913.982680 0.045852 
912.515489 0.046726 
911.048297 0.047614 
909.581106 0.048968 
908.113914 0.049880 
906.646723 0.050902 
905.179531 0.051908 
903.712340 0.053001 
902.245148 0.054004 
900.777957 0.055005 
899.310765 0.055791 
897.843574 0.056924 
896.376382 0.058006 
894.909191 0.058941 
893.441999 0.059860 
891.974808 0.060834 
890.507616 0.061881 
889.040425 0.062712 
887.573233 0.063637 
886.106042 0.064538 
884.638850 0.065289 
883.171659 0.066231 
881.704467 0.067224 
880.237276 0.067959 
878.770084 0.068826 
877.302893 0.069580 
875.835701 0.070403 
874.368510 0.070955 
872.901318 0.071404 
871.434127 0.072274 
869.966935 0.073043 
868.499744 0.073815 
867.032552 0.074350 
865.565361 0.075037 
864.098169 0.076029 
862.630978 0.076548 
861.163786 0.077151 
859.696595 0.078068 
858.229404 0.078680 
856.762212 0.079203 
855.295021 0.079791 
853.827829 0.080434 
852.360638 0.080985 
850.893446 0.081584 
849.426255 0.082307 
847.959063 0.082759 
846.491872 0.083249 
845.024680 0.083489 
843.557489 0.083600 
842.090297 0.083893 
840.623106 0.084210 
839.155914 0.084540 
837.688723 0.085109 
836.221531 0.086146 
834.754340 0.086578 
833.287148 0.087327 
831.819957 0.087962 
830.352765 0.088614 
828.885574 0.088993 
827.418382 0.089796 
825.951191 0.090262 
824.483999 0.090094 
823.016808 0.090860 
821.549616 0.091340 
820.082425 0.091910 
818.615233 0.092220 
817.148042 0.092430 
815.680850 0.092831 
814.213659 0.092807 
812.746467 0.093290 
811.279276 0.093566 
809.812084 0.093551 
808.344893 0.093946 
806.877701 0.093983 
805.410510 0.093718 
803.943318 0.094156 
802.476127 0.094408 
801.008935 0.094138 
799.541744 0.094168 
798.074552 0.094253 
796.607361 0.094389 
795.140169 0.094446 
793.672978 0.094406 
792.205786 0.094166 
790.738595 0.094386 
789.271403 0.094103 
787.804212 0.094175 
786.337020 0.094422 
784.869829 0.093791 
783.402637 0.093822 
781.935446 0.094013 
780.468254 0.093708 
779.001063 0.093618 
777.533871 0.093111 
776.066680 0.093617 
774.599488 0.093405 
773.132297 0.093110 
771.665105 0.093391 
770.197914 0.092332 
768.730722 0.092376 
767.263531 0.092259 
765.796339 0.091970 
764.329148 0.091755 
762.861956 0.091015 
761.394765 0.090203 
759.927573 0.089766 
758.460382 0.089723 
756.993190 0.089075 
755.525999 0.088472 
754.058807 0.087894 
752.591616 0.087730 
751.124424 0.086911 
749.657233 0.086150 
748.190041 0.086617 
746.722850 0.085821 
745.255658 0.083429 
743.788467 0.084618 
742.321275 0.083413 
740.854084 0.082084 
739.386892 0.081700 
737.919701 0.081730 
736.452509 0.080677 
734.985318 0.078344 
733.518126 0.077617 
732.050935 0.077117 
730.583743 0.076445 
729.116552 0.075574 
727.649360 0.074703 
726.182169 0.073560 
724.714977 0.072650 
723.247786 0.072384 
721.780594 0.071320 
720.313403 0.069940 
718.846211 0.068454 
717.379020 0.068406 
715.911828 0.067270 
714.444637 0.066760 
712.977445 0.065435 
711.510254 0.064797 
710.043062 0.063493 
708.575871 0.062969 
707.108679 0.060760 
705.641488 0.060739 
704.174296 0.059239 
702.707105 0.057503 
701.239913 0.056270 
699.772722 0.055100 
698.305530 0.055303 
696.838339 0.054134 
695.371147 0.050926 
693.903956 0.051458 
692.436764 0.052179 
690.969573 0.047985 
689.502381 0.046593 
688.035190 0.047909 
686.567998 0.046424 
685.100807 0.044388 
683.633615 0.042134 
682.166424 0.042518 
680.699232 0.040448 
679.232041 0.038123 
677.764849 0.040868 
676.297658 0.038489 
674.830466 0.036695 
673.363275 0.037614 
671.896083 0.033833 
670.428892 0.037628 
668.961700 0.036373 
667.494509 0.033918 
666.027317 0.039590 
664.560126 0.042576 
663.092934 0.043686 
661.625743 0.047059 
660.158551 0.049172 
658.691360 0.051757 
657.224168 0.050254 
655.756977 0.050362 
654.289785 0.050350 
652.822594 0.044424 
651.355402 0.043285 
649.888211 0.040673 
648.421019 0.035373 
646.953828 0.035272 
645.486636 0.035021 
644.019445 0.033308 
642.552253 0.027401 
641.085062 0.026283 
639.617870 0.024329 
638.150679 0.022839 
636.683487 0.020470 
635.216296 0.018108 
633.749104 0.017144 
632.281913 0.015411 
630.814721 0.016398 
629.347530 0.012924 
627.880338 0.012353 
626.413147 0.012473 
624.945955 0.011782 
623.478764 0.008973 
622.011572 0.009097 
620.544381 0.009890 
619.077189 0.006291 
617.609998 0.004251 
616.142806 0.007419 
614.675615 0.005047 
613.208423 0.003052 
611.741232 0.005007 
610.274040 0.001026 
608.806849 0.000513 
607.339657 0.003507 
605.872466 0.002197 
604.405274 -0.000466 
602.938083 -0.000852 
601.470891 -0.000099 
600.003700 -0.000600 
