4000.000000 0.000018 
3990.019960 0.000027 
3980.089597 0.000032 
3970.208540 0.000059 
3960.376424 0.000071 
3950.592885 0.000065 
3940.857565 0.000066 
3931.170108 0.000077 
3921.530162 0.000078 
3911.937378 0.000064 
3902.391410 0.000086 
3892.891918 0.000081 
3883.438562 0.000073 
3874.031008 0.000077 
3864.668922 0.000086 
3855.351977 0.000118 
3846.079846 0.000067 
3836.852207 0.000078 
3827.668741 0.000074 
3818.529131 0.000060 
3809.433063 0.000058 
3800.380228 0.000083 
3791.370318 0.000081 
3782.403027 0.000194 
3773.478056 0.000166 
3764.595104 0.000078 
3755.753875 0.000527 
3746.954077 0.000074 
3738.195418 0.000082 
3729.477612 0.000077 
3720.800372 0.000077 
3712.163417 0.000474 
3703.566466 0.000268 
3695.009242 0.000095 
3686.491471 0.000089 
3678.012879 0.000086 
3669.573199 0.000119 
3661.172161 0.000049 
3652.809502 0.000049 
3644.484959 0.000005 
3636.198272 -0.000001 
3627.949183 0.000010 
3619.737438 -0.000004 
3611.562782 -0.000021 
3603.424966 -0.000033 
3595.323741 -0.000035 
3587.258860 -0.000031 
3579.230081 -0.000025 
3571.237159 0.000006 
3563.279857 0.000002 
3555.357937 0.000016 
3547.471162 0.000028 
3539.619301 0.000046 
3531.802120 0.000066 
3524.019392 0.000092 
3516.270888 0.000123 
3508.556384 0.000129 
3500.875657 0.000155 
3493.228484 0.000156 
3485.614647 0.000160 
3478.033928 0.000164 
3470.486111 0.000155 
3462.970983 0.000173 
3455.488332 0.000189 
3448.037947 0.000240 
3440.619621 0.000276 
3433.233147 0.000673 
3425.878320 0.000500 
3418.554938 0.001375 
3411.262799 0.003238 
3404.001703 0.005438 
3396.771453 0.007137 
3389.571852 0.008938 
3382.402707 0.013028 
3375.263824 0.017915 
3368.155013 0.018729 
3361.076082 0.015133 
3354.026846 0.010479 
3347.007116 0.006519 
3340.016708 0.004228 
3333.055440 0.003314 
3326.123128 0.003107 
3319.219593 0.003422 
3312.344656 0.004443 
3305.498140 0.004812 
3298.679868 0.004584 
3291.889667 0.004463 
3285.127362 0.004433 
3278.392784 0.004487 
3271.685761 0.004593 
3265.006125 0.004742 
3258.353708 0.004960 
3251.728345 0.005549 
3245.129870 0.006268 
3238.558121 0.005778 
3232.012935 0.005160 
3225.494151 0.005951 
3219.001610 0.007735 
3212.535155 0.008942 
3206.094627 0.008656 
3199.679872 0.007438 
3193.290735 0.005775 
3186.927063 0.004202 
3180.588703 0.002894 
3174.275506 0.001923 
3167.987322 0.001262 
3161.724002 0.000835 
3155.485399 0.000573 
3149.271367 0.000399 
3143.081761 0.000292 
3136.916438 0.000217 
3130.775255 0.000163 
3124.658070 0.000112 
3118.564743 0.000066 
3112.495134 0.000035 
3106.449106 0.000006 
3100.426522 -0.000013 
3094.427245 -0.000053 
3088.451139 -0.000073 
3082.498072 -0.000109 
3076.567911 -0.000125 
3070.660522 -0.000136 
3064.775776 -0.000157 
3058.913542 -0.000168 
3053.073692 -0.000190 
3047.256098 -0.000207 
3041.460631 -0.000212 
3035.687168 -0.000231 
3029.935582 -0.000242 
3024.205749 -0.000250 
3018.497546 -0.000261 
3012.810852 -0.000213 
3007.145543 -0.000225 
3001.501502 -0.000244 
2995.878606 -0.000266 
2990.276739 -0.000261 
2984.695782 -0.000272 
2979.135618 -0.000275 
2973.596132 -0.000281 
2968.077209 -0.000283 
2962.578733 -0.000292 
2957.100592 -0.000289 
2951.642673 -0.000307 
2946.204864 -0.000313 
2940.787054 -0.000331 
2935.389134 -0.000322 
2930.010993 -0.000321 
2924.652524 -0.000336 
2919.313618 -0.000342 
2913.994169 -0.000349 
2908.694071 -0.000356 
2903.413217 -0.000363 
2898.151504 -0.000357 
2892.908828 -0.000358 
2887.685085 -0.000365 
2882.480173 -0.000353 
2877.293991 -0.000355 
2872.126437 -0.000335 
2866.977411 -0.000339 
2861.846815 -0.000342 
2856.734548 -0.000316 
2851.640514 -0.000309 
2846.564614 -0.000301 
2841.506752 -0.000311 
2836.466832 -0.000318 
2831.444759 -0.000316 
2826.440438 -0.000301 
2821.453776 -0.000296 
2816.484678 -0.000275 
2811.533052 -0.000272 
2806.598807 -0.000315 
2801.681850 -0.000339 
2796.782092 -0.000575 
2791.899441 -0.000245 
2787.033810 -0.000253 
2782.185108 -0.000260 
2777.353248 -0.000274 
2772.538141 -0.000255 
2767.739702 -0.000252 
2762.957844 -0.000242 
2758.192480 -0.000247 
2753.443526 -0.000239 
2748.710897 -0.000231 
2743.994509 -0.000231 
2739.294279 -0.000232 
2734.610123 -0.000210 
2729.941960 -0.000208 
2725.289707 -0.000197 
2720.653283 -0.000209 
2716.032609 -0.000200 
2711.427603 -0.000196 
2706.838186 -0.000194 
2702.264278 -0.000184 
2697.705803 -0.000179 
2693.162681 -0.000188 
2688.634835 -0.000179 
2684.122189 -0.000176 
2679.624665 -0.000185 
2675.142188 -0.000183 
2670.674683 -0.000184 
2666.222074 -0.000172 
2661.784288 -0.000171 
2657.361250 -0.000165 
2652.952887 -0.000163 
2648.559126 -0.000166 
2644.179894 -0.000165 
2639.815121 -0.000163 
2635.464733 -0.000160 
2631.128661 -0.000154 
2626.806833 -0.000132 
2622.499180 -0.000139 
2618.205632 -0.000144 
2613.926120 -0.000127 
2609.660574 -0.000146 
2605.408928 -0.000138 
2601.171113 -0.000125 
2596.947061 -0.000124 
2592.736706 -0.000128 
2588.539981 -0.000128 
2584.356820 -0.000121 
2580.187157 -0.000116 
2576.030928 -0.000109 
2571.888067 -0.000118 
2567.758510 -0.000114 
2563.642193 -0.000123 
2559.539052 -0.000105 
2555.449025 -0.000107 
2551.372049 -0.000103 
2547.308060 -0.000099 
2543.256997 -0.000100 
2539.218800 -0.000097 
2535.193405 -0.000099 
2531.180753 -0.000092 
2527.180784 -0.000092 
2523.193436 -0.000088 
2519.218652 -0.000084 
2515.256370 -0.000101 
2511.306533 -0.000080 
2507.369081 -0.000071 
2503.443957 -0.000071 
2499.531103 -0.000058 
2495.630462 -0.000063 
2491.741976 -0.000061 
2487.865588 -0.000050 
2484.001243 -0.000055 
2480.148883 -0.000058 
2476.308455 -0.000051 
2472.479901 -0.000051 
2468.663168 -0.000048 
2464.858200 -0.000043 
2461.064943 -0.000041 
2457.283344 -0.000037 
2453.513348 -0.000036 
2449.754902 -0.000039 
2446.007954 -0.000040 
2442.272450 -0.000040 
2438.548338 -0.000026 
2434.835566 -0.000028 
2431.134083 -0.000030 
2427.443837 -0.000020 
2423.764777 -0.000016 
2420.096852 -0.000018 
2416.440012 -0.000011 
2412.794206 -0.000012 
2409.159385 -0.000005 
2405.535499 -0.000004 
2401.922499 0.000013 
2398.320336 -0.000003 
2394.728961 0.000008 
2391.148325 0.000009 
2387.578382 0.000008 
2384.019082 0.000004 
2380.470378 0.000019 
2376.932224 0.000016 
2373.404571 0.000022 
2369.887374 0.000022 
2366.380586 0.000026 
2362.884161 0.000034 
2359.398053 0.000028 
2355.922216 0.000024 
2352.456605 0.000022 
2349.001175 0.000036 
2345.555881 0.000103 
2342.120680 0.000081 
2338.695525 0.000069 
2335.280374 0.000040 
2331.875182 0.000044 
2328.479907 0.000047 
2325.094504 0.000037 
2321.718931 0.000051 
2318.353146 0.000049 
2314.997105 0.000052 
2311.650766 0.000052 
2308.314088 0.000059 
2304.987028 0.000062 
2301.669545 0.000064 
2298.361598 0.000059 
2295.063146 0.000059 
2291.774147 0.000073 
2288.494562 0.000084 
2285.224350 0.000093 
2281.963470 0.000103 
2278.711884 0.000110 
2275.469550 0.000122 
2272.236431 0.000133 
2269.012486 0.000162 
2265.797676 0.000178 
2262.591964 0.000210 
2259.395309 0.000240 
2256.207675 0.000288 
2253.029022 0.000317 
2249.859313 0.000357 
2246.698511 0.000402 
2243.546577 0.000448 
2240.403474 0.000474 
2237.269166 0.000515 
2234.143616 0.000559 
2231.026786 0.000600 
2227.918640 0.000619 
2224.819143 0.000646 
2221.728258 0.000676 
2218.645949 0.000688 
2215.572181 0.000708 
2212.506918 0.000724 
2209.450124 0.000744 
2206.401766 0.000755 
2203.361808 0.000778 
2200.330215 0.000797 
2197.306952 0.000805 
2194.291987 0.000812 
2191.285284 0.000802 
2188.286809 0.000802 
2185.296529 0.000791 
2182.314410 0.000778 
2179.340420 0.000797 
2176.374524 0.000812 
2173.416689 0.000829 
2170.466884 0.000869 
2167.525075 0.000901 
2164.591229 0.000894 
2161.665315 0.000853 
2158.747300 0.000782 
2155.837153 0.000688 
2152.934841 0.000609 
2150.040333 0.000743 
2147.153598 0.002202 
2144.274604 0.014314 
2141.403321 0.046521 
2138.539717 0.077636 
2135.683761 0.083590 
2132.835423 0.041629 
2129.994672 0.011103 
2127.161479 0.002612 
2124.335813 0.000637 
2121.517644 0.000200 
2118.706942 0.000169 
2115.903678 0.000244 
2113.107822 0.000340 
2110.319345 0.000374 
2107.538218 0.000351 
2104.764412 0.000321 
2101.997897 0.000289 
2099.238645 0.000264 
2096.486628 0.000426 
2093.741817 0.001010 
2091.004184 0.001438 
2088.273701 0.001115 
2085.550339 0.000667 
2082.834071 0.000400 
2080.124870 0.000278 
2077.422707 0.000258 
2074.727556 0.000251 
2072.039388 0.000270 
2069.358178 0.000273 
2066.683898 0.000270 
2064.016520 0.000226 
2061.356020 0.000246 
2058.702369 0.000259 
2056.055541 0.000278 
2053.415511 0.000278 
2050.782252 0.000279 
2048.155738 0.000286 
2045.535943 0.000282 
2042.922841 0.000301 
2040.316407 0.000296 
2037.716616 0.000294 
2035.123441 0.000288 
2032.536858 0.000290 
2029.956842 0.000306 
2027.383367 0.000303 
2024.816409 0.000308 
2022.255943 0.000313 
2019.701945 0.000318 
2017.154390 0.000325 
2014.613253 0.000333 
2012.078510 0.000328 
2009.550138 0.000338 
2007.028112 0.000332 
2004.512409 0.000325 
2002.003005 0.000332 
1999.499875 0.000342 
1997.002997 0.000346 
1994.512347 0.000355 
1992.027902 0.000355 
1989.549639 0.000354 
1987.077535 0.000365 
1984.611566 0.000367 
1982.151710 0.000362 
1979.697945 0.000375 
1977.250247 0.000367 
1974.808595 0.000380 
1972.372965 0.000376 
1969.943336 0.000382 
1967.519685 0.000393 
1965.101991 0.000402 
1962.690231 0.000412 
1960.284383 0.000413 
1957.884427 0.000417 
1955.490340 0.000431 
1953.102101 0.000429 
1950.719688 0.000434 
1948.343080 0.000441 
1945.972256 0.000447 
1943.607195 0.000449 
1941.247876 0.000454 
1938.894277 0.000464 
1936.546379 0.000468 
1934.204161 0.000484 
1931.867601 0.000484 
1929.536680 0.000486 
1927.211376 0.000489 
1924.891671 0.000513 
1922.577543 0.000501 
1920.268972 0.000514 
1917.965939 0.000526 
1915.668424 0.000529 
1913.376406 0.000543 
1911.089866 0.000542 
1908.808785 0.000548 
1906.533143 0.000561 
1904.262920 0.000567 
1901.998097 0.000567 
1899.738655 0.000568 
1897.484575 0.000565 
1895.235838 0.000588 
1892.992424 0.000608 
1890.754315 0.000637 
1888.521493 0.000612 
1886.293937 0.000611 
1884.071631 0.000598 
1881.854554 0.000610 
1879.642689 0.000620 
1877.436018 0.000620 
1875.234522 0.000623 
1873.038182 0.000613 
1870.846982 0.000631 
1868.660902 0.000631 
1866.479925 0.000628 
1864.304034 0.000618 
1862.133209 0.000611 
1859.967434 0.000615 
1857.806691 0.000624 
1855.650963 0.000625 
1853.500232 0.000619 
1851.354480 0.000609 
1849.213691 0.000606 
1847.077847 0.000602 
1844.946931 0.000618 
1842.820926 0.000598 
1840.699816 0.000583 
1838.583582 0.000591 
1836.472209 0.000576 
1834.365680 0.000588 
1832.263978 0.000577 
1830.167086 0.000576 
1828.074989 0.000557 
1825.987668 0.000550 
1823.905109 0.000535 
1821.827296 0.000517 
1819.754210 0.000531 
1817.685838 0.000524 
1815.622162 0.000513 
1813.563166 0.000502 
1811.508836 0.000505 
1809.459154 0.000491 
1807.414105 0.000476 
1805.373674 0.000461 
1803.337844 0.000453 
1801.306601 0.000458 
1799.279928 0.000437 
1797.257811 0.000421 
1795.240233 0.000422 
1793.227181 0.000424 
1791.218638 0.000419 
1789.214589 0.000385 
1787.215020 0.000373 
1785.219915 0.000379 
1783.229260 0.000358 
1781.243039 0.000333 
1779.261237 0.000327 
1777.283841 0.000321 
1775.310835 0.000314 
1773.342204 0.000321 
1771.377935 0.000299 
1769.418013 0.000299 
1767.462423 0.000284 
1765.511150 0.000253 
1763.564182 0.000240 
1761.621503 0.000250 
1759.683099 0.000223 
1757.748956 0.000223 
1755.819060 0.000212 
1753.893398 0.000202 
1751.971954 0.000201 
1750.054717 0.000176 
1748.141670 0.000185 
1746.232802 0.000181 
1744.328098 0.000164 
1742.427544 0.000143 
1740.531128 0.000150 
1738.638835 0.000132 
1736.750652 0.000119 
1734.866565 0.000138 
1732.986563 0.000091 
1731.110630 0.000100 
1729.238754 0.000110 
1727.370922 0.000061 
1725.507121 0.000136 
1723.647338 0.000083 
1721.791559 0.000025 
1719.939772 0.000023 
1718.091964 0.000039 
1716.248122 -0.000004 
1714.408233 -0.000025 
1712.572285 -0.000021 
1710.740265 -0.000025 
1708.912161 -0.000031 
1707.087959 -0.000044 
1705.267648 -0.000040 
1703.451214 -0.000022 
1701.638647 0.000019 
1699.829932 0.000031 
1698.025058 -0.000006 
1696.224014 0.000027 
1694.426785 -0.000009 
1692.633362 -0.000018 
1690.843730 0.000004 
1689.057879 0.000033 
1687.275797 0.000067 
1685.497470 0.000158 
1683.722889 0.000208 
1681.952040 0.000262 
1680.184913 0.000355 
1678.421495 0.000473 
1676.661774 0.000606 
1674.905739 0.000747 
1673.153379 0.000882 
1671.404682 0.001055 
1669.659637 0.001223 
1667.918231 0.001381 
1666.180454 0.001572 
1664.446295 0.001774 
1662.715741 0.002007 
1660.988783 0.002229 
1659.265408 0.002436 
1657.545605 0.002683 
1655.829364 0.002962 
1654.116674 0.003261 
1652.407522 0.003507 
1650.701899 0.003690 
1648.999794 0.003898 
1647.301195 0.004110 
1645.606092 0.004293 
1643.914474 0.004422 
1642.226330 0.004535 
1640.541650 0.004802 
1638.860422 0.005037 
1637.182637 0.005053 
1635.508284 0.005096 
1633.837352 0.005180 
1632.169831 0.005379 
1630.505710 0.005601 
1628.844979 0.005701 
1627.187627 0.005725 
1625.533645 0.005828 
1623.883022 0.005709 
1622.235748 0.004994 
1620.591812 0.004263 
1618.951205 0.003508 
1617.313916 0.002844 
1615.679935 0.002281 
1614.049253 0.001843 
1612.421859 0.001579 
1610.797744 0.001512 
1609.176897 0.001549 
1607.559308 0.001426 
1605.944969 0.001143 
1604.333868 0.000987 
1602.725997 0.000880 
1601.121346 0.000815 
1599.519904 0.000770 
1597.921663 0.000755 
1596.326612 0.000744 
1594.734743 0.000763 
1593.146045 0.000843 
1591.560510 0.000810 
1589.978127 0.000772 
1588.398888 0.000676 
1586.822782 0.000635 
1585.249802 0.000631 
1583.679937 0.000632 
1582.113178 0.000646 
1580.549516 0.000646 
1578.988942 0.000655 
1577.431446 0.000685 
1575.877020 0.000700 
1574.325655 0.000709 
1572.777341 0.000708 
1571.232069 0.000681 
1569.689831 0.000654 
1568.150618 0.000632 
1566.614420 0.000644 
1565.081229 0.000691 
1563.551036 0.000668 
1562.023833 0.000693 
1560.499610 0.000702 
1558.978358 0.000709 
1557.460070 0.000690 
1555.944736 0.000674 
1554.432348 0.000679 
1552.922898 0.000643 
1551.416376 0.000651 
1549.912774 0.000649 
1548.412084 0.000640 
1546.914297 0.000638 
1545.419405 0.000642 
1543.927399 0.000653 
1542.438272 0.000677 
1540.952014 0.000688 
1539.468618 0.000714 
1537.988075 0.000658 
1536.510377 0.000628 
1535.035515 0.000643 
1533.563483 0.000642 
1532.094271 0.000621 
1530.627871 0.000607 
1529.164276 0.000629 
1527.703477 0.000628 
1526.245467 0.000626 
1524.790236 0.000618 
1523.337779 0.000606 
1521.888085 0.000637 
1520.441149 0.000615 
1518.996960 0.000589 
1517.555513 0.000584 
1516.116799 0.000584 
1514.680811 0.000577 
1513.247540 0.000571 
1511.816979 0.000561 
1510.389120 0.000562 
1508.963955 0.000573 
1507.541478 0.000587 
1506.121680 0.000577 
1504.704554 0.000555 
1503.290092 0.000537 
1501.878287 0.000521 
1500.469131 0.000520 
1499.062617 0.000515 
1497.658738 0.000506 
1496.257485 0.000520 
1494.858852 0.000495 
1493.462832 0.000478 
1492.069416 0.000473 
1490.678598 0.000464 
1489.290371 0.000456 
1487.904726 0.000453 
1486.521658 0.000444 
1485.141159 0.000439 
1483.763221 0.000439 
1482.387838 0.000431 
1481.015003 0.000422 
1479.644708 0.000415 
1478.276946 0.000416 
1476.911710 0.000421 
1475.548994 0.000439 
1474.188791 0.000456 
1472.831092 0.000446 
1471.475893 0.000429 
1470.123184 0.000408 
1468.772961 0.000405 
1467.425216 0.000408 
1466.079941 0.000413 
1464.737131 0.000410 
1463.396779 0.000382 
1462.058877 0.000363 
1460.723420 0.000370 
1459.390400 0.000379 
1458.059810 0.000398 
1456.731645 0.000406 
1455.405897 0.000376 
1454.082560 0.000349 
1452.761628 0.000324 
1451.443093 0.000320 
1450.126950 0.000322 
1448.813191 0.000327 
1447.501810 0.000322 
1446.192802 0.000313 
1444.886158 0.000308 
1443.581874 0.000302 
1442.279942 0.000302 
1440.980357 0.000312 
1439.683111 0.000326 
1438.388199 0.000319 
1437.095615 0.000319 
1435.805351 0.000314 
1434.517402 0.000313 
1433.231762 0.000326 
1431.948424 0.000313 
1430.667382 0.000303 
1429.388631 0.000296 
1428.112163 0.000282 
1426.837973 0.000277 
1425.566055 0.000277 
1424.296402 0.000274 
1423.029009 0.000269 
1421.763869 0.000257 
1420.500977 0.000258 
1419.240327 0.000265 
1417.981912 0.000238 
1416.725726 0.000222 
1415.471765 0.000210 
1414.220021 0.000199 
1412.970489 0.000183 
1411.723164 0.000182 
1410.478038 0.000184 
1409.235108 0.000169 
1407.994365 0.000151 
1406.755806 0.000149 
1405.519423 0.000152 
1404.285213 0.000165 
1403.053167 0.000119 
1401.823282 0.000101 
1400.595551 0.000093 
1399.369968 0.000071 
1398.146529 0.000086 
1396.925227 0.000087 
1395.706057 0.000065 
1394.489013 0.000042 
1393.274090 0.000022 
1392.061281 0.000006 
1390.850583 0.000001 
1389.641988 -0.000008 
1388.435492 -0.000001 
1387.231090 -0.000002 
1386.028774 -0.000012 
1384.828542 -0.000029 
1383.630386 -0.000035 
1382.434302 -0.000020 
1381.240283 0.000000 
1380.048326 -0.000004 
1378.858424 -0.000004 
1377.670572 0.000005 
1376.484765 -0.000024 
1375.300998 -0.000018 
1374.119264 -0.000003 
1372.939560 -0.000004 
1371.761880 0.000010 
1370.586219 0.000025 
1369.412571 0.000031 
1368.240931 0.000024 
1367.071294 0.000017 
1365.903656 0.000017 
1364.738010 0.000021 
1363.574352 0.000024 
1362.412677 0.000019 
1361.252979 -0.000007 
1360.095254 -0.000037 
1358.939497 -0.000039 
1357.785702 -0.000032 
1356.633865 -0.000044 
1355.483980 -0.000070 
1354.336043 -0.000058 
1353.190049 -0.000077 
1352.045993 -0.000080 
1350.903869 -0.000097 
1349.763673 -0.000116 
1348.625401 -0.000131 
1347.489046 -0.000138 
1346.354605 -0.000130 
1345.222073 -0.000162 
1344.091444 -0.000159 
1342.962714 -0.000172 
1341.835879 -0.000202 
1340.710932 -0.000213 
1339.587871 -0.000164 
1338.466689 -0.000191 
1337.347383 -0.000175 
1336.229947 -0.000170 
1335.114376 -0.000185 
1334.000667 -0.000200 
1332.888815 -0.000194 
1331.778814 -0.000151 
1330.670661 -0.000097 
1329.564350 -0.000055 
1328.459877 -0.000038 
1327.357238 -0.000045 
1326.256427 -0.000058 
1325.157441 -0.000049 
1324.060275 -0.000020 
1322.964924 0.000013 
1321.871384 0.000030 
1320.779650 0.000025 
1319.689718 -0.000014 
1318.601583 -0.000023 
1317.515241 -0.000020 
1316.430688 -0.000024 
1315.347919 -0.000025 
1314.266930 -0.000028 
1313.187716 -0.000036 
1312.110272 -0.000042 
1311.034596 -0.000037 
1309.960682 -0.000008 
1308.888525 -0.000005 
1307.818122 -0.000012 
1306.749469 -0.000022 
1305.682560 -0.000027 
1304.617393 -0.000022 
1303.553962 -0.000021 
1302.492263 -0.000036 
1301.432292 -0.000055 
1300.374045 -0.000061 
1299.317517 -0.000055 
1298.262705 -0.000068 
1297.209604 -0.000078 
1296.158210 -0.000077 
1295.108520 -0.000076 
1294.060528 -0.000084 
1293.014230 -0.000091 
1291.969624 -0.000101 
1290.926703 -0.000115 
1289.885465 -0.000112 
1288.845906 -0.000120 
1287.808021 -0.000127 
1286.771806 -0.000124 
1285.737257 -0.000111 
1284.704370 -0.000119 
1283.673142 -0.000131 
1282.643568 -0.000138 
1281.615644 -0.000130 
1280.589366 -0.000135 
1279.564730 -0.000134 
1278.541733 -0.000129 
1277.520371 -0.000135 
1276.500639 -0.000134 
1275.482533 -0.000150 
1274.466050 -0.000166 
1273.451186 -0.000156 
1272.437938 -0.000153 
1271.426300 -0.000155 
1270.416269 -0.000160 
1269.407843 -0.000164 
1268.401015 -0.000164 
1267.395784 -0.000166 
1266.392144 -0.000162 
1265.390093 -0.000138 
1264.389627 -0.000172 
1263.390741 -0.000200 
1262.393432 -0.000212 
1261.397697 -0.000202 
1260.403531 -0.000192 
1259.410931 -0.000189 
1258.419893 -0.000195 
1257.430414 -0.000198 
1256.442489 -0.000199 
1255.456116 -0.000193 
1254.471290 -0.000181 
1253.488008 -0.000183 
1252.506266 -0.000192 
1251.526060 -0.000200 
1250.547388 -0.000193 
1249.570245 -0.000205 
1248.594628 -0.000215 
1247.620534 -0.000218 
1246.647958 -0.000218 
1245.676897 -0.000229 
1244.707347 -0.000231 
1243.739306 -0.000202 
1242.772770 -0.000195 
1241.807734 -0.000192 
1240.844196 -0.000191 
1239.882152 -0.000186 
1238.921599 -0.000189 
1237.962533 -0.000194 
1237.004950 -0.000200 
1236.048848 -0.000219 
1235.094223 -0.000249 
1234.141071 -0.000282 
1233.189389 -0.000222 
1232.239174 -0.000184 
1231.290422 -0.000167 
1230.343130 -0.000184 
1229.397294 -0.000191 
1228.452911 -0.000193 
1227.509979 -0.000190 
1226.568492 -0.000183 
1225.628449 -0.000185 
1224.689845 -0.000196 
1223.752678 -0.000196 
1222.816944 -0.000187 
1221.882641 -0.000176 
1220.949763 -0.000182 
1220.018309 -0.000181 
1219.088276 -0.000177 
1218.159659 -0.000172 
1217.232455 -0.000158 
1216.306663 -0.000156 
1215.382277 -0.000178 
1214.459295 -0.000179 
1213.537714 -0.000184 
1212.617531 -0.000195 
1211.698742 -0.000184 
1210.781345 -0.000180 
1209.865335 -0.000183 
1208.950711 -0.000217 
1208.037468 -0.000223 
1207.125604 -0.000209 
1206.215115 -0.000190 
1205.305999 -0.000172 
1204.398253 -0.000157 
1203.491872 -0.000158 
1202.586855 -0.000159 
1201.683198 -0.000160 
1200.780898 -0.000167 
1199.879952 -0.000173 
1198.980357 -0.000177 
1198.082110 -0.000165 
1197.185207 -0.000161 
1196.289647 -0.000161 
1195.395425 -0.000144 
1194.502540 -0.000132 
1193.610987 -0.000121 
1192.720764 -0.000108 
1191.831868 -0.000105 
1190.944296 -0.000109 
1190.058044 -0.000118 
1189.173111 -0.000113 
1188.289493 -0.000097 
1187.407187 -0.000098 
1186.526191 -0.000096 
1185.646501 -0.000089 
1184.768114 -0.000081 
1183.891028 -0.000072 
1183.015239 -0.000063 
1182.140745 -0.000058 
1181.267543 -0.000050 
1180.395630 -0.000034 
1179.525004 -0.000030 
1178.655660 -0.000025 
1177.787598 -0.000004 
1176.920812 0.000013 
1176.055302 0.000026 
1175.191064 0.000016 
1174.328095 0.000024 
1173.466393 0.000049 
1172.605954 0.000072 
1171.746776 0.000087 
1170.888856 0.000089 
1170.032192 0.000099 
1169.176780 0.000113 
1168.322618 0.000129 
1167.469704 0.000168 
1166.618033 0.000213 
1165.767605 0.000195 
1164.918415 0.000195 
1164.070461 0.000215 
1163.223742 0.000247 
1162.378253 0.000278 
1161.533992 0.000299 
1160.690957 0.000327 
1159.849144 0.000359 
1159.008552 0.000390 
1158.169177 0.000423 
1157.331018 0.000457 
1156.494070 0.000504 
1155.658332 0.000552 
1154.823801 0.000595 
1153.990475 0.000642 
1153.158350 0.000690 
1152.327425 0.000734 
1151.497696 0.000774 
1150.669161 0.000809 
1149.841818 0.000854 
1149.015663 0.000903 
1148.190695 0.000955 
1147.366911 0.001011 
1146.544307 0.001071 
1145.722883 0.001141 
1144.902635 0.001211 
1144.083560 0.001265 
1143.265656 0.001333 
1142.448921 0.001412 
1141.633352 0.001479 
1140.818947 0.001551 
1140.005703 0.001642 
1139.193617 0.001735 
1138.382688 0.001831 
1137.572912 0.001911 
1136.764288 0.001987 
1135.956812 0.002059 
1135.150483 0.002151 
1134.345297 0.002258 
1133.541253 0.002355 
1132.738348 0.002451 
1131.936580 0.002552 
1131.135946 0.002656 
1130.336443 0.002763 
1129.538070 0.002889 
1128.740824 0.003018 
1127.944703 0.003141 
1127.149704 0.003268 
1126.355825 0.003397 
1125.563063 0.003526 
1124.771417 0.003656 
1123.980883 0.003796 
1123.191459 0.003936 
1122.403144 0.004076 
1121.615935 0.004216 
1120.829829 0.004356 
1120.044824 0.004521 
1119.260918 0.004689 
1118.478109 0.004851 
1117.696394 0.005013 
1116.915770 0.005175 
1116.136237 0.005324 
1115.357790 0.005468 
1114.580429 0.005646 
1113.804151 0.005825 
1113.028953 0.006009 
1112.254834 0.006190 
1111.481790 0.006367 
1110.709821 0.006544 
1109.938923 0.006722 
1109.169094 0.006967 
1108.400333 0.007204 
1107.632636 0.007420 
1106.866002 0.007627 
1106.100429 0.007826 
1105.335914 0.008044 
1104.572455 0.008271 
1103.810050 0.008485 
1103.048696 0.008702 
1102.288393 0.008927 
1101.529136 0.009161 
1100.770925 0.009408 
1100.013757 0.009644 
1099.257630 0.009874 
1098.502542 0.010136 
1097.748490 0.010403 
1096.995473 0.010659 
1096.243488 0.010918 
1095.492533 0.011185 
1094.742607 0.011444 
1093.993706 0.011694 
1093.245830 0.011957 
1092.498975 0.012228 
1091.753140 0.012494 
1091.008323 0.012760 
1090.264521 0.013046 
1089.521733 0.013341 
1088.779956 0.013671 
1088.039189 0.013967 
1087.299429 0.014214 
1086.560674 0.014469 
1085.822922 0.014731 
1085.086172 0.015009 
1084.350420 0.015293 
1083.615666 0.015580 
1082.881907 0.015868 
1082.149141 0.016150 
1081.417365 0.016428 
1080.686579 0.016693 
1079.956780 0.016962 
1079.227966 0.017237 
1078.500135 0.017512 
1077.773285 0.017786 
1077.047414 0.018060 
1076.322520 0.018334 
1075.598601 0.018573 
1074.875655 0.018803 
1074.153681 0.019018 
1073.432676 0.019233 
1072.712638 0.019468 
1071.993565 0.019696 
1071.275456 0.019898 
1070.558308 0.020095 
1069.842119 0.020281 
1069.126889 0.020455 
1068.412614 0.020614 
1067.699292 0.020753 
1066.986923 0.020874 
1066.275503 0.021002 
1065.565032 0.021134 
1064.855507 0.021216 
1064.146926 0.021278 
1063.439287 0.021316 
1062.732589 0.021347 
1062.026830 0.021359 
1061.322007 0.021370 
1060.618119 0.021334 
1059.915164 0.021296 
1059.213141 0.021233 
1058.512047 0.021163 
1057.811880 0.021049 
1057.112639 0.020933 
1056.414322 0.020809 
1055.716926 0.020685 
1055.020451 0.020562 
1054.324895 0.020410 
1053.630254 0.020204 
1052.936529 0.019921 
1052.243716 0.019521 
1051.551815 0.019165 
1050.860823 0.018863 
1050.170738 0.018542 
1049.481559 0.018200 
1048.793284 0.017845 
1048.105912 0.017479 
1047.419439 0.017101 
1046.733866 0.016716 
1046.049189 0.016303 
1045.365407 0.015873 
1044.682519 0.015431 
1044.000522 0.014981 
1043.319415 0.014546 
1042.639197 0.014117 
1041.959864 0.013677 
1041.281417 0.013230 
1040.603852 0.012790 
1039.927169 0.012354 
1039.251365 0.011922 
1038.576438 0.011493 
1037.902388 0.011120 
1037.229213 0.010776 
1036.556910 0.010476 
1035.885477 0.010197 
1035.214915 0.009716 
1034.545219 0.009126 
1033.876390 0.008590 
1033.208425 0.008086 
1032.541322 0.007642 
1031.875081 0.007238 
1031.209698 0.006863 
1030.545173 0.006509 
1029.881504 0.006182 
1029.218690 0.005878 
1028.556728 0.005566 
1027.895616 0.005248 
1027.235355 0.004926 
1026.575940 0.004599 
1025.917372 0.004307 
1025.259649 0.004064 
1024.602768 0.003822 
1023.946728 0.003584 
1023.291528 0.003360 
1022.637166 0.003166 
1021.983640 0.002985 
1021.330949 0.002840 
1020.679091 0.002706 
1020.028065 0.002624 
1019.377868 0.002541 
1018.728500 0.002444 
1018.079959 0.002347 
1017.432243 0.002189 
1016.785351 0.002031 
1016.139281 0.001882 
1015.494031 0.001734 
1014.849600 0.001610 
1014.205987 0.001491 
1013.563189 0.001386 
1012.921206 0.001286 
1012.280035 0.001172 
1011.639676 0.001050 
1011.000126 0.000934 
1010.361385 0.000823 
1009.723450 0.000723 
1009.086320 0.000638 
1008.449994 0.000564 
1007.814469 0.000516 
1007.179746 0.000469 
1006.545821 0.000424 
1005.912693 0.000380 
1005.280362 0.000363 
1004.648825 0.000346 
1004.018081 0.000355 
1003.388129 0.000368 
1002.758967 0.000443 
1002.130593 0.000539 
1001.503006 0.000644 
1000.876205 0.000756 
1000.250188 0.000750 
999.624953 0.000600 
999.000500 0.000452 
998.376826 0.000311 
997.753931 0.000186 
997.131812 0.000176 
996.510469 0.000167 
995.889899 0.000170 
995.270102 0.000173 
994.651076 0.000189 
994.032819 0.000209 
993.415331 0.000216 
992.798609 0.000215 
992.182653 0.000212 
991.567460 0.000206 
990.953030 0.000194 
990.339361 0.000157 
989.726451 0.000120 
989.114300 0.000079 
988.502905 0.000038 
987.892266 0.000025 
987.282381 0.000019 
986.673248 0.000020 
986.064866 0.000025 
985.457234 0.000038 
984.850351 0.000066 
984.244215 0.000097 
983.638824 0.000150 
983.034178 0.000203 
982.430274 0.000278 
981.827112 0.000356 
981.224690 0.000443 
980.623007 0.000536 
980.022062 0.000622 
979.421852 0.000701 
978.822377 0.000790 
978.223636 0.000938 
977.625627 0.001086 
977.028348 0.001403 
976.431799 0.001739 
975.835978 0.002111 
975.240883 0.002503 
974.646514 0.002651 
974.052869 0.002383 
973.459946 0.002095 
972.867745 0.001618 
972.276265 0.001140 
971.685502 0.000824 
971.095458 0.000546 
970.506129 0.000339 
969.917516 0.000198 
969.329616 0.000079 
968.742428 0.000038 
968.155951 -0.000004 
967.570184 -0.000019 
966.985125 -0.000032 
966.400774 -0.000033 
965.817128 -0.000026 
965.234186 -0.000012 
964.651948 0.000017 
964.070412 0.000047 
963.489577 0.000057 
962.909441 0.000067 
962.330004 0.000069 
961.751263 0.000066 
961.173218 0.000060 
960.595867 0.000049 
960.019210 0.000038 
959.443245 0.000040 
958.867970 0.000043 
958.293384 0.000058 
957.719487 0.000081 
957.146277 0.000099 
956.573753 0.000104 
956.001913 0.000109 
955.430756 0.000055 
954.860282 -0.000005 
954.290488 -0.000053 
953.721374 -0.000093 
953.152938 -0.000129 
952.585180 -0.000152 
952.018097 -0.000175 
951.451690 -0.000186 
950.885956 -0.000194 
950.320894 -0.000204 
949.756503 -0.000216 
949.192783 -0.000227 
948.629731 -0.000211 
948.067346 -0.000195 
947.505629 -0.000195 
946.944576 -0.000205 
946.384187 -0.000212 
945.824462 -0.000207 
945.265398 -0.000203 
944.706994 -0.000198 
944.149250 -0.000193 
943.592164 -0.000197 
943.035735 -0.000217 
942.479962 -0.000237 
941.924844 -0.000273 
941.370379 -0.000309 
940.816567 -0.000295 
940.263405 -0.000231 
939.710894 -0.000171 
939.159032 -0.000170 
938.607818 -0.000168 
938.057250 -0.000163 
937.507328 -0.000155 
936.958050 -0.000149 
936.409416 -0.000150 
935.861423 -0.000151 
935.314072 -0.000143 
934.767360 -0.000130 
934.221288 -0.000120 
933.675852 -0.000119 
933.131054 -0.000117 
932.586891 -0.000128 
932.043362 -0.000143 
931.500466 -0.000152 
930.958202 -0.000142 
930.416570 -0.000132 
929.875567 -0.000131 
929.335193 -0.000133 
928.795447 -0.000133 
928.256327 -0.000127 
927.717833 -0.000121 
927.179963 -0.000115 
926.642716 -0.000109 
926.106092 -0.000102 
925.570089 -0.000093 
925.034706 -0.000083 
924.499942 -0.000088 
923.965796 -0.000098 
923.432267 -0.000107 
922.899354 -0.000115 
922.367055 -0.000123 
921.835370 -0.000106 
921.304298 -0.000077 
920.773837 -0.000050 
920.243987 -0.000044 
919.714746 -0.000038 
919.186113 -0.000046 
918.658088 -0.000066 
918.130669 -0.000085 
917.603856 -0.000094 
917.077647 -0.000103 
916.552040 -0.000102 
916.027036 -0.000090 
915.502633 -0.000078 
914.978831 -0.000082 
914.455627 -0.000089 
913.933021 -0.000085 
913.411012 -0.000058 
912.889599 -0.000030 
912.368781 -0.000022 
911.848557 -0.000023 
911.328926 -0.000025 
910.809887 -0.000043 
910.291439 -0.000060 
909.773581 -0.000072 
909.256311 -0.000076 
908.739630 -0.000081 
908.223535 -0.000066 
907.708026 -0.000049 
907.193102 -0.000029 
906.678762 -0.000003 
906.165005 0.000022 
905.651829 0.000018 
905.139235 -0.000004 
904.627220 -0.000025 
904.115785 -0.000024 
903.604927 -0.000023 
903.094646 -0.000026 
902.584942 -0.000036 
902.075812 -0.000047 
901.567257 -0.000040 
901.059274 -0.000025 
900.551864 -0.000011 
900.045025 -0.000020 
899.538756 -0.000028 
899.033056 -0.000032 
898.527924 -0.000028 
898.023360 -0.000024 
897.519362 -0.000027 
897.015930 -0.000034 
896.513062 -0.000039 
896.010758 -0.000016 
895.509016 0.000007 
895.007835 0.000018 
894.507216 0.000006 
894.007156 -0.000007 
893.507654 -0.000013 
893.008711 -0.000016 
892.510325 -0.000019 
892.012494 -0.000017 
891.515219 -0.000015 
891.018498 -0.000010 
890.522330 0.000012 
890.026714 0.000033 
889.531650 0.000035 
889.037136 0.000016 
888.543171 -0.000003 
888.049756 -0.000007 
887.556888 -0.000006 
887.064566 -0.000005 
886.572791 -0.000014 
886.081560 -0.000022 
885.590874 -0.000024 
885.100731 -0.000007 
884.611130 0.000011 
884.122070 0.000015 
883.633551 0.000005 
883.145571 -0.000005 
882.658130 0.000003 
882.171227 0.000017 
881.684861 0.000032 
881.199030 0.000043 
880.713735 0.000053 
880.228974 0.000059 
879.744746 0.000045 
879.261051 0.000031 
878.777888 0.000028 
878.295255 0.000043 
877.813152 0.000058 
877.331578 0.000075 
876.850532 0.000094 
876.370013 0.000114 
875.890021 0.000120 
875.410554 0.000123 
874.931612 0.000125 
874.453193 0.000118 
873.975298 0.000109 
873.497924 0.000102 
873.021072 0.000100 
872.544740 0.000098 
872.068928 0.000101 
871.593634 0.000112 
871.118858 0.000124 
870.644599 0.000124 
870.170856 0.000108 
869.697629 0.000091 
869.224916 0.000084 
868.752716 0.000083 
868.281029 0.000082 
867.809855 0.000072 
867.339191 0.000059 
866.869037 0.000046 
866.399393 0.000067 
865.930258 0.000094 
865.461630 0.000121 
864.993509 0.000160 
864.525895 0.000199 
864.058785 0.000242 
863.592181 0.000316 
863.126079 0.000391 
862.660481 0.000450 
862.195385 0.000443 
861.730790 0.000436 
861.266695 0.000389 
860.803100 0.000244 
860.340004 0.000099 
859.877406 0.000014 
859.415305 0.000027 
858.953701 0.000041 
858.492592 0.000035 
858.031978 0.000006 
857.571858 -0.000023 
857.112231 -0.000014 
856.653096 0.000031 
856.194453 0.000075 
855.736301 0.000107 
855.278639 0.000130 
854.821467 0.000153 
854.364783 0.000154 
853.908586 0.000141 
853.452877 0.000129 
852.997653 0.000124 
852.542915 0.000122 
852.088662 0.000121 
851.634892 0.000121 
851.181605 0.000122 
850.728801 0.000122 
850.276478 0.000111 
849.824636 0.000095 
849.373274 0.000079 
848.922391 0.000077 
848.471986 0.000081 
848.022060 0.000085 
847.572610 0.000098 
847.123636 0.000115 
846.675138 0.000131 
846.227114 0.000155 
845.779564 0.000181 
845.332488 0.000208 
844.885883 0.000235 
844.439751 0.000262 
843.994089 0.000290 
843.548898 0.000303 
843.104175 0.000308 
842.659922 0.000313 
842.216137 0.000279 
841.772818 0.000220 
841.329966 0.000161 
840.887580 0.000146 
840.445659 0.000166 
840.004202 0.000186 
839.563209 0.000195 
839.122678 0.000195 
838.682610 0.000194 
838.243002 0.000197 
837.803856 0.000204 
837.365169 0.000211 
836.926942 0.000212 
836.489173 0.000203 
836.051861 0.000193 
835.615007 0.000186 
835.178609 0.000182 
834.742666 0.000179 
834.307179 0.000179 
833.872145 0.000196 
833.437565 0.000212 
833.003438 0.000227 
832.569763 0.000224 
832.136539 0.000222 
831.703765 0.000219 
831.271442 0.000214 
830.839568 0.000208 
830.408142 0.000202 
829.977164 0.000198 
829.546633 0.000194 
829.116549 0.000189 
828.686911 0.000188 
828.257717 0.000188 
827.828968 0.000188 
827.400662 0.000185 
826.972800 0.000181 
826.545379 0.000177 
826.118401 0.000180 
825.691863 0.000194 
825.265765 0.000208 
824.840107 0.000219 
824.414888 0.000222 
823.990107 0.000224 
823.565764 0.000226 
823.141857 0.000237 
822.718387 0.000248 
822.295352 0.000259 
821.872752 0.000247 
821.450586 0.000231 
821.028853 0.000215 
820.607553 0.000204 
820.186686 0.000197 
819.766250 0.000190 
819.346244 0.000187 
818.926669 0.000189 
818.507524 0.000191 
818.088807 0.000192 
817.670518 0.000188 
817.252657 0.000184 
816.835223 0.000180 
816.418215 0.000190 
816.001633 0.000202 
815.585475 0.000213 
815.169742 0.000218 
814.754432 0.000220 
814.339546 0.000223 
813.925081 0.000224 
813.511039 0.000224 
813.097417 0.000224 
812.684216 0.000223 
812.271434 0.000216 
811.859072 0.000209 
811.447128 0.000202 
811.035602 0.000194 
810.624493 0.000186 
810.213801 0.000178 
809.803524 0.000184 
809.393663 0.000196 
808.984217 0.000208 
808.575185 0.000217 
808.166566 0.000223 
807.758359 0.000229 
807.350565 0.000233 
806.943183 0.000217 
806.536211 0.000200 
806.129650 0.000184 
805.723499 0.000182 
805.317756 0.000186 
804.912422 0.000190 
804.507496 0.000191 
804.102977 0.000185 
803.698864 0.000179 
803.295158 0.000174 
802.891857 0.000180 
802.488960 0.000186 
802.086468 0.000191 
801.684379 0.000195 
801.282694 0.000198 
800.881410 0.000201 
800.480529 0.000199 
800.080048 0.000188 
799.679968 0.000178 
799.280288 0.000167 
798.881007 0.000164 
798.482125 0.000162 
798.083641 0.000160 
797.685555 0.000157 
797.287865 0.000153 
796.890572 0.000148 
796.493675 0.000145 
796.097172 0.000144 
795.701065 0.000143 
795.305351 0.000143 
794.910031 0.000132 
794.515103 0.000119 
794.120568 0.000105 
793.726424 0.000097 
793.332672 0.000100 
792.939310 0.000103 
792.546338 0.000105 
792.153755 0.000107 
791.761561 0.000108 
791.369755 0.000109 
790.978336 0.000106 
790.587305 0.000097 
790.196660 0.000088 
789.806401 0.000080 
789.416527 0.000084 
789.027038 0.000087 
788.637933 0.000091 
788.249211 0.000084 
787.860873 0.000069 
787.472917 0.000054 
787.085343 0.000042 
786.698150 0.000069 
786.311338 0.000096 
785.924907 0.000122 
785.538855 0.000137 
785.153181 0.000141 
784.767887 0.000145 
784.382970 0.000149 
783.998431 0.000144 
783.614269 0.000139 
783.230483 0.000134 
782.847073 0.000131 
782.464038 0.000129 
782.081377 0.000127 
781.699091 0.000125 
781.317178 0.000113 
780.935638 0.000100 
780.554471 0.000088 
780.173675 0.000078 
779.793251 0.000073 
779.413198 0.000067 
779.033515 0.000061 
778.654202 0.000059 
778.275258 0.000058 
777.896683 0.000056 
777.518475 0.000055 
777.140636 0.000053 
776.763163 0.000051 
776.386057 0.000048 
776.009317 0.000050 
775.632942 0.000052 
775.256932 0.000054 
774.881287 0.000058 
774.506005 0.000066 
774.131087 0.000075 
773.756532 0.000084 
773.382339 0.000080 
773.008507 0.000066 
772.635037 0.000053 
772.261928 0.000039 
771.889178 0.000025 
771.516789 0.000010 
771.144758 -0.000005 
770.773087 -0.000010 
770.401773 0.000001 
770.030817 0.000013 
769.660218 0.000025 
769.289975 0.000032 
768.920088 0.000038 
768.550557 0.000044 
768.181381 0.000049 
767.812560 0.000047 
767.444093 0.000045 
767.075979 0.000043 
766.708217 0.000030 
766.340809 -0.000002 
765.973752 -0.000034 
765.607047 -0.000066 
765.240693 -0.000082 
764.874689 -0.000090 
764.509035 -0.000098 
764.143731 -0.000106 
763.778775 -0.000089 
763.414168 -0.000073 
763.049909 -0.000056 
762.685998 -0.000043 
762.322433 -0.000040 
761.959215 -0.000037 
761.596343 -0.000034 
761.233816 -0.000030 
760.871634 -0.000025 
760.509796 -0.000020 
760.148303 -0.000015 
759.787153 -0.000027 
759.426346 -0.000042 
759.065882 -0.000058 
758.705760 -0.000072 
758.345979 -0.000076 
757.986539 -0.000081 
757.627440 -0.000086 
757.268681 -0.000092 
756.910261 -0.000100 
756.552181 -0.000109 
756.194439 -0.000117 
755.837036 -0.000118 
755.479970 -0.000113 
755.123241 -0.000108 
754.766849 -0.000102 
754.410793 -0.000104 
754.055074 -0.000106 
753.699689 -0.000109 
753.344639 -0.000112 
752.989924 -0.000125 
752.635542 -0.000138 
752.281494 -0.000151 
751.927779 -0.000163 
751.574396 -0.000169 
751.221345 -0.000176 
750.868626 -0.000183 
750.516238 -0.000193 
750.164181 -0.000209 
749.812453 -0.000225 
749.461055 -0.000241 
749.109987 -0.000251 
748.759247 -0.000256 
748.408836 -0.000260 
748.058752 -0.000265 
747.708996 -0.000272 
747.359566 -0.000280 
747.010463 -0.000288 
746.661686 -0.000297 
746.313235 -0.000303 
745.965109 -0.000310 
745.617307 -0.000316 
745.269829 -0.000322 
744.922676 -0.000267 
744.575845 -0.000205 
744.229337 -0.000144 
743.883152 -0.000082 
743.537288 -0.000103 
743.191746 -0.000124 
742.846525 -0.000145 
742.501625 -0.000165 
742.157045 -0.000173 
741.812784 -0.000181 
741.468843 -0.000188 
741.125220 -0.000197 
740.781916 -0.000210 
740.438930 -0.000223 
740.096261 -0.000236 
739.753909 -0.000244 
739.411873 -0.000235 
739.070154 -0.000227 
738.728751 -0.000218 
738.387663 -0.000216 
738.046889 -0.000228 
737.706430 -0.000240 
737.366286 -0.000252 
737.026454 -0.000264 
736.686936 -0.000274 
736.347730 -0.000284 
736.008837 -0.000294 
735.670255 -0.000301 
735.331985 -0.000302 
734.994025 -0.000303 
734.656376 -0.000305 
734.319038 -0.000304 
733.982008 -0.000299 
733.645289 -0.000294 
733.308877 -0.000290 
732.972775 -0.000287 
732.636980 -0.000289 
732.301493 -0.000291 
731.966313 -0.000293 
731.631439 -0.000301 
731.296872 -0.000323 
730.962611 -0.000346 
730.628655 -0.000368 
730.295004 -0.000382 
729.961658 -0.000367 
729.628616 -0.000352 
729.295877 -0.000338 
728.963442 -0.000326 
728.631310 -0.000331 
728.299481 -0.000335 
727.967953 -0.000340 
727.636728 -0.000344 
727.305803 -0.000347 
726.975180 -0.000351 
726.644856 -0.000354 
726.314833 -0.000358 
725.985110 -0.000363 
725.655686 -0.000368 
725.326560 -0.000374 
724.997733 -0.000379 
724.669204 -0.000387 
724.340973 -0.000396 
724.013039 -0.000405 
723.685401 -0.000413 
723.358060 -0.000420 
723.031015 -0.000427 
722.704266 -0.000434 
722.377812 -0.000441 
722.051653 -0.000434 
721.725788 -0.000421 
721.400217 -0.000407 
721.074939 -0.000393 
720.749955 -0.000383 
720.425264 -0.000375 
720.100865 -0.000368 
719.776758 -0.000360 
719.452942 -0.000353 
719.129418 -0.000348 
718.806185 -0.000342 
718.483242 -0.000336 
718.160589 -0.000332 
717.838226 -0.000337 
717.516152 -0.000341 
717.194367 -0.000346 
716.872871 -0.000351 
716.551662 -0.000351 
716.230742 -0.000351 
715.910108 -0.000351 
715.589762 -0.000351 
715.269702 -0.000343 
714.949928 -0.000333 
714.630441 -0.000322 
714.311238 -0.000312 
713.992321 -0.000314 
713.673688 -0.000325 
713.355339 -0.000337 
713.037275 -0.000348 
712.719494 -0.000360 
712.401996 -0.000373 
712.084780 -0.000385 
711.767848 -0.000398 
711.451197 -0.000404 
711.134827 -0.000274 
710.818739 -0.000143 
710.502932 -0.000013 
710.187406 0.000118 
709.872159 0.000169 
709.557192 0.000196 
709.242505 0.000223 
708.928096 0.000249 
708.613967 0.000196 
708.300115 0.000052 
707.986542 -0.000092 
707.673245 -0.000236 
707.360226 -0.000353 
707.047484 -0.000332 
706.735019 -0.000311 
706.422829 -0.000290 
706.110915 -0.000269 
705.799276 -0.000273 
705.487912 -0.000282 
705.176823 -0.000291 
704.866008 -0.000300 
704.555467 -0.000306 
704.245200 -0.000309 
703.935206 -0.000312 
703.625484 -0.000315 
703.316035 -0.000334 
703.006858 -0.000451 
702.697952 -0.000567 
702.389318 -0.000684 
702.080955 -0.000801 
701.772863 -0.000792 
701.465041 -0.000745 
701.157489 -0.000697 
700.850206 -0.000649 
700.543193 -0.000614 
700.236448 -0.000599 
699.929972 -0.000584 
699.623764 -0.000568 
699.317824 -0.000553 
699.012151 -0.000531 
698.706746 -0.000508 
698.401607 -0.000485 
698.096735 -0.000462 
697.792128 -0.000443 
697.487788 -0.000428 
697.183713 -0.000413 
696.879902 -0.000398 
696.576357 -0.000382 
696.273076 -0.000358 
695.970058 -0.000334 
695.667305 -0.000309 
695.364814 -0.000285 
695.062587 -0.000285 
694.760622 -0.000299 
694.458920 -0.000313 
694.157479 -0.000326 
693.856300 -0.000337 
693.555382 -0.000331 
693.254725 -0.000324 
692.954329 -0.000318 
692.654193 -0.000311 
692.354316 -0.000312 
692.054700 -0.000317 
691.755342 -0.000321 
691.456244 -0.000326 
691.157403 -0.000328 
690.858821 -0.000312 
690.560497 -0.000296 
690.262431 -0.000280 
689.964622 -0.000264 
689.667069 -0.000276 
689.369773 -0.000303 
689.072734 -0.000331 
688.775950 -0.000359 
688.479421 -0.000385 
688.183148 -0.000389 
687.887130 -0.000393 
687.591366 -0.000397 
687.295857 -0.000401 
687.000601 -0.000394 
686.705599 -0.000376 
686.410851 -0.000358 
686.116355 -0.000339 
685.822112 -0.000321 
685.528121 -0.000315 
685.234382 -0.000310 
684.940894 -0.000304 
684.647658 -0.000299 
684.354673 -0.000291 
684.061939 -0.000276 
683.769454 -0.000261 
683.477220 -0.000245 
683.185236 -0.000230 
682.893501 -0.000221 
682.602015 -0.000215 
682.310777 -0.000208 
682.019788 -0.000201 
681.729048 -0.000195 
681.438555 -0.000195 
681.148309 -0.000195 
680.858311 -0.000195 
680.568559 -0.000195 
680.279054 -0.000191 
679.989795 -0.000182 
679.700782 -0.000173 
679.412015 -0.000164 
679.123492 -0.000154 
678.835215 -0.000143 
678.547183 -0.000130 
678.259394 -0.000118 
677.971850 -0.000106 
677.684550 -0.000093 
677.397492 -0.000088 
677.110678 -0.000084 
676.824107 -0.000079 
676.537778 -0.000074 
676.251691 -0.000069 
675.965847 -0.000063 
675.680243 -0.000057 
675.394881 -0.000051 
675.109760 -0.000045 
674.824880 -0.000037 
674.540240 -0.000029 
674.255839 -0.000020 
673.971679 -0.000011 
673.687758 -0.000002 
673.404076 0.000006 
673.120633 0.000014 
672.837428 0.000021 
672.554462 0.000029 
672.271734 0.000037 
671.989243 0.000037 
671.706989 0.000038 
671.424973 0.000039 
671.143193 0.000039 
670.861649 0.000040 
670.580342 0.000038 
670.299271 0.000037 
670.018435 0.000036 
669.737834 0.000035 
669.457468 0.000037 
669.177337 0.000044 
668.897440 0.000050 
668.617777 0.000057 
668.338348 0.000064 
668.059153 0.000058 
667.780190 0.000046 
667.501461 0.000033 
667.222964 0.000021 
666.944699 0.000009 
666.666667 0.000023 
