3999.700000 0.000000 
3998.700000 0.000000 
3997.800000 0.000000 
3996.800000 0.000000 
3995.800000 0.000000 
3994.900000 0.000435 
3993.900000 0.000435 
3992.900000 0.000435 
3992.000000 0.000435 
3991.000000 0.000435 
3990.000000 0.000435 
3989.100000 0.000435 
3988.100000 0.000435 
3987.100000 0.000435 
3986.200000 0.000435 
3985.200000 0.000435 
3984.300000 0.000435 
3983.300000 0.000435 
3982.300000 0.000435 
3981.400000 0.000435 
3980.400000 0.000435 
3979.400000 0.000435 
3978.500000 0.000435 
3977.500000 0.000435 
3976.500000 0.000435 
3975.600000 0.000435 
3974.600000 0.000435 
3973.600000 0.000435 
3972.700000 0.000435 
3971.700000 0.000435 
3970.800000 0.000000 
3969.800000 0.000435 
3968.800000 0.000435 
3967.900000 0.000435 
3966.900000 0.000435 
3965.900000 0.000435 
3965.000000 0.000000 
3964.000000 0.000435 
3963.000000 0.000435 
3962.100000 0.000435 
3961.100000 0.000435 
3960.100000 0.000435 
3959.200000 0.000435 
3958.200000 0.000435 
3957.300000 0.000435 
3956.300000 0.000000 
3955.300000 0.000435 
3954.400000 0.000435 
3953.400000 0.000435 
3952.400000 0.000435 
3951.500000 0.000435 
3950.500000 0.000435 
3949.500000 0.000435 
3948.600000 0.000435 
3947.600000 0.000435 
3946.600000 0.000435 
3945.700000 0.000435 
3944.700000 0.000435 
3943.700000 0.000435 
3942.800000 0.000435 
3941.800000 0.000435 
3940.900000 0.000000 
3939.900000 0.000435 
3938.900000 0.000435 
3938.000000 0.000435 
3937.000000 0.000435 
3936.000000 0.000435 
3935.100000 0.000435 
3934.100000 0.000000 
3933.100000 0.000435 
3932.200000 0.000435 
3931.200000 0.000435 
3930.200000 0.000435 
3929.300000 0.000435 
3928.300000 0.000435 
3927.400000 0.000435 
3926.400000 0.000000 
3925.400000 0.000435 
3924.500000 0.000435 
3923.500000 0.000000 
3922.500000 0.000000 
3921.600000 0.000435 
3920.600000 0.000000 
3919.600000 0.000000 
3918.700000 0.000000 
3917.700000 0.000000 
3916.700000 0.000000 
3915.800000 0.000000 
3914.800000 0.000000 
3913.900000 0.000000 
3912.900000 0.000000 
3911.900000 0.000000 
3911.000000 0.000000 
3910.000000 0.000000 
3909.000000 0.000000 
3908.100000 0.000000 
3907.100000 0.000000 
3906.100000 0.000000 
3905.200000 0.000000 
3904.200000 0.000000 
3903.200000 0.000000 
3902.300000 0.000000 
3901.300000 0.000000 
3900.300000 0.000000 
3899.400000 0.000000 
3898.400000 0.000000 
3897.500000 0.000000 
3896.500000 0.000000 
3895.500000 0.000000 
3894.600000 0.000000 
3893.600000 0.000000 
3892.600000 0.000000 
3891.700000 0.000000 
3890.700000 0.000000 
3889.700000 0.000000 
3888.800000 0.000000 
3887.800000 0.000000 
3886.800000 0.000000 
3885.900000 0.000000 
3884.900000 0.000000 
3884.000000 0.000000 
3883.000000 0.000000 
3882.000000 0.000000 
3881.100000 0.000000 
3880.100000 0.000000 
3879.100000 0.000000 
3878.200000 0.000435 
3877.200000 0.000000 
3876.200000 0.000000 
3875.300000 0.000000 
3874.300000 0.000435 
3873.300000 0.000435 
3872.400000 0.000435 
3871.400000 0.000000 
3870.400000 0.000435 
3869.500000 0.000435 
3868.500000 0.000435 
3867.600000 0.000435 
3866.600000 0.000435 
3865.600000 0.000435 
3864.700000 0.000435 
3863.700000 0.000435 
3862.700000 0.000435 
3861.800000 0.000435 
3860.800000 0.000869 
3859.800000 0.000435 
3858.900000 0.000869 
3857.900000 0.000869 
3856.900000 0.000869 
3856.000000 0.000869 
3855.000000 0.000435 
3854.100000 0.000435 
3853.100000 0.000435 
3852.100000 0.000869 
3851.200000 0.000869 
3850.200000 0.000435 
3849.200000 0.000435 
3848.300000 0.000869 
3847.300000 0.000435 
3846.300000 0.000435 
3845.400000 0.000435 
3844.400000 0.000435 
3843.400000 0.000435 
3842.500000 0.000435 
3841.500000 0.000435 
3840.600000 0.000435 
3839.600000 0.000435 
3838.600000 0.000000 
3837.700000 0.000435 
3836.700000 0.000435 
3835.700000 0.000000 
3834.800000 0.000435 
3833.800000 0.000435 
3832.800000 0.000000 
3831.900000 0.000435 
3830.900000 0.000000 
3829.900000 0.000000 
3829.000000 0.000435 
3828.000000 0.000435 
3827.000000 0.000000 
3826.100000 0.000000 
3825.100000 0.000435 
3824.200000 0.000000 
3823.200000 0.000000 
3822.200000 0.000000 
3821.300000 0.000000 
3820.300000 0.000435 
3819.300000 0.000000 
3818.400000 0.000000 
3817.400000 0.000000 
3816.400000 0.000000 
3815.500000 0.000435 
3814.500000 0.000000 
3813.500000 0.000435 
3812.600000 0.000435 
3811.600000 0.000435 
3810.600000 0.000435 
3809.700000 0.000435 
3808.700000 0.000000 
3807.800000 0.000000 
3806.800000 0.000000 
3805.800000 0.000000 
3804.900000 0.000000 
3803.900000 0.000000 
3802.900000 0.000435 
3802.000000 0.000000 
3801.000000 0.000000 
3800.000000 0.000000 
3799.100000 0.000435 
3798.100000 0.000435 
3797.100000 0.000000 
3796.200000 0.000435 
3795.200000 0.000000 
3794.300000 0.000435 
3793.300000 0.000000 
3792.300000 0.000435 
3791.400000 0.000000 
3790.400000 0.000000 
3789.400000 0.000435 
3788.500000 0.000000 
3787.500000 0.000435 
3786.500000 0.000435 
3785.600000 0.000435 
3784.600000 0.000000 
3783.600000 0.000435 
3782.700000 0.000000 
3781.700000 0.000000 
3780.800000 0.000435 
3779.800000 0.000435 
3778.800000 0.000000 
3777.900000 0.000435 
3776.900000 0.000435 
3775.900000 0.000000 
3775.000000 0.000435 
3774.000000 0.000435 
3773.000000 0.000000 
3772.100000 0.000435 
3771.100000 0.000435 
3770.100000 0.000435 
3769.200000 0.000435 
3768.200000 0.000435 
3767.200000 0.000435 
3766.300000 0.000435 
3765.300000 0.000435 
3764.400000 0.000435 
3763.400000 0.000435 
3762.400000 0.000435 
3761.500000 0.000435 
3760.500000 0.000000 
3759.500000 0.000435 
3758.600000 0.000435 
3757.600000 0.000435 
3756.600000 0.000435 
3755.700000 0.000435 
3754.700000 0.000435 
3753.700000 0.000435 
3752.800000 0.000435 
3751.800000 0.000435 
3750.900000 0.000435 
3749.900000 0.000000 
3748.900000 0.000435 
3748.000000 0.000435 
3747.000000 0.000435 
3746.000000 0.000000 
3745.100000 0.000435 
3744.100000 0.000435 
3743.100000 0.000435 
3742.200000 0.000435 
3741.200000 0.000435 
3740.200000 0.000435 
3739.300000 0.000435 
3738.300000 0.000000 
3737.400000 0.000000 
3736.400000 0.000000 
3735.400000 0.000435 
3734.500000 0.000435 
3733.500000 0.000435 
3732.500000 0.000435 
3731.600000 0.000435 
3730.600000 0.000435 
3729.600000 0.000435 
3728.700000 0.000435 
3727.700000 0.000435 
3726.700000 0.000435 
3725.800000 0.000435 
3724.800000 0.000435 
3723.800000 0.000435 
3722.900000 0.000435 
3721.900000 0.000435 
3721.000000 0.000435 
3720.000000 0.000435 
3719.000000 0.000435 
3718.100000 0.000435 
3717.100000 0.000435 
3716.100000 0.000435 
3715.200000 0.000435 
3714.200000 0.000435 
3713.200000 0.000000 
3712.300000 0.000435 
3711.300000 0.000435 
3710.300000 0.000000 
3709.400000 0.000435 
3708.400000 0.000435 
3707.500000 0.000435 
3706.500000 0.000435 
3705.500000 0.000435 
3704.600000 0.000435 
3703.600000 0.000435 
3702.600000 0.000435 
3701.700000 0.000435 
3700.700000 0.000000 
3699.700000 0.000435 
3698.800000 0.000435 
3697.800000 0.000435 
3696.800000 0.000435 
3695.900000 0.000435 
3694.900000 0.000435 
3693.900000 0.000435 
3693.000000 0.000435 
3692.000000 0.000435 
3691.100000 0.000000 
3690.100000 0.000000 
3689.100000 0.000000 
3688.200000 0.000000 
3687.200000 0.000435 
3686.200000 0.000435 
3685.300000 0.000000 
3684.300000 0.000435 
3683.300000 0.000435 
3682.400000 0.000435 
3681.400000 0.000435 
3680.400000 0.000000 
3679.500000 0.000000 
3678.500000 0.000000 
3677.600000 0.000000 
3676.600000 0.000000 
3675.600000 0.000000 
3674.700000 0.000000 
3673.700000 0.000000 
3672.700000 0.000000 
3671.800000 0.000000 
3670.800000 0.000000 
3669.800000 0.000000 
3668.900000 0.000000 
3667.900000 0.000435 
3666.900000 0.000000 
3666.000000 0.000000 
3665.000000 0.000000 
3664.100000 0.000435 
3663.100000 0.000000 
3662.100000 0.000435 
3661.200000 0.000000 
3660.200000 0.000435 
3659.200000 0.000435 
3658.300000 0.000000 
3657.300000 0.000000 
3656.300000 0.000000 
3655.400000 0.000000 
3654.400000 0.000000 
3653.400000 0.000000 
3652.500000 0.000000 
3651.500000 0.000000 
3650.500000 0.000000 
3649.600000 0.000000 
3648.600000 0.000000 
3647.700000 0.000435 
3646.700000 0.000435 
3645.700000 0.000000 
3644.800000 0.000000 
3643.800000 0.000000 
3642.800000 0.000435 
3641.900000 0.000000 
3640.900000 0.000435 
3639.900000 0.000000 
3639.000000 0.000435 
3638.000000 0.000000 
3637.000000 0.000000 
3636.100000 0.000435 
3635.100000 0.000000 
3634.200000 0.000435 
3633.200000 0.000000 
3632.200000 0.000435 
3631.300000 0.000000 
3630.300000 0.000000 
3629.300000 0.000000 
3628.400000 0.000000 
3627.400000 0.000435 
3626.400000 0.000435 
3625.500000 0.000435 
3624.500000 0.000435 
3623.500000 0.000435 
3622.600000 0.000435 
3621.600000 0.000435 
3620.600000 0.000000 
3619.700000 0.000435 
3618.700000 0.000000 
3617.800000 0.000435 
3616.800000 0.000435 
3615.800000 0.000435 
3614.900000 0.000435 
3613.900000 0.000435 
3612.900000 0.000435 
3612.000000 0.000435 
3611.000000 0.000435 
3610.000000 0.000435 
3609.100000 0.000435 
3608.100000 0.000435 
3607.100000 0.000435 
3606.200000 0.000435 
3605.200000 0.000435 
3604.300000 0.000435 
3603.300000 0.000435 
3602.300000 0.000435 
3601.400000 0.000435 
3600.400000 0.000435 
3599.400000 0.000435 
3598.500000 0.000435 
3597.500000 0.000435 
3596.500000 0.000435 
3595.600000 0.000435 
3594.600000 0.000435 
3593.600000 0.000435 
3592.700000 0.000435 
3591.700000 0.000869 
3590.700000 0.000869 
3589.800000 0.000869 
3588.800000 0.000869 
3587.900000 0.000869 
3586.900000 0.000869 
3585.900000 0.000869 
3585.000000 0.000869 
3584.000000 0.000869 
3583.000000 0.000869 
3582.100000 0.000869 
3581.100000 0.000869 
3580.100000 0.000869 
3579.200000 0.000869 
3578.200000 0.000869 
3577.200000 0.000869 
3576.300000 0.000869 
3575.300000 0.000869 
3574.400000 0.001305 
3573.400000 0.001305 
3572.400000 0.001305 
3571.500000 0.001305 
3570.500000 0.001305 
3569.500000 0.001305 
3568.600000 0.001305 
3567.600000 0.001305 
3566.600000 0.001741 
3565.700000 0.001741 
3564.700000 0.001741 
3563.700000 0.001741 
3562.800000 0.001741 
3561.800000 0.001741 
3560.900000 0.001741 
3559.900000 0.002177 
3558.900000 0.002177 
3558.000000 0.002177 
3557.000000 0.002177 
3556.000000 0.002177 
3555.100000 0.002177 
3554.100000 0.002177 
3553.100000 0.002177 
3552.200000 0.002177 
3551.200000 0.002614 
3550.200000 0.002177 
3549.300000 0.002614 
3548.300000 0.002614 
3547.300000 0.002614 
3546.400000 0.002614 
3545.400000 0.003051 
3544.500000 0.003051 
3543.500000 0.003051 
3542.500000 0.003051 
3541.600000 0.003051 
3540.600000 0.003488 
3539.600000 0.003488 
3538.700000 0.003488 
3537.700000 0.003488 
3536.700000 0.003926 
3535.800000 0.003926 
3534.800000 0.003926 
3533.800000 0.003926 
3532.900000 0.004365 
3531.900000 0.004365 
3531.000000 0.004365 
3530.000000 0.004804 
3529.000000 0.004804 
3528.100000 0.004804 
3527.100000 0.005243 
3526.100000 0.005243 
3525.200000 0.005683 
3524.200000 0.005683 
3523.200000 0.005683 
3522.300000 0.006123 
3521.300000 0.006123 
3520.300000 0.006564 
3519.400000 0.006564 
3518.400000 0.007005 
3517.400000 0.007005 
3516.500000 0.007446 
3515.500000 0.007446 
3514.600000 0.007889 
3513.600000 0.008331 
3512.600000 0.008331 
3511.700000 0.008774 
3510.700000 0.008774 
3509.700000 0.009217 
3508.800000 0.009661 
3507.800000 0.010105 
3506.800000 0.010550 
3505.900000 0.010550 
3504.900000 0.010995 
3503.900000 0.011441 
3503.000000 0.011441 
3502.000000 0.011887 
3501.100000 0.012334 
3500.100000 0.012781 
3499.100000 0.013228 
3498.200000 0.013676 
3497.200000 0.014125 
3496.200000 0.014574 
3495.300000 0.015023 
3494.300000 0.015473 
3493.300000 0.015923 
3492.400000 0.016374 
3491.400000 0.016825 
3490.400000 0.017729 
3489.500000 0.018181 
3488.500000 0.018634 
3487.600000 0.019088 
3486.600000 0.019997 
3485.600000 0.020452 
3484.700000 0.021363 
3483.700000 0.021819 
3482.700000 0.022276 
3481.800000 0.022734 
3480.800000 0.023650 
3479.800000 0.024109 
3478.900000 0.025028 
3477.900000 0.025488 
3476.900000 0.026410 
3476.000000 0.026872 
3475.000000 0.027797 
3474.000000 0.028260 
3473.100000 0.028724 
3472.100000 0.029653 
3471.200000 0.030118 
3470.200000 0.031050 
3469.200000 0.031517 
3468.300000 0.032452 
3467.300000 0.032920 
3466.300000 0.033389 
3465.400000 0.034328 
3464.400000 0.034798 
3463.400000 0.035740 
3462.500000 0.036212 
3461.500000 0.036684 
3460.500000 0.037157 
3459.600000 0.038105 
3458.600000 0.038579 
3457.700000 0.039054 
3456.700000 0.040005 
3455.700000 0.040482 
3454.800000 0.040959 
3453.800000 0.041436 
3452.800000 0.041914 
3451.900000 0.042393 
3450.900000 0.043351 
3449.900000 0.043832 
3449.000000 0.044312 
3448.000000 0.044793 
3447.000000 0.045757 
3446.100000 0.046240 
3445.100000 0.046724 
3444.100000 0.047692 
3443.200000 0.048177 
3442.200000 0.048662 
3441.300000 0.049635 
3440.300000 0.050122 
3439.300000 0.051098 
3438.400000 0.051587 
3437.400000 0.052566 
3436.400000 0.053057 
3435.500000 0.054039 
3434.500000 0.055024 
3433.500000 0.056011 
3432.600000 0.056505 
3431.600000 0.057496 
3430.600000 0.058489 
3429.700000 0.059484 
3428.700000 0.060481 
3427.800000 0.060980 
3426.800000 0.061981 
3425.800000 0.062984 
3424.900000 0.063989 
3423.900000 0.064997 
3422.900000 0.066007 
3422.000000 0.067019 
3421.000000 0.068542 
3420.000000 0.069560 
3419.100000 0.070581 
3418.100000 0.071604 
3417.100000 0.072630 
3416.200000 0.073658 
3415.200000 0.075204 
3414.200000 0.075721 
3413.300000 0.077275 
3412.300000 0.078314 
3411.400000 0.079355 
3410.400000 0.080922 
3409.400000 0.081970 
3408.500000 0.083020 
3407.500000 0.084073 
3406.500000 0.085657 
3405.600000 0.086716 
3404.600000 0.087778 
3403.600000 0.088842 
3402.700000 0.089909 
3401.700000 0.090979 
3400.700000 0.092589 
3399.800000 0.093665 
3398.800000 0.094744 
3397.900000 0.095826 
3396.900000 0.096910 
3395.900000 0.097997 
3395.000000 0.099087 
3394.000000 0.100179 
3393.000000 0.101275 
3392.100000 0.102373 
3391.100000 0.103474 
3390.100000 0.104025 
3389.200000 0.105130 
3388.200000 0.106238 
3387.200000 0.106793 
3386.300000 0.107905 
3385.300000 0.109020 
3384.400000 0.109579 
3383.400000 0.110698 
3382.400000 0.111259 
3381.500000 0.112383 
3380.500000 0.112946 
3379.500000 0.114074 
3378.600000 0.114639 
3377.600000 0.115205 
3376.600000 0.116339 
3375.700000 0.116907 
3374.700000 0.118045 
3373.700000 0.118615 
3372.800000 0.119186 
3371.800000 0.119758 
3370.900000 0.120904 
3369.900000 0.121478 
3368.900000 0.122053 
3368.000000 0.122629 
3367.000000 0.123205 
3366.000000 0.124360 
3365.100000 0.124939 
3364.100000 0.125518 
3363.100000 0.126679 
3362.200000 0.127261 
3361.200000 0.127844 
3360.200000 0.128427 
3359.300000 0.129596 
3358.300000 0.130182 
3357.300000 0.130768 
3356.400000 0.131944 
3355.400000 0.132533 
3354.500000 0.133122 
3353.500000 0.134304 
3352.500000 0.134896 
3351.600000 0.136083 
3350.600000 0.137272 
3349.600000 0.137869 
3348.700000 0.139063 
3347.700000 0.139662 
3346.700000 0.140862 
3345.800000 0.142065 
3344.800000 0.142668 
3343.800000 0.143876 
3342.900000 0.145087 
3341.900000 0.146302 
3340.900000 0.147520 
3340.000000 0.148130 
3339.000000 0.149354 
3338.100000 0.150581 
3337.100000 0.151811 
3336.100000 0.153045 
3335.200000 0.154282 
3334.200000 0.155523 
3333.200000 0.156767 
3332.300000 0.157391 
3331.300000 0.159267 
3330.300000 0.159894 
3329.400000 0.161151 
3328.400000 0.162412 
3327.400000 0.163676 
3326.500000 0.164944 
3325.500000 0.166216 
3324.600000 0.167491 
3323.600000 0.168770 
3322.600000 0.170053 
3321.700000 0.171340 
3320.700000 0.172631 
3319.700000 0.173925 
3318.800000 0.175224 
3317.800000 0.176526 
3316.800000 0.177832 
3315.900000 0.179142 
3314.900000 0.179799 
3313.900000 0.181115 
3313.000000 0.182435 
3312.000000 0.183759 
3311.100000 0.185087 
3310.100000 0.185752 
3309.100000 0.187087 
3308.200000 0.188425 
3307.200000 0.189096 
3306.200000 0.190440 
3305.300000 0.191114 
3304.300000 0.192465 
3303.300000 0.193142 
3302.400000 0.194499 
3301.400000 0.195861 
3300.400000 0.196543 
3299.500000 0.197226 
3298.500000 0.198596 
3297.500000 0.199283 
3296.600000 0.199971 
3295.600000 0.200659 
3294.700000 0.202040 
3293.700000 0.202732 
3292.700000 0.203426 
3291.800000 0.204120 
3290.800000 0.204815 
3289.800000 0.205512 
3288.900000 0.206210 
3287.900000 0.206908 
3286.900000 0.207608 
3286.000000 0.208309 
3285.000000 0.209012 
3284.000000 0.209715 
3283.100000 0.209715 
3282.100000 0.210419 
3281.200000 0.211125 
3280.200000 0.211832 
3279.200000 0.212540 
3278.300000 0.212540 
3277.300000 0.213249 
3276.300000 0.213959 
3275.400000 0.213959 
3274.400000 0.214670 
3273.400000 0.214670 
3272.500000 0.215383 
3271.500000 0.215383 
3270.500000 0.215383 
3269.600000 0.216096 
3268.600000 0.216096 
3267.600000 0.216811 
3266.700000 0.216811 
3265.700000 0.216811 
3264.800000 0.216811 
3263.800000 0.217527 
3262.800000 0.217527 
3261.900000 0.217527 
3260.900000 0.217527 
3259.900000 0.218245 
3259.000000 0.217527 
3258.000000 0.218245 
3257.000000 0.218245 
3256.100000 0.218245 
3255.100000 0.218245 
3254.100000 0.218245 
3253.200000 0.218245 
3252.200000 0.218245 
3251.300000 0.218245 
3250.300000 0.218245 
3249.300000 0.217527 
3248.400000 0.217527 
3247.400000 0.217527 
3246.400000 0.217527 
3245.500000 0.217527 
3244.500000 0.217527 
3243.500000 0.216811 
3242.600000 0.216811 
3241.600000 0.216811 
3240.600000 0.216811 
3239.700000 0.216096 
3238.700000 0.216096 
3237.800000 0.215383 
3236.800000 0.215383 
3235.800000 0.214670 
3234.900000 0.214670 
3233.900000 0.213959 
3232.900000 0.213959 
3232.000000 0.213249 
3231.000000 0.213249 
3230.000000 0.212540 
3229.100000 0.212540 
3228.100000 0.211832 
3227.100000 0.211832 
3226.200000 0.211125 
3225.200000 0.210419 
3224.200000 0.209715 
3223.300000 0.209715 
3222.300000 0.209012 
3221.400000 0.208309 
3220.400000 0.207608 
3219.400000 0.206908 
3218.500000 0.206210 
3217.500000 0.206210 
3216.500000 0.205512 
3215.600000 0.204815 
3214.600000 0.204120 
3213.600000 0.203426 
3212.700000 0.202040 
3211.700000 0.201349 
3210.700000 0.200659 
3209.800000 0.199971 
3208.800000 0.199283 
3207.900000 0.197911 
3206.900000 0.197226 
3205.900000 0.196543 
3205.000000 0.195861 
3204.000000 0.194499 
3203.000000 0.193820 
3202.100000 0.192465 
3201.100000 0.191789 
3200.100000 0.190440 
3199.200000 0.189767 
3198.200000 0.188425 
3197.200000 0.187755 
3196.300000 0.186419 
3195.300000 0.185087 
3194.400000 0.184422 
3193.400000 0.183096 
3192.400000 0.181774 
3191.500000 0.180456 
3190.500000 0.179799 
3189.500000 0.178486 
3188.600000 0.177178 
3187.600000 0.175874 
3186.600000 0.174574 
3185.700000 0.173277 
3184.700000 0.171985 
3183.700000 0.170696 
3182.800000 0.169411 
3181.800000 0.168130 
3180.800000 0.166853 
3179.900000 0.165579 
3178.900000 0.164309 
3178.000000 0.163043 
3177.000000 0.161781 
3176.000000 0.159894 
3175.100000 0.158641 
3174.100000 0.157391 
3173.100000 0.156145 
3172.200000 0.154282 
3171.200000 0.153045 
3170.200000 0.151811 
3169.300000 0.150581 
3168.300000 0.148742 
3167.300000 0.147520 
3166.400000 0.145694 
3165.400000 0.144481 
3164.500000 0.143271 
3163.500000 0.141463 
3162.500000 0.140261 
3161.600000 0.138466 
3160.600000 0.137272 
3159.600000 0.136083 
3158.700000 0.134304 
3157.700000 0.133122 
3156.700000 0.131356 
3155.800000 0.130182 
3154.800000 0.129011 
3153.800000 0.127844 
3152.900000 0.126098 
3151.900000 0.124939 
3150.900000 0.123205 
3150.000000 0.122053 
3149.000000 0.120904 
3148.100000 0.119758 
3147.100000 0.118045 
3146.100000 0.116907 
3145.200000 0.115771 
3144.200000 0.114074 
3143.200000 0.113509 
3142.300000 0.111821 
3141.300000 0.110698 
3140.300000 0.109579 
3139.400000 0.108463 
3138.400000 0.107349 
3137.400000 0.106238 
3136.500000 0.105130 
3135.500000 0.104025 
3134.600000 0.102923 
3133.600000 0.101824 
3132.600000 0.100727 
3131.700000 0.099633 
3130.700000 0.098542 
3129.700000 0.097453 
3128.800000 0.096367 
3127.800000 0.095284 
3126.800000 0.094204 
3125.900000 0.093665 
3124.900000 0.092051 
3123.900000 0.091515 
3123.000000 0.090444 
3122.000000 0.089376 
3121.000000 0.088310 
3120.100000 0.087778 
3119.100000 0.086716 
3118.200000 0.085657 
3117.200000 0.085128 
3116.200000 0.084073 
3115.300000 0.083020 
3114.300000 0.082494 
3113.300000 0.081445 
3112.400000 0.080399 
3111.400000 0.079355 
3110.400000 0.078834 
3109.500000 0.077794 
3108.500000 0.077275 
3107.500000 0.076238 
3106.600000 0.075721 
3105.600000 0.074688 
3104.700000 0.074172 
3103.700000 0.073658 
3102.700000 0.072630 
3101.800000 0.072117 
3100.800000 0.071092 
3099.800000 0.070581 
3098.900000 0.069560 
3097.900000 0.069051 
3096.900000 0.068542 
3096.000000 0.068034 
3095.000000 0.067019 
3094.000000 0.066513 
3093.100000 0.066007 
3092.100000 0.064997 
3091.100000 0.064493 
3090.200000 0.063989 
3089.200000 0.063486 
3088.300000 0.062482 
3087.300000 0.061981 
3086.300000 0.061480 
3085.400000 0.060980 
3084.400000 0.060481 
3083.400000 0.059484 
3082.500000 0.058986 
3081.500000 0.058489 
3080.500000 0.057992 
3079.600000 0.057000 
3078.600000 0.056505 
3077.600000 0.056011 
3076.700000 0.055517 
3075.700000 0.055024 
3074.800000 0.054531 
3073.800000 0.054039 
3072.800000 0.053057 
3071.900000 0.052566 
3070.900000 0.052076 
3069.900000 0.051587 
3069.000000 0.051098 
3068.000000 0.050610 
3067.000000 0.050122 
3066.100000 0.049635 
3065.100000 0.049149 
3064.100000 0.048177 
3063.200000 0.048177 
3062.200000 0.047692 
3061.300000 0.047208 
3060.300000 0.046240 
3059.300000 0.045757 
3058.400000 0.045275 
3057.400000 0.044793 
3056.400000 0.044312 
3055.500000 0.043832 
3054.500000 0.043351 
3053.500000 0.042872 
3052.600000 0.042393 
3051.600000 0.041914 
3050.600000 0.041436 
3049.700000 0.040959 
3048.700000 0.040482 
3047.700000 0.040005 
3046.800000 0.040005 
3045.800000 0.039529 
3044.900000 0.039054 
3043.900000 0.038579 
3042.900000 0.038105 
3042.000000 0.037631 
3041.000000 0.037157 
3040.000000 0.036684 
3039.100000 0.036212 
3038.100000 0.036212 
3037.100000 0.035740 
3036.200000 0.035269 
3035.200000 0.034798 
3034.200000 0.034328 
3033.300000 0.034328 
3032.300000 0.033858 
3031.400000 0.033389 
3030.400000 0.032920 
3029.400000 0.032920 
3028.500000 0.032452 
3027.500000 0.031984 
3026.500000 0.031984 
3025.600000 0.031517 
3024.600000 0.031517 
3023.600000 0.031050 
3022.700000 0.031050 
3021.700000 0.031050 
3020.700000 0.030584 
3019.800000 0.030584 
3018.800000 0.030584 
3017.900000 0.030584 
3016.900000 0.030584 
3015.900000 0.030584 
3015.000000 0.031050 
3014.000000 0.031050 
3013.000000 0.031517 
3012.100000 0.031517 
3011.100000 0.031984 
3010.100000 0.032452 
3009.200000 0.033389 
3008.200000 0.034328 
3007.200000 0.035269 
3006.300000 0.036212 
3005.300000 0.037157 
3004.300000 0.038579 
3003.400000 0.040005 
3002.400000 0.041914 
3001.500000 0.043351 
3000.500000 0.045275 
2999.500000 0.047208 
2998.600000 0.049149 
2997.600000 0.051098 
2996.600000 0.053548 
2995.700000 0.055517 
2994.700000 0.057992 
2993.700000 0.059982 
2992.800000 0.062482 
2991.800000 0.064493 
2990.800000 0.066007 
2989.900000 0.068034 
2988.900000 0.069560 
2988.000000 0.071092 
2987.000000 0.072630 
2986.000000 0.073658 
2985.100000 0.074688 
2984.100000 0.075721 
2983.100000 0.076238 
2982.200000 0.076756 
2981.200000 0.076756 
2980.200000 0.077275 
2979.300000 0.077275 
2978.300000 0.077275 
2977.300000 0.077275 
2976.400000 0.077275 
2975.400000 0.077275 
2974.400000 0.077794 
2973.500000 0.077794 
2972.500000 0.078834 
2971.600000 0.079355 
2970.600000 0.080399 
2969.600000 0.081445 
2968.700000 0.083020 
2967.700000 0.084600 
2966.700000 0.085657 
2965.800000 0.086716 
2964.800000 0.088310 
2963.800000 0.089376 
2962.900000 0.090444 
2961.900000 0.091515 
2960.900000 0.092589 
2960.000000 0.093126 
2959.000000 0.093665 
2958.100000 0.094204 
2957.100000 0.094744 
2956.100000 0.094744 
2955.200000 0.095284 
2954.200000 0.095284 
2953.200000 0.095284 
2952.300000 0.095284 
2951.300000 0.095284 
2950.300000 0.095284 
2949.400000 0.094744 
2948.400000 0.094744 
2947.400000 0.094744 
2946.500000 0.094744 
2945.500000 0.094204 
2944.500000 0.094204 
2943.600000 0.094204 
2942.600000 0.094204 
2941.700000 0.094204 
2940.700000 0.094204 
2939.700000 0.094744 
2938.800000 0.094744 
2937.800000 0.094744 
2936.800000 0.094744 
2935.900000 0.094744 
2934.900000 0.094744 
2933.900000 0.094744 
2933.000000 0.094744 
2932.000000 0.094744 
2931.000000 0.094204 
2930.100000 0.094204 
2929.100000 0.093665 
2928.200000 0.093665 
2927.200000 0.093126 
2926.200000 0.093126 
2925.300000 0.092589 
2924.300000 0.092051 
2923.300000 0.091515 
2922.400000 0.090979 
2921.400000 0.090444 
2920.400000 0.089909 
2919.500000 0.089376 
2918.500000 0.088842 
2917.500000 0.088310 
2916.600000 0.087778 
2915.600000 0.087778 
2914.700000 0.086716 
2913.700000 0.086186 
2912.700000 0.085657 
2911.800000 0.085128 
2910.800000 0.084600 
2909.800000 0.084073 
2908.900000 0.083020 
2907.900000 0.082494 
2906.900000 0.081445 
2906.000000 0.080399 
2905.000000 0.079355 
2904.000000 0.078314 
2903.100000 0.077275 
2902.100000 0.076238 
2901.100000 0.075204 
2900.200000 0.074172 
2899.200000 0.073143 
2898.300000 0.072117 
2897.300000 0.071092 
2896.300000 0.070070 
2895.400000 0.069051 
2894.400000 0.068542 
2893.400000 0.067526 
2892.500000 0.066513 
2891.500000 0.065502 
2890.500000 0.064493 
2889.600000 0.063486 
2888.600000 0.062482 
2887.600000 0.061480 
2886.700000 0.060481 
2885.700000 0.059982 
2884.800000 0.058986 
2883.800000 0.057992 
2882.800000 0.057496 
2881.900000 0.057000 
2880.900000 0.056011 
2879.900000 0.055517 
2879.000000 0.055024 
2878.000000 0.054039 
2877.000000 0.053548 
2876.100000 0.053548 
2875.100000 0.053057 
2874.100000 0.052566 
2873.200000 0.052076 
2872.200000 0.051587 
2871.200000 0.051587 
2870.300000 0.051098 
2869.300000 0.050610 
2868.400000 0.050122 
2867.400000 0.049635 
2866.400000 0.049149 
2865.500000 0.048662 
2864.500000 0.048177 
2863.500000 0.047692 
2862.600000 0.047208 
2861.600000 0.047208 
2860.600000 0.046724 
2859.700000 0.046724 
2858.700000 0.046240 
2857.700000 0.046240 
2856.800000 0.046240 
2855.800000 0.046240 
2854.900000 0.046240 
2853.900000 0.046240 
2852.900000 0.046724 
2852.000000 0.047208 
2851.000000 0.047208 
2850.000000 0.048177 
2849.100000 0.048662 
2848.100000 0.050122 
2847.100000 0.051098 
2846.200000 0.053057 
2845.200000 0.055024 
2844.200000 0.057496 
2843.300000 0.059982 
2842.300000 0.063486 
2841.400000 0.067019 
2840.400000 0.070581 
2839.400000 0.074688 
2838.500000 0.079355 
2837.500000 0.083546 
2836.500000 0.088310 
2835.600000 0.092589 
2834.600000 0.096910 
2833.600000 0.101275 
2832.700000 0.105130 
2831.700000 0.108463 
2830.700000 0.111259 
2829.800000 0.113509 
2828.800000 0.114639 
2827.800000 0.115205 
2826.900000 0.114639 
2825.900000 0.112946 
2825.000000 0.110698 
2824.000000 0.107905 
2823.000000 0.104025 
2822.100000 0.100727 
2821.100000 0.096910 
2820.100000 0.093126 
2819.200000 0.089909 
2818.200000 0.086716 
2817.200000 0.083546 
2816.300000 0.080922 
2815.300000 0.077794 
2814.300000 0.075204 
2813.400000 0.072630 
2812.400000 0.070070 
2811.500000 0.067526 
2810.500000 0.064997 
2809.500000 0.062984 
2808.600000 0.060481 
2807.600000 0.058489 
2806.600000 0.056505 
2805.700000 0.055024 
2804.700000 0.053057 
2803.700000 0.052076 
2802.800000 0.050122 
2801.800000 0.048662 
2800.800000 0.047692 
2799.900000 0.046240 
2798.900000 0.045275 
2797.900000 0.043832 
2797.000000 0.042872 
2796.000000 0.041436 
2795.100000 0.040482 
2794.100000 0.039054 
2793.100000 0.038105 
2792.200000 0.037157 
2791.200000 0.035740 
2790.200000 0.034798 
2789.300000 0.033858 
2788.300000 0.032452 
2787.300000 0.031517 
2786.400000 0.030584 
2785.400000 0.029653 
2784.400000 0.028260 
2783.500000 0.027334 
2782.500000 0.026410 
2781.600000 0.025488 
2780.600000 0.024568 
2779.600000 0.023650 
2778.700000 0.022734 
2777.700000 0.022276 
2776.700000 0.021363 
2775.800000 0.020452 
2774.800000 0.019542 
2773.800000 0.019088 
2772.900000 0.018181 
2771.900000 0.017277 
2770.900000 0.016825 
2770.000000 0.015923 
2769.000000 0.015473 
2768.100000 0.015023 
2767.100000 0.014125 
2766.100000 0.013676 
2765.200000 0.013228 
2764.200000 0.012781 
2763.200000 0.011887 
2762.300000 0.011441 
2761.300000 0.010995 
2760.300000 0.010550 
2759.400000 0.010105 
2758.400000 0.010105 
2757.400000 0.009661 
2756.500000 0.009217 
2755.500000 0.008774 
2754.500000 0.008331 
2753.600000 0.007889 
2752.600000 0.007889 
2751.700000 0.007446 
2750.700000 0.007005 
2749.700000 0.006564 
2748.800000 0.006564 
2747.800000 0.006123 
2746.800000 0.006123 
2745.900000 0.005683 
2744.900000 0.005683 
2743.900000 0.005243 
2743.000000 0.005243 
2742.000000 0.004804 
2741.000000 0.004804 
2740.100000 0.004365 
2739.100000 0.004365 
2738.200000 0.004365 
2737.200000 0.003926 
2736.200000 0.003926 
2735.300000 0.003926 
2734.300000 0.003488 
2733.300000 0.003488 
2732.400000 0.003051 
2731.400000 0.003051 
2730.400000 0.003051 
2729.500000 0.003051 
2728.500000 0.003051 
2727.500000 0.002614 
2726.600000 0.002614 
2725.600000 0.002614 
2724.600000 0.002177 
2723.700000 0.002177 
2722.700000 0.002177 
2721.800000 0.002177 
2720.800000 0.002177 
2719.800000 0.002177 
2718.900000 0.001741 
2717.900000 0.001741 
2716.900000 0.001741 
2716.000000 0.001741 
2715.000000 0.001305 
2714.000000 0.001305 
2713.100000 0.001305 
2712.100000 0.001305 
2711.100000 0.001305 
2710.200000 0.001305 
2709.200000 0.001305 
2708.300000 0.001305 
2707.300000 0.000869 
2706.300000 0.000869 
2705.400000 0.001305 
2704.400000 0.000869 
2703.400000 0.000869 
2702.500000 0.000869 
2701.500000 0.000869 
2700.500000 0.000869 
2699.600000 0.000869 
2698.600000 0.000435 
2697.600000 0.000435 
2696.700000 0.000435 
2695.700000 0.000435 
2694.700000 0.000435 
2693.800000 0.000435 
2692.800000 0.000435 
2691.900000 0.000435 
2690.900000 0.000435 
2689.900000 0.000435 
2689.000000 0.000435 
2688.000000 0.000435 
2687.000000 0.000435 
2686.100000 0.000435 
2685.100000 0.000435 
2684.100000 0.000435 
2683.200000 0.000435 
2682.200000 0.000435 
2681.200000 0.000000 
2680.300000 0.000435 
2679.300000 0.000000 
2678.400000 0.000435 
2677.400000 0.000435 
2676.400000 0.000435 
2675.500000 0.000435 
2674.500000 0.000435 
2673.500000 0.000435 
2672.600000 0.000435 
2671.600000 0.000435 
2670.600000 0.000435 
2669.700000 0.000435 
2668.700000 0.000435 
2667.700000 0.000435 
2666.800000 0.000435 
2665.800000 0.000435 
2664.900000 0.000435 
2663.900000 0.000869 
2662.900000 0.000869 
2662.000000 0.000869 
2661.000000 0.000869 
2660.000000 0.000869 
2659.100000 0.000869 
2658.100000 0.001305 
2657.100000 0.001305 
2656.200000 0.001305 
2655.200000 0.001305 
2654.200000 0.001305 
2653.300000 0.001741 
2652.300000 0.001741 
2651.300000 0.001741 
2650.400000 0.001741 
2649.400000 0.002177 
2648.500000 0.002177 
2647.500000 0.002177 
2646.500000 0.002614 
2645.600000 0.002614 
2644.600000 0.002614 
2643.600000 0.003051 
2642.700000 0.003051 
2641.700000 0.003488 
2640.700000 0.003488 
2639.800000 0.003488 
2638.800000 0.003926 
2637.800000 0.003926 
2636.900000 0.004365 
2635.900000 0.004365 
2635.000000 0.004365 
2634.000000 0.004804 
2633.000000 0.004804 
2632.100000 0.005243 
2631.100000 0.005243 
2630.100000 0.005243 
2629.200000 0.005243 
2628.200000 0.005683 
2627.200000 0.005683 
2626.300000 0.005683 
2625.300000 0.006123 
2624.300000 0.006123 
2623.400000 0.006564 
2622.400000 0.006564 
2621.400000 0.006564 
2620.500000 0.006564 
2619.500000 0.007005 
2618.600000 0.007005 
2617.600000 0.007005 
2616.600000 0.007005 
2615.700000 0.007005 
2614.700000 0.007446 
2613.700000 0.007005 
2612.800000 0.007446 
2611.800000 0.007446 
2610.800000 0.007446 
2609.900000 0.007446 
2608.900000 0.007446 
2607.900000 0.007889 
2607.000000 0.007889 
2606.000000 0.007889 
2605.100000 0.007889 
2604.100000 0.007889 
2603.100000 0.007889 
2602.200000 0.007889 
2601.200000 0.007889 
2600.200000 0.007889 
2599.300000 0.007889 
2598.300000 0.007889 
2597.300000 0.008331 
2596.400000 0.008331 
2595.400000 0.008331 
2594.400000 0.007889 
2593.500000 0.008331 
2592.500000 0.008331 
2591.600000 0.008331 
2590.600000 0.007889 
2589.600000 0.008331 
2588.700000 0.007889 
2587.700000 0.007889 
2586.700000 0.007889 
2585.800000 0.007889 
2584.800000 0.007889 
2583.800000 0.007889 
2582.900000 0.007889 
2581.900000 0.007889 
2580.900000 0.007889 
2580.000000 0.007446 
2579.000000 0.007446 
2578.000000 0.007446 
2577.100000 0.007446 
2576.100000 0.007446 
2575.200000 0.007446 
2574.200000 0.007446 
2573.200000 0.007446 
2572.300000 0.007446 
2571.300000 0.007446 
2570.300000 0.007446 
2569.400000 0.007446 
2568.400000 0.007446 
2567.400000 0.007446 
2566.500000 0.007446 
2565.500000 0.007889 
2564.500000 0.007446 
2563.600000 0.007889 
2562.600000 0.007889 
2561.700000 0.007889 
2560.700000 0.007889 
2559.700000 0.008331 
2558.800000 0.007889 
2557.800000 0.008331 
2556.800000 0.008331 
2555.900000 0.008331 
2554.900000 0.008331 
2553.900000 0.008774 
2553.000000 0.008774 
2552.000000 0.008774 
2551.000000 0.008774 
2550.100000 0.008774 
2549.100000 0.009217 
2548.100000 0.009217 
2547.200000 0.009217 
2546.200000 0.009217 
2545.300000 0.009661 
2544.300000 0.009661 
2543.300000 0.009661 
2542.400000 0.009661 
2541.400000 0.010105 
2540.400000 0.010105 
2539.500000 0.010105 
2538.500000 0.010105 
2537.500000 0.010550 
2536.600000 0.010550 
2535.600000 0.010550 
2534.600000 0.010550 
2533.700000 0.010550 
2532.700000 0.010995 
2531.800000 0.010995 
2530.800000 0.010995 
2529.800000 0.010995 
2528.900000 0.010995 
2527.900000 0.010995 
2526.900000 0.010995 
2526.000000 0.010995 
2525.000000 0.010995 
2524.000000 0.010995 
2523.100000 0.010995 
2522.100000 0.010995 
2521.100000 0.010550 
2520.200000 0.010550 
2519.200000 0.010550 
2518.200000 0.010550 
2517.300000 0.010105 
2516.300000 0.010105 
2515.400000 0.010105 
2514.400000 0.009661 
2513.400000 0.009661 
2512.500000 0.009217 
2511.500000 0.009217 
2510.500000 0.008774 
2509.600000 0.008774 
2508.600000 0.008331 
2507.600000 0.007889 
2506.700000 0.007889 
2505.700000 0.007446 
2504.700000 0.007446 
2503.800000 0.007005 
2502.800000 0.006564 
2501.900000 0.006564 
2500.900000 0.006123 
2499.900000 0.006123 
2499.000000 0.005683 
2498.000000 0.005243 
2497.000000 0.005243 
2496.100000 0.004804 
2495.100000 0.004804 
2494.100000 0.004365 
2493.200000 0.004365 
2492.200000 0.003926 
2491.200000 0.003926 
2490.300000 0.003488 
2489.300000 0.003488 
2488.400000 0.003051 
2487.400000 0.003051 
2486.400000 0.003051 
2485.500000 0.003051 
2484.500000 0.002614 
2483.500000 0.002614 
2482.600000 0.002614 
2481.600000 0.002614 
2480.600000 0.002614 
2479.700000 0.002177 
2478.700000 0.002177 
2477.700000 0.002177 
2476.800000 0.002177 
2475.800000 0.002177 
2474.800000 0.002177 
2473.900000 0.002177 
2472.900000 0.002177 
2472.000000 0.001741 
2471.000000 0.001741 
2470.000000 0.001741 
2469.100000 0.001741 
2468.100000 0.001741 
2467.100000 0.001741 
2466.200000 0.001741 
2465.200000 0.001741 
2464.200000 0.001741 
2463.300000 0.001741 
2462.300000 0.001741 
2461.300000 0.001741 
2460.400000 0.001741 
2459.400000 0.001741 
2458.500000 0.001741 
2457.500000 0.001741 
2456.500000 0.001741 
2455.600000 0.001741 
2454.600000 0.001741 
2453.600000 0.001741 
2452.700000 0.001741 
2451.700000 0.001741 
2450.700000 0.001741 
2449.800000 0.001741 
2448.800000 0.001741 
2447.800000 0.001741 
2446.900000 0.001741 
2445.900000 0.001741 
2444.900000 0.001741 
2444.000000 0.001741 
2443.000000 0.001741 
2442.100000 0.001741 
2441.100000 0.001741 
2440.100000 0.001741 
2439.200000 0.001741 
2438.200000 0.001741 
2437.200000 0.001741 
2436.300000 0.001741 
2435.300000 0.001741 
2434.300000 0.001741 
2433.400000 0.001741 
2432.400000 0.001741 
2431.400000 0.001741 
2430.500000 0.001741 
2429.500000 0.001741 
2428.600000 0.001741 
2427.600000 0.001305 
2426.600000 0.001305 
2425.700000 0.001305 
2424.700000 0.001305 
2423.700000 0.001305 
2422.800000 0.001305 
2421.800000 0.001305 
2420.800000 0.001305 
2419.900000 0.001305 
2418.900000 0.001305 
2417.900000 0.000869 
2417.000000 0.001305 
2416.000000 0.000869 
2415.100000 0.000869 
2414.100000 0.000869 
2413.100000 0.000869 
2412.200000 0.000869 
2411.200000 0.000869 
2410.200000 0.000869 
2409.300000 0.000869 
2408.300000 0.000869 
2407.300000 0.000869 
2406.400000 0.000435 
2405.400000 0.000435 
2404.400000 0.000435 
2403.500000 0.000435 
2402.500000 0.000435 
2401.500000 0.000435 
2400.600000 0.000435 
2399.600000 0.000435 
2398.700000 0.000435 
2397.700000 0.000435 
2396.700000 0.000435 
2395.800000 0.000435 
2394.800000 0.000435 
2393.800000 0.000435 
2392.900000 0.000435 
2391.900000 0.000435 
2390.900000 0.000435 
2390.000000 0.000435 
2389.000000 0.000435 
2388.000000 0.000435 
2387.100000 0.000435 
2386.100000 0.000435 
2385.200000 0.000000 
2384.200000 0.000435 
2383.200000 0.000000 
2382.300000 0.000435 
2381.300000 0.000000 
2380.300000 0.000000 
2379.400000 0.000435 
2378.400000 0.000435 
2377.400000 0.000435 
2376.500000 0.000435 
2375.500000 0.000435 
2374.500000 0.000435 
2373.600000 0.000435 
2372.600000 0.000435 
2371.600000 0.000435 
2370.700000 0.000435 
2369.700000 0.000435 
2368.800000 0.000435 
2367.800000 0.000435 
2366.800000 0.000435 
2365.900000 0.000435 
2364.900000 0.000435 
2363.900000 0.000435 
2363.000000 0.000435 
2362.000000 0.000435 
2361.000000 0.000435 
2360.100000 0.000435 
2359.100000 0.000435 
2358.100000 0.000435 
2357.200000 0.000435 
2356.200000 0.000435 
2355.300000 0.000435 
2354.300000 0.000000 
2353.300000 0.000435 
2352.400000 0.000000 
2351.400000 0.000435 
2350.400000 0.000000 
2349.500000 0.000000 
2348.500000 0.000000 
2347.500000 0.000000 
2346.600000 0.000435 
2345.600000 0.000000 
2344.600000 0.000000 
2343.700000 0.000000 
2342.700000 0.000000 
2341.800000 0.000435 
2340.800000 0.000000 
2339.800000 0.000435 
2338.900000 0.000435 
2337.900000 0.000435 
2336.900000 0.000435 
2336.000000 0.000000 
2335.000000 0.000435 
2334.000000 0.000000 
2333.100000 0.000435 
2332.100000 0.000435 
2331.100000 0.000435 
2330.200000 0.000435 
2329.200000 0.000435 
2328.200000 0.000000 
2327.300000 0.000435 
2326.300000 0.000435 
2325.400000 0.000435 
2324.400000 0.000000 
2323.400000 0.000435 
2322.500000 0.000000 
2321.500000 0.000435 
2320.500000 0.000435 
2319.600000 0.000435 
2318.600000 0.000435 
2317.600000 0.000000 
2316.700000 0.000435 
2315.700000 0.000435 
2314.700000 0.000435 
2313.800000 0.000435 
2312.800000 0.000435 
2311.900000 0.000435 
2310.900000 0.000435 
2309.900000 0.000435 
2309.000000 0.000435 
2308.000000 0.000435 
2307.000000 0.000435 
2306.100000 0.000435 
2305.100000 0.000435 
2304.100000 0.000435 
2303.200000 0.000435 
2302.200000 0.000435 
2301.200000 0.000435 
2300.300000 0.000000 
2299.300000 0.000435 
2298.400000 0.000435 
2297.400000 0.000435 
2296.400000 0.000435 
2295.500000 0.000435 
2294.500000 0.000435 
2293.500000 0.000435 
2292.600000 0.000435 
2291.600000 0.000435 
2290.600000 0.000435 
2289.700000 0.000435 
2288.700000 0.000435 
2287.700000 0.000435 
2286.800000 0.000435 
2285.800000 0.000435 
2284.800000 0.000435 
2283.900000 0.000435 
2282.900000 0.000435 
2282.000000 0.000435 
2281.000000 0.000435 
2280.000000 0.000435 
2279.100000 0.000435 
2278.100000 0.000869 
2277.100000 0.000869 
2276.200000 0.000869 
2275.200000 0.000869 
2274.200000 0.000869 
2273.300000 0.000869 
2272.300000 0.000869 
2271.300000 0.000869 
2270.400000 0.000869 
2269.400000 0.000869 
2268.500000 0.000869 
2267.500000 0.000869 
2266.500000 0.001305 
2265.600000 0.001305 
2264.600000 0.001305 
2263.600000 0.001305 
2262.700000 0.001305 
2261.700000 0.001305 
2260.700000 0.001305 
2259.800000 0.001305 
2258.800000 0.001305 
2257.800000 0.001305 
2256.900000 0.001741 
2255.900000 0.001741 
2254.900000 0.001741 
2254.000000 0.001741 
2253.000000 0.001741 
2252.100000 0.001741 
2251.100000 0.001741 
2250.100000 0.001741 
2249.200000 0.001741 
2248.200000 0.002177 
2247.200000 0.002177 
2246.300000 0.002177 
2245.300000 0.002177 
2244.300000 0.002177 
2243.400000 0.002177 
2242.400000 0.002177 
2241.400000 0.002177 
2240.500000 0.002177 
2239.500000 0.002177 
2238.600000 0.002177 
2237.600000 0.002177 
2236.600000 0.002177 
2235.700000 0.002177 
2234.700000 0.002177 
2233.700000 0.002177 
2232.800000 0.002177 
2231.800000 0.002177 
2230.800000 0.002177 
2229.900000 0.002177 
2228.900000 0.002177 
2227.900000 0.002177 
2227.000000 0.002177 
2226.000000 0.002177 
2225.000000 0.002177 
2224.100000 0.001741 
2223.100000 0.002177 
2222.200000 0.001741 
2221.200000 0.001741 
2220.200000 0.001741 
2219.300000 0.001741 
2218.300000 0.001741 
2217.300000 0.001741 
2216.400000 0.001305 
2215.400000 0.001305 
2214.400000 0.001305 
2213.500000 0.001305 
2212.500000 0.001305 
2211.500000 0.001305 
2210.600000 0.001305 
2209.600000 0.000869 
2208.700000 0.000869 
2207.700000 0.000869 
2206.700000 0.000869 
2205.800000 0.000869 
2204.800000 0.000869 
2203.800000 0.000869 
2202.900000 0.000435 
2201.900000 0.000435 
2200.900000 0.000435 
2200.000000 0.000435 
2199.000000 0.000435 
2198.000000 0.000435 
2197.100000 0.000435 
2196.100000 0.000435 
2195.200000 0.000435 
2194.200000 0.000435 
2193.200000 0.000435 
2192.300000 0.000435 
2191.300000 0.000435 
2190.300000 0.000435 
2189.400000 0.000435 
2188.400000 0.000435 
2187.400000 0.000435 
2186.500000 0.000435 
2185.500000 0.000435 
2184.500000 0.000435 
2183.600000 0.000435 
2182.600000 0.000435 
2181.600000 0.000435 
2180.700000 0.000435 
2179.700000 0.000435 
2178.800000 0.000435 
2177.800000 0.000435 
2176.800000 0.000435 
2175.900000 0.000435 
2174.900000 0.000435 
2173.900000 0.000435 
2173.000000 0.000435 
2172.000000 0.000435 
2171.000000 0.000435 
2170.100000 0.000435 
2169.100000 0.000435 
2168.100000 0.000435 
2167.200000 0.000435 
2166.200000 0.000435 
2165.300000 0.000435 
2164.300000 0.000435 
2163.300000 0.000000 
2162.400000 0.000000 
2161.400000 0.000435 
2160.400000 0.000435 
2159.500000 0.000435 
2158.500000 0.000435 
2157.500000 0.000435 
2156.600000 0.000435 
2155.600000 0.000435 
2154.600000 0.000000 
2153.700000 0.000435 
2152.700000 0.000435 
2151.800000 0.000435 
2150.800000 0.000435 
2149.800000 0.000435 
2148.900000 0.000435 
2147.900000 0.000435 
2146.900000 0.000000 
2146.000000 0.000435 
2145.000000 0.000435 
2144.000000 0.000435 
2143.100000 0.000435 
2142.100000 0.000435 
2141.100000 0.000435 
2140.200000 0.000435 
2139.200000 0.000435 
2138.200000 0.000435 
2137.300000 0.000435 
2136.300000 0.000435 
2135.400000 0.000435 
2134.400000 0.000435 
2133.400000 0.000435 
2132.500000 0.000435 
2131.500000 0.000435 
2130.500000 0.000435 
2129.600000 0.000435 
2128.600000 0.000435 
2127.600000 0.000435 
2126.700000 0.000435 
2125.700000 0.000435 
2124.700000 0.000435 
2123.800000 0.000435 
2122.800000 0.000435 
2121.900000 0.000435 
2120.900000 0.000435 
2119.900000 0.000435 
2119.000000 0.000435 
2118.000000 0.000435 
2117.000000 0.000435 
2116.100000 0.000435 
2115.100000 0.000435 
2114.100000 0.000000 
2113.200000 0.000435 
2112.200000 0.000435 
2111.200000 0.000435 
2110.300000 0.000000 
2109.300000 0.000000 
2108.300000 0.000435 
2107.400000 0.000435 
2106.400000 0.000000 
2105.500000 0.000000 
2104.500000 0.000435 
2103.500000 0.000000 
2102.600000 0.000000 
2101.600000 0.000000 
2100.600000 0.000000 
2099.700000 0.000000 
2098.700000 0.000000 
2097.700000 0.000435 
2096.800000 0.000000 
2095.800000 0.000000 
2094.800000 0.000435 
2093.900000 0.000000 
2092.900000 0.000435 
2092.000000 0.000435 
2091.000000 0.000435 
2090.000000 0.000435 
2089.100000 0.000435 
2088.100000 0.000435 
2087.100000 0.000435 
2086.200000 0.000435 
2085.200000 0.000435 
2084.200000 0.000435 
2083.300000 0.000435 
2082.300000 0.000435 
2081.300000 0.000435 
2080.400000 0.000435 
2079.400000 0.000435 
2078.400000 0.000435 
2077.500000 0.000435 
2076.500000 0.000869 
2075.600000 0.000869 
2074.600000 0.000869 
2073.600000 0.000869 
2072.700000 0.000869 
2071.700000 0.000869 
2070.700000 0.000869 
2069.800000 0.001305 
2068.800000 0.001305 
2067.800000 0.001305 
2066.900000 0.001305 
2065.900000 0.001305 
2064.900000 0.001305 
2064.000000 0.001305 
2063.000000 0.001305 
2062.100000 0.001741 
2061.100000 0.001741 
2060.100000 0.001741 
2059.200000 0.001741 
2058.200000 0.001741 
2057.200000 0.001741 
2056.300000 0.002177 
2055.300000 0.002177 
2054.300000 0.002177 
2053.400000 0.002177 
2052.400000 0.002177 
2051.400000 0.002177 
2050.500000 0.002614 
2049.500000 0.002614 
2048.600000 0.002614 
2047.600000 0.002614 
2046.600000 0.002614 
2045.700000 0.002614 
2044.700000 0.002614 
2043.700000 0.002614 
2042.800000 0.002614 
2041.800000 0.003051 
2040.800000 0.002614 
2039.900000 0.002614 
2038.900000 0.002614 
2037.900000 0.002614 
2037.000000 0.002614 
2036.000000 0.002614 
2035.000000 0.002614 
2034.100000 0.002614 
2033.100000 0.002614 
2032.200000 0.002614 
2031.200000 0.002614 
2030.200000 0.002614 
2029.300000 0.002614 
2028.300000 0.002177 
2027.300000 0.002177 
2026.400000 0.002177 
2025.400000 0.002177 
2024.400000 0.002177 
2023.500000 0.001741 
2022.500000 0.001741 
2021.500000 0.001741 
2020.600000 0.001741 
2019.600000 0.001305 
2018.700000 0.001305 
2017.700000 0.001305 
2016.700000 0.001305 
2015.800000 0.001305 
2014.800000 0.001305 
2013.800000 0.001305 
2012.900000 0.000869 
2011.900000 0.000869 
2010.900000 0.000869 
2010.000000 0.000869 
2009.000000 0.000869 
2008.000000 0.000869 
2007.100000 0.000869 
2006.100000 0.000869 
2005.100000 0.000869 
2004.200000 0.000869 
2003.200000 0.000435 
2002.300000 0.000435 
2001.300000 0.000435 
2000.300000 0.000435 
1999.400000 0.000435 
1998.400000 0.000435 
1997.400000 0.000435 
1996.500000 0.000435 
1995.500000 0.000435 
1994.500000 0.000435 
1993.600000 0.000435 
1992.600000 0.000435 
1991.600000 0.000435 
1990.700000 0.000435 
1989.700000 0.000435 
1988.800000 0.000435 
1987.800000 0.000435 
1986.800000 0.000435 
1985.900000 0.000435 
1984.900000 0.000435 
1983.900000 0.000435 
1983.000000 0.000435 
1982.000000 0.000435 
1981.000000 0.000435 
1980.100000 0.000435 
1979.100000 0.000435 
1978.100000 0.000435 
1977.200000 0.000435 
1976.200000 0.000435 
1975.300000 0.000435 
1974.300000 0.000435 
1973.300000 0.000435 
1972.400000 0.000435 
1971.400000 0.000435 
1970.400000 0.000435 
1969.500000 0.000435 
1968.500000 0.000435 
1967.500000 0.000435 
1966.600000 0.000435 
1965.600000 0.000435 
1964.600000 0.000000 
1963.700000 0.000000 
1962.700000 0.000435 
1961.700000 0.000435 
1960.800000 0.000435 
1959.800000 0.000435 
1958.900000 0.000435 
1957.900000 0.000435 
1956.900000 0.000435 
1956.000000 0.000435 
1955.000000 0.000435 
1954.000000 0.000435 
1953.100000 0.000435 
1952.100000 0.000435 
1951.100000 0.000435 
1950.200000 0.000435 
1949.200000 0.000435 
1948.200000 0.000435 
1947.300000 0.000435 
1946.300000 0.000435 
1945.400000 0.000435 
1944.400000 0.000435 
1943.400000 0.000435 
1942.500000 0.000435 
1941.500000 0.000435 
1940.500000 0.000435 
1939.600000 0.000435 
1938.600000 0.000435 
1937.600000 0.000435 
1936.700000 0.000435 
1935.700000 0.000435 
1934.700000 0.000435 
1933.800000 0.000435 
1932.800000 0.000435 
1931.800000 0.000435 
1930.900000 0.000435 
1929.900000 0.000435 
1929.000000 0.000435 
1928.000000 0.000435 
1927.000000 0.000435 
1926.100000 0.000435 
1925.100000 0.000435 
1924.100000 0.000435 
1923.200000 0.000435 
1922.200000 0.000435 
1921.200000 0.000435 
1920.300000 0.000435 
1919.300000 0.000435 
1918.300000 0.000435 
1917.400000 0.000435 
1916.400000 0.000435 
1915.500000 0.000435 
1914.500000 0.000435 
1913.500000 0.000435 
1912.600000 0.000435 
1911.600000 0.000435 
1910.600000 0.000000 
1909.700000 0.000435 
1908.700000 0.000435 
1907.700000 0.000435 
1906.800000 0.000000 
1905.800000 0.000435 
1904.800000 0.000435 
1903.900000 0.000435 
1902.900000 0.000435 
1901.900000 0.000435 
1901.000000 0.000435 
1900.000000 0.000435 
1899.100000 0.000435 
1898.100000 0.000435 
1897.100000 0.000435 
1896.200000 0.000435 
1895.200000 0.000435 
1894.200000 0.000435 
1893.300000 0.000435 
1892.300000 0.000000 
1891.300000 0.000435 
1890.400000 0.000435 
1889.400000 0.000435 
1888.400000 0.000435 
1887.500000 0.000435 
1886.500000 0.000435 
1885.600000 0.000435 
1884.600000 0.000435 
1883.600000 0.000435 
1882.700000 0.000435 
1881.700000 0.000000 
1880.700000 0.000435 
1879.800000 0.000435 
1878.800000 0.000435 
1877.800000 0.000435 
1876.900000 0.000435 
1875.900000 0.000435 
1874.900000 0.000435 
1874.000000 0.000435 
1873.000000 0.000000 
1872.100000 0.000435 
1871.100000 0.000435 
1870.100000 0.000435 
1869.200000 0.000435 
1868.200000 0.000000 
1867.200000 0.000435 
1866.300000 0.000435 
1865.300000 0.000435 
1864.300000 0.000435 
1863.400000 0.000435 
1862.400000 0.000435 
1861.400000 0.000435 
1860.500000 0.000435 
1859.500000 0.000435 
1858.500000 0.000435 
1857.600000 0.000435 
1856.600000 0.000435 
1855.700000 0.000435 
1854.700000 0.000435 
1853.700000 0.000435 
1852.800000 0.000435 
1851.800000 0.000435 
1850.800000 0.000435 
1849.900000 0.000435 
1848.900000 0.000435 
1847.900000 0.000435 
1847.000000 0.000435 
1846.000000 0.000435 
1845.000000 0.000435 
1844.100000 0.000435 
1843.100000 0.000435 
1842.200000 0.000435 
1841.200000 0.000435 
1840.200000 0.000435 
1839.300000 0.000435 
1838.300000 0.000435 
1837.300000 0.000435 
1836.400000 0.000435 
1835.400000 0.000435 
1834.400000 0.000435 
1833.500000 0.000435 
1832.500000 0.000435 
1831.500000 0.000435 
1830.600000 0.000435 
1829.600000 0.000435 
1828.600000 0.000435 
1827.700000 0.000435 
1826.700000 0.000435 
1825.800000 0.000435 
1824.800000 0.000435 
1823.800000 0.000435 
1822.900000 0.000435 
1821.900000 0.000435 
1820.900000 0.000435 
1820.000000 0.000435 
1819.000000 0.000435 
1818.000000 0.000435 
1817.100000 0.000435 
1816.100000 0.000435 
1815.100000 0.000435 
1814.200000 0.000435 
1813.200000 0.000435 
1812.300000 0.000435 
1811.300000 0.000435 
1810.300000 0.000435 
1809.400000 0.000435 
1808.400000 0.000435 
1807.400000 0.000435 
1806.500000 0.000869 
1805.500000 0.000435 
1804.500000 0.000869 
1803.600000 0.000869 
1802.600000 0.000869 
1801.600000 0.000435 
1800.700000 0.000869 
1799.700000 0.000869 
1798.800000 0.000869 
1797.800000 0.000869 
1796.800000 0.000869 
1795.900000 0.000869 
1794.900000 0.000435 
1793.900000 0.000869 
1793.000000 0.000869 
1792.000000 0.000869 
1791.000000 0.000869 
1790.100000 0.000869 
1789.100000 0.000869 
1788.100000 0.000869 
1787.200000 0.000869 
1786.200000 0.000869 
1785.200000 0.000869 
1784.300000 0.000869 
1783.300000 0.000869 
1782.400000 0.000869 
1781.400000 0.000869 
1780.400000 0.000869 
1779.500000 0.000869 
1778.500000 0.000869 
1777.500000 0.000869 
1776.600000 0.000869 
1775.600000 0.000869 
1774.600000 0.000869 
1773.700000 0.000869 
1772.700000 0.000869 
1771.700000 0.000869 
1770.800000 0.000869 
1769.800000 0.000869 
1768.900000 0.000869 
1767.900000 0.000869 
1766.900000 0.000869 
1766.000000 0.000869 
1765.000000 0.000869 
1764.000000 0.000869 
1763.100000 0.000869 
1762.100000 0.000869 
1761.100000 0.000869 
1760.200000 0.000869 
1759.200000 0.000869 
1758.200000 0.000869 
1757.300000 0.000869 
1756.300000 0.000869 
1755.300000 0.000869 
1754.400000 0.000869 
1753.400000 0.000869 
1752.500000 0.000869 
1751.500000 0.000869 
1750.500000 0.000869 
1749.600000 0.000869 
1748.600000 0.000869 
1747.600000 0.000869 
1746.700000 0.000869 
1745.700000 0.000869 
1744.700000 0.000869 
1743.800000 0.000869 
1742.800000 0.000869 
1741.800000 0.000869 
1740.900000 0.000869 
1739.900000 0.000869 
1739.000000 0.000869 
1738.000000 0.000869 
1737.000000 0.000869 
1736.100000 0.000869 
1735.100000 0.000869 
1734.100000 0.000869 
1733.200000 0.000869 
1732.200000 0.000869 
1731.200000 0.000869 
1730.300000 0.000869 
1729.300000 0.000869 
1728.300000 0.001305 
1727.400000 0.001305 
1726.400000 0.001305 
1725.400000 0.001305 
1724.500000 0.000869 
1723.500000 0.001305 
1722.600000 0.001305 
1721.600000 0.001305 
1720.600000 0.001305 
1719.700000 0.001305 
1718.700000 0.001305 
1717.700000 0.000869 
1716.800000 0.001305 
1715.800000 0.001305 
1714.800000 0.001305 
1713.900000 0.001305 
1712.900000 0.001305 
1711.900000 0.001305 
1711.000000 0.001305 
1710.000000 0.001305 
1709.100000 0.001305 
1708.100000 0.001305 
1707.100000 0.001305 
1706.200000 0.001305 
1705.200000 0.001305 
1704.200000 0.001305 
1703.300000 0.001305 
1702.300000 0.001741 
1701.300000 0.001305 
1700.400000 0.001305 
1699.400000 0.001305 
1698.400000 0.001741 
1697.500000 0.001741 
1696.500000 0.001305 
1695.600000 0.001305 
1694.600000 0.001305 
1693.600000 0.001305 
1692.700000 0.001741 
1691.700000 0.001741 
1690.700000 0.001741 
1689.800000 0.001741 
1688.800000 0.001741 
1687.800000 0.001741 
1686.900000 0.001741 
1685.900000 0.001741 
1684.900000 0.001305 
1684.000000 0.001741 
1683.000000 0.001741 
1682.000000 0.001741 
1681.100000 0.001741 
1680.100000 0.001741 
1679.200000 0.001741 
1678.200000 0.001741 
1677.200000 0.001741 
1676.300000 0.001741 
1675.300000 0.001741 
1674.300000 0.002177 
1673.400000 0.001741 
1672.400000 0.001741 
1671.400000 0.001741 
1670.500000 0.002177 
1669.500000 0.002177 
1668.500000 0.002177 
1667.600000 0.002177 
1666.600000 0.002177 
1665.700000 0.002177 
1664.700000 0.002177 
1663.700000 0.002177 
1662.800000 0.002177 
1661.800000 0.002177 
1660.800000 0.002177 
1659.900000 0.002177 
1658.900000 0.002177 
1657.900000 0.002177 
1657.000000 0.002614 
1656.000000 0.002614 
1655.000000 0.002177 
1654.100000 0.002177 
1653.100000 0.002177 
1652.200000 0.002614 
1651.200000 0.002614 
1650.200000 0.002614 
1649.300000 0.002614 
1648.300000 0.002614 
1647.300000 0.002614 
1646.400000 0.002614 
1645.400000 0.002614 
1644.400000 0.003051 
1643.500000 0.002614 
1642.500000 0.003051 
1641.500000 0.003051 
1640.600000 0.003051 
1639.600000 0.003051 
1638.600000 0.003051 
1637.700000 0.003051 
1636.700000 0.003051 
1635.800000 0.003051 
1634.800000 0.003051 
1633.800000 0.003051 
1632.900000 0.003051 
1631.900000 0.003488 
1630.900000 0.003488 
1630.000000 0.003488 
1629.000000 0.003488 
1628.000000 0.003488 
1627.100000 0.003488 
1626.100000 0.003488 
1625.100000 0.003488 
1624.200000 0.003488 
1623.200000 0.003488 
1622.300000 0.003488 
1621.300000 0.003488 
1620.300000 0.003926 
1619.400000 0.003926 
1618.400000 0.003926 
1617.400000 0.003488 
1616.500000 0.003926 
1615.500000 0.003926 
1614.500000 0.003926 
1613.600000 0.003926 
1612.600000 0.003926 
1611.600000 0.003926 
1610.700000 0.003926 
1609.700000 0.003926 
1608.700000 0.004365 
1607.800000 0.004365 
1606.800000 0.004365 
1605.900000 0.003926 
1604.900000 0.004365 
1603.900000 0.004365 
1603.000000 0.004365 
1602.000000 0.004365 
1601.000000 0.004365 
1600.100000 0.004365 
1599.100000 0.004365 
1598.100000 0.004804 
1597.200000 0.004804 
1596.200000 0.004804 
1595.200000 0.004804 
1594.300000 0.004804 
1593.300000 0.004804 
1592.400000 0.004804 
1591.400000 0.004804 
1590.400000 0.004804 
1589.500000 0.004804 
1588.500000 0.004804 
1587.500000 0.005243 
1586.600000 0.005243 
1585.600000 0.005243 
1584.600000 0.005243 
1583.700000 0.005243 
1582.700000 0.005243 
1581.700000 0.005243 
1580.800000 0.005243 
1579.800000 0.005683 
1578.800000 0.005243 
1577.900000 0.005683 
1576.900000 0.005243 
1576.000000 0.005683 
1575.000000 0.005683 
1574.000000 0.005683 
1573.100000 0.005683 
1572.100000 0.005683 
1571.100000 0.006123 
1570.200000 0.006123 
1569.200000 0.006123 
1568.200000 0.006123 
1567.300000 0.006123 
1566.300000 0.006123 
1565.300000 0.006123 
1564.400000 0.006123 
1563.400000 0.006564 
1562.500000 0.006564 
1561.500000 0.006564 
1560.500000 0.006123 
1559.600000 0.006564 
1558.600000 0.006564 
1557.600000 0.006564 
1556.700000 0.007005 
1555.700000 0.007005 
1554.700000 0.006564 
1553.800000 0.007005 
1552.800000 0.007005 
1551.800000 0.007005 
1550.900000 0.007005 
1549.900000 0.007005 
1549.000000 0.007005 
1548.000000 0.007446 
1547.000000 0.007446 
1546.100000 0.007446 
1545.100000 0.007446 
1544.100000 0.007446 
1543.200000 0.007889 
1542.200000 0.007889 
1541.200000 0.007889 
1540.300000 0.007889 
1539.300000 0.007889 
1538.300000 0.008331 
1537.400000 0.008331 
1536.400000 0.008331 
1535.400000 0.008331 
1534.500000 0.008331 
1533.500000 0.008774 
1532.600000 0.008774 
1531.600000 0.009217 
1530.600000 0.009217 
1529.700000 0.009661 
1528.700000 0.009661 
1527.700000 0.009661 
1526.800000 0.010105 
1525.800000 0.010105 
1524.800000 0.010550 
1523.900000 0.010995 
1522.900000 0.010995 
1521.900000 0.010995 
1521.000000 0.011441 
1520.000000 0.011887 
1519.100000 0.012334 
1518.100000 0.012781 
1517.100000 0.013228 
1516.200000 0.013676 
1515.200000 0.014125 
1514.200000 0.014574 
1513.300000 0.015473 
1512.300000 0.015923 
1511.300000 0.016374 
1510.400000 0.016825 
1509.400000 0.017729 
1508.400000 0.018181 
1507.500000 0.018634 
1506.500000 0.019088 
1505.500000 0.019997 
1504.600000 0.020452 
1503.600000 0.021363 
1502.700000 0.021819 
1501.700000 0.022276 
1500.700000 0.022734 
1499.800000 0.023650 
1498.800000 0.024109 
1497.800000 0.024568 
1496.900000 0.025028 
1495.900000 0.025949 
1494.900000 0.026410 
1494.000000 0.026872 
1493.000000 0.027334 
1492.000000 0.028260 
1491.100000 0.028724 
1490.100000 0.029653 
1489.200000 0.030584 
1488.200000 0.031517 
1487.200000 0.032452 
1486.300000 0.033858 
1485.300000 0.034798 
1484.300000 0.036212 
1483.400000 0.037157 
1482.400000 0.038579 
1481.400000 0.039529 
1480.500000 0.040482 
1479.500000 0.041436 
1478.500000 0.042393 
1477.600000 0.042872 
1476.600000 0.043351 
1475.700000 0.043351 
1474.700000 0.043351 
1473.700000 0.042872 
1472.800000 0.042872 
1471.800000 0.042872 
1470.800000 0.042872 
1469.900000 0.042872 
1468.900000 0.043351 
1467.900000 0.043832 
1467.000000 0.044312 
1466.000000 0.045275 
1465.000000 0.045275 
1464.100000 0.046240 
1463.100000 0.046240 
1462.100000 0.046724 
1461.200000 0.046724 
1460.200000 0.047208 
1459.300000 0.046724 
1458.300000 0.046724 
1457.300000 0.046240 
1456.400000 0.046240 
1455.400000 0.045757 
1454.400000 0.045275 
1453.500000 0.045275 
1452.500000 0.044793 
1451.500000 0.044312 
1450.600000 0.044312 
1449.600000 0.044312 
1448.600000 0.044312 
1447.700000 0.044312 
1446.700000 0.044312 
1445.800000 0.044312 
1444.800000 0.044312 
1443.800000 0.044312 
1442.900000 0.043351 
1441.900000 0.042872 
1440.900000 0.041914 
1440.000000 0.040482 
1439.000000 0.039529 
1438.000000 0.038105 
1437.100000 0.037157 
1436.100000 0.036212 
1435.100000 0.035740 
1434.200000 0.035269 
1433.200000 0.034798 
1432.300000 0.034328 
1431.300000 0.033858 
1430.300000 0.033858 
1429.400000 0.033389 
1428.400000 0.033389 
1427.400000 0.033389 
1426.500000 0.032920 
1425.500000 0.032920 
1424.500000 0.032920 
1423.600000 0.032452 
1422.600000 0.032452 
1421.600000 0.032452 
1420.700000 0.032452 
1419.700000 0.031984 
1418.700000 0.031984 
1417.800000 0.031517 
1416.800000 0.031517 
1415.900000 0.031517 
1414.900000 0.031050 
1413.900000 0.031050 
1413.000000 0.030584 
1412.000000 0.030118 
1411.000000 0.030118 
1410.100000 0.029653 
1409.100000 0.029188 
1408.100000 0.028724 
1407.200000 0.028260 
1406.200000 0.027797 
1405.200000 0.026872 
1404.300000 0.026410 
1403.300000 0.025949 
1402.300000 0.025028 
1401.400000 0.024568 
1400.400000 0.023650 
1399.500000 0.023192 
1398.500000 0.022276 
1397.500000 0.021819 
1396.600000 0.020907 
1395.600000 0.019997 
1394.600000 0.019088 
1393.700000 0.018634 
1392.700000 0.017729 
1391.700000 0.017277 
1390.800000 0.016374 
1389.800000 0.015923 
1388.800000 0.015023 
1387.900000 0.014574 
1386.900000 0.014125 
1386.000000 0.013676 
1385.000000 0.013228 
1384.000000 0.012781 
1383.100000 0.012334 
1382.100000 0.011887 
1381.100000 0.011441 
1380.200000 0.010995 
1379.200000 0.010995 
1378.200000 0.010550 
1377.300000 0.010105 
1376.300000 0.009661 
1375.300000 0.009217 
1374.400000 0.009217 
1373.400000 0.008774 
1372.500000 0.008774 
1371.500000 0.008331 
1370.500000 0.008331 
1369.600000 0.007889 
1368.600000 0.007889 
1367.600000 0.007889 
1366.700000 0.007446 
1365.700000 0.007446 
1364.700000 0.007446 
1363.800000 0.007446 
1362.800000 0.007446 
1361.800000 0.007889 
1360.900000 0.007889 
1359.900000 0.007889 
1358.900000 0.007889 
1358.000000 0.007889 
1357.000000 0.007889 
1356.100000 0.007889 
1355.100000 0.007446 
1354.100000 0.007446 
1353.200000 0.007446 
1352.200000 0.007446 
1351.200000 0.007005 
1350.300000 0.007005 
1349.300000 0.007005 
1348.300000 0.007005 
1347.400000 0.006564 
1346.400000 0.006564 
1345.400000 0.006564 
1344.500000 0.006564 
1343.500000 0.006564 
1342.600000 0.006564 
1341.600000 0.006564 
1340.600000 0.006123 
1339.700000 0.006123 
1338.700000 0.006123 
1337.700000 0.005683 
1336.800000 0.005683 
1335.800000 0.005683 
1334.800000 0.005243 
1333.900000 0.005243 
1332.900000 0.005243 
1331.900000 0.005243 
1331.000000 0.004804 
1330.000000 0.004804 
1329.100000 0.004804 
1328.100000 0.004804 
1327.100000 0.004804 
1326.200000 0.004365 
1325.200000 0.004365 
1324.200000 0.004365 
1323.300000 0.004365 
1322.300000 0.004365 
1321.300000 0.004365 
1320.400000 0.003926 
1319.400000 0.003926 
1318.400000 0.003926 
1317.500000 0.003926 
1316.500000 0.003926 
1315.500000 0.003926 
1314.600000 0.003926 
1313.600000 0.003488 
1312.700000 0.003488 
1311.700000 0.003488 
1310.700000 0.003488 
1309.800000 0.003488 
1308.800000 0.003488 
1307.800000 0.003488 
1306.900000 0.003488 
1305.900000 0.003488 
1304.900000 0.003488 
1304.000000 0.003051 
1303.000000 0.003051 
1302.000000 0.003051 
1301.100000 0.003051 
1300.100000 0.003051 
1299.200000 0.003051 
1298.200000 0.003051 
1297.200000 0.003051 
1296.300000 0.003051 
1295.300000 0.003051 
1294.300000 0.003051 
1293.400000 0.003051 
1292.400000 0.003051 
1291.400000 0.003051 
1290.500000 0.003051 
1289.500000 0.002614 
1288.500000 0.002614 
1287.600000 0.002614 
1286.600000 0.002614 
1285.600000 0.002614 
1284.700000 0.002614 
1283.700000 0.002614 
1282.800000 0.002614 
1281.800000 0.002614 
1280.800000 0.002614 
1279.900000 0.002614 
1278.900000 0.002614 
1277.900000 0.002177 
1277.000000 0.002177 
1276.000000 0.002177 
1275.000000 0.002177 
1274.100000 0.002177 
1273.100000 0.002177 
1272.100000 0.002177 
1271.200000 0.002177 
1270.200000 0.002177 
1269.300000 0.002177 
1268.300000 0.001741 
1267.300000 0.002177 
1266.400000 0.002177 
1265.400000 0.001741 
1264.400000 0.001741 
1263.500000 0.001741 
1262.500000 0.001741 
1261.500000 0.001741 
1260.600000 0.001741 
1259.600000 0.001741 
1258.600000 0.002177 
1257.700000 0.001741 
1256.700000 0.001741 
1255.800000 0.001741 
1254.800000 0.001741 
1253.800000 0.001741 
1252.900000 0.001741 
1251.900000 0.001741 
1250.900000 0.001741 
1250.000000 0.001741 
1249.000000 0.001741 
1248.000000 0.001305 
1247.100000 0.001305 
1246.100000 0.001305 
1245.100000 0.001305 
1244.200000 0.001305 
1243.200000 0.001305 
1242.200000 0.001305 
1241.300000 0.001305 
1240.300000 0.001305 
1239.400000 0.000869 
1238.400000 0.001305 
1237.400000 0.000869 
1236.500000 0.000869 
1235.500000 0.000869 
1234.500000 0.000869 
1233.600000 0.000869 
1232.600000 0.000869 
1231.600000 0.000869 
1230.700000 0.000869 
1229.700000 0.000869 
1228.700000 0.000869 
1227.800000 0.000869 
1226.800000 0.000869 
1225.900000 0.000869 
1224.900000 0.000869 
1223.900000 0.000435 
1223.000000 0.000869 
1222.000000 0.000435 
1221.000000 0.000435 
1220.100000 0.000435 
1219.100000 0.000435 
1218.100000 0.000435 
1217.200000 0.000435 
1216.200000 0.000435 
1215.200000 0.000435 
1214.300000 0.000435 
1213.300000 0.000435 
1212.300000 0.000435 
1211.400000 0.000435 
1210.400000 0.000435 
1209.500000 0.000435 
1208.500000 0.000435 
1207.500000 0.000435 
1206.600000 0.000435 
1205.600000 0.000435 
1204.600000 0.000435 
1203.700000 0.000435 
1202.700000 0.000435 
1201.700000 0.000435 
1200.800000 0.000435 
1199.800000 0.000435 
1198.800000 0.000435 
1197.900000 0.000435 
1196.900000 0.000435 
1196.000000 0.000000 
1195.000000 0.000435 
1194.000000 0.000435 
1193.100000 0.000435 
1192.100000 0.000000 
1191.100000 0.000435 
1190.200000 0.000000 
1189.200000 0.000000 
1188.200000 0.000000 
1187.300000 0.000435 
1186.300000 0.000435 
1185.300000 0.000435 
1184.400000 0.000435 
1183.400000 0.000435 
1182.400000 0.000435 
1181.500000 0.000435 
1180.500000 0.000435 
1179.600000 0.000435 
1178.600000 0.000435 
1177.600000 0.000435 
1176.700000 0.000435 
1175.700000 0.000435 
1174.700000 0.000435 
1173.800000 0.000435 
1172.800000 0.000435 
1171.800000 0.000435 
1170.900000 0.000869 
1169.900000 0.000869 
1168.900000 0.000869 
1168.000000 0.001305 
1167.000000 0.001305 
1166.100000 0.001741 
1165.100000 0.001741 
1164.100000 0.002177 
1163.200000 0.002177 
1162.200000 0.002614 
1161.200000 0.002614 
1160.300000 0.002614 
1159.300000 0.002614 
1158.300000 0.002614 
1157.400000 0.002614 
1156.400000 0.002614 
1155.400000 0.002614 
1154.500000 0.002614 
1153.500000 0.002614 
1152.600000 0.002177 
1151.600000 0.002177 
1150.600000 0.002614 
1149.700000 0.003051 
1148.700000 0.003488 
1147.700000 0.003926 
1146.800000 0.005243 
1145.800000 0.006123 
1144.800000 0.007889 
1143.900000 0.009217 
1142.900000 0.010995 
1141.900000 0.012781 
1141.000000 0.015023 
1140.000000 0.016825 
1139.000000 0.018181 
1138.100000 0.019542 
1137.100000 0.020907 
1136.200000 0.022276 
1135.200000 0.022734 
1134.200000 0.023650 
1133.300000 0.024109 
1132.300000 0.024568 
1131.300000 0.024568 
1130.400000 0.024568 
1129.400000 0.024568 
1128.400000 0.024109 
1127.500000 0.023650 
1126.500000 0.023650 
1125.500000 0.023192 
1124.600000 0.023192 
1123.600000 0.022734 
1122.700000 0.022276 
1121.700000 0.021819 
1120.700000 0.021363 
1119.800000 0.020907 
1118.800000 0.020452 
1117.800000 0.019997 
1116.900000 0.019542 
1115.900000 0.019088 
1114.900000 0.018634 
1114.000000 0.017729 
1113.000000 0.017277 
1112.000000 0.016825 
1111.100000 0.015923 
1110.100000 0.015473 
1109.100000 0.014125 
1108.200000 0.013228 
1107.200000 0.011887 
1106.300000 0.010550 
1105.300000 0.009661 
1104.300000 0.008331 
1103.400000 0.007005 
1102.400000 0.005683 
1101.400000 0.004804 
1100.500000 0.003926 
1099.500000 0.003051 
1098.500000 0.002614 
1097.600000 0.001741 
1096.600000 0.001305 
1095.600000 0.001305 
1094.700000 0.000869 
1093.700000 0.000435 
1092.800000 0.000435 
1091.800000 0.000435 
1090.800000 0.000435 
1089.900000 0.000435 
1088.900000 0.000000 
1087.900000 0.000435 
1087.000000 0.000435 
1086.000000 0.000000 
1085.000000 0.000000 
1084.100000 0.000435 
1083.100000 0.000435 
1082.100000 0.000435 
1081.200000 0.000435 
1080.200000 0.000435 
1079.300000 0.000435 
1078.300000 0.000869 
1077.300000 0.000869 
1076.400000 0.000869 
1075.400000 0.000869 
1074.400000 0.001305 
1073.500000 0.001305 
1072.500000 0.001305 
1071.500000 0.001305 
1070.600000 0.001741 
1069.600000 0.001741 
1068.600000 0.001741 
1067.700000 0.002614 
1066.700000 0.002614 
1065.700000 0.003051 
1064.800000 0.003488 
1063.800000 0.003488 
1062.900000 0.003926 
1061.900000 0.004365 
1060.900000 0.004804 
1060.000000 0.005683 
1059.000000 0.006564 
1058.000000 0.007889 
1057.100000 0.009217 
1056.100000 0.011887 
1055.100000 0.015023 
1054.200000 0.019997 
1053.200000 0.025488 
1052.200000 0.032452 
1051.300000 0.040005 
1050.300000 0.049149 
1049.400000 0.058986 
1048.400000 0.069560 
1047.400000 0.080399 
1046.500000 0.091515 
1045.500000 0.102373 
1044.500000 0.113509 
1043.600000 0.123782 
1042.600000 0.134304 
1041.600000 0.144481 
1040.700000 0.154902 
1039.700000 0.165579 
1038.700000 0.175224 
1037.800000 0.185087 
1036.800000 0.195179 
1035.800000 0.204120 
1034.900000 0.213959 
1033.900000 0.222573 
1033.000000 0.230623 
1032.000000 0.238072 
1031.000000 0.244888 
1030.100000 0.251037 
1029.100000 0.255707 
1028.100000 0.259637 
1027.200000 0.262013 
1026.200000 0.262807 
1025.200000 0.262013 
1024.300000 0.259637 
1023.300000 0.254925 
1022.300000 0.247952 
1021.400000 0.238824 
1020.400000 0.227678 
1019.500000 0.214670 
1018.500000 0.199971 
1017.500000 0.183759 
1016.600000 0.167491 
1015.600000 0.151811 
1014.600000 0.136083 
1013.700000 0.122629 
1012.700000 0.110698 
1011.700000 0.100179 
1010.800000 0.091515 
1009.800000 0.084073 
1008.800000 0.077275 
1007.900000 0.071092 
1006.900000 0.065502 
1006.000000 0.059982 
1005.000000 0.054531 
1004.000000 0.049635 
1003.100000 0.044312 
1002.100000 0.039054 
1001.100000 0.034328 
1000.200000 0.029653 
999.200000 0.025488 
998.230000 0.021363 
997.270000 0.017729 
996.310000 0.015023 
995.340000 0.012334 
994.380000 0.009661 
993.410000 0.007889 
992.450000 0.006564 
991.480000 0.005243 
990.520000 0.003926 
989.550000 0.003488 
988.590000 0.002614 
987.630000 0.002177 
986.660000 0.001741 
985.700000 0.001305 
984.730000 0.000869 
983.770000 0.000869 
982.800000 0.000869 
981.840000 0.000435 
980.870000 0.000435 
979.910000 0.000435 
978.940000 0.000435 
977.980000 0.000435 
977.020000 0.000435 
976.050000 0.000435 
975.090000 0.000435 
974.120000 0.000435 
973.160000 0.000435 
972.190000 0.000435 
971.230000 0.000000 
970.260000 0.000435 
969.300000 0.000000 
968.340000 0.000000 
967.370000 0.000435 
966.410000 0.000435 
965.440000 0.000435 
964.480000 0.000435 
963.510000 0.000435 
962.550000 0.000435 
961.580000 0.000435 
960.620000 0.000435 
959.660000 0.000435 
958.690000 0.000435 
957.730000 0.000435 
956.760000 0.000435 
955.800000 0.000869 
954.830000 0.000869 
953.870000 0.000869 
952.900000 0.000869 
951.940000 0.000869 
950.970000 0.000869 
950.010000 0.001305 
949.050000 0.001305 
948.080000 0.001305 
947.120000 0.001305 
946.150000 0.001305 
945.190000 0.001305 
944.220000 0.001305 
943.260000 0.001741 
942.290000 0.001741 
941.330000 0.001741 
940.370000 0.001741 
939.400000 0.001741 
938.440000 0.002177 
937.470000 0.002177 
936.510000 0.002177 
935.540000 0.002177 
934.580000 0.002614 
933.610000 0.002177 
932.650000 0.002614 
931.680000 0.002614 
930.720000 0.002614 
929.760000 0.002614 
928.790000 0.003051 
927.830000 0.003051 
926.860000 0.003051 
925.900000 0.003488 
924.930000 0.003488 
923.970000 0.003488 
923.010000 0.003488 
922.040000 0.003926 
921.080000 0.003926 
920.110000 0.003926 
919.150000 0.003926 
918.180000 0.004365 
917.220000 0.004365 
916.250000 0.004365 
915.290000 0.004804 
914.330000 0.004804 
913.360000 0.004804 
912.400000 0.004804 
911.430000 0.005243 
910.470000 0.005243 
909.500000 0.005243 
908.540000 0.005683 
907.570000 0.005683 
906.610000 0.006123 
905.640000 0.006123 
904.680000 0.006123 
903.720000 0.006123 
902.750000 0.006123 
901.790000 0.006564 
900.820000 0.006564 
899.860000 0.007005 
898.890000 0.007005 
897.930000 0.007005 
896.960000 0.007005 
896.000000 0.007446 
895.030000 0.007446 
894.070000 0.007889 
893.110000 0.007889 
892.140000 0.007889 
891.180000 0.007889 
890.210000 0.008331 
889.250000 0.008331 
888.280000 0.008774 
887.320000 0.008774 
886.350000 0.008774 
885.390000 0.009217 
884.430000 0.009217 
883.460000 0.009217 
882.500000 0.009661 
881.530000 0.009661 
880.570000 0.010105 
879.600000 0.010105 
878.640000 0.010105 
877.670000 0.010550 
876.710000 0.010550 
875.750000 0.010995 
874.780000 0.010995 
873.820000 0.010995 
872.850000 0.010995 
871.890000 0.011441 
870.920000 0.011441 
869.960000 0.011441 
868.990000 0.011887 
868.030000 0.011887 
867.070000 0.012334 
866.100000 0.012334 
865.140000 0.012334 
864.170000 0.012781 
863.210000 0.012781 
862.240000 0.012781 
861.280000 0.013228 
860.310000 0.013228 
859.350000 0.013676 
858.380000 0.013676 
857.420000 0.013676 
856.460000 0.013676 
855.490000 0.013676 
854.530000 0.014125 
853.560000 0.014125 
852.600000 0.014574 
851.630000 0.014574 
850.670000 0.014574 
849.700000 0.015023 
848.740000 0.015023 
847.780000 0.015023 
846.810000 0.015473 
845.850000 0.015473 
844.880000 0.015473 
843.920000 0.015923 
842.950000 0.015923 
841.990000 0.015923 
841.020000 0.015923 
840.060000 0.016374 
839.100000 0.016374 
838.130000 0.016825 
837.170000 0.016374 
836.200000 0.016825 
835.240000 0.016825 
834.270000 0.017277 
833.310000 0.017277 
832.340000 0.017277 
831.380000 0.017277 
830.420000 0.017729 
829.450000 0.017729 
828.490000 0.017729 
827.520000 0.018181 
826.560000 0.018181 
825.590000 0.018181 
824.630000 0.018181 
823.660000 0.018634 
822.700000 0.018634 
821.730000 0.018634 
820.770000 0.019088 
819.810000 0.019088 
818.840000 0.019542 
817.880000 0.019088 
816.910000 0.019542 
815.950000 0.019542 
814.980000 0.019542 
814.020000 0.019997 
813.050000 0.019997 
812.090000 0.019997 
811.130000 0.019997 
810.160000 0.020452 
809.200000 0.020452 
808.230000 0.020452 
807.270000 0.020907 
806.300000 0.020907 
805.340000 0.020907 
804.370000 0.020907 
803.410000 0.021363 
802.450000 0.021363 
801.480000 0.021363 
800.520000 0.021819 
799.550000 0.021819 
798.590000 0.021819 
797.620000 0.021819 
796.660000 0.022276 
795.690000 0.022276 
794.730000 0.022276 
793.770000 0.022734 
792.800000 0.022734 
791.840000 0.022734 
790.870000 0.023192 
789.910000 0.023192 
788.940000 0.023192 
787.980000 0.023192 
787.010000 0.023650 
786.050000 0.023650 
785.090000 0.024109 
784.120000 0.024109 
783.160000 0.024109 
782.190000 0.024109 
781.230000 0.024109 
780.260000 0.024568 
779.300000 0.024568 
778.330000 0.025028 
777.370000 0.025028 
776.400000 0.025028 
775.440000 0.025028 
774.480000 0.025488 
773.510000 0.025488 
772.550000 0.025949 
771.580000 0.025949 
770.620000 0.025949 
769.650000 0.025949 
768.690000 0.025949 
767.720000 0.026410 
766.760000 0.026410 
765.790000 0.026410 
764.830000 0.026872 
763.870000 0.026872 
762.900000 0.026872 
761.940000 0.027334 
760.970000 0.027334 
760.010000 0.027334 
759.040000 0.027797 
758.080000 0.027797 
757.110000 0.027797 
756.150000 0.028260 
755.190000 0.028260 
754.220000 0.028260 
753.260000 0.028260 
752.290000 0.028724 
751.330000 0.028724 
750.360000 0.028724 
749.400000 0.029188 
748.430000 0.029188 
747.470000 0.029188 
746.510000 0.029188 
745.540000 0.029653 
744.580000 0.029653 
743.610000 0.029653 
742.650000 0.030118 
741.680000 0.030118 
740.720000 0.030118 
739.750000 0.030118 
738.790000 0.030584 
737.830000 0.030584 
736.860000 0.030584 
735.900000 0.031050 
734.930000 0.030584 
733.970000 0.030584 
733.000000 0.031050 
732.040000 0.031050 
731.070000 0.031517 
730.110000 0.031517 
729.150000 0.031517 
728.180000 0.031517 
727.220000 0.031517 
726.250000 0.031984 
725.290000 0.031984 
724.320000 0.031984 
723.360000 0.031984 
722.390000 0.031984 
721.430000 0.031984 
720.460000 0.032452 
719.500000 0.032452 
718.540000 0.032452 
717.570000 0.032452 
716.610000 0.032920 
715.640000 0.032920 
714.680000 0.032920 
713.710000 0.032920 
712.750000 0.032920 
711.780000 0.032920 
710.820000 0.032920 
709.850000 0.033389 
708.890000 0.033389 
707.930000 0.033389 
706.960000 0.033389 
706.000000 0.033389 
705.030000 0.033389 
704.070000 0.033389 
703.100000 0.033389 
702.140000 0.033858 
701.180000 0.033389 
700.210000 0.033389 
699.250000 0.033858 
698.280000 0.033858 
697.320000 0.033858 
696.350000 0.033389 
695.390000 0.033858 
694.420000 0.033858 
693.460000 0.033858 
692.490000 0.033389 
691.530000 0.033389 
690.570000 0.033389 
689.600000 0.033389 
688.640000 0.033389 
687.670000 0.033389 
686.710000 0.033389 
685.740000 0.032920 
684.780000 0.032920 
683.810000 0.032920 
682.850000 0.032920 
681.890000 0.032452 
680.920000 0.032920 
679.960000 0.032677 
678.990000 0.032489 
678.030000 0.032162 
677.060000 0.032087 
676.100000 0.031975 
675.130000 0.031592 
674.170000 0.031209 
673.210000 0.031097 
672.240000 0.030766 
671.280000 0.030635 
670.310000 0.030505 
669.350000 0.030142 
668.380000 0.030030 
667.420000 0.029900 
666.450000 0.029537 
665.490000 0.029156 
664.530000 0.029026 
663.560000 0.028627 
662.600000 0.028247 
661.630000 0.028098 
660.670000 0.027755 
659.700000 0.027358 
658.740000 0.027191 
657.770000 0.026794 
656.810000 0.026433 
655.840000 0.026267 
654.880000 0.025908 
653.920000 0.025516 
652.950000 0.025369 
651.990000 0.024991 
651.020000 0.024596 
650.060000 0.024201 
649.090000 0.023843 
648.130000 0.023696 
647.160000 0.023320 
646.200000 0.022926 
645.240000 0.022569 
644.270000 0.022194 
643.310000 0.022048 
642.340000 0.021655 
641.380000 0.021281 
640.410000 0.020907 
639.450000 0.020780 
638.480000 0.020374 
637.520000 0.020001 
636.550000 0.019628 
635.590000 0.019274 
634.630000 0.018902 
633.660000 0.018721 
632.700000 0.018349 
631.730000 0.017996 
630.770000 0.017643 
629.800000 0.017272 
628.840000 0.017128 
627.870000 0.017001 
626.910000 0.016441 
625.950000 0.016072 
624.980000 0.016153 
624.020000 0.015558 
623.050000 0.015225 
622.090000 0.014857 
621.120000 0.014731 
620.160000 0.014394 
619.190000 0.014322 
618.230000 0.013954 
617.270000 0.013847 
616.300000 0.013497 
615.340000 0.013407 
614.370000 0.013058 
613.410000 0.012933 
612.440000 0.012597 
611.480000 0.012285 
610.510000 0.011972 
609.550000 0.011950 
608.590000 0.011968 
607.620000 0.011530 
606.660000 0.011370 
605.690000 0.011245 
604.730000 0.010693 
603.760000 0.010621 
602.800000 0.010564 
601.830000 0.010199 
600.870000 0.010110 
599.900000 0.009781 
598.940000 0.009501 
597.980000 0.009377 
597.010000 0.009288 
596.050000 0.009200 
595.080000 0.008907 
594.120000 0.008814 
593.150000 0.008504 
592.190000 0.008415 
591.220000 0.008344 
590.260000 0.008048 
589.300000 0.007942 
588.330000 0.007650 
587.370000 0.007557 
586.400000 0.007283 
585.440000 0.007177 
584.470000 0.006886 
583.510000 0.006793 
582.540000 0.006758 
581.580000 0.006449 
580.620000 0.006374 
579.650000 0.006066 
578.690000 0.006216 
577.720000 0.005921 
576.760000 0.006070 
575.790000 0.005542 
574.830000 0.005467 
573.860000 0.005415 
572.900000 0.005124 
571.940000 0.005050 
570.970000 0.004760 
570.010000 0.004707 
569.040000 0.004632 
568.080000 0.004580 
567.110000 0.004492 
566.150000 0.004216 
565.180000 0.004163 
564.220000 0.004106 
563.260000 0.003799 
562.290000 0.003747 
561.330000 0.003672 
560.360000 0.003401 
559.400000 0.003331 
558.430000 0.003274 
557.470000 0.003221 
556.500000 0.003182 
555.540000 0.003112 
554.570000 0.003042 
553.610000 0.002767 
552.650000 0.002732 
551.680000 0.002439 
550.720000 0.002587 
549.750000 0.002312 
548.790000 0.002260 
547.820000 0.002225 
546.860000 0.001933 
545.890000 0.002116 
544.930000 0.001841 
543.960000 0.001806 
543.000000 0.001950 
542.040000 0.001680 
541.070000 0.001845 
540.110000 0.001806 
539.140000 0.001553 
538.180000 0.001497 
537.210000 0.001462 
536.250000 0.000987 
535.290000 0.001152 
534.320000 0.001514 
533.360000 0.001061 
532.390000 0.001240 
531.430000 0.001187 
530.460000 0.001131 
529.500000 0.001113 
528.530000 0.001091 
527.570000 0.000869 
526.600000 0.001070 
525.640000 0.001248 
524.680000 0.001013 
523.710000 0.000739 
522.750000 0.001087 
521.780000 0.000348 
520.820000 0.000926 
519.850000 0.000674 
518.890000 0.000400 
517.920000 0.000548 
516.960000 -0.000174 
516.000000 0.000239 
515.030000 0.000421 
514.070000 0.000148 
513.100000 0.000330 
512.140000 0.000074 
511.170000 0.000256 
510.210000 -0.000043 
509.240000 -0.000043 
508.280000 -0.000043 
507.310000 0.000013 
506.350000 0.000000 
505.390000 -0.000043 
504.420000 -0.000087 
503.460000 -0.000043 
502.490000 -0.000043 
501.530000 -0.000043 
500.560000 -0.000043 
499.600000 -0.000043 
498.640000 -0.000043 
497.670000 -0.000043 
496.710000 -0.000043 
495.740000 -0.000043 
494.780000 -0.000043 
493.810000 0.000000 
492.850000 0.000000 
491.880000 -0.000043 
490.920000 0.000000 
489.950000 -0.000043 
488.990000 -0.000043 
488.030000 -0.000043 
487.060000 0.000000 
486.100000 0.000000 
485.130000 -0.000043 
484.170000 -0.000043 
483.200000 0.000000 
482.240000 0.000004 
481.270000 -0.000043 
480.310000 0.000000 
479.350000 0.000000 
478.380000 0.000026 
477.420000 -0.000043 
476.450000 -0.000043 
475.490000 -0.000043 
474.520000 0.000043 
473.560000 0.000017 
472.590000 0.000022 
471.630000 0.000026 
470.670000 0.000100 
469.700000 0.000069 
468.740000 0.000009 
467.770000 -0.000043 
466.810000 0.000017 
465.840000 0.000056 
464.880000 0.000061 
463.910000 0.000030 
462.950000 0.000004 
461.980000 0.000074 
461.020000 0.000048 
460.060000 0.000087 
459.090000 0.000022 
458.130000 0.000061 
457.160000 0.000065 
456.200000 0.000139 
455.230000 0.000078 
454.270000 0.000117 
453.300000 0.000087 
452.340000 0.000126 
451.380000 0.000096 
450.410000 0.000069 
449.450000 0.000104 
448.480000 0.000113 
447.520000 0.000152 
446.550000 0.000122 
445.590000 0.000161 
444.620000 0.000130 
443.660000 0.000204 
442.700000 0.000109 
441.730000 0.000148 
440.770000 0.000083 
439.800000 0.000156 
438.840000 0.000161 
437.870000 0.000200 
436.910000 0.000135 
435.940000 0.000143 
434.980000 0.000148 
434.020000 0.000152 
433.050000 0.000156 
432.090000 0.000096 
431.120000 0.000165 
430.160000 0.000139 
429.190000 0.000209 
428.230000 0.000113 
427.260000 0.000152 
426.300000 0.000122 
425.330000 0.000195 
424.370000 0.000135 
423.410000 0.000139 
422.440000 0.000109 
421.480000 0.000148 
420.510000 0.000187 
419.550000 0.000126 
418.580000 0.000130 
417.620000 0.000100 
416.650000 0.000209 
415.690000 0.000143 
414.720000 0.000182 
413.760000 0.000052 
412.800000 0.000161 
411.830000 0.000130 
410.870000 0.000204 
409.900000 0.000069 
408.940000 0.000109 
407.970000 0.000117 
407.010000 0.000156 
406.050000 0.000126 
405.080000 0.000061 
404.120000 0.000135 
403.150000 0.000104 
402.190000 0.000178 
401.220000 0.000048 
400.260000 0.000122 
399.290000 0.000056 
398.330000 0.000165 
397.360000 0.000035 
396.400000 0.000109 
395.440000 0.000043 
394.470000 0.000117 
393.510000 0.000087 
392.540000 0.000091 
391.580000 0.000065 
390.610000 0.000035 
389.650000 0.000109 
388.680000 0.000078 
387.720000 0.000117 
386.760000 0.000000 
385.790000 0.000126 
384.830000 0.000030 
383.860000 0.000139 
382.900000 -0.000043 
381.930000 0.000078 
380.970000 0.000017 
380.000000 0.000122 
379.040000 0.000061 
378.080000 0.000030 
377.110000 0.000035 
376.150000 0.000043 
375.180000 0.000078 
374.220000 0.000000 
373.250000 0.000091 
372.290000 0.000000 
371.320000 0.000169 
370.360000 0.000004 
369.400000 0.000130 
368.430000 0.000000 
367.470000 0.000187 
366.500000 0.000078 
365.540000 0.000139 
364.570000 0.000030 
363.610000 0.000091 
362.640000 0.000152 
361.680000 0.000148 
360.710000 0.000174 
359.750000 0.000065 
358.790000 0.000261 
357.820000 0.000222 
356.860000 0.000382 
355.890000 0.000209 
354.930000 0.000404 
353.960000 0.000330 
353.000000 0.000595 
352.030000 0.000487 
351.070000 0.000613 
350.110000 0.000643 
349.140000 0.000804 
348.180000 0.000865 
347.210000 0.000926 
346.250000 0.001057 
345.280000 0.001048 
344.320000 0.001314 
343.350000 0.001240 
342.390000 0.001505 
341.420000 0.001396 
340.460000 0.001697 
339.500000 0.001688 
338.530000 0.001919 
337.570000 0.001810 
336.600000 0.002007 
335.640000 0.002072 
334.670000 0.002234 
333.710000 0.002260 
332.740000 0.002255 
331.780000 0.002417 
330.820000 0.002413 
329.850000 0.002574 
328.890000 0.002365 
327.920000 0.002526 
326.960000 0.002452 
325.990000 0.002718 
325.030000 0.002474 
324.060000 0.002601 
323.100000 0.002526 
322.140000 0.002692 
321.170000 0.002614 
320.210000 0.002609 
319.240000 0.002601 
318.280000 0.002526 
317.310000 0.002657 
316.350000 0.002513 
315.380000 0.002609 
314.420000 0.002330 
313.460000 0.002596 
312.490000 0.002417 
311.530000 0.002579 
310.560000 0.002234 
309.600000 0.002395 
308.630000 0.002321 
307.670000 0.002452 
306.700000 0.002238 
305.740000 0.002164 
304.770000 0.002260 
303.810000 0.002116 
302.850000 0.002077 
301.880000 0.001933 
300.920000 0.002199 
299.950000 0.002055 
298.990000 0.002251 
298.020000 0.001906 
297.060000 0.002103 
296.090000 0.001924 
295.130000 0.002090 
294.170000 0.001876 
293.200000 0.001972 
292.240000 0.001797 
291.270000 0.001584 
290.310000 0.001645 
289.340000 0.001776 
288.380000 0.001906 
287.410000 0.001658 
286.450000 0.001924 
285.480000 0.001715 
284.520000 0.001911 
283.560000 0.001531 
282.590000 0.001728 
281.630000 0.001549 
280.660000 0.001815 
279.700000 0.001536 
278.730000 0.001427 
277.770000 0.001453 
276.810000 0.001653 
275.840000 0.001645 
274.880000 0.001436 
273.910000 0.001632 
272.950000 0.001488 
271.980000 0.001754 
271.020000 0.001375 
270.050000 0.001606 
269.090000 0.001327 
268.120000 0.001623 
267.160000 0.001379 
266.200000 0.001510 
265.230000 0.001296 
264.270000 0.001327 
263.300000 0.001418 
262.340000 0.001449 
261.370000 0.001440 
260.410000 0.001231 
259.440000 0.001562 
258.480000 0.001388 
257.520000 0.001619 
256.550000 0.001270 
255.590000 0.001606 
254.620000 0.001292 
253.660000 0.001523 
252.690000 0.001279 
251.730000 0.001475 
250.760000 0.001431 
249.800000 0.001427 
248.840000 0.001248 
247.870000 0.001244 
246.910000 0.001540 
245.940000 0.001401 
244.980000 0.001767 
244.010000 0.001418 
243.050000 0.001649 
242.080000 0.001335 
241.120000 0.001671 
240.150000 0.001427 
239.190000 0.001693 
238.230000 0.001444 
237.260000 0.001680 
236.300000 0.001636 
235.330000 0.001632 
234.370000 0.001588 
233.400000 0.001414 
232.440000 0.001745 
231.480000 0.001571 
230.510000 0.001802 
229.550000 0.001418 
228.580000 0.001784 
227.620000 0.001475 
226.650000 0.001741 
225.690000 0.001392 
224.720000 0.001723 
223.760000 0.001684 
222.790000 0.001780 
221.830000 0.001706 
220.870000 0.001697 
219.900000 0.001863 
218.940000 0.001719 
217.970000 0.001915 
217.010000 0.001671 
216.040000 0.001972 
215.080000 0.001658 
214.110000 0.001989 
213.150000 0.001780 
212.180000 0.002111 
211.220000 0.001832 
210.260000 0.001998 
209.290000 0.001989 
208.330000 0.002085 
207.360000 0.001976 
206.400000 0.001797 
205.430000 0.002168 
204.470000 0.002125 
203.500000 0.002426 
202.540000 0.002011 
201.580000 0.002413 
200.610000 0.002203 
199.650000 0.002535 
198.680000 0.002120 
197.720000 0.002386 
196.750000 0.002378 
195.790000 0.002574 
194.820000 0.002465 
193.860000 0.002461 
192.900000 0.002657 
191.930000 0.002583 
190.970000 0.002780 
190.000000 0.002635 
189.040000 0.002972 
188.070000 0.002828 
187.110000 0.003230 
186.140000 0.003055 
185.180000 0.003353 
184.220000 0.003108 
183.250000 0.003309 
182.290000 0.003401 
181.320000 0.003462 
180.360000 0.003528 
179.390000 0.003620 
178.430000 0.003681 
177.460000 0.003742 
176.500000 0.004010 
175.530000 0.003729 
174.570000 0.004203 
173.610000 0.004093 
172.640000 0.004431 
171.680000 0.004115 
170.710000 0.004176 
169.750000 0.004308 
168.780000 0.004812 
167.820000 0.004808 
166.850000 0.004764 
165.890000 0.005032 
164.930000 0.004993 
163.960000 0.005397 
163.000000 0.005217 
162.030000 0.005590 
161.070000 0.005410 
160.100000 0.005885 
159.140000 0.005670 
158.170000 0.005837 
157.210000 0.005656 
156.240000 0.006132 
155.280000 0.006229 
154.320000 0.006154 
153.350000 0.005903 
152.390000 0.006000 
151.420000 0.006546 
150.460000 0.006471 
149.490000 0.006533 
148.530000 0.006251 
147.570000 0.006793 
146.600000 0.006612 
145.640000 0.006881 
144.670000 0.006498 
143.710000 0.006767 
142.740000 0.006656 
141.780000 0.006820 
140.810000 0.006674 
139.850000 0.006498 
138.880000 0.006595 
137.920000 0.006621 
136.960000 0.006855 
135.990000 0.006502 
135.030000 0.006736 
134.060000 0.006282 
133.100000 0.006687 
132.130000 0.006546 
131.170000 0.006639 
130.200000 0.006083 
129.240000 0.006418 
128.280000 0.006308 
127.310000 0.006167 
126.350000 0.005916 
125.380000 0.006048 
124.420000 0.006352 
123.450000 0.006242 
122.490000 0.006304 
121.520000 0.005608 
120.560000 0.005978 
119.590000 0.005696 
118.630000 0.005965 
117.670000 0.005375 
116.700000 0.005678 
115.740000 0.005397 
114.770000 0.005524 
113.810000 0.005173 
112.840000 0.005168 
111.880000 0.005195 
110.910000 0.004949 
109.950000 0.005010 
108.990000 0.004729 
108.020000 0.004690 
107.060000 0.004611 
106.090000 0.004536 
105.130000 0.004461 
104.160000 0.004387 
103.200000 0.004312 
102.240000 0.004268 
101.270000 0.003817 
100.310000 0.003913 
99.341000 0.003769 
98.377000 0.003830 
97.412000 0.003926 
96.448000 0.003716 
95.483000 0.003878 
94.519000 0.003462 
93.554000 0.003729 
92.590000 0.003344 
91.625000 0.003747 
90.661000 0.002955 
89.696000 0.002880 
88.732000 0.002906 
87.767000 0.003309 
86.803000 0.002893 
85.838000 0.002955 
84.874000 0.002775 
83.909000 0.002666 
82.945000 0.002627 
81.980000 0.002312 
81.016000 0.002749 
80.051000 0.002024 
79.087000 0.002020 
78.122000 0.001841 
77.158000 0.002212 
76.193000 0.001623 
75.229000 0.001889 
74.264000 0.001575 
73.300000 0.001671 
72.335000 0.001562 
71.371000 0.001418 
70.406000 0.001039 
69.442000 0.000317 
68.478000 0.000548 
67.514000 0.000848 
66.549000 0.001248 
65.585000 0.000461 
64.620000 0.000691 
63.656000 0.000448 
62.691000 0.000708 
61.727000 0.000026 
60.762000 0.000495 
59.798000 0.000113 
58.833000 0.000278 
57.869000 0.000200 
56.904000 0.000130 
55.940000 0.000156 
54.975000 -0.000174 
54.011000 -0.000087 
53.046000 -0.000347 
52.082000 -0.000130 
51.117000 -0.000651 
50.153000 -0.000304 
