3699.700000 0.000435 
3698.799867 0.000435 
3697.899733 0.000435 
3696.999600 0.000435 
3696.099466 0.000435 
3695.199333 0.000435 
3694.299200 0.000435 
3693.399066 0.000435 
3692.498933 0.000869 
3691.598800 0.000520 
3690.698666 0.000520 
3689.798533 0.000869 
3688.898399 0.000869 
3687.998266 0.000694 
3687.098133 0.000435 
3686.197999 0.000437 
3685.297866 0.000869 
3684.397733 0.000869 
3683.497599 0.000869 
3682.597466 0.000869 
3681.697332 0.000435 
3680.797199 0.000435 
3679.897066 0.000435 
3678.996932 0.000435 
3678.096799 0.000435 
3677.196666 0.000435 
3676.296532 0.000869 
3675.396399 0.000435 
3674.496265 0.000435 
3673.596132 0.000435 
3672.695999 0.000435 
3671.795865 0.000866 
3670.895732 0.000435 
3669.995599 0.000435 
3669.095465 0.000435 
3668.195332 0.000435 
3667.295198 0.000435 
3666.395065 0.000435 
3665.494932 0.000435 
3664.594798 0.000082 
3663.694665 0.000435 
3662.794532 0.000435 
3661.894398 0.000435 
3660.994265 0.000435 
3660.094131 0.000435 
3659.193998 0.000435 
3658.293865 0.000435 
3657.393731 0.000435 
3656.493598 0.000435 
3655.593464 0.000435 
3654.693331 0.000435 
3653.793198 0.000435 
3652.893064 0.000435 
3651.992931 0.000435 
3651.092798 0.000435 
3650.192664 0.000435 
3649.292531 0.000435 
3648.392397 0.000435 
3647.492264 0.000435 
3646.592131 0.000435 
3645.691997 0.000435 
3644.791864 0.000435 
3643.891731 0.000435 
3642.991597 0.000435 
3642.091464 0.000435 
3641.191330 0.000435 
3640.291197 0.000435 
3639.391064 0.000435 
3638.490930 0.000435 
3637.590797 0.000435 
3636.690664 0.000435 
3635.790530 0.000435 
3634.890397 0.000435 
3633.990263 0.000435 
3633.090130 0.000435 
3632.189997 0.000435 
3631.289863 0.000435 
3630.389730 0.000435 
3629.489597 0.000435 
3628.589463 0.000435 
3627.689330 0.000435 
3626.789196 0.000435 
3625.889063 0.000435 
3624.988930 0.000435 
3624.088796 0.000435 
3623.188663 0.000435 
3622.288530 0.000435 
3621.388396 0.000435 
3620.488263 0.000435 
3619.588129 0.000435 
3618.687996 0.000435 
3617.787863 0.000435 
3616.887729 0.000435 
3615.987596 0.000435 
3615.087462 0.000435 
3614.187329 0.000435 
3613.287196 0.000435 
3612.387062 0.000435 
3611.486929 0.000435 
3610.586796 0.000435 
3609.686662 0.000435 
3608.786529 0.000435 
3607.886395 0.000435 
3606.986262 0.000435 
3606.086129 0.000435 
3605.185995 0.000435 
3604.285862 0.000435 
3603.385729 0.000435 
3602.485595 0.000435 
3601.585462 0.000435 
3600.685328 0.000435 
3599.785195 0.000435 
3598.885062 0.000435 
3597.984928 0.000435 
3597.084795 0.000435 
3596.184662 0.000435 
3595.284528 0.000435 
3594.384395 0.000435 
3593.484261 0.000435 
3592.584128 0.000435 
3591.683995 0.000435 
3590.783861 0.000435 
3589.883728 0.000435 
3588.983595 0.000435 
3588.083461 0.000435 
3587.183328 0.000435 
3586.283194 0.000435 
3585.383061 0.000435 
3584.482928 0.000435 
3583.582794 0.000435 
3582.682661 0.000435 
3581.782528 0.000435 
3580.882394 0.000435 
3579.982261 0.000435 
3579.082127 0.000435 
3578.181994 0.000435 
3577.281861 0.000435 
3576.381727 0.000435 
3575.481594 0.000435 
3574.581460 0.000435 
3573.681327 0.000435 
3572.781194 0.000435 
3571.881060 0.000435 
3570.980927 0.000435 
3570.080794 0.000435 
3569.180660 0.000435 
3568.280527 0.000435 
3567.380393 0.000435 
3566.480260 0.000435 
3565.580127 0.000435 
3564.679993 0.000435 
3563.779860 0.000435 
3562.879727 0.000435 
3561.979593 0.000435 
3561.079460 0.000435 
3560.179326 0.000435 
3559.279193 0.000435 
3558.379060 0.000435 
3557.478926 0.000435 
3556.578793 0.000435 
3555.678660 0.000435 
3554.778526 0.000435 
3553.878393 0.000435 
3552.978259 0.000435 
3552.078126 0.000435 
3551.177993 0.000435 
3550.277859 0.000435 
3549.377726 0.000435 
3548.477593 0.000435 
3547.577459 0.000435 
3546.677326 0.000435 
3545.777192 0.000435 
3544.877059 0.000435 
3543.976926 0.000435 
3543.076792 0.000435 
3542.176659 0.000435 
3541.276526 0.000435 
3540.376392 0.000435 
3539.476259 0.000569 
3538.576125 0.000762 
3537.675992 0.000435 
3536.775859 0.000435 
3535.875725 0.000435 
3534.975592 0.000435 
3534.075458 0.000435 
3533.175325 0.000435 
3532.275192 0.000435 
3531.375058 0.000462 
3530.474925 0.000435 
3529.574792 0.000435 
3528.674658 0.000435 
3527.774525 0.000435 
3526.874391 0.000435 
3525.974258 0.000435 
3525.074125 0.000869 
3524.173991 0.000435 
3523.273858 0.000435 
3522.373725 0.000435 
3521.473591 0.000435 
3520.573458 0.000435 
3519.673324 0.000435 
3518.773191 0.000435 
3517.873058 0.000435 
3516.972924 0.000846 
3516.072791 0.000435 
3515.172658 0.000435 
3514.272524 0.000435 
3513.372391 0.000435 
3512.472257 0.000435 
3511.572124 0.000435 
3510.671991 0.000435 
3509.771857 0.000435 
3508.871724 0.000435 
3507.971591 0.000435 
3507.071457 0.000435 
3506.171324 0.000435 
3505.271190 0.000547 
3504.371057 0.000435 
3503.470924 0.000435 
3502.570790 0.000435 
3501.670657 0.000869 
3500.770524 0.000435 
3499.870390 0.000435 
3498.970257 0.000435 
3498.070123 0.000435 
3497.169990 0.000435 
3496.269857 0.000435 
3495.369723 0.000794 
3494.469590 0.000582 
3493.569456 0.000435 
3492.669323 0.000435 
3491.769190 0.000435 
3490.869056 0.000435 
3489.968923 0.000435 
3489.068790 0.000435 
3488.168656 0.000435 
3487.268523 0.000435 
3486.368389 0.000435 
3485.468256 0.000435 
3484.568123 0.000435 
3483.667989 0.000435 
3482.767856 0.000435 
3481.867723 0.000435 
3480.967589 0.000435 
3480.067456 0.000667 
3479.167322 0.000435 
3478.267189 0.000435 
3477.367056 0.000435 
3476.466922 0.000435 
3475.566789 0.000435 
3474.666656 0.000435 
3473.766522 0.000435 
3472.866389 0.000435 
3471.966255 0.000435 
3471.066122 0.000435 
3470.165989 0.000435 
3469.265855 0.000435 
3468.365722 0.000435 
3467.465589 0.000435 
3466.565455 0.000435 
3465.665322 0.000435 
3464.765188 0.000435 
3463.865055 0.000839 
3462.964922 0.000435 
3462.064788 0.000435 
3461.164655 0.000435 
3460.264522 0.000435 
3459.364388 0.000435 
3458.464255 0.000435 
3457.564121 0.000435 
3456.663988 0.000435 
3455.763855 0.000435 
3454.863721 0.000435 
3453.963588 0.000435 
3453.063454 0.000435 
3452.163321 0.000435 
3451.263188 0.000435 
3450.363054 0.000837 
3449.462921 0.000435 
3448.562788 0.000435 
3447.662654 0.000435 
3446.762521 0.000435 
3445.862387 0.000435 
3444.962254 0.000435 
3444.062121 0.000476 
3443.161987 0.000435 
3442.261854 0.000435 
3441.361721 0.000435 
3440.461587 0.000435 
3439.561454 0.000435 
3438.661320 0.000585 
3437.761187 0.000435 
3436.861054 0.000435 
3435.960920 0.000435 
3435.060787 0.000435 
3434.160654 0.000435 
3433.260520 0.000435 
3432.360387 0.000435 
3431.460253 0.000869 
3430.560120 0.000435 
3429.659987 0.000469 
3428.759853 0.000487 
3427.859720 0.000805 
3426.959587 0.000573 
3426.059453 0.000435 
3425.159320 0.000587 
3424.259186 0.000435 
3423.359053 0.000435 
3422.458920 0.000818 
3421.558786 0.000435 
3420.658653 0.000435 
3419.758520 0.000697 
3418.858386 0.000659 
3417.958253 0.000869 
3417.058119 0.000480 
3416.157986 0.000869 
3415.257853 0.000485 
3414.357719 0.000869 
3413.457586 0.000435 
3412.557452 0.000435 
3411.657319 0.000435 
3410.757186 0.000435 
3409.857052 0.000435 
3408.956919 0.000435 
3408.056786 0.000435 
3407.156652 0.000435 
3406.256519 0.000435 
3405.356385 0.000435 
3404.456252 0.000744 
3403.556119 0.000435 
3402.655985 0.000435 
3401.755852 0.000435 
3400.855719 0.000435 
3399.955585 0.000435 
3399.055452 0.000435 
3398.155318 0.000869 
3397.255185 0.000743 
3396.355052 0.000435 
3395.454918 0.000822 
3394.554785 0.000435 
3393.654652 0.000735 
3392.754518 0.000869 
3391.854385 0.000435 
3390.954251 0.000435 
3390.054118 0.000869 
3389.153985 0.000829 
3388.253851 0.000435 
3387.353718 0.000568 
3386.453585 0.000435 
3385.553451 0.000649 
3384.653318 0.000710 
3383.753184 0.000435 
3382.853051 0.000869 
3381.952918 0.000869 
3381.052784 0.000480 
3380.152651 0.000869 
3379.252518 0.000435 
3378.352384 0.000435 
3377.452251 0.000435 
3376.552117 0.000435 
3375.651984 0.000476 
3374.751851 0.000480 
3373.851717 0.000869 
3372.951584 0.000869 
3372.051450 0.000869 
3371.151317 0.000869 
3370.251184 0.000869 
3369.351050 0.000477 
3368.450917 0.000869 
3367.550784 0.000869 
3366.650650 0.000869 
3365.750517 0.000869 
3364.850383 0.000869 
3363.950250 0.000869 
3363.050117 0.000869 
3362.149983 0.000869 
3361.249850 0.000869 
3360.349717 0.000869 
3359.449583 0.000869 
3358.549450 0.000869 
3357.649316 0.000869 
3356.749183 0.000869 
3355.849050 0.000869 
3354.948916 0.000869 
3354.048783 0.000869 
3353.148650 0.000869 
3352.248516 0.000869 
3351.348383 0.000869 
3350.448249 0.000869 
3349.548116 0.000869 
3348.647983 0.000869 
3347.747849 0.000869 
3346.847716 0.000563 
3345.947583 0.000869 
3345.047449 0.000869 
3344.147316 0.000869 
3343.247182 0.000869 
3342.347049 0.000869 
3341.446916 0.000869 
3340.546782 0.000869 
3339.646649 0.000869 
3338.746516 0.000869 
3337.846382 0.000869 
3336.946249 0.000869 
3336.046115 0.000869 
3335.145982 0.000869 
3334.245849 0.000869 
3333.345715 0.000869 
3332.445582 0.000869 
3331.545448 0.000869 
3330.645315 0.000869 
3329.745182 0.000869 
3328.845048 0.000869 
3327.944915 0.000869 
3327.044782 0.000869 
3326.144648 0.000869 
3325.244515 0.000869 
3324.344381 0.000869 
3323.444248 0.000869 
3322.544115 0.000869 
3321.643981 0.000869 
3320.743848 0.000869 
3319.843715 0.000869 
3318.943581 0.000869 
3318.043448 0.000869 
3317.143314 0.000869 
3316.243181 0.000869 
3315.343048 0.000869 
3314.442914 0.000869 
3313.542781 0.000869 
3312.642648 0.000869 
3311.742514 0.000869 
3310.842381 0.000869 
3309.942247 0.000869 
3309.042114 0.000869 
3308.141981 0.000869 
3307.241847 0.000869 
3306.341714 0.000869 
3305.441581 0.000869 
3304.541447 0.000869 
3303.641314 0.000869 
3302.741180 0.000869 
3301.841047 0.000869 
3300.940914 0.000869 
3300.040780 0.000869 
3299.140647 0.000869 
3298.240514 0.000869 
3297.340380 0.000869 
3296.440247 0.000869 
3295.540113 0.000869 
3294.639980 0.000869 
3293.739847 0.000869 
3292.839713 0.000869 
3291.939580 0.000869 
3291.039446 0.000869 
3290.139313 0.000869 
3289.239180 0.000869 
3288.339046 0.000869 
3287.438913 0.000869 
3286.538780 0.000869 
3285.638646 0.000869 
3284.738513 0.000869 
3283.838379 0.000869 
3282.938246 0.000869 
3282.038113 0.000869 
3281.137979 0.000869 
3280.237846 0.000869 
3279.337713 0.000869 
3278.437579 0.000869 
3277.537446 0.000869 
3276.637312 0.000869 
3275.737179 0.000869 
3274.837046 0.000869 
3273.936912 0.000869 
3273.036779 0.000869 
3272.136646 0.000869 
3271.236512 0.000869 
3270.336379 0.000869 
3269.436245 0.000869 
3268.536112 0.000869 
3267.635979 0.000869 
3266.735845 0.000869 
3265.835712 0.000869 
3264.935579 0.000869 
3264.035445 0.000869 
3263.135312 0.000869 
3262.235178 0.000869 
3261.335045 0.000869 
3260.434912 0.000869 
3259.534778 0.000869 
3258.634645 0.000869 
3257.734512 0.001071 
3256.834378 0.000869 
3255.934245 0.000869 
3255.034111 0.000869 
3254.133978 0.000869 
3253.233845 0.001300 
3252.333711 0.000869 
3251.433578 0.000869 
3250.533444 0.000869 
3249.633311 0.001300 
3248.733178 0.001300 
3247.833044 0.001242 
3246.932911 0.000869 
3246.032778 0.000869 
3245.132644 0.001186 
3244.232511 0.001070 
3243.332377 0.001050 
3242.432244 0.000869 
3241.532111 0.001300 
3240.631977 0.000897 
3239.731844 0.001273 
3238.831711 0.001300 
3237.931577 0.001158 
3237.031444 0.001300 
3236.131310 0.001300 
3235.231177 0.001300 
3234.331044 0.001241 
3233.430910 0.000869 
3232.530777 0.001300 
3231.630644 0.001188 
3230.730510 0.001300 
3229.830377 0.001300 
3228.930243 0.001300 
3228.030110 0.001300 
3227.129977 0.001300 
3226.229843 0.001300 
3225.329710 0.000981 
3224.429577 0.001300 
3223.529443 0.001300 
3222.629310 0.001300 
3221.729176 0.001300 
3220.829043 0.001300 
3219.928910 0.001300 
3219.028776 0.001300 
3218.128643 0.001300 
3217.228510 0.001300 
3216.328376 0.001300 
3215.428243 0.001300 
3214.528109 0.001300 
3213.627976 0.001300 
3212.727843 0.001300 
3211.827709 0.001300 
3210.927576 0.001300 
3210.027442 0.001300 
3209.127309 0.001300 
3208.227176 0.001300 
3207.327042 0.001300 
3206.426909 0.001300 
3205.526776 0.001300 
3204.626642 0.001300 
3203.726509 0.001300 
3202.826375 0.001300 
3201.926242 0.001300 
3201.026109 0.001300 
3200.125975 0.001300 
3199.225842 0.001300 
3198.325709 0.001300 
3197.425575 0.001300 
3196.525442 0.001300 
3195.625308 0.001300 
3194.725175 0.001300 
3193.825042 0.001300 
3192.924908 0.001300 
3192.024775 0.001300 
3191.124642 0.001300 
3190.224508 0.001300 
3189.324375 0.001300 
3188.424241 0.001300 
3187.524108 0.001300 
3186.623975 0.001300 
3185.723841 0.001300 
3184.823708 0.001300 
3183.923575 0.001300 
3183.023441 0.001300 
3182.123308 0.001300 
3181.223174 0.001300 
3180.323041 0.001300 
3179.422908 0.001300 
3178.522774 0.001300 
3177.622641 0.001632 
3176.722508 0.001300 
3175.822374 0.001740 
3174.922241 0.001300 
3174.022107 0.001300 
3173.121974 0.001300 
3172.221841 0.001740 
3171.321707 0.001300 
3170.421574 0.001495 
3169.521440 0.001545 
3168.621307 0.001583 
3167.721174 0.001369 
3166.821040 0.001671 
3165.920907 0.001300 
3165.020774 0.001634 
3164.120640 0.001740 
3163.220507 0.001546 
3162.320373 0.001740 
3161.420240 0.001740 
3160.520107 0.001740 
3159.619973 0.001740 
3158.719840 0.001740 
3157.819707 0.001740 
3156.919573 0.001740 
3156.019440 0.001740 
3155.119306 0.001740 
3154.219173 0.001740 
3153.319040 0.001740 
3152.418906 0.001740 
3151.518773 0.001740 
3150.618640 0.001740 
3149.718506 0.001740 
3148.818373 0.001740 
3147.918239 0.001740 
3147.018106 0.001740 
3146.117973 0.001740 
3145.217839 0.001740 
3144.317706 0.001740 
3143.417573 0.001740 
3142.517439 0.001941 
3141.617306 0.002019 
3140.717172 0.002107 
3139.817039 0.002180 
3138.916906 0.001755 
3138.016772 0.002077 
3137.116639 0.002180 
3136.216506 0.002180 
3135.316372 0.002180 
3134.416239 0.002180 
3133.516105 0.002180 
3132.615972 0.002180 
3131.715839 0.002180 
3130.815705 0.002180 
3129.915572 0.002180 
3129.015438 0.002180 
3128.115305 0.002180 
3127.215172 0.002180 
3126.315038 0.002180 
3125.414905 0.002597 
3124.514772 0.002610 
3123.614638 0.002303 
3122.714505 0.002610 
3121.814371 0.002610 
3120.914238 0.002610 
3120.014105 0.002610 
3119.113971 0.002610 
3118.213838 0.002610 
3117.313705 0.002610 
3116.413571 0.002610 
3115.513438 0.002610 
3114.613304 0.002610 
3113.713171 0.002610 
3112.813038 0.002610 
3111.912904 0.002610 
3111.012771 0.002610 
3110.112638 0.002926 
3109.212504 0.002797 
3108.312371 0.002610 
3107.412237 0.003050 
3106.512104 0.003050 
3105.611971 0.003050 
3104.711837 0.003050 
3103.811704 0.003050 
3102.911571 0.003050 
3102.011437 0.003050 
3101.111304 0.003050 
3100.211170 0.003050 
3099.311037 0.003050 
3098.410904 0.003050 
3097.510770 0.003050 
3096.610637 0.003050 
3095.710504 0.003305 
3094.810370 0.003490 
3093.910237 0.003149 
3093.010103 0.003490 
3092.109970 0.003490 
3091.209837 0.003490 
3090.309703 0.003490 
3089.409570 0.003490 
3088.509436 0.003490 
3087.609303 0.003930 
3086.709170 0.003570 
3085.809036 0.003930 
3084.908903 0.003930 
3084.008770 0.003930 
3083.108636 0.003930 
3082.208503 0.003930 
3081.308369 0.004360 
3080.408236 0.004360 
3079.508103 0.004360 
3078.607969 0.004360 
3077.707836 0.004360 
3076.807703 0.004705 
3075.907569 0.004800 
3075.007436 0.004800 
3074.107302 0.004970 
3073.207169 0.004882 
3072.307036 0.005240 
3071.406902 0.005240 
3070.506769 0.005680 
3069.606636 0.005680 
3068.706502 0.005938 
3067.806369 0.006120 
3066.906235 0.006120 
3066.006102 0.006203 
3065.105969 0.006560 
3064.205835 0.006907 
3063.305702 0.007000 
3062.405569 0.007000 
3061.505435 0.007450 
3060.605302 0.007450 
3059.705168 0.007450 
3058.805035 0.007450 
3057.904902 0.007450 
3057.004768 0.007450 
3056.104635 0.007450 
3055.204502 0.007450 
3054.304368 0.007000 
3053.404235 0.007000 
3052.504101 0.007000 
3051.603968 0.006563 
3050.703835 0.006560 
3049.803701 0.006560 
3048.903568 0.006120 
3048.003434 0.006120 
3047.103301 0.006120 
3046.203168 0.006035 
3045.303034 0.005680 
3044.402901 0.005680 
3043.502768 0.005680 
3042.602634 0.005680 
3041.702501 0.005680 
3040.802367 0.006120 
3039.902234 0.005680 
3039.002101 0.006120 
3038.101967 0.006120 
3037.201834 0.006120 
3036.301701 0.006471 
3035.401567 0.006560 
3034.501434 0.007000 
3033.601300 0.007625 
3032.701167 0.007977 
3031.801034 0.008769 
3030.900900 0.010108 
3030.000767 0.011261 
3029.100634 0.013138 
3028.200500 0.015379 
3027.300367 0.016550 
3026.400233 0.016730 
3025.500100 0.016280 
3024.599967 0.016370 
3023.699833 0.018637 
3022.799700 0.026231 
3021.899567 0.041472 
3020.999433 0.049439 
3020.099300 0.040192 
3019.199166 0.031980 
3018.299033 0.025488 
3017.398900 0.025033 
3016.498766 0.028264 
3015.598633 0.034813 
3014.698499 0.047242 
3013.798366 0.066416 
3012.898233 0.100817 
3011.998099 0.150968 
3011.097966 0.214895 
3010.197833 0.319561 
3009.297699 0.374264 
3008.397566 0.260560 
3007.497432 0.131944 
3006.597299 0.070666 
3005.697166 0.049117 
3004.797032 0.037124 
3003.896899 0.025464 
3002.996766 0.019529 
3002.096632 0.017001 
3001.196499 0.015374 
3000.296365 0.013130 
2999.396232 0.010181 
2998.496099 0.007265 
2997.595965 0.005676 
2996.695832 0.004884 
2995.795699 0.003930 
2994.895565 0.003222 
2993.995432 0.002610 
2993.095298 0.002180 
2992.195165 0.001740 
2991.295032 0.001736 
2990.394898 0.001300 
2989.494765 0.000951 
2988.594632 0.000869 
2987.694498 0.000869 
2986.794365 0.000869 
2985.894231 0.000869 
2984.994098 0.000527 
2984.093965 0.000864 
2983.193831 0.000435 
2982.293698 0.000435 
2981.393565 0.000435 
2980.493431 0.000435 
2979.593298 0.000435 
2978.693164 0.000435 
2977.793031 0.000435 
2976.892898 0.000006 
2975.992764 0.000435 
2975.092631 0.000000 
2974.192497 0.000225 
2973.292364 0.000000 
2972.392231 0.000000 
2971.492097 0.000435 
2970.591964 0.000000 
2969.691831 0.000000 
2968.791697 0.000000 
2967.891564 0.000000 
2966.991430 0.000000 
2966.091297 0.000000 
2965.191164 0.000095 
2964.291030 0.000000 
2963.390897 0.000000 
2962.490764 0.000356 
2961.590630 0.000000 
2960.690497 0.000000 
2959.790363 0.000000 
2958.890230 0.000000 
2957.990097 0.000096 
2957.089963 0.000426 
2956.189830 0.000000 
2955.289697 0.000000 
2954.389563 0.000000 
2953.489430 0.000000 
2952.589296 0.000000 
2951.689163 0.000000 
2950.789030 0.000000 
2949.888896 0.000000 
2948.988763 0.000000 
2948.088630 0.000000 
2947.188496 0.000000 
2946.288363 0.000000 
2945.388229 0.000000 
2944.488096 0.000000 
2943.587963 0.000000 
2942.687829 0.000000 
2941.787696 0.000000 
2940.887563 0.000000 
2939.987429 0.000000 
2939.087296 0.000122 
2938.187162 0.000336 
2937.287029 0.000000 
2936.386896 0.000000 
2935.486762 0.000000 
2934.586629 0.000000 
2933.686495 0.000000 
2932.786362 0.000000 
2931.886229 0.000000 
2930.986095 0.000000 
2930.085962 0.000012 
2929.185829 0.000075 
2928.285695 0.000093 
2927.385562 0.000273 
2926.485428 0.000000 
2925.585295 0.000310 
2924.685162 0.000000 
2923.785028 0.000000 
2922.884895 0.000361 
2921.984762 0.000074 
2921.084628 0.000000 
2920.184495 0.000435 
2919.284361 0.000247 
2918.384228 0.000435 
2917.484095 0.000435 
2916.583961 0.000435 
2915.683828 0.000435 
2914.783695 0.000435 
2913.883561 0.000435 
2912.983428 0.000435 
2912.083294 0.000435 
2911.183161 0.000435 
2910.283028 0.000435 
2909.382894 0.000435 
2908.482761 0.000435 
2907.582628 0.000435 
2906.682494 0.000435 
2905.782361 0.000435 
2904.882227 0.000435 
2903.982094 0.000435 
2903.081961 0.000435 
2902.181827 0.000435 
2901.281694 0.000435 
2900.381561 0.000435 
2899.481427 0.000435 
2898.581294 0.000435 
2897.681160 0.000435 
2896.781027 0.000435 
2895.880894 0.000435 
2894.980760 0.000435 
2894.080627 0.000435 
2893.180493 0.000435 
2892.280360 0.000435 
2891.380227 0.000435 
2890.480093 0.000435 
2889.579960 0.000435 
2888.679827 0.000435 
2887.779693 0.000435 
2886.879560 0.000435 
2885.979426 0.000678 
2885.079293 0.000435 
2884.179160 0.000435 
2883.279026 0.000435 
2882.378893 0.000801 
2881.478760 0.000801 
2880.578626 0.000435 
2879.678493 0.000627 
2878.778359 0.000627 
2877.878226 0.000435 
2876.978093 0.000435 
2876.077959 0.000869 
2875.177826 0.000869 
2874.277693 0.000435 
2873.377559 0.000715 
2872.477426 0.000628 
2871.577292 0.000869 
2870.677159 0.000869 
2869.777026 0.000869 
2868.876892 0.000869 
2867.976759 0.000869 
2867.076626 0.000869 
2866.176492 0.000869 
2865.276359 0.000869 
2864.376225 0.000869 
2863.476092 0.000869 
2862.575959 0.000869 
2861.675825 0.000869 
2860.775692 0.000869 
2859.875559 0.000869 
2858.975425 0.000869 
2858.075292 0.000869 
2857.175158 0.000869 
2856.275025 0.000869 
2855.374892 0.000869 
2854.474758 0.000869 
2853.574625 0.000869 
2852.674491 0.000869 
2851.774358 0.000869 
2850.874225 0.000869 
2849.974091 0.000869 
2849.073958 0.000869 
2848.173825 0.000869 
2847.273691 0.000869 
2846.373558 0.000869 
2845.473424 0.000869 
2844.573291 0.000869 
2843.673158 0.000869 
2842.773024 0.000869 
2841.872891 0.000869 
2840.972758 0.000869 
2840.072624 0.000869 
2839.172491 0.000869 
2838.272357 0.000869 
2837.372224 0.000869 
2836.472091 0.000893 
2835.571957 0.001300 
2834.671824 0.001300 
2833.771691 0.001300 
2832.871557 0.001300 
2831.971424 0.001300 
2831.071290 0.001740 
2830.171157 0.001740 
2829.271024 0.001740 
2828.370890 0.001740 
2827.470757 0.001740 
2826.570624 0.002180 
2825.670490 0.002180 
2824.770357 0.002377 
2823.870223 0.002180 
2822.970090 0.002180 
2822.069957 0.002180 
2821.169823 0.002550 
2820.269690 0.002610 
2819.369557 0.002863 
2818.469423 0.003693 
2817.569290 0.005030 
2816.669156 0.007118 
2815.769023 0.007450 
2814.868890 0.007062 
2813.968756 0.005756 
2813.068623 0.003783 
2812.168489 0.002846 
2811.268356 0.001976 
2810.368223 0.001624 
2809.468089 0.001300 
2808.567956 0.000897 
2807.667823 0.001300 
2806.767689 0.000869 
2805.867556 0.000869 
2804.967422 0.000869 
2804.067289 0.000754 
2803.167156 0.000550 
2802.267022 0.000435 
2801.366889 0.000435 
2800.466756 0.000435 
2799.566622 0.000435 
2798.666489 0.000435 
2797.766355 0.000435 
2796.866222 0.000435 
2795.966089 0.000435 
2795.065955 0.000435 
2794.165822 0.000435 
2793.265689 0.000435 
2792.365555 0.000435 
2791.465422 0.000435 
2790.565288 0.000435 
2789.665155 0.000435 
2788.765022 0.000435 
2787.864888 0.000435 
2786.964755 0.000435 
2786.064622 0.000435 
2785.164488 0.000435 
2784.264355 0.000435 
2783.364221 0.000435 
2782.464088 0.000435 
2781.563955 0.000435 
2780.663821 0.000435 
2779.763688 0.000435 
2778.863555 0.000435 
2777.963421 0.000435 
2777.063288 0.000435 
2776.163154 0.000435 
2775.263021 0.000435 
2774.362888 0.000435 
2773.462754 0.000435 
2772.562621 0.000435 
2771.662487 0.000435 
2770.762354 0.000435 
2769.862221 0.000435 
2768.962087 0.000435 
2768.061954 0.000435 
2767.161821 0.000435 
2766.261687 0.000435 
2765.361554 0.000435 
2764.461420 0.000435 
2763.561287 0.000435 
2762.661154 0.000435 
2761.761020 0.000435 
2760.860887 0.000435 
2759.960754 0.000435 
2759.060620 0.000435 
2758.160487 0.000435 
2757.260353 0.000435 
2756.360220 0.000435 
2755.460087 0.000435 
2754.559953 0.000435 
2753.659820 0.000435 
2752.759687 0.000435 
2751.859553 0.000435 
2750.959420 0.000435 
2750.059286 0.000435 
2749.159153 0.000435 
2748.259020 0.000435 
2747.358886 0.000435 
2746.458753 0.000435 
2745.558620 0.000435 
2744.658486 0.000435 
2743.758353 0.000435 
2742.858219 0.000435 
2741.958086 0.000435 
2741.057953 0.000435 
2740.157819 0.000435 
2739.257686 0.000435 
2738.357553 0.000435 
2737.457419 0.000435 
2736.557286 0.000435 
2735.657152 0.000435 
2734.757019 0.000435 
2733.856886 0.000435 
2732.956752 0.000435 
2732.056619 0.000435 
2731.156485 0.000435 
2730.256352 0.000435 
2729.356219 0.000435 
2728.456085 0.000435 
2727.555952 0.000435 
2726.655819 0.000435 
2725.755685 0.000435 
2724.855552 0.000435 
2723.955418 0.000435 
2723.055285 0.000435 
2722.155152 0.000435 
2721.255018 0.000435 
2720.354885 0.000435 
2719.454752 0.000435 
2718.554618 0.000435 
2717.654485 0.000435 
2716.754351 0.000435 
2715.854218 0.000435 
2714.954085 0.000435 
2714.053951 0.000435 
2713.153818 0.000435 
2712.253685 0.000435 
2711.353551 0.000435 
2710.453418 0.000435 
2709.553284 0.000435 
2708.653151 0.000435 
2707.753018 0.000435 
2706.852884 0.000435 
2705.952751 0.000435 
2705.052618 0.000435 
2704.152484 0.000435 
2703.252351 0.000435 
2702.352217 0.000435 
2701.452084 0.000435 
2700.551951 0.000435 
2699.651817 0.000435 
2698.751684 0.000435 
2697.851551 0.000435 
2696.951417 0.000435 
2696.051284 0.000435 
2695.151150 0.000435 
2694.251017 0.000435 
2693.350884 0.000435 
2692.450750 0.000435 
2691.550617 0.000435 
2690.650483 0.000435 
2689.750350 0.000435 
2688.850217 0.000435 
2687.950083 0.000435 
2687.049950 0.000435 
2686.149817 0.000435 
2685.249683 0.000435 
2684.349550 0.000435 
2683.449416 0.000435 
2682.549283 0.000435 
2681.649150 0.000435 
2680.749016 0.000435 
2679.848883 0.000435 
2678.948750 0.000435 
2678.048616 0.000435 
2677.148483 0.000435 
2676.248349 0.000435 
2675.348216 0.000435 
2674.448083 0.000435 
2673.547949 0.000435 
2672.647816 0.000435 
2671.747683 0.000435 
2670.847549 0.000435 
2669.947416 0.000435 
2669.047282 0.000435 
2668.147149 0.000435 
2667.247016 0.000435 
2666.346882 0.000041 
2665.446749 0.000435 
2664.546616 0.000435 
2663.646482 0.000435 
2662.746349 0.000435 
2661.846215 0.000435 
2660.946082 0.000435 
2660.045949 0.000435 
2659.145815 0.000435 
2658.245682 0.000435 
2657.345549 0.000435 
2656.445415 0.000435 
2655.545282 0.000435 
2654.645148 0.000435 
2653.745015 0.000435 
2652.844882 0.000435 
2651.944748 0.000435 
2651.044615 0.000435 
2650.144481 0.000435 
2649.244348 0.000435 
2648.344215 0.000435 
2647.444081 0.000435 
2646.543948 0.000435 
2645.643815 0.000435 
2644.743681 0.000435 
2643.843548 0.000435 
2642.943414 0.000435 
2642.043281 0.000435 
2641.143148 0.000435 
2640.243014 0.000435 
2639.342881 0.000435 
2638.442748 0.000435 
2637.542614 0.000435 
2636.642481 0.000435 
2635.742347 0.000435 
2634.842214 0.000435 
2633.942081 0.000435 
2633.041947 0.000435 
2632.141814 0.000435 
2631.241681 0.000435 
2630.341547 0.000435 
2629.441414 0.000435 
2628.541280 0.000435 
2627.641147 0.000435 
2626.741014 0.000435 
2625.840880 0.000435 
2624.940747 0.000435 
2624.040614 0.000435 
2623.140480 0.000435 
2622.240347 0.000435 
2621.340213 0.000435 
2620.440080 0.000435 
2619.539947 0.000435 
2618.639813 0.000435 
2617.739680 0.000435 
2616.839547 0.000435 
2615.939413 0.000435 
2615.039280 0.000435 
2614.139146 0.000435 
2613.239013 0.000435 
2612.338880 0.000435 
2611.438746 0.000435 
2610.538613 0.000435 
2609.638479 0.000435 
2608.738346 0.000435 
2607.838213 0.000435 
2606.938079 0.000435 
2606.037946 0.000435 
2605.137813 0.000435 
2604.237679 0.000435 
2603.337546 0.000435 
2602.437412 0.000435 
2601.537279 0.000435 
2600.637146 0.000435 
2599.737012 0.000435 
2598.836879 0.000435 
2597.936746 0.000435 
2597.036612 0.000435 
2596.136479 0.000435 
2595.236345 0.000435 
2594.336212 0.000435 
2593.436079 0.000435 
2592.535945 0.000435 
2591.635812 0.000435 
2590.735679 0.000435 
2589.835545 0.000435 
2588.935412 0.000435 
2588.035278 0.000435 
2587.135145 0.000435 
2586.235012 0.000435 
2585.334878 0.000435 
2584.434745 0.000435 
2583.534612 0.000435 
2582.634478 0.000435 
2581.734345 0.000435 
2580.834211 0.000435 
2579.934078 0.000435 
2579.033945 0.000029 
2578.133811 0.000435 
2577.233678 0.000116 
2576.333545 0.000000 
2575.433411 0.000181 
2574.533278 0.000290 
2573.633144 0.000435 
2572.733011 0.000435 
2571.832878 0.000029 
2570.932744 0.000435 
2570.032611 0.000435 
2569.132477 0.000435 
2568.232344 0.000289 
2567.332211 0.000435 
2566.432077 0.000435 
2565.531944 0.000435 
2564.631811 0.000000 
2563.731677 0.000320 
2562.831544 0.000435 
2561.931410 0.000000 
2561.031277 0.000435 
2560.131144 0.000435 
2559.231010 0.000435 
2558.330877 0.000435 
2557.430744 0.000114 
2556.530610 0.000435 
2555.630477 0.000200 
2554.730343 0.000147 
2553.830210 0.000000 
2552.930077 0.000000 
2552.029943 0.000408 
2551.129810 0.000113 
2550.229677 0.000113 
2549.329543 0.000235 
2548.429410 0.000286 
2547.529276 0.000148 
2546.629143 0.000435 
2545.729010 0.000435 
2544.828876 0.000000 
2543.928743 0.000435 
2543.028610 0.000435 
2542.128476 0.000000 
2541.228343 0.000149 
2540.328209 0.000435 
2539.428076 0.000372 
2538.527943 0.000410 
2537.627809 0.000435 
2536.727676 0.000111 
2535.827543 0.000000 
2534.927409 0.000435 
2534.027276 0.000435 
2533.127142 0.000000 
2532.227009 0.000411 
2531.326876 0.000000 
2530.426742 0.000110 
2529.526609 0.000435 
2528.626475 0.000435 
2527.726342 0.000435 
2526.826209 0.000370 
2525.926075 0.000064 
2525.025942 0.000435 
2524.125809 0.000000 
2523.225675 0.000325 
2522.325542 0.000000 
2521.425408 0.000435 
2520.525275 0.000152 
2519.625142 0.000369 
2518.725008 0.000000 
2517.824875 0.000407 
2516.924742 0.000326 
2516.024608 0.000000 
2515.124475 0.000435 
2514.224341 0.000435 
2513.324208 0.000369 
2512.424075 0.000369 
2511.523941 0.000000 
2510.623808 0.000000 
2509.723675 0.000327 
2508.823541 0.000000 
2507.923408 0.000281 
2507.023274 0.000154 
2506.123141 0.000435 
2505.223008 0.000435 
2504.322874 0.000410 
2503.422741 0.000107 
2502.522608 0.000435 
2501.622474 0.000000 
2500.722341 0.000435 
2499.822207 0.000435 
2498.922074 0.000435 
2498.021941 0.000435 
2497.121807 0.000000 
2496.221674 0.000435 
2495.321541 0.000435 
2494.421407 0.000435 
2493.521274 0.000435 
2492.621140 0.000069 
2491.721007 0.000435 
2490.820874 0.000435 
2489.920740 0.000105 
2489.020607 0.000243 
2488.120473 0.000435 
2487.220340 0.000435 
2486.320207 0.000435 
2485.420073 0.000435 
2484.519940 0.000435 
2483.619807 0.000330 
2482.719673 0.000435 
2481.819540 0.000435 
2480.919406 0.000435 
2480.019273 0.000435 
2479.119140 0.000435 
2478.219006 0.000435 
2477.318873 0.000435 
2476.418740 0.000103 
2475.518606 0.000000 
2474.618473 0.000197 
2473.718339 0.000435 
2472.818206 0.000435 
2471.918073 0.000435 
2471.017939 0.000435 
2470.117806 0.000435 
2469.217673 0.000435 
2468.317539 0.000435 
2467.417406 0.000435 
2466.517272 0.000276 
2465.617139 0.000435 
2464.717006 0.000435 
2463.816872 0.000435 
2462.916739 0.000435 
2462.016606 0.000435 
2461.116472 0.000435 
2460.216339 0.000160 
2459.316205 0.000435 
2458.416072 0.000435 
2457.515939 0.000435 
2456.615805 0.000435 
2455.715672 0.000435 
2454.815539 0.000435 
2453.915405 0.000435 
2453.015272 0.000000 
2452.115138 0.000435 
2451.215005 0.000435 
2450.314872 0.000000 
2449.414738 0.000435 
2448.514605 0.000000 
2447.614471 0.000435 
2446.714338 0.000435 
2445.814205 0.000075 
2444.914071 0.000435 
2444.013938 0.000012 
2443.113805 0.000336 
2442.213671 0.000435 
2441.313538 0.000435 
2440.413404 0.000272 
2439.513271 0.000435 
2438.613138 0.000435 
2437.713004 0.000435 
2436.812871 0.000435 
2435.912738 0.000098 
2435.012604 0.000435 
2434.112471 0.000435 
2433.212337 0.000435 
2432.312204 0.000358 
2431.412071 0.000000 
2430.511937 0.000424 
2429.611804 0.000435 
2428.711671 0.000435 
2427.811537 0.000435 
2426.911404 0.000000 
2426.011270 0.000435 
2425.111137 0.000435 
2424.211004 0.000435 
2423.310870 0.000435 
2422.410737 0.000338 
2421.510604 0.000435 
2420.610470 0.000435 
2419.710337 0.000165 
2418.810203 0.000435 
2417.910070 0.000435 
2417.009937 0.000435 
2416.109803 0.000435 
2415.209670 0.000435 
2414.309537 0.000252 
2413.409403 0.000435 
2412.509270 0.000435 
2411.609136 0.000435 
2410.709003 0.000435 
2409.808870 0.000435 
2408.908736 0.000435 
2408.008603 0.000435 
2407.108469 0.000435 
2406.208336 0.000435 
2405.308203 0.000435 
2404.408069 0.000007 
2403.507936 0.000435 
2402.607803 0.000341 
2401.707669 0.000435 
2400.807536 0.000435 
2399.907402 0.000435 
2399.007269 0.000435 
2398.107136 0.000435 
2397.207002 0.000435 
2396.306869 0.000435 
2395.406736 0.000435 
2394.506602 0.000435 
2393.606469 0.000435 
2392.706335 0.000435 
2391.806202 0.000435 
2390.906069 0.000435 
2390.005935 0.000435 
2389.105802 0.000435 
2388.205669 0.000435 
2387.305535 0.000435 
2386.405402 0.000435 
2385.505268 0.000435 
2384.605135 0.000435 
2383.705002 0.000435 
2382.804868 0.000435 
2381.904735 0.000435 
2381.004602 0.000435 
2380.104468 0.000435 
2379.204335 0.000435 
2378.304201 0.000435 
2377.404068 0.000435 
2376.503935 0.000435 
2375.603801 0.000435 
2374.703668 0.000435 
2373.803535 0.000435 
2372.903401 0.000435 
2372.003268 0.000435 
2371.103134 0.000435 
2370.203001 0.000435 
2369.302868 0.000435 
2368.402734 0.000435 
2367.502601 0.000435 
2366.602467 0.000435 
2365.702334 0.000435 
2364.802201 0.000435 
2363.902067 0.000435 
2363.001934 0.000435 
2362.101801 0.000435 
2361.201667 0.000435 
2360.301534 0.000435 
2359.401400 0.000435 
2358.501267 0.000435 
2357.601134 0.000435 
2356.701000 0.000435 
2355.800867 0.000435 
2354.900734 0.000435 
2354.000600 0.000435 
2353.100467 0.000435 
2352.200333 0.000435 
2351.300200 0.000435 
2350.400067 0.000435 
2349.499933 0.000435 
2348.599800 0.000435 
2347.699667 0.000435 
2346.799533 0.000435 
2345.899400 0.000435 
2344.999266 0.000435 
2344.099133 0.000435 
2343.199000 0.000435 
2342.298866 0.000435 
2341.398733 0.000435 
2340.498600 0.000435 
2339.598466 0.000435 
2338.698333 0.000435 
2337.798199 0.000435 
2336.898066 0.000435 
2335.997933 0.000435 
2335.097799 0.000435 
2334.197666 0.000435 
2333.297533 0.000435 
2332.397399 0.000435 
2331.497266 0.000435 
2330.597132 0.000435 
2329.696999 0.000435 
2328.796866 0.000435 
2327.896732 0.000435 
2326.996599 0.000435 
2326.096465 0.000435 
2325.196332 0.000435 
2324.296199 0.000435 
2323.396065 0.000435 
2322.495932 0.000435 
2321.595799 0.000435 
2320.695665 0.000435 
2319.795532 0.000435 
2318.895398 0.000435 
2317.995265 0.000435 
2317.095132 0.000435 
2316.194998 0.000435 
2315.294865 0.000435 
2314.394732 0.000435 
2313.494598 0.000435 
2312.594465 0.000435 
2311.694331 0.000435 
2310.794198 0.000435 
2309.894065 0.000435 
2308.993931 0.000435 
2308.093798 0.000435 
2307.193665 0.000435 
2306.293531 0.000435 
2305.393398 0.000435 
2304.493264 0.000435 
2303.593131 0.000435 
2302.692998 0.000435 
2301.792864 0.000435 
2300.892731 0.000435 
2299.992598 0.000435 
2299.092464 0.000435 
2298.192331 0.000435 
2297.292197 0.000000 
2296.392064 0.000435 
2295.491931 0.000435 
2294.591797 0.000435 
2293.691664 0.000167 
2292.791531 0.000226 
2291.891397 0.000435 
2290.991264 0.000435 
2290.091130 0.000435 
2289.190997 0.000435 
2288.290864 0.000435 
2287.390730 0.000435 
2286.490597 0.000435 
2285.590463 0.000435 
2284.690330 0.000435 
2283.790197 0.000435 
2282.890063 0.000009 
2281.989930 0.000000 
2281.089797 0.000356 
2280.189663 0.000435 
2279.289530 0.000000 
2278.389396 0.000435 
2277.489263 0.000096 
2276.589130 0.000435 
2275.688996 0.000435 
2274.788863 0.000435 
2273.888730 0.000435 
2272.988596 0.000435 
2272.088463 0.000435 
2271.188329 0.000313 
2270.288196 0.000337 
2269.388063 0.000435 
2268.487929 0.000435 
2267.587796 0.000435 
2266.687663 0.000435 
2265.787529 0.000435 
2264.887396 0.000435 
2263.987262 0.000435 
2263.087129 0.000435 
2262.186996 0.000435 
2261.286862 0.000435 
2260.386729 0.000435 
2259.486596 0.000435 
2258.586462 0.000435 
2257.686329 0.000435 
2256.786195 0.000336 
2255.886062 0.000000 
2254.985929 0.000360 
2254.085795 0.000000 
2253.185662 0.000435 
2252.285529 0.000435 
2251.385395 0.000000 
2250.485262 0.000435 
2249.585128 0.000016 
2248.684995 0.000435 
2247.784862 0.000435 
2246.884728 0.000092 
2245.984595 0.000274 
2245.084461 0.000435 
2244.184328 0.000435 
2243.284195 0.000435 
2242.384061 0.000435 
2241.483928 0.000435 
2240.583795 0.000073 
2239.683661 0.000435 
2238.783528 0.000235 
2237.883394 0.000246 
2236.983261 0.000101 
2236.083128 0.000435 
2235.182994 0.000015 
2234.282861 0.000435 
2233.382728 0.000435 
2232.482594 0.000000 
2231.582461 0.000435 
2230.682327 0.000128 
2229.782194 0.000332 
2228.882061 0.000419 
2227.981927 0.000363 
2227.081794 0.000435 
2226.181661 0.000435 
2225.281527 0.000435 
2224.381394 0.000435 
2223.481260 0.000435 
2222.581127 0.000435 
2221.680994 0.000435 
2220.780860 0.000435 
2219.880727 0.000000 
2218.980594 0.000435 
2218.080460 0.000435 
2217.180327 0.000435 
2216.280193 0.000435 
2215.380060 0.000435 
2214.479927 0.000435 
2213.579793 0.000435 
2212.679660 0.000278 
2211.779527 0.000435 
2210.879393 0.000435 
2209.979260 0.000435 
2209.079126 0.000023 
2208.178993 0.000435 
2207.278860 0.000435 
2206.378726 0.000435 
2205.478593 0.000155 
2204.578459 0.000000 
2203.678326 0.000435 
2202.778193 0.000329 
2201.878059 0.000415 
2200.977926 0.000367 
2200.077793 0.000435 
2199.177659 0.000435 
2198.277526 0.000435 
2197.377392 0.000435 
2196.477259 0.000000 
2195.577126 0.000000 
2194.676992 0.000020 
2193.776859 0.000435 
2192.876726 0.000435 
2191.976592 0.000153 
2191.076459 0.000435 
2190.176325 0.000435 
2189.276192 0.000435 
2188.376059 0.000435 
2187.475925 0.000066 
2186.575792 0.000435 
2185.675659 0.000282 
2184.775525 0.000239 
2183.875392 0.000435 
2182.975258 0.000326 
2182.075125 0.000000 
2181.174992 0.000022 
2180.274858 0.000435 
2179.374725 0.000152 
2178.474592 0.000435 
2177.574458 0.000000 
2176.674325 0.000435 
2175.774191 0.000435 
2174.874058 0.000000 
2173.973925 0.000370 
2173.073791 0.000435 
2172.173658 0.000435 
2171.273525 0.000238 
2170.373391 0.000238 
2169.473258 0.000000 
2168.573124 0.000435 
2167.672991 0.000435 
2166.772858 0.000435 
2165.872724 0.000150 
2164.972591 0.000435 
2164.072457 0.000237 
2163.172324 0.000435 
2162.272191 0.000323 
2161.372057 0.000024 
2160.471924 0.000435 
2159.571791 0.000435 
2158.671657 0.000435 
2157.771524 0.000435 
2156.871390 0.000435 
2155.971257 0.000000 
2155.071124 0.000025 
2154.170990 0.000435 
2153.270857 0.000435 
2152.370724 0.000435 
2151.470590 0.000435 
2150.570457 0.000435 
2149.670323 0.000113 
2148.770190 0.000435 
2147.870057 0.000408 
2146.969923 0.000374 
2146.069790 0.000359 
2145.169657 0.000435 
2144.269523 0.000435 
2143.369390 0.000435 
2142.469256 0.000435 
2141.569123 0.000435 
2140.668990 0.000435 
2139.768856 0.000435 
2138.868723 0.000435 
2137.968590 0.000435 
2137.068456 0.000201 
2136.168323 0.000114 
2135.268189 0.000435 
2134.368056 0.000435 
2133.467923 0.000435 
2132.567789 0.000435 
2131.667656 0.000146 
2130.767523 0.000435 
2129.867389 0.000435 
2128.967256 0.000435 
2128.067122 0.000435 
2127.166989 0.000435 
2126.266856 0.000058 
2125.366722 0.000145 
2124.466589 0.000435 
2123.566455 0.000232 
2122.666322 0.000435 
2121.766189 0.000318 
2120.866055 0.000000 
2119.965922 0.000377 
2119.065789 0.000363 
2118.165655 0.000291 
2117.265522 0.000435 
2116.365388 0.000146 
2115.465255 0.000435 
2114.565122 0.000030 
2113.664988 0.000435 
2112.764855 0.000056 
2111.864722 0.000291 
2110.964588 0.000179 
2110.064455 0.000230 
2109.164321 0.000000 
2108.264188 0.000435 
2107.364055 0.000403 
2106.463921 0.000379 
2105.563788 0.000435 
2104.663655 0.000435 
2103.763521 0.000229 
2102.863388 0.000148 
2101.963254 0.000435 
2101.063121 0.000435 
2100.162988 0.000055 
2099.262854 0.000435 
2098.362721 0.000435 
2097.462588 0.000435 
2096.562454 0.000435 
2095.662321 0.000435 
2094.762187 0.000393 
2093.862054 0.000033 
2092.961921 0.000054 
2092.061787 0.000367 
2091.161654 0.000294 
2090.261521 0.000227 
2089.361387 0.000435 
2088.461254 0.000435 
2087.561120 0.000435 
2086.660987 0.000053 
2085.760854 0.000435 
2084.860720 0.000435 
2083.960587 0.000435 
2083.060453 0.000435 
2082.160320 0.000435 
2081.260187 0.000435 
2080.360053 0.000435 
2079.459920 0.000435 
2078.559787 0.000435 
2077.659653 0.000000 
2076.759520 0.000435 
2075.859386 0.000435 
2074.959253 0.000435 
2074.059120 0.000435 
2073.158986 0.000435 
2072.258853 0.000435 
2071.358720 0.000138 
2070.458586 0.000435 
2069.558453 0.000435 
2068.658319 0.000435 
2067.758186 0.000435 
2066.858053 0.000435 
2065.957919 0.000435 
2065.057786 0.000297 
2064.157653 0.000435 
2063.257519 0.000435 
2062.357386 0.000435 
2061.457252 0.000435 
2060.557119 0.000000 
2059.656986 0.000385 
2058.756852 0.000435 
2057.856719 0.000435 
2056.956586 0.000435 
2056.056452 0.000223 
2055.156319 0.000435 
2054.256185 0.000435 
2053.356052 0.000435 
2052.455919 0.000435 
2051.555785 0.000435 
2050.655652 0.000435 
2049.755519 0.000435 
2048.855385 0.000435 
2047.955252 0.000435 
2047.055118 0.000435 
2046.154985 0.000435 
2045.254852 0.000048 
2044.354718 0.000435 
2043.454585 0.000435 
2042.554451 0.000435 
2041.654318 0.000435 
2040.754185 0.000050 
2039.854051 0.000395 
2038.953918 0.000000 
2038.053785 0.000134 
2037.153651 0.000435 
2036.253518 0.000435 
2035.353384 0.000435 
2034.453251 0.000128 
2033.553118 0.000394 
2032.652984 0.000388 
2031.752851 0.000435 
2030.852718 0.000435 
2029.952584 0.000435 
2029.052451 0.000435 
2028.152317 0.000435 
2027.252184 0.000435 
2026.352051 0.000435 
2025.451917 0.000435 
2024.551784 0.000435 
2023.651651 0.000435 
2022.751517 0.000435 
2021.851384 0.000435 
2020.951250 0.000129 
2020.051117 0.000435 
2019.150984 0.000435 
2018.250850 0.000435 
2017.350717 0.000304 
2016.450584 0.000435 
2015.550450 0.000435 
2014.650317 0.000000 
2013.750183 0.000435 
2012.850050 0.000435 
2011.949917 0.000435 
2011.049783 0.000435 
2010.149650 0.000435 
2009.249517 0.000435 
2008.349383 0.000435 
2007.449250 0.000435 
2006.549116 0.000044 
2005.648983 0.000435 
2004.748850 0.000435 
2003.848716 0.000435 
2002.948583 0.000435 
2002.048449 0.000435 
2001.148316 0.000435 
2000.248183 0.000435 
1999.348049 0.000435 
1998.447916 0.000435 
1997.547783 0.000435 
1996.647649 0.000435 
1995.747516 0.000435 
1994.847382 0.000435 
1993.947249 0.000435 
1993.047116 0.000435 
1992.146982 0.000435 
1991.246849 0.000435 
1990.346716 0.000435 
1989.446582 0.000435 
1988.546449 0.000435 
1987.646315 0.000435 
1986.746182 0.000435 
1985.846049 0.000435 
1984.945915 0.000435 
1984.045782 0.000435 
1983.145649 0.000435 
1982.245515 0.000435 
1981.345382 0.000435 
1980.445248 0.000435 
1979.545115 0.000435 
1978.644982 0.000435 
1977.744848 0.000435 
1976.844715 0.000435 
1975.944582 0.000213 
1975.044448 0.000435 
1974.144315 0.000435 
1973.244181 0.000435 
1972.344048 0.000435 
1971.443915 0.000435 
1970.543781 0.000435 
1969.643648 0.000435 
1968.743515 0.000435 
1967.843381 0.000435 
1966.943248 0.000435 
1966.043114 0.000435 
1965.142981 0.000435 
1964.242848 0.000435 
1963.342714 0.000435 
1962.442581 0.000435 
1961.542447 0.000435 
1960.642314 0.000435 
1959.742181 0.000435 
1958.842047 0.000384 
1957.941914 0.000398 
1957.041781 0.000435 
1956.141647 0.000435 
1955.241514 0.000435 
1954.341380 0.000435 
1953.441247 0.000138 
1952.541114 0.000435 
1951.640980 0.000435 
1950.740847 0.000435 
1949.840714 0.000435 
1948.940580 0.000209 
1948.040447 0.000435 
1947.140313 0.000435 
1946.240180 0.000383 
1945.340047 0.000052 
1944.439913 0.000435 
1943.539780 0.000435 
1942.639647 0.000435 
1941.739513 0.000435 
1940.839380 0.000435 
1939.939246 0.000435 
1939.039113 0.000435 
1938.138980 0.000435 
1937.238846 0.000392 
1936.338713 0.000435 
1935.438580 0.000435 
1934.538446 0.000435 
1933.638313 0.000435 
1932.738179 0.000435 
1931.838046 0.000435 
1930.937913 0.000435 
1930.037779 0.000435 
1929.137646 0.000150 
1928.237513 0.000435 
1927.337379 0.000435 
1926.437246 0.000435 
1925.537112 0.000435 
1924.636979 0.000032 
1923.736846 0.000435 
1922.836712 0.000435 
1921.936579 0.000435 
1921.036445 0.000435 
1920.136312 0.000435 
1919.236179 0.000435 
1918.336045 0.000435 
1917.435912 0.000435 
1916.535779 0.000118 
1915.635645 0.000435 
1914.735512 0.000435 
1913.835378 0.000435 
1912.935245 0.000435 
1912.035112 0.000435 
1911.134978 0.000435 
1910.234845 0.000435 
1909.334712 0.000435 
1908.434578 0.000435 
1907.534445 0.000435 
1906.634311 0.000435 
1905.734178 0.000435 
1904.834045 0.000435 
1903.933911 0.000435 
1903.033778 0.000435 
1902.133645 0.000435 
1901.233511 0.000000 
1900.333378 0.000435 
1899.433244 0.000362 
1898.533111 0.000058 
1897.632978 0.000435 
1896.732844 0.000435 
1895.832711 0.000435 
1894.932578 0.000232 
1894.032444 0.000435 
1893.132311 0.000435 
1892.232177 0.000435 
1891.332044 0.000435 
1890.431911 0.000435 
1889.531777 0.000435 
1888.631644 0.000435 
1887.731511 0.000233 
1886.831377 0.000435 
1885.931244 0.000075 
1885.031110 0.000435 
1884.130977 0.000435 
1883.230844 0.000435 
1882.330710 0.000435 
1881.430577 0.000234 
1880.530443 0.000435 
1879.630310 0.000435 
1878.730177 0.000435 
1877.830043 0.000435 
1876.929910 0.000409 
1876.029777 0.000435 
1875.129643 0.000435 
1874.229510 0.000435 
1873.329376 0.000435 
1872.429243 0.000435 
1871.529110 0.000435 
1870.628976 0.000435 
1869.728843 0.000435 
1868.828710 0.000435 
1867.928576 0.000435 
1867.028443 0.000285 
1866.128309 0.000435 
1865.228176 0.000062 
1864.328043 0.000435 
1863.427909 0.000435 
1862.527776 0.000435 
1861.627643 0.000435 
1860.727509 0.000435 
1859.827376 0.000435 
1858.927242 0.000000 
1858.027109 0.000063 
1857.126976 0.000023 
1856.226842 0.000000 
1855.326709 0.000324 
1854.426576 0.000435 
1853.526442 0.000435 
1852.626309 0.000435 
1851.726175 0.000435 
1850.826042 0.000435 
1849.925909 0.000028 
1849.025775 0.000435 
1848.125642 0.000435 
1847.225509 0.000435 
1846.325375 0.000435 
1845.425242 0.000435 
1844.525108 0.000435 
1843.624975 0.000435 
1842.724842 0.000435 
1841.824708 0.000326 
1840.924575 0.000435 
1840.024441 0.000435 
1839.124308 0.000435 
1838.224175 0.000066 
1837.324041 0.000435 
1836.423908 0.000409 
1835.523775 0.000435 
1834.623641 0.000435 
1833.723508 0.000435 
1832.823374 0.000435 
1831.923241 0.000435 
1831.023108 0.000435 
1830.122974 0.000435 
1829.222841 0.000435 
1828.322708 0.000000 
1827.422574 0.000241 
1826.522441 0.000000 
1825.622307 0.000435 
1824.722174 0.000435 
1823.822041 0.000019 
1822.921907 0.000435 
1822.021774 0.000435 
1821.121641 0.000435 
1820.221507 0.000192 
1819.321374 0.000435 
1818.421240 0.000435 
1817.521107 0.000000 
1816.620974 0.000000 
1815.720840 0.000329 
1814.820707 0.000000 
1813.920574 0.000000 
1813.020440 0.000000 
1812.120307 0.000435 
1811.220173 0.000365 
1810.320040 0.000000 
1809.419907 0.000435 
1808.519773 0.000330 
1807.619640 0.000191 
1806.719507 0.000000 
1805.819373 0.000157 
1804.919240 0.000364 
1804.019106 0.000070 
1803.118973 0.000435 
1802.218840 0.000435 
1801.318706 0.000129 
1800.418573 0.000245 
1799.518439 0.000435 
1798.618306 0.000158 
1797.718173 0.000363 
1796.818039 0.000419 
1795.917906 0.000435 
1795.017773 0.000102 
1794.117639 0.000245 
1793.217506 0.000435 
1792.317372 0.000435 
1791.417239 0.000435 
1790.517106 0.000435 
1789.616972 0.000015 
1788.716839 0.000000 
1787.816706 0.000308 
1786.916572 0.000188 
1786.016439 0.000000 
1785.116305 0.000000 
1784.216172 0.000000 
1783.316039 0.000421 
1782.415905 0.000017 
1781.515772 0.000000 
1780.615639 0.000187 
1779.715505 0.000000 
1778.815372 0.000274 
1777.915238 0.000074 
1777.015105 0.000361 
1776.114972 0.000000 
1775.214838 0.000000 
1774.314705 0.000000 
1773.414572 0.000248 
1772.514438 0.000435 
1771.614305 0.000000 
1770.714171 0.000000 
1769.814038 0.000000 
1768.913905 0.000000 
1768.013771 0.000099 
1767.113638 0.000000 
1766.213505 0.000000 
1765.313371 0.000000 
1764.413238 0.000000 
1763.513104 0.000000 
1762.612971 0.000423 
1761.712838 0.000098 
1760.812704 0.000000 
1759.912571 0.000000 
1759.012437 0.000000 
1758.112304 0.000000 
1757.212171 0.000000 
1756.312037 0.000000 
1755.411904 0.000000 
1754.511771 0.000000 
1753.611637 0.000000 
1752.711504 0.000000 
1751.811370 0.000435 
1750.911237 0.000000 
1750.011104 0.000000 
1749.110970 0.000000 
1748.210837 0.000000 
1747.310704 0.000000 
1746.410570 0.000000 
1745.510437 0.000000 
1744.610303 0.000097 
1743.710170 0.000356 
1742.810037 0.000000 
1741.909903 0.000000 
1741.009770 0.000000 
1740.109637 0.000435 
1739.209503 0.000000 
1738.309370 0.000000 
1737.409236 0.000000 
1736.509103 0.000000 
1735.608970 0.000427 
1734.708836 0.000435 
1733.808703 0.000435 
1732.908570 0.000181 
1732.008436 0.000000 
1731.108303 0.000100 
1730.208169 0.000435 
1729.308036 0.000007 
1728.407903 0.000341 
1727.507769 0.000094 
1726.607636 0.000000 
1725.707503 0.000000 
1724.807369 0.000435 
1723.907236 0.000000 
1723.007102 0.000000 
1722.106969 0.000428 
1721.206836 0.000000 
1720.306702 0.000435 
1719.406569 0.000435 
1718.506435 0.000435 
1717.606302 0.000435 
1716.706169 0.000353 
1715.806035 0.000429 
1714.905902 0.000435 
1714.005769 0.000000 
1713.105635 0.000000 
1712.205502 0.000000 
1711.305368 0.000265 
1710.405235 0.000082 
1709.505102 0.000435 
1708.604968 0.000004 
1707.704835 0.000435 
1706.804702 0.000435 
1705.904568 0.000435 
1705.004435 0.000435 
1704.104301 0.000435 
1703.204168 0.000435 
1702.304035 0.000435 
1701.403901 0.000435 
1700.503768 0.000435 
1699.603635 0.000435 
1698.703501 0.000435 
1697.803368 0.000435 
1696.903234 0.000435 
1696.003101 0.000435 
1695.102968 0.000435 
1694.202834 0.000435 
1693.302701 0.000435 
1692.402568 0.000435 
1691.502434 0.000435 
1690.602301 0.000435 
1689.702167 0.000435 
1688.802034 0.000435 
1687.901901 0.000435 
1687.001767 0.000435 
1686.101634 0.000435 
1685.201501 0.000697 
1684.301367 0.000435 
1683.401234 0.000435 
1682.501100 0.000435 
1681.600967 0.000435 
1680.700834 0.000435 
1679.800700 0.000174 
1678.900567 0.000435 
1678.000433 0.000435 
1677.100300 0.000435 
1676.200167 0.000435 
1675.300033 0.000435 
1674.399900 0.000435 
1673.499767 0.000435 
1672.599633 0.000435 
1671.699500 0.000435 
1670.799366 0.000435 
1669.899233 0.000435 
1668.999100 0.000435 
1668.098966 0.000435 
1667.198833 0.000435 
1666.298700 0.000435 
1665.398566 0.000435 
1664.498433 0.000435 
1663.598299 0.000435 
1662.698166 0.000435 
1661.798033 0.000435 
1660.897899 0.000435 
1659.997766 0.000435 
1659.097633 0.000435 
1658.197499 0.000435 
1657.297366 0.000435 
1656.397232 0.000435 
1655.497099 0.000437 
1654.596966 0.000869 
1653.696832 0.000869 
1652.796699 0.000869 
1651.896566 0.000435 
1650.996432 0.000435 
1650.096299 0.000435 
1649.196165 0.000435 
1648.296032 0.000435 
1647.395899 0.000435 
1646.495765 0.000869 
1645.595632 0.000435 
1644.695498 0.000435 
1643.795365 0.000435 
1642.895232 0.000435 
1641.995098 0.000435 
1641.094965 0.000435 
1640.194832 0.000435 
1639.294698 0.000435 
1638.394565 0.000435 
1637.494431 0.000435 
1636.594298 0.000526 
1635.694165 0.000869 
1634.794031 0.000435 
1633.893898 0.000435 
1632.993765 0.000435 
1632.093631 0.000435 
1631.193498 0.000690 
1630.293364 0.000550 
1629.393231 0.000435 
1628.493098 0.000869 
1627.592964 0.000869 
1626.692831 0.000515 
1625.792698 0.000602 
1624.892564 0.000660 
1623.992431 0.000869 
1623.092297 0.000776 
1622.192164 0.000435 
1621.292031 0.000441 
1620.391897 0.000514 
1619.491764 0.000435 
1618.591631 0.000435 
1617.691497 0.000869 
1616.791364 0.000751 
1615.891230 0.000529 
1614.991097 0.000869 
1614.090964 0.000435 
1613.190830 0.000435 
1612.290697 0.000869 
1611.390564 0.000869 
1610.490430 0.000687 
1609.590297 0.000869 
1608.690163 0.000435 
1607.790030 0.000435 
1606.889897 0.000435 
1605.989763 0.000869 
1605.089630 0.000705 
1604.189496 0.000869 
1603.289363 0.000555 
1602.389230 0.000869 
1601.489096 0.000860 
1600.588963 0.000435 
1599.688830 0.000792 
1598.788696 0.000869 
1597.888563 0.000869 
1596.988429 0.000869 
1596.088296 0.000869 
1595.188163 0.000869 
1594.288029 0.000869 
1593.387896 0.000511 
1592.487763 0.000435 
1591.587629 0.000435 
1590.687496 0.000435 
1589.787362 0.000557 
1588.887229 0.000869 
1587.987096 0.000435 
1587.086962 0.000435 
1586.186829 0.000435 
1585.286696 0.000597 
1584.386562 0.000435 
1583.486429 0.000684 
1582.586295 0.000435 
1581.686162 0.000869 
1580.786029 0.000447 
1579.885895 0.000869 
1578.985762 0.000869 
1578.085629 0.000435 
1577.185495 0.000621 
1576.285362 0.000745 
1575.385228 0.000435 
1574.485095 0.000435 
1573.584962 0.000435 
1572.684828 0.000796 
1571.784695 0.000435 
1570.884562 0.000669 
1569.984428 0.000682 
1569.084295 0.000435 
1568.184161 0.000435 
1567.284028 0.000435 
1566.383895 0.000435 
1565.483761 0.000869 
1564.583628 0.000594 
1563.683494 0.000435 
1562.783361 0.000435 
1561.883228 0.000869 
1560.983094 0.000869 
1560.082961 0.000869 
1559.182828 0.000869 
1558.282694 0.000869 
1557.382561 0.000680 
1556.482427 0.000624 
1555.582294 0.000537 
1554.682161 0.000869 
1553.782027 0.000435 
1552.881894 0.000435 
1551.981761 0.000435 
1551.081627 0.000711 
1550.181494 0.000679 
1549.281360 0.000435 
1548.381227 0.000435 
1547.481094 0.000435 
1546.580960 0.000435 
1545.680827 0.000799 
1544.780694 0.000435 
1543.880560 0.000679 
1542.980427 0.000869 
1542.080293 0.000765 
1541.180160 0.000869 
1540.280027 0.000869 
1539.379893 0.000869 
1538.479760 0.000435 
1537.579627 0.000591 
1536.679493 0.000435 
1535.779360 0.000435 
1534.879226 0.000540 
1533.979093 0.000869 
1533.078960 0.000869 
1532.178826 0.000869 
1531.278693 0.000714 
1530.378560 0.000435 
1529.478426 0.000677 
1528.578293 0.000435 
1527.678159 0.000869 
1526.778026 0.000869 
1525.877893 0.000869 
1524.977759 0.000869 
1524.077626 0.000435 
1523.177492 0.000869 
1522.277359 0.000869 
1521.377226 0.000869 
1520.477092 0.000869 
1519.576959 0.000869 
1518.676826 0.000435 
1517.776692 0.000869 
1516.876559 0.000435 
1515.976425 0.000629 
1515.076292 0.000869 
1514.176159 0.000435 
1513.276025 0.000455 
1512.375892 0.000869 
1511.475759 0.000435 
1510.575625 0.000869 
1509.675492 0.000674 
1508.775358 0.000869 
1507.875225 0.000869 
1506.975092 0.000869 
1506.074958 0.000869 
1505.174825 0.000516 
1504.274692 0.000435 
1503.374558 0.000435 
1502.474425 0.000435 
1501.574291 0.000435 
1500.674158 0.000435 
1499.774025 0.000435 
1498.873891 0.000435 
1497.973758 0.000435 
1497.073625 0.000869 
1496.173491 0.000672 
1495.273358 0.000435 
1494.373224 0.000435 
1493.473091 0.000435 
1492.572958 0.000435 
1491.672824 0.000435 
1490.772691 0.000435 
1489.872558 0.000869 
1488.972424 0.000435 
1488.072291 0.000435 
1487.172157 0.000435 
1486.272024 0.000435 
1485.371891 0.000435 
1484.471757 0.000435 
1483.571624 0.000435 
1482.671490 0.000435 
1481.771357 0.000435 
1480.871224 0.000435 
1479.971090 0.000435 
1479.070957 0.000435 
1478.170824 0.000435 
1477.270690 0.000435 
1476.370557 0.000670 
1475.470423 0.000435 
1474.570290 0.000547 
1473.670157 0.000843 
1472.770023 0.000869 
1471.869890 0.000869 
1470.969757 0.000435 
1470.069623 0.000435 
1469.169490 0.000435 
1468.269356 0.000435 
1467.369223 0.000435 
1466.469090 0.000435 
1465.568956 0.000435 
1464.668823 0.000509 
1463.768690 0.000435 
1462.868556 0.000435 
1461.968423 0.000435 
1461.068289 0.000549 
1460.168156 0.000435 
1459.268023 0.000869 
1458.367889 0.000869 
1457.467756 0.000869 
1456.567623 0.000869 
1455.667489 0.000667 
1454.767356 0.000869 
1453.867222 0.000435 
1452.967089 0.000869 
1452.066956 0.000869 
1451.166822 0.000797 
1450.266689 0.000580 
1449.366556 0.000869 
1448.466422 0.000869 
1447.566289 0.000753 
1446.666155 0.000869 
1445.766022 0.000840 
1444.865889 0.000435 
1443.965755 0.000869 
1443.065622 0.000615 
1442.165488 0.000435 
1441.265355 0.000869 
1440.365222 0.000869 
1439.465088 0.000869 
1438.564955 0.000869 
1437.664822 0.000869 
1436.764688 0.000869 
1435.864555 0.000869 
1434.964421 0.000869 
1434.064288 0.000869 
1433.164155 0.000869 
1432.264021 0.000869 
1431.363888 0.000869 
1430.463755 0.000869 
1429.563621 0.000869 
1428.663488 0.000869 
1427.763354 0.000869 
1426.863221 0.000869 
1425.963088 0.000869 
1425.062954 0.000869 
1424.162821 0.000869 
1423.262688 0.000869 
1422.362554 0.000869 
1421.462421 0.000869 
1420.562287 0.000869 
1419.662154 0.000869 
1418.762021 0.000869 
1417.861887 0.000869 
1416.961754 0.000869 
1416.061621 0.000869 
1415.161487 0.000869 
1414.261354 0.000869 
1413.361220 0.000869 
1412.461087 0.000869 
1411.560954 0.000869 
1410.660820 0.000869 
1409.760687 0.000869 
1408.860554 0.000869 
1407.960420 0.000869 
1407.060287 0.000869 
1406.160153 0.000869 
1405.260020 0.000869 
1404.359887 0.000869 
1403.459753 0.000869 
1402.559620 0.000869 
1401.659486 0.000869 
1400.759353 0.000869 
1399.859220 0.000869 
1398.959086 0.000869 
1398.058953 0.000869 
1397.158820 0.001006 
1396.258686 0.000869 
1395.358553 0.000869 
1394.458419 0.001148 
1393.558286 0.000869 
1392.658153 0.000869 
1391.758019 0.000869 
1390.857886 0.000869 
1389.957753 0.001164 
1389.057619 0.001300 
1388.157486 0.001300 
1387.257352 0.001300 
1386.357219 0.001300 
1385.457086 0.001300 
1384.556952 0.001300 
1383.656819 0.001300 
1382.756686 0.001300 
1381.856552 0.001300 
1380.956419 0.001300 
1380.056285 0.001300 
1379.156152 0.001300 
1378.256019 0.001300 
1377.355885 0.001300 
1376.455752 0.001300 
1375.555619 0.001300 
1374.655485 0.001300 
1373.755352 0.001300 
1372.855218 0.001300 
1371.955085 0.001740 
1371.054952 0.001348 
1370.154818 0.001300 
1369.254685 0.001436 
1368.354552 0.001300 
1367.454418 0.001428 
1366.554285 0.001740 
1365.654151 0.001740 
1364.754018 0.001740 
1363.853885 0.001740 
1362.953751 0.001740 
1362.053618 0.001740 
1361.153484 0.001740 
1360.253351 0.001740 
1359.353218 0.001740 
1358.453084 0.001740 
1357.552951 0.001740 
1356.652818 0.001740 
1355.752684 0.001740 
1354.852551 0.002180 
1353.952417 0.002180 
1353.052284 0.002180 
1352.152151 0.002180 
1351.252017 0.002180 
1350.351884 0.002180 
1349.451751 0.002180 
1348.551617 0.002180 
1347.651484 0.002180 
1346.751350 0.002180 
1345.851217 0.002180 
1344.951084 0.002180 
1344.050950 0.002180 
1343.150817 0.002180 
1342.250684 0.002180 
1341.350550 0.002180 
1340.450417 0.002180 
1339.550283 0.002180 
1338.650150 0.002180 
1337.750017 0.001784 
1336.849883 0.002180 
1335.949750 0.002180 
1335.049617 0.002180 
1334.149483 0.002180 
1333.249350 0.002180 
1332.349216 0.002180 
1331.449083 0.002180 
1330.548950 0.001783 
1329.648816 0.002180 
1328.748683 0.002180 
1327.848550 0.002180 
1326.948416 0.002180 
1326.048283 0.002180 
1325.148149 0.002180 
1324.248016 0.002180 
1323.347883 0.002180 
1322.447749 0.002180 
1321.547616 0.002610 
1320.647482 0.002610 
1319.747349 0.002744 
1318.847216 0.003050 
1317.947082 0.003490 
1317.046949 0.003490 
1316.146816 0.003490 
1315.246682 0.003930 
1314.346549 0.004360 
1313.446415 0.004495 
1312.546282 0.005240 
1311.646149 0.006167 
1310.746015 0.006560 
1309.845882 0.008229 
1308.945749 0.010481 
1308.045615 0.013920 
1307.145482 0.016895 
1306.245348 0.019792 
1305.345215 0.026971 
1304.445082 0.052423 
1303.544948 0.096573 
1302.644815 0.191432 
1301.744682 0.339454 
1300.844548 0.203134 
1299.944415 0.115152 
1299.044281 0.128355 
1298.144148 0.164392 
1297.244015 0.193940 
1296.343881 0.078943 
1295.443748 0.036473 
1294.543615 0.029643 
1293.643481 0.026970 
1292.743348 0.019831 
1291.843214 0.009757 
1290.943081 0.005140 
1290.042948 0.003565 
1289.142814 0.002428 
1288.242681 0.001457 
1287.342548 0.001300 
1286.442414 0.000869 
1285.542281 0.000869 
1284.642147 0.000435 
1283.742014 0.000435 
1282.841881 0.000435 
1281.941747 0.000435 
1281.041614 0.000210 
1280.141480 0.000000 
1279.241347 0.000000 
1278.341214 0.000000 
1277.441080 0.000000 
1276.540947 0.000000 
1275.640814 0.000000 
1274.740680 0.000000 
1273.840547 0.000000 
1272.940413 0.000000 
1272.040280 0.000000 
1271.140147 0.000000 
1270.240013 0.000000 
1269.339880 0.000000 
1268.439747 0.000000 
1267.539613 0.000000 
1266.639480 0.000000 
1265.739346 0.000000 
1264.839213 0.000000 
1263.939080 0.000000 
1263.038946 0.000000 
1262.138813 0.000000 
1261.238680 0.000000 
1260.338546 0.000000 
1259.438413 0.000000 
1258.538279 0.000000 
1257.638146 0.000000 
1256.738013 0.000000 
1255.837879 0.000000 
1254.937746 0.000000 
1254.037613 0.000000 
1253.137479 0.000000 
1252.237346 0.000000 
1251.337212 0.000000 
1250.437079 0.000000 
1249.536946 0.000000 
1248.636812 0.000000 
1247.736679 0.000000 
1246.836546 0.000000 
1245.936412 0.000000 
1245.036279 0.000000 
1244.136145 0.000000 
1243.236012 0.000000 
1242.335879 0.000000 
1241.435745 0.000000 
1240.535612 0.000000 
1239.635478 0.000000 
1238.735345 0.000000 
1237.835212 0.000000 
1236.935078 0.000000 
1236.034945 0.000000 
1235.134812 0.000000 
1234.234678 0.000000 
1233.334545 0.000000 
1232.434411 0.000000 
1231.534278 0.000000 
1230.634145 0.000000 
1229.734011 0.000000 
1228.833878 0.000000 
1227.933745 0.000000 
1227.033611 0.000000 
1226.133478 0.000000 
1225.233344 0.000000 
1224.333211 0.000000 
1223.433078 0.000000 
1222.532944 0.000000 
1221.632811 0.000000 
1220.732678 0.000000 
1219.832544 0.000000 
1218.932411 0.000000 
1218.032277 0.000000 
1217.132144 0.000000 
1216.232011 0.000000 
1215.331877 0.000115 
1214.431744 0.000000 
1213.531611 0.000000 
1212.631477 0.000146 
1211.731344 0.000000 
1210.831210 0.000000 
1209.931077 0.000000 
1209.030944 0.000000 
1208.130810 0.000000 
1207.230677 0.000200 
1206.330544 0.000000 
1205.430410 0.000147 
1204.530277 0.000435 
1203.630143 0.000000 
1202.730010 0.000000 
1201.829877 0.000000 
1200.929743 0.000000 
1200.029610 0.000000 
1199.129476 0.000000 
1198.229343 0.000000 
1197.329210 0.000435 
1196.429076 0.000025 
1195.528943 0.000000 
1194.628810 0.000000 
1193.728676 0.000000 
1192.828543 0.000000 
1191.928409 0.000149 
1191.028276 0.000435 
1190.128143 0.000062 
1189.228009 0.000435 
1188.327876 0.000000 
1187.427743 0.000000 
1186.527609 0.000000 
1185.627476 0.000000 
1184.727342 0.000284 
1183.827209 0.000000 
1182.927076 0.000000 
1182.026942 0.000435 
1181.126809 0.000110 
1180.226676 0.000197 
1179.326542 0.000435 
1178.426409 0.000284 
1177.526275 0.000000 
1176.626142 0.000000 
1175.726009 0.000000 
1174.825875 0.000325 
1173.925742 0.000000 
1173.025609 0.000196 
1172.125475 0.000000 
1171.225342 0.000152 
1170.325208 0.000065 
1169.425075 0.000435 
1168.524942 0.000027 
1167.624808 0.000326 
1166.724675 0.000195 
1165.824542 0.000195 
1164.924408 0.000282 
1164.024275 0.000000 
1163.124141 0.000000 
1162.224008 0.000414 
1161.323875 0.000000 
1160.423741 0.000000 
1159.523608 0.000240 
1158.623474 0.000153 
1157.723341 0.000154 
1156.823208 0.000435 
1155.923074 0.000435 
1155.022941 0.000435 
1154.122808 0.000435 
1153.222674 0.000435 
1152.322541 0.000435 
1151.422407 0.000000 
1150.522274 0.000000 
1149.622141 0.000435 
1148.722007 0.000435 
1147.821874 0.000435 
1146.921741 0.000132 
1146.021607 0.000435 
1145.121474 0.000435 
1144.221340 0.000000 
1143.321207 0.000000 
1142.421074 0.000000 
1141.520940 0.000435 
1140.620807 0.000435 
1139.720674 0.000000 
1138.820540 0.000195 
1137.920407 0.000435 
1137.020273 0.000069 
1136.120140 0.000435 
1135.220007 0.000435 
1134.319873 0.000000 
1133.419740 0.000000 
1132.519607 0.000191 
1131.619473 0.000000 
1130.719340 0.000000 
1129.819206 0.000070 
1128.919073 0.000017 
1128.018940 0.000000 
1127.118806 0.000331 
1126.218673 0.000190 
1125.318540 0.000000 
1124.418406 0.000000 
1123.518273 0.000363 
1122.618139 0.000435 
1121.718006 0.000016 
1120.817873 0.000332 
1119.917739 0.000435 
1119.017606 0.000000 
1118.117472 0.000000 
1117.217339 0.000435 
1116.317206 0.000435 
1115.417072 0.000435 
1114.516939 0.000416 
1113.616806 0.000333 
1112.716672 0.000000 
1111.816539 0.000199 
1110.916405 0.000275 
1110.016272 0.000435 
1109.116139 0.000014 
1108.216005 0.000000 
1107.315872 0.000000 
1106.415739 0.000000 
1105.515605 0.000000 
1104.615472 0.000274 
1103.715338 0.000343 
1102.815205 0.000074 
1101.915072 0.000435 
1101.014938 0.000000 
1100.114805 0.000435 
1099.214672 0.000435 
1098.314538 0.000435 
1097.414405 0.000435 
1096.514271 0.000360 
1095.614138 0.000422 
1094.714005 0.000435 
1093.813871 0.000435 
1092.913738 0.000000 
1092.013605 0.000435 
1091.113471 0.000162 
1090.213338 0.000340 
1089.313204 0.000075 
1088.413071 0.000435 
1087.512938 0.000098 
1086.612804 0.000000 
1085.712671 0.000000 
1084.812538 0.000000 
1083.912404 0.000163 
1083.012271 0.000000 
1082.112137 0.000424 
1081.212004 0.000435 
1080.311871 0.000000 
1079.411737 0.000313 
1078.511604 0.000184 
1077.611470 0.000164 
1076.711337 0.000338 
1075.811204 0.000435 
1074.911070 0.000435 
1074.010937 0.000338 
1073.110804 0.000435 
1072.210670 0.000000 
1071.310537 0.000229 
1070.410403 0.000165 
1069.510270 0.000435 
1068.610137 0.000435 
1067.710003 0.000000 
1066.809870 0.000095 
1065.909737 0.000000 
1065.009603 0.000000 
1064.109470 0.000166 
1063.209336 0.000435 
1062.309203 0.000000 
1061.409070 0.000000 
1060.508936 0.000095 
1059.608803 0.000435 
1058.708670 0.000435 
1057.808536 0.000166 
1056.908403 0.000435 
1056.008269 0.000435 
1055.108136 0.000435 
1054.208003 0.000007 
1053.307869 0.000000 
1052.407736 0.000000 
1051.507603 0.000435 
1050.607469 0.000000 
1049.707336 0.000000 
1048.807202 0.000435 
1047.907069 0.000006 
1047.006936 0.000093 
1046.106802 0.000435 
1045.206669 0.000180 
1044.306536 0.000435 
1043.406402 0.000000 
1042.506269 0.000435 
1041.606135 0.000435 
1040.706002 0.000435 
1039.805869 0.000435 
1038.905735 0.000435 
1038.005602 0.000435 
1037.105468 0.000435 
1036.205335 0.000435 
1035.305202 0.000082 
1034.405068 0.000435 
1033.504935 0.000435 
1032.604802 0.000435 
1031.704668 0.000435 
1030.804535 0.000435 
1029.904401 0.000435 
1029.004268 0.000435 
1028.104135 0.000435 
1027.204001 0.000435 
1026.303868 0.000435 
1025.403735 0.000435 
1024.503601 0.000435 
1023.603468 0.000435 
1022.703334 0.000435 
1021.803201 0.000435 
1020.903068 0.000435 
1020.002934 0.000435 
1019.102801 0.000435 
1018.202668 0.000435 
1017.302534 0.000435 
1016.402401 0.000435 
1015.502267 0.000435 
1014.602134 0.000435 
1013.702001 0.000435 
1012.801867 0.000435 
1011.901734 0.000435 
1011.001601 0.000435 
1010.101467 0.000435 
1009.201334 0.000435 
1008.301200 0.000435 
1007.401067 0.000435 
1006.500934 0.000435 
1005.600800 0.000435 
1004.700667 0.000435 
1003.800534 0.000435 
1002.900400 0.000435 
1002.000267 0.000435 
1001.100133 0.000435 
1000.200000 0.000435 
