4000.123242 -0.000307 
3998.956130 -0.000057 
3997.789019 -0.000007 
3996.621907 0.000023 
3995.454795 0.000207 
3994.287683 0.000279 
3993.120572 0.000336 
3991.953460 0.000301 
3990.786348 0.000484 
3989.619236 0.000357 
3988.452125 0.000499 
3987.285013 0.000495 
3986.117901 0.000751 
3984.950789 0.000573 
3983.783678 0.000489 
3982.616566 0.000187 
3981.449454 0.000318 
3980.282342 0.000345 
3979.115231 0.000053 
3977.948119 -0.000061 
3976.781007 0.000003 
3975.613896 -0.000119 
3974.446784 -0.000348 
3973.279672 -0.000265 
3972.112560 -0.000153 
3970.945449 -0.000261 
3969.778337 -0.000341 
3968.611225 -0.000254 
3967.444113 -0.000261 
3966.277002 -0.000232 
3965.109890 -0.000319 
3963.942778 -0.000284 
3962.775666 -0.000149 
3961.608555 -0.000224 
3960.441443 -0.000345 
3959.274331 -0.000242 
3958.107219 -0.000164 
3956.940108 -0.000158 
3955.772996 -0.000012 
3954.605884 -0.000032 
3953.438772 0.000121 
3952.271661 0.000002 
3951.104549 0.000159 
3949.937437 0.000167 
3948.770326 0.000070 
3947.603214 0.000084 
3946.436102 -0.000017 
3945.268990 -0.000069 
3944.101879 -0.000085 
3942.934767 -0.000059 
3941.767655 0.000013 
3940.600543 -0.000007 
3939.433432 -0.000108 
3938.266320 0.000216 
3937.099208 0.000120 
3935.932096 0.000080 
3934.764985 -0.000198 
3933.597873 -0.000111 
3932.430761 0.000138 
3931.263649 0.000132 
3930.096538 0.000144 
3928.929426 -0.000110 
3927.762314 -0.000122 
3926.595203 -0.000242 
3925.428091 -0.000174 
3924.260979 -0.000209 
3923.093867 -0.000108 
3921.926756 -0.000044 
3920.759644 0.000133 
3919.592532 -0.000066 
3918.425420 -0.000032 
3917.258309 -0.000032 
3916.091197 0.000107 
3914.924085 0.000018 
3913.756973 0.000268 
3912.589862 0.000192 
3911.422750 0.000094 
3910.255638 -0.000018 
3909.088526 0.000012 
3907.921415 0.000096 
3906.754303 0.000177 
3905.587191 0.000176 
3904.420080 -0.000004 
3903.252968 0.000147 
3902.085856 0.000071 
3900.918744 0.000252 
3899.751633 0.000098 
3898.584521 0.000160 
3897.417409 0.000055 
3896.250297 0.000027 
3895.083186 0.000105 
3893.916074 0.000169 
3892.748962 0.000062 
3891.581850 0.000169 
3890.414739 0.000168 
3889.247627 0.000141 
3888.080515 0.000210 
3886.913403 0.000204 
3885.746292 0.000404 
3884.579180 0.000343 
3883.412068 0.000227 
3882.244957 0.000229 
3881.077845 0.000481 
3879.910733 0.000357 
3878.743621 0.000331 
3877.576510 0.000341 
3876.409398 0.000587 
3875.242286 0.000650 
3874.075174 0.000687 
3872.908063 0.000743 
3871.740951 0.000778 
3870.573839 0.000873 
3869.406727 0.000977 
3868.239616 0.001097 
3867.072504 0.001107 
3865.905392 0.001216 
3864.738280 0.001250 
3863.571169 0.001208 
3862.404057 0.001082 
3861.236945 0.001199 
3860.069833 0.001146 
3858.902722 0.001279 
3857.735610 0.001233 
3856.568498 0.001145 
3855.401387 0.001059 
3854.234275 0.001165 
3853.067163 0.000981 
3851.900051 0.000847 
3850.732940 0.000831 
3849.565828 0.000720 
3848.398716 0.000824 
3847.231604 0.000714 
3846.064493 0.000680 
3844.897381 0.000514 
3843.730269 0.000548 
3842.563157 0.000417 
3841.396046 0.000433 
3840.228934 0.000363 
3839.061822 0.000377 
3837.894710 0.000321 
3836.727599 0.000209 
3835.560487 0.000094 
3834.393375 0.000197 
3833.226264 0.000119 
3832.059152 0.000207 
3830.892040 0.000230 
3829.724928 0.000109 
3828.557817 0.000135 
3827.390705 -0.000035 
3826.223593 0.000043 
3825.056481 0.000061 
3823.889370 0.000071 
3822.722258 0.000001 
3821.555146 -0.000029 
3820.388034 -0.000162 
3819.220923 -0.000089 
3818.053811 -0.000114 
3816.886699 0.000016 
3815.719587 -0.000006 
3814.552476 -0.000036 
3813.385364 -0.000029 
3812.218252 0.000001 
3811.051141 -0.000042 
3809.884029 -0.000191 
3808.716917 -0.000155 
3807.549805 -0.000158 
3806.382694 -0.000069 
3805.215582 -0.000206 
3804.048470 -0.000050 
3802.881358 0.000075 
3801.714247 0.000098 
3800.547135 0.000074 
3799.380023 -0.000035 
3798.212911 -0.000070 
3797.045800 -0.000035 
3795.878688 -0.000068 
3794.711576 -0.000138 
3793.544464 -0.000138 
3792.377353 -0.000111 
3791.210241 -0.000034 
3790.043129 -0.000303 
3788.876017 -0.000093 
3787.708906 -0.000127 
3786.541794 -0.000002 
3785.374682 -0.000056 
3784.207571 -0.000038 
3783.040459 0.000016 
3781.873347 -0.000040 
3780.706235 -0.000067 
3779.539124 0.000014 
3778.372012 -0.000037 
3777.204900 -0.000019 
3776.037788 -0.000115 
3774.870677 -0.000075 
3773.703565 0.000115 
3772.536453 0.000054 
3771.369341 0.000098 
3770.202230 -0.000072 
3769.035118 0.000038 
3767.868006 0.000016 
3766.700894 -0.000015 
3765.533783 -0.000116 
3764.366671 -0.000026 
3763.199559 0.000059 
3762.032448 -0.000004 
3760.865336 -0.000014 
3759.698224 -0.000055 
3758.531112 -0.000107 
3757.364001 -0.000126 
3756.196889 -0.000043 
3755.029777 -0.000077 
3753.862665 -0.000079 
3752.695554 -0.000063 
3751.528442 0.000156 
3750.361330 -0.000077 
3749.194218 0.000174 
3748.027107 0.000027 
3746.859995 0.000035 
3745.692883 -0.000031 
3744.525771 0.000089 
3743.358660 -0.000015 
3742.191548 -0.000014 
3741.024436 -0.000000 
3739.857325 -0.000192 
3738.690213 -0.000039 
3737.523101 0.000002 
3736.355989 0.000004 
3735.188878 -0.000088 
3734.021766 -0.000036 
3732.854654 -0.000033 
3731.687542 0.000046 
3730.520431 -0.000040 
3729.353319 -0.000097 
3728.186207 -0.000101 
3727.019095 -0.000027 
3725.851984 -0.000170 
3724.684872 -0.000207 
3723.517760 -0.000157 
3722.350648 -0.000000 
3721.183537 -0.000055 
3720.016425 -0.000251 
3718.849313 -0.000234 
3717.682202 -0.000307 
3716.515090 -0.000129 
3715.347978 -0.000111 
3714.180866 -0.000092 
3713.013755 -0.000222 
3711.846643 -0.000075 
3710.679531 -0.000155 
3709.512419 -0.000041 
3708.345308 -0.000076 
3707.178196 -0.000143 
3706.011084 -0.000082 
3704.843972 -0.000110 
3703.676861 -0.000032 
3702.509749 -0.000153 
3701.342637 0.000047 
3700.175525 -0.000064 
3699.008414 -0.000018 
3697.841302 -0.000237 
3696.674190 -0.000176 
3695.507078 -0.000190 
3694.339967 0.000001 
3693.172855 -0.000028 
3692.005743 0.000065 
3690.838632 -0.000074 
3689.671520 -0.000104 
3688.504408 -0.000072 
3687.337296 -0.000061 
3686.170185 -0.000041 
3685.003073 -0.000050 
3683.835961 0.000036 
3682.668849 0.000030 
3681.501738 0.000180 
3680.334626 0.000039 
3679.167514 0.000117 
3678.000402 0.000213 
3676.833291 0.000491 
3675.666179 0.000578 
3674.499067 0.000699 
3673.331955 0.000540 
3672.164844 0.000716 
3670.997732 0.000766 
3669.830620 0.000860 
3668.663509 0.001014 
3667.496397 0.000973 
3666.329285 0.000772 
3665.162173 0.000771 
3663.995062 0.000862 
3662.827950 0.000736 
3661.660838 0.001021 
3660.493726 0.000955 
3659.326615 0.001103 
3658.159503 0.000987 
3656.992391 0.001106 
3655.825279 0.001142 
3654.658168 0.001016 
3653.491056 0.001089 
3652.323944 0.001191 
3651.156832 0.001230 
3649.989721 0.001258 
3648.822609 0.001113 
3647.655497 0.000986 
3646.488386 0.001160 
3645.321274 0.000978 
3644.154162 0.001032 
3642.987050 0.001005 
3641.819939 0.001005 
3640.652827 0.000804 
3639.485715 0.000944 
3638.318603 0.000964 
3637.151492 0.001114 
3635.984380 0.001051 
3634.817268 0.001199 
3633.650156 0.001236 
3632.483045 0.001196 
3631.315933 0.001357 
3630.148821 0.001695 
3628.981709 0.001921 
3627.814598 0.001926 
3626.647486 0.002168 
3625.480374 0.002317 
3624.313262 0.002598 
3623.146151 0.002587 
3621.979039 0.002764 
3620.811927 0.002787 
3619.644816 0.002900 
3618.477704 0.002740 
3617.310592 0.002756 
3616.143480 0.002616 
3614.976369 0.002687 
3613.809257 0.002685 
3612.642145 0.002729 
3611.475033 0.002757 
3610.307922 0.002598 
3609.140810 0.002822 
3607.973698 0.002942 
3606.806586 0.002905 
3605.639475 0.002768 
3604.472363 0.002926 
3603.305251 0.002935 
3602.138139 0.002983 
3600.971028 0.002923 
3599.803916 0.003008 
3598.636804 0.003000 
3597.469693 0.002942 
3596.302581 0.003136 
3595.135469 0.003262 
3593.968357 0.003225 
3592.801246 0.003223 
3591.634134 0.003388 
3590.467022 0.003506 
3589.299910 0.003671 
3588.132799 0.003654 
3586.965687 0.003972 
3585.798575 0.003867 
3584.631463 0.003863 
3583.464352 0.003997 
3582.297240 0.004323 
3581.130128 0.004452 
3579.963016 0.004537 
3578.795905 0.004707 
3577.628793 0.004863 
3576.461681 0.004980 
3575.294570 0.005226 
3574.127458 0.005377 
3572.960346 0.005449 
3571.793234 0.005745 
3570.626123 0.005812 
3569.459011 0.006031 
3568.291899 0.006097 
3567.124787 0.006269 
3565.957676 0.006421 
3564.790564 0.006786 
3563.623452 0.006791 
3562.456340 0.007073 
3561.289229 0.007219 
3560.122117 0.007508 
3558.955005 0.007645 
3557.787893 0.007766 
3556.620782 0.008162 
3555.453670 0.008338 
3554.286558 0.008597 
3553.119447 0.008602 
3551.952335 0.008938 
3550.785223 0.008963 
3549.618111 0.009226 
3548.451000 0.009409 
3547.283888 0.009852 
3546.116776 0.010052 
3544.949664 0.010382 
3543.782553 0.010463 
3542.615441 0.010827 
3541.448329 0.011131 
3540.281217 0.011417 
3539.114106 0.011756 
3537.946994 0.011954 
3536.779882 0.012298 
3535.612770 0.012552 
3534.445659 0.013056 
3533.278547 0.013309 
3532.111435 0.013883 
3530.944323 0.014251 
3529.777212 0.014674 
3528.610100 0.015057 
3527.442988 0.015643 
3526.275877 0.016120 
3525.108765 0.016648 
3523.941653 0.017108 
3522.774541 0.017615 
3521.607430 0.018326 
3520.440318 0.018930 
3519.273206 0.019533 
3518.106094 0.020104 
3516.938983 0.021034 
3515.771871 0.021719 
3514.604759 0.022532 
3513.437647 0.023256 
3512.270536 0.024208 
3511.103424 0.025160 
3509.936312 0.026318 
3508.769200 0.027178 
3507.602089 0.028328 
3506.434977 0.029549 
3505.267865 0.030784 
3504.100754 0.032021 
3502.933642 0.033459 
3501.766530 0.034806 
3500.599418 0.036418 
3499.432307 0.038040 
3498.265195 0.039658 
3497.098083 0.041565 
3495.930971 0.043324 
3494.763860 0.045407 
3493.596748 0.047165 
3492.429636 0.049477 
3491.262524 0.051593 
3490.095413 0.054022 
3488.928301 0.056410 
3487.761189 0.059073 
3486.594077 0.061527 
3485.426966 0.064066 
3484.259854 0.066815 
3483.092742 0.069594 
3481.925631 0.072502 
3480.758519 0.075281 
3479.591407 0.078238 
3478.424295 0.081007 
3477.257184 0.083879 
3476.090072 0.086569 
3474.922960 0.089306 
3473.755848 0.091769 
3472.588737 0.094257 
3471.421625 0.096816 
3470.254513 0.099141 
3469.087401 0.101254 
3467.920290 0.103324 
3466.753178 0.105404 
3465.586066 0.107067 
3464.418954 0.108717 
3463.251843 0.110125 
3462.084731 0.111599 
3460.917619 0.112597 
3459.750508 0.113826 
3458.583396 0.114774 
3457.416284 0.115869 
3456.249172 0.116589 
3455.082061 0.117654 
3453.914949 0.118548 
3452.747837 0.119567 
3451.580725 0.120579 
3450.413614 0.121573 
3449.246502 0.122477 
3448.079390 0.123698 
3446.912278 0.124653 
3445.745167 0.125740 
3444.578055 0.126901 
3443.410943 0.127949 
3442.243831 0.129241 
3441.076720 0.130307 
3439.909608 0.131678 
3438.742496 0.132969 
3437.575384 0.134567 
3436.408273 0.136094 
3435.241161 0.137775 
3434.074049 0.139438 
3432.906938 0.141399 
3431.739826 0.143290 
3430.572714 0.145283 
3429.405602 0.147587 
3428.238491 0.149927 
3427.071379 0.152364 
3425.904267 0.154615 
3424.737155 0.157275 
3423.570044 0.160096 
3422.402932 0.162699 
3421.235820 0.165287 
3420.068708 0.168265 
3418.901597 0.171157 
3417.734485 0.174102 
3416.567373 0.176887 
3415.400261 0.180022 
3414.233150 0.183012 
3413.066038 0.186118 
3411.898926 0.189006 
3410.731815 0.191828 
3409.564703 0.195002 
3408.397591 0.198126 
3407.230479 0.201122 
3406.063368 0.203810 
3404.896256 0.206718 
3403.729144 0.209411 
3402.562032 0.212240 
3401.394921 0.215122 
3400.227809 0.217943 
3399.060697 0.220279 
3397.893585 0.222809 
3396.726474 0.225283 
3395.559362 0.227627 
3394.392250 0.229808 
3393.225138 0.231970 
3392.058027 0.233822 
3390.890915 0.235972 
3389.723803 0.237700 
3388.556692 0.239336 
3387.389580 0.240919 
3386.222468 0.242214 
3385.055356 0.243584 
3383.888245 0.244689 
3382.721133 0.245873 
3381.554021 0.246825 
3380.386909 0.247985 
3379.219798 0.248908 
3378.052686 0.249668 
3376.885574 0.250306 
3375.718462 0.250904 
3374.551351 0.251474 
3373.384239 0.252176 
3372.217127 0.252681 
3371.050015 0.253019 
3369.882904 0.253407 
3368.715792 0.253762 
3367.548680 0.254190 
3366.381568 0.254459 
3365.214457 0.255034 
3364.047345 0.255395 
3362.880233 0.255836 
3361.713122 0.256127 
3360.546010 0.256757 
3359.378898 0.257209 
3358.211786 0.257846 
3357.044675 0.258529 
3355.877563 0.259074 
3354.710451 0.259872 
3353.543339 0.260676 
3352.376228 0.261487 
3351.209116 0.262263 
3350.042004 0.263143 
3348.874892 0.264028 
3347.707781 0.265062 
3346.540669 0.266110 
3345.373557 0.267190 
3344.206445 0.268147 
3343.039334 0.269544 
3341.872222 0.270652 
3340.705110 0.271990 
3339.537999 0.273277 
3338.370887 0.274760 
3337.203775 0.275805 
3336.036663 0.277235 
3334.869552 0.278981 
3333.702440 0.280307 
3332.535328 0.281759 
3331.368216 0.283169 
3330.201105 0.284951 
3329.033993 0.286322 
3327.866881 0.288052 
3326.699769 0.289740 
3325.532658 0.291520 
3324.365546 0.292963 
3323.198434 0.294862 
3322.031322 0.296514 
3320.864211 0.298171 
3319.697099 0.299792 
3318.529987 0.301625 
3317.362876 0.303229 
3316.195764 0.304768 
3315.028652 0.306331 
3313.861540 0.308018 
3312.694429 0.309597 
3311.527317 0.311129 
3310.360205 0.312728 
3309.193093 0.314247 
3308.025982 0.315730 
3306.858870 0.316991 
3305.691758 0.318765 
3304.524646 0.320148 
3303.357535 0.321256 
3302.190423 0.322499 
3301.023311 0.323941 
3299.856199 0.325118 
3298.689088 0.326382 
3297.521976 0.327450 
3296.354864 0.328586 
3295.187753 0.329681 
3294.020641 0.330627 
3292.853529 0.331842 
3291.686417 0.332555 
3290.519306 0.333498 
3289.352194 0.334172 
3288.185082 0.334994 
3287.017970 0.335666 
3285.850859 0.336342 
3284.683747 0.336759 
3283.516635 0.337365 
3282.349523 0.337641 
3281.182412 0.338155 
3280.015300 0.338530 
3278.848188 0.338936 
3277.681076 0.339073 
3276.513965 0.339329 
3275.346853 0.339634 
3274.179741 0.339591 
3273.012629 0.339692 
3271.845518 0.339744 
3270.678406 0.339537 
3269.511294 0.339476 
3268.344183 0.339662 
3267.177071 0.339486 
3266.009959 0.339274 
3264.842847 0.339157 
3263.675736 0.338962 
3262.508624 0.338824 
3261.341512 0.338458 
3260.174400 0.338012 
3259.007289 0.337738 
3257.840177 0.337501 
3256.673065 0.336882 
3255.505953 0.336590 
3254.338842 0.336058 
3253.171730 0.335621 
3252.004618 0.335006 
3250.837506 0.334700 
3249.670395 0.334130 
3248.503283 0.333486 
3247.336171 0.332835 
3246.169060 0.332420 
3245.001948 0.331736 
3243.834836 0.331128 
3242.667724 0.330132 
3241.500613 0.329231 
3240.333501 0.328508 
3239.166389 0.327733 
3237.999277 0.326800 
3236.832166 0.325644 
3235.665054 0.324700 
3234.497942 0.323668 
3233.330830 0.322675 
3232.163719 0.321405 
3230.996607 0.320468 
3229.829495 0.319201 
3228.662383 0.317857 
3227.495272 0.316486 
3226.328160 0.315115 
3225.161048 0.313551 
3223.993937 0.312060 
3222.826825 0.310489 
3221.659713 0.308789 
3220.492601 0.307156 
3219.325490 0.305512 
3218.158378 0.303844 
3216.991266 0.301800 
3215.824154 0.300050 
3214.657043 0.298109 
3213.489931 0.296351 
3212.322819 0.294241 
3211.155707 0.292063 
3209.988596 0.289976 
3208.821484 0.287962 
3207.654372 0.285783 
3206.487260 0.283599 
3205.320149 0.281152 
3204.153037 0.279031 
3202.985925 0.276923 
3201.818813 0.274287 
3200.651702 0.271991 
3199.484590 0.269377 
3198.317478 0.267129 
3197.150367 0.264757 
3195.983255 0.262305 
3194.816143 0.259713 
3193.649031 0.257132 
3192.481920 0.254388 
3191.314808 0.251988 
3190.147696 0.249529 
3188.980584 0.246883 
3187.813473 0.244119 
3186.646361 0.241560 
3185.479249 0.239180 
3184.312137 0.236669 
3183.145026 0.234021 
3181.977914 0.231320 
3180.810802 0.228910 
3179.643690 0.226302 
3178.476579 0.223759 
3177.309467 0.221116 
3176.142355 0.218851 
3174.975244 0.216143 
3173.808132 0.213619 
3172.641020 0.211181 
3171.473908 0.208672 
3170.306797 0.206310 
3169.139685 0.203843 
3167.972573 0.201397 
3166.805461 0.198928 
3165.638350 0.196579 
3164.471238 0.194213 
3163.304126 0.191858 
3162.137014 0.189443 
3160.969903 0.187203 
3159.802791 0.185069 
3158.635679 0.182749 
3157.468567 0.180325 
3156.301456 0.178136 
3155.134344 0.176045 
3153.967232 0.174072 
3152.800121 0.171875 
3151.633009 0.169852 
3150.465897 0.167803 
3149.298785 0.165907 
3148.131674 0.164080 
3146.964562 0.162079 
3145.797450 0.160344 
3144.630338 0.158405 
3143.463227 0.156780 
3142.296115 0.154854 
3141.129003 0.153198 
3139.961891 0.151509 
3138.794780 0.149989 
3137.627668 0.148355 
3136.460556 0.146765 
3135.293444 0.145197 
3134.126333 0.143729 
3132.959221 0.142272 
3131.792109 0.140736 
3130.624998 0.139372 
3129.457886 0.137905 
3128.290774 0.136405 
3127.123662 0.135014 
3125.956551 0.133720 
3124.789439 0.132458 
3123.622327 0.131183 
3122.455215 0.129945 
3121.288104 0.128637 
3120.120992 0.127271 
3118.953880 0.126059 
3117.786768 0.124714 
3116.619657 0.123490 
3115.452545 0.122232 
3114.285433 0.121112 
3113.118321 0.119736 
3111.951210 0.118473 
3110.784098 0.117441 
3109.616986 0.116262 
3108.449874 0.115025 
3107.282763 0.113807 
3106.115651 0.112821 
3104.948539 0.111615 
3103.781428 0.110446 
3102.614316 0.109193 
3101.447204 0.108133 
3100.280092 0.106990 
3099.112981 0.105761 
3097.945869 0.104568 
3096.778757 0.103402 
3095.611645 0.102243 
3094.444534 0.100947 
3093.277422 0.099890 
3092.110310 0.098678 
3090.943198 0.097504 
3089.776087 0.096336 
3088.608975 0.095325 
3087.441863 0.094239 
3086.274751 0.093141 
3085.107640 0.091889 
3083.940528 0.090688 
3082.773416 0.089599 
3081.606305 0.088444 
3080.439193 0.087312 
3079.272081 0.086286 
3078.104969 0.085151 
3076.937858 0.084002 
3075.770746 0.082881 
3074.603634 0.081791 
3073.436522 0.080780 
3072.269411 0.079687 
3071.102299 0.078665 
3069.935187 0.077509 
3068.768075 0.076370 
3067.600964 0.075361 
3066.433852 0.074414 
3065.266740 0.073274 
3064.099628 0.072321 
3062.932517 0.071352 
3061.765405 0.070240 
3060.598293 0.069317 
3059.431182 0.068395 
3058.264070 0.067371 
3057.096958 0.066364 
3055.929846 0.065489 
3054.762735 0.064421 
3053.595623 0.063606 
3052.428511 0.062674 
3051.261399 0.061790 
3050.094288 0.060815 
3048.927176 0.060083 
3047.760064 0.059186 
3046.592952 0.058374 
3045.425841 0.057387 
3044.258729 0.056618 
3043.091617 0.055815 
3041.924505 0.055007 
3040.757394 0.054312 
3039.590282 0.053447 
3038.423170 0.052706 
3037.256058 0.052035 
3036.088947 0.051333 
3034.921835 0.050536 
3033.754723 0.049916 
3032.587612 0.049259 
3031.420500 0.048745 
3030.253388 0.048049 
3029.086276 0.047524 
3027.919165 0.047077 
3026.752053 0.046646 
3025.584941 0.046174 
3024.417829 0.045686 
3023.250718 0.045288 
3022.083606 0.045061 
3020.916494 0.044906 
3019.749382 0.044774 
3018.582271 0.044936 
3017.415159 0.044985 
3016.248047 0.045461 
3015.080935 0.045885 
3013.913824 0.046646 
3012.746712 0.047703 
3011.579600 0.049042 
3010.412489 0.050626 
3009.245377 0.052852 
3008.078265 0.055353 
3006.911153 0.058199 
3005.744042 0.061651 
3004.576930 0.065539 
3003.409818 0.070013 
3002.242706 0.074960 
3001.075595 0.080520 
2999.908483 0.086361 
2998.741371 0.092645 
2997.574259 0.099171 
2996.407148 0.106032 
2995.240036 0.112680 
2994.072924 0.119433 
2992.905812 0.125563 
2991.738701 0.131516 
2990.571589 0.136652 
2989.404477 0.141008 
2988.237366 0.144617 
2987.070254 0.147220 
2985.903142 0.148998 
2984.736030 0.149963 
2983.568919 0.150325 
2982.401807 0.150087 
2981.234695 0.149742 
2980.067583 0.149124 
2978.900472 0.148475 
2977.733360 0.147632 
2976.566248 0.147075 
2975.399136 0.146350 
2974.232025 0.145534 
2973.064913 0.144528 
2971.897801 0.143568 
2970.730689 0.142763 
2969.563578 0.142410 
2968.396466 0.142646 
2967.229354 0.143280 
2966.062243 0.144897 
2964.895131 0.147067 
2963.728019 0.149862 
2962.560907 0.152920 
2961.393796 0.155992 
2960.226684 0.158800 
2959.059572 0.161383 
2957.892460 0.163204 
2956.725349 0.164348 
2955.558237 0.164540 
2954.391125 0.163942 
2953.224013 0.162521 
2952.056902 0.160837 
2950.889790 0.158793 
2949.722678 0.156745 
2948.555566 0.155172 
2947.388455 0.153881 
2946.221343 0.153170 
2945.054231 0.152972 
2943.887119 0.153213 
2942.720008 0.153343 
2941.552896 0.153908 
2940.385784 0.154373 
2939.218673 0.155019 
2938.051561 0.155527 
2936.884449 0.156073 
2935.717337 0.156548 
2934.550226 0.156890 
2933.383114 0.156961 
2932.216002 0.156907 
2931.048890 0.156580 
2929.881779 0.155815 
2928.714667 0.155135 
2927.547555 0.154057 
2926.380443 0.152659 
2925.213332 0.151168 
2924.046220 0.149734 
2922.879108 0.148177 
2921.711996 0.146668 
2920.544885 0.145343 
2919.377773 0.144365 
2918.210661 0.143111 
2917.043550 0.142071 
2915.876438 0.141053 
2914.709326 0.140100 
2913.542214 0.139186 
2912.375103 0.138074 
2911.207991 0.136789 
2910.040879 0.135137 
2908.873767 0.132947 
2907.706656 0.130334 
2906.539544 0.127327 
2905.372432 0.123923 
2904.205320 0.120554 
2903.038209 0.117445 
2901.871097 0.114625 
2900.703985 0.112174 
2899.536873 0.109987 
2898.369762 0.107982 
2897.202650 0.106036 
2896.035538 0.104037 
2894.868427 0.101947 
2893.701315 0.099917 
2892.534203 0.097909 
2891.367091 0.095995 
2890.199980 0.094127 
2889.032868 0.092573 
2887.865756 0.091025 
2886.698644 0.089860 
2885.531533 0.088636 
2884.364421 0.087636 
2883.197309 0.086809 
2882.030197 0.086041 
2880.863086 0.085477 
2879.695974 0.084976 
2878.528862 0.084536 
2877.361750 0.084009 
2876.194639 0.083601 
2875.027527 0.082961 
2873.860415 0.082339 
2872.693303 0.081471 
2871.526192 0.080645 
2870.359080 0.079558 
2869.191968 0.078709 
2868.024857 0.077680 
2866.857745 0.076705 
2865.690633 0.075847 
2864.523521 0.075116 
2863.356410 0.074347 
2862.189298 0.073765 
2861.022186 0.073282 
2859.855074 0.072922 
2858.687963 0.072799 
2857.520851 0.072649 
2856.353739 0.072886 
2855.186627 0.073061 
2854.019516 0.073465 
2852.852404 0.074019 
2851.685292 0.075109 
2850.518180 0.076523 
2849.351069 0.078609 
2848.183957 0.081340 
2847.016845 0.084867 
2845.849734 0.089300 
2844.682622 0.095028 
2843.515510 0.101829 
2842.348398 0.109683 
2841.181287 0.118137 
2840.014175 0.126837 
2838.847063 0.135538 
2837.679951 0.143883 
2836.512840 0.151795 
2835.345728 0.158847 
2834.178616 0.165130 
2833.011504 0.170382 
2831.844393 0.174240 
2830.677281 0.176323 
2829.510169 0.176202 
2828.343057 0.173796 
2827.175946 0.169564 
2826.008834 0.163701 
2824.841722 0.156938 
2823.674611 0.150064 
2822.507499 0.143724 
2821.340387 0.138178 
2820.173275 0.133407 
2819.006164 0.129097 
2817.839052 0.124857 
2816.671940 0.120520 
2815.504828 0.115531 
2814.337717 0.110395 
2813.170605 0.105123 
2812.003493 0.100132 
2810.836381 0.095464 
2809.669270 0.091492 
2808.502158 0.087896 
2807.335046 0.084646 
2806.167934 0.081718 
2805.000823 0.078962 
2803.833711 0.076452 
2802.666599 0.073858 
2801.499488 0.071365 
2800.332376 0.068808 
2799.165264 0.066525 
2797.998152 0.064138 
2796.831041 0.061781 
2795.663929 0.059306 
2794.496817 0.056986 
2793.329705 0.054619 
2792.162594 0.052431 
2790.995482 0.050093 
2789.828370 0.047813 
2788.661258 0.045652 
2787.494147 0.043503 
2786.327035 0.041449 
2785.159923 0.039374 
2783.992811 0.037410 
2782.825700 0.035366 
2781.658588 0.033539 
2780.491476 0.031749 
2779.324364 0.030050 
2778.157253 0.028450 
2776.990141 0.027019 
2775.823029 0.025389 
2774.655918 0.023939 
2773.488806 0.022623 
2772.321694 0.021451 
2771.154582 0.020189 
2769.987471 0.019041 
2768.820359 0.018036 
2767.653247 0.017089 
2766.486135 0.016136 
2765.319024 0.015252 
2764.151912 0.014581 
2762.984800 0.013782 
2761.817688 0.013115 
2760.650577 0.012421 
2759.483465 0.011975 
2758.316353 0.011411 
2757.149241 0.010904 
2755.982130 0.010376 
2754.815018 0.009915 
2753.647906 0.009433 
2752.480795 0.009013 
2751.313683 0.008584 
2750.146571 0.008273 
2748.979459 0.008035 
2747.812348 0.007665 
2746.645236 0.007373 
2745.478124 0.007003 
2744.311012 0.006718 
2743.143901 0.006443 
2741.976789 0.006300 
2740.809677 0.005990 
2739.642565 0.005755 
2738.475454 0.005483 
2737.308342 0.005238 
2736.141230 0.004962 
2734.974118 0.004804 
2733.807007 0.004619 
2732.639895 0.004525 
2731.472783 0.004351 
2730.305672 0.004142 
2729.138560 0.004006 
2727.971448 0.003885 
2726.804336 0.003850 
2725.637225 0.003660 
2724.470113 0.003619 
2723.303001 0.003422 
2722.135889 0.003375 
2720.968778 0.003246 
2719.801666 0.003156 
2718.634554 0.003047 
2717.467442 0.002948 
2716.300331 0.002898 
2715.133219 0.002977 
2713.966107 0.002910 
2712.798995 0.002759 
2711.631884 0.002685 
2710.464772 0.002626 
2709.297660 0.002609 
2708.130548 0.002535 
2706.963437 0.002635 
2705.796325 0.002634 
2704.629213 0.002615 
2703.462102 0.002541 
2702.294990 0.002660 
2701.127878 0.002563 
2699.960766 0.002439 
2698.793655 0.002398 
2697.626543 0.002336 
2696.459431 0.002304 
2695.292319 0.002254 
2694.125208 0.002213 
2692.958096 0.002172 
2691.790984 0.002181 
2690.623872 0.002135 
2689.456761 0.002199 
2688.289649 0.002097 
2687.122537 0.002089 
2685.955425 0.002042 
2684.788314 0.002071 
2683.621202 0.002073 
2682.454090 0.002070 
2681.286979 0.002079 
2680.119867 0.002088 
2678.952755 0.002126 
2677.785643 0.002125 
2676.618532 0.002215 
2675.451420 0.002231 
2674.284308 0.002260 
2673.117196 0.002312 
2671.950085 0.002350 
2670.782973 0.002301 
2669.615861 0.002367 
2668.448749 0.002433 
2667.281638 0.002567 
2666.114526 0.002626 
2664.947414 0.002765 
2663.780302 0.002833 
2662.613191 0.002945 
2661.446079 0.002995 
2660.278967 0.003143 
2659.111856 0.003251 
2657.944744 0.003383 
2656.777632 0.003537 
2655.610520 0.003644 
2654.443409 0.003808 
2653.276297 0.003923 
2652.109185 0.004117 
2650.942073 0.004211 
2649.774962 0.004496 
2648.607850 0.004670 
2647.440738 0.004893 
2646.273626 0.005040 
2645.106515 0.005369 
2643.939403 0.005676 
2642.772291 0.005896 
2641.605179 0.006095 
2640.438068 0.006379 
2639.270956 0.006724 
2638.103844 0.007104 
2636.936733 0.007475 
2635.769621 0.007760 
2634.602509 0.008037 
2633.435397 0.008339 
2632.268286 0.008733 
2631.101174 0.009084 
2629.934062 0.009478 
2628.766950 0.009827 
2627.599839 0.010193 
2626.432727 0.010490 
2625.265615 0.010887 
2624.098503 0.011153 
2622.931392 0.011513 
2621.764280 0.011793 
2620.597168 0.012069 
2619.430056 0.012367 
2618.262945 0.012661 
2617.095833 0.012892 
2615.928721 0.013006 
2614.761609 0.013190 
2613.594498 0.013387 
2612.427386 0.013470 
2611.260274 0.013562 
2610.093163 0.013752 
2608.926051 0.013758 
2607.758939 0.013747 
2606.591827 0.013718 
2605.424716 0.013766 
2604.257604 0.013813 
2603.090492 0.013944 
2601.923380 0.014080 
2600.756269 0.014178 
2599.589157 0.014418 
2598.422045 0.014649 
2597.254933 0.014890 
2596.087822 0.015001 
2594.920710 0.015144 
2593.753598 0.015167 
2592.586486 0.015267 
2591.419375 0.015237 
2590.252263 0.015251 
2589.085151 0.015088 
2587.918040 0.014943 
2586.750928 0.014842 
2585.583816 0.014683 
2584.416704 0.014519 
2583.249593 0.014297 
2582.082481 0.014104 
2580.915369 0.013887 
2579.748257 0.013802 
2578.581146 0.013552 
2577.414034 0.013393 
2576.246922 0.013247 
2575.079810 0.013280 
2573.912699 0.013147 
2572.745587 0.013167 
2571.578475 0.013207 
2570.411363 0.013303 
2569.244252 0.013384 
2568.077140 0.013490 
2566.910028 0.013635 
2565.742917 0.013722 
2564.575805 0.013885 
2563.408693 0.013992 
2562.241581 0.014167 
2561.074470 0.014365 
2559.907358 0.014593 
2558.740246 0.014726 
2557.573134 0.014857 
2556.406023 0.014959 
2555.238911 0.015102 
2554.071799 0.015215 
2552.904687 0.015482 
2551.737576 0.015753 
2550.570464 0.015976 
2549.403352 0.016169 
2548.236240 0.016409 
2547.069129 0.016642 
2545.902017 0.016901 
2544.734905 0.017142 
2543.567794 0.017429 
2542.400682 0.017661 
2541.233570 0.017931 
2540.066458 0.018137 
2538.899347 0.018358 
2537.732235 0.018591 
2536.565123 0.018878 
2535.398011 0.019103 
2534.230900 0.019301 
2533.063788 0.019431 
2531.896676 0.019564 
2530.729564 0.019732 
2529.562453 0.019865 
2528.395341 0.019836 
2527.228229 0.019939 
2526.061117 0.020004 
2524.894006 0.020048 
2523.726894 0.019976 
2522.559782 0.019868 
2521.392670 0.019721 
2520.225559 0.019581 
2519.058447 0.019354 
2517.891335 0.019115 
2516.724224 0.018880 
2515.557112 0.018629 
2514.390000 0.018261 
2513.222888 0.017790 
2512.055777 0.017424 
2510.888665 0.016872 
2509.721553 0.016460 
2508.554441 0.015901 
2507.387330 0.015422 
2506.220218 0.014810 
2505.053106 0.014191 
2503.885994 0.013588 
2502.718883 0.013060 
2501.551771 0.012447 
2500.384659 0.011853 
2499.217547 0.011266 
2498.050436 0.010717 
2496.883324 0.010131 
2495.716212 0.009580 
2494.549101 0.009073 
2493.381989 0.008623 
2492.214877 0.008146 
2491.047765 0.007642 
2489.880654 0.007212 
2488.713542 0.006971 
2487.546430 0.006673 
2486.379318 0.006310 
2485.212207 0.006043 
2484.045095 0.005784 
2482.877983 0.005562 
2481.710871 0.005332 
2480.543760 0.005113 
2479.376648 0.004977 
2478.209536 0.004872 
2477.042424 0.004784 
2475.875313 0.004650 
2474.708201 0.004590 
2473.541089 0.004514 
2472.373978 0.004452 
2471.206866 0.004378 
2470.039754 0.004369 
2468.872642 0.004303 
2467.705531 0.004270 
2466.538419 0.004282 
2465.371307 0.004300 
2464.204195 0.004312 
2463.037084 0.004223 
2461.869972 0.004238 
2460.702860 0.004183 
2459.535748 0.004175 
2458.368637 0.004126 
2457.201525 0.004172 
2456.034413 0.004135 
2454.867301 0.004179 
2453.700190 0.004101 
2452.533078 0.004143 
2451.365966 0.004109 
2450.198854 0.004094 
2449.031743 0.004075 
2447.864631 0.004113 
2446.697519 0.004040 
2445.530408 0.004048 
2444.363296 0.004111 
2443.196184 0.003954 
2442.029072 0.003887 
2440.861961 0.003838 
2439.694849 0.003811 
2438.527737 0.003733 
2437.360625 0.003756 
2436.193514 0.003688 
2435.026402 0.003648 
2433.859290 0.003507 
2432.692178 0.003438 
2431.525067 0.003378 
2430.357955 0.003358 
2429.190843 0.003340 
2428.023731 0.003232 
2426.856620 0.003161 
2425.689508 0.003130 
2424.522396 0.002990 
2423.355285 0.002840 
2422.188173 0.002811 
2421.021061 0.002624 
2419.853949 0.002631 
2418.686838 0.002470 
2417.519726 0.002425 
2416.352614 0.002325 
2415.185502 0.002299 
2414.018391 0.002176 
2412.851279 0.002026 
2411.684167 0.001935 
2410.517055 0.001771 
2409.349944 0.001727 
2408.182832 0.001584 
2407.015720 0.001482 
2405.848608 0.001350 
2404.681497 0.001288 
2403.514385 0.001180 
2402.347273 0.001130 
2401.180162 0.001028 
2400.013050 0.001014 
2398.845938 0.001008 
2397.678826 0.000947 
2396.511715 0.000798 
2395.344603 0.000801 
2394.177491 0.000773 
2393.010379 0.000622 
2391.843268 0.000621 
2390.676156 0.000522 
2389.509044 0.000581 
2388.341932 0.000540 
2387.174821 0.000454 
2386.007709 0.000374 
2384.840597 0.000463 
2383.673485 0.000385 
2382.506374 0.000371 
2381.339262 0.000326 
2380.172150 0.000346 
2379.005039 0.000250 
2377.837927 0.000355 
2376.670815 0.000335 
2375.503703 0.000299 
2374.336592 0.000354 
2373.169480 0.000331 
2372.002368 0.000359 
2370.835256 0.000392 
2369.668145 0.000460 
2368.501033 0.000496 
2367.333921 0.000537 
2366.166809 0.000522 
2364.999698 0.000542 
2363.832586 0.000484 
2362.665474 0.000526 
2361.498362 0.000490 
2360.331251 0.000549 
2359.164139 0.000479 
2357.997027 0.000480 
2356.829915 0.000396 
2355.662804 0.000315 
2354.495692 0.000238 
2353.328580 0.000141 
2352.161469 0.000152 
2350.994357 0.000056 
2349.827245 0.000022 
2348.660133 -0.000007 
2347.493022 0.000032 
2346.325910 -0.000063 
2345.158798 0.000032 
2343.991686 0.000060 
2342.824575 0.000316 
2341.657463 0.000441 
2340.490351 0.000416 
2339.323239 0.000370 
2338.156128 0.000219 
2336.989016 0.000183 
2335.821904 0.000169 
2334.654792 0.000113 
2333.487681 0.000038 
2332.320569 0.000129 
2331.153457 0.000014 
2329.986346 0.000094 
2328.819234 0.000094 
2327.652122 0.000144 
2326.485010 0.000174 
2325.317899 0.000087 
2324.150787 0.000045 
2322.983675 0.000094 
2321.816563 0.000046 
2320.649452 0.000086 
2319.482340 0.000050 
2318.315228 0.000064 
2317.148116 0.000089 
2315.981005 0.000017 
2314.813893 0.000124 
2313.646781 0.000003 
2312.479669 0.000075 
2311.312558 0.000020 
2310.145446 0.000042 
2308.978334 -0.000007 
2307.811223 0.000092 
2306.644111 0.000014 
2305.476999 -0.000008 
2304.309887 0.000007 
2303.142776 0.000018 
2301.975664 0.000026 
2300.808552 -0.000025 
2299.641440 -0.000020 
2298.474329 -0.000033 
2297.307217 0.000070 
2296.140105 0.000039 
2294.972993 0.000155 
2293.805882 0.000104 
2292.638770 0.000184 
2291.471658 0.000140 
2290.304546 0.000291 
2289.137435 0.000222 
2287.970323 0.000298 
2286.803211 0.000363 
2285.636099 0.000455 
2284.468988 0.000468 
2283.301876 0.000595 
2282.134764 0.000701 
2280.967653 0.000823 
2279.800541 0.001002 
2278.633429 0.001063 
2277.466317 0.001263 
2276.299206 0.001430 
2275.132094 0.001648 
2273.964982 0.001747 
2272.797870 0.001981 
2271.630759 0.002167 
2270.463647 0.002424 
2269.296535 0.002548 
2268.129423 0.002800 
2266.962312 0.003028 
2265.795200 0.003217 
2264.628088 0.003499 
2263.460976 0.003687 
2262.293865 0.003970 
2261.126753 0.004170 
2259.959641 0.004423 
2258.792530 0.004632 
2257.625418 0.004995 
2256.458306 0.005210 
2255.291194 0.005549 
2254.124083 0.005756 
2252.956971 0.006056 
2251.789859 0.006224 
2250.622747 0.006565 
2249.455636 0.006842 
2248.288524 0.007086 
2247.121412 0.007325 
2245.954300 0.007621 
2244.787189 0.007906 
2243.620077 0.008095 
2242.452965 0.008395 
2241.285853 0.008560 
2240.118742 0.008872 
2238.951630 0.009014 
2237.784518 0.009314 
2236.617407 0.009427 
2235.450295 0.009669 
2234.283183 0.009737 
2233.116071 0.009953 
2231.948960 0.010046 
2230.781848 0.010235 
2229.614736 0.010338 
2228.447624 0.010441 
2227.280513 0.010582 
2226.113401 0.010601 
2224.946289 0.010693 
2223.779177 0.010708 
2222.612066 0.010813 
2221.444954 0.010762 
2220.277842 0.010823 
2219.110730 0.010717 
2217.943619 0.010751 
2216.776507 0.010610 
2215.609395 0.010674 
2214.442284 0.010560 
2213.275172 0.010543 
2212.108060 0.010481 
2210.940948 0.010382 
2209.773837 0.010316 
2208.606725 0.010205 
2207.439613 0.010061 
2206.272501 0.009903 
2205.105390 0.009868 
2203.938278 0.009710 
2202.771166 0.009721 
2201.604054 0.009561 
2200.436943 0.009605 
2199.269831 0.009424 
2198.102719 0.009437 
2196.935607 0.009362 
2195.768496 0.009382 
2194.601384 0.009301 
2193.434272 0.009315 
2192.267160 0.009326 
2191.100049 0.009371 
2189.932937 0.009403 
2188.765825 0.009415 
2187.598714 0.009526 
2186.431602 0.009511 
2185.264490 0.009616 
2184.097378 0.009568 
2182.930267 0.009704 
2181.763155 0.009665 
2180.596043 0.009738 
2179.428931 0.009726 
2178.261820 0.009808 
2177.094708 0.009763 
2175.927596 0.009755 
2174.760484 0.009787 
2173.593373 0.009818 
2172.426261 0.009863 
2171.259149 0.009796 
2170.092037 0.009827 
2168.924926 0.009766 
2167.757814 0.009755 
2166.590702 0.009710 
2165.423591 0.009789 
2164.256479 0.009675 
2163.089367 0.009778 
2161.922255 0.009669 
2160.755144 0.009688 
2159.588032 0.009687 
2158.420920 0.009822 
2157.253808 0.010012 
2156.086697 0.010319 
2154.919585 0.010763 
2153.752473 0.011418 
2152.585361 0.012285 
2151.418250 0.013401 
2150.251138 0.014865 
2149.084026 0.016501 
2147.916914 0.018924 
2146.749803 0.023314 
2145.582691 0.035322 
2144.415579 0.070856 
2143.248468 0.166385 
2142.081356 0.346186 
2140.914244 0.591292 
2139.747132 0.833987 
2138.580021 1.028772 
2137.412909 1.154438 
2136.245797 1.196208 
2135.078685 1.121607 
2133.911574 0.940998 
2132.744462 0.704830 
2131.577350 0.477717 
2130.410238 0.296294 
2129.243127 0.171230 
2128.076015 0.092482 
2126.908903 0.048371 
2125.741791 0.024721 
2124.574680 0.012800 
2123.407568 0.007071 
2122.240456 0.004239 
2121.073344 0.002900 
2119.906233 0.002157 
2118.739121 0.001737 
2117.572009 0.001371 
2116.404898 0.001110 
2115.237786 0.001004 
2114.070674 0.000894 
2112.903562 0.000874 
2111.736451 0.000773 
2110.569339 0.000870 
2109.402227 0.000739 
2108.235115 0.000701 
2107.068004 0.000431 
2105.900892 0.000347 
2104.733780 0.000205 
2103.566668 0.000073 
2102.399557 -0.000050 
2101.232445 -0.000050 
2100.065333 -0.000106 
2098.898221 -0.000039 
2097.731110 0.000041 
2096.563998 0.000363 
2095.396886 0.001413 
2094.229775 0.003539 
2093.062663 0.007149 
2091.895551 0.011277 
2090.728439 0.014660 
2089.561328 0.016024 
2088.394216 0.015634 
2087.227104 0.013678 
2086.059992 0.011215 
2084.892881 0.008373 
2083.725769 0.005988 
2082.558657 0.004189 
2081.391545 0.002941 
2080.224434 0.002156 
2079.057322 0.001739 
2077.890210 0.001643 
2076.723098 0.001577 
2075.555987 0.001728 
2074.388875 0.001793 
2073.221763 0.002122 
2072.054652 0.002215 
2070.887540 0.002492 
2069.720428 0.002637 
2068.553316 0.002961 
2067.386205 0.003059 
2066.219093 0.003268 
2065.051981 0.003354 
2063.884869 0.003535 
2062.717758 0.003674 
2061.550646 0.003743 
2060.383534 0.003903 
2059.216422 0.003995 
2058.049311 0.004205 
2056.882199 0.004282 
2055.715087 0.004440 
2054.547975 0.004463 
2053.380864 0.004631 
2052.213752 0.004610 
2051.046640 0.004742 
2049.879529 0.004686 
2048.712417 0.004783 
2047.545305 0.004694 
2046.378193 0.004764 
2045.211082 0.004702 
2044.043970 0.004656 
2042.876858 0.004648 
2041.709746 0.004478 
2040.542635 0.004484 
2039.375523 0.004341 
2038.208411 0.004280 
2037.041299 0.004028 
2035.874188 0.004002 
2034.707076 0.003774 
2033.539964 0.003753 
2032.372852 0.003504 
2031.205741 0.003409 
2030.038629 0.003185 
2028.871517 0.003169 
2027.704405 0.003003 
2026.537294 0.002793 
2025.370182 0.002644 
2024.203070 0.002489 
2023.035959 0.002477 
2021.868847 0.002309 
2020.701735 0.002242 
2019.534623 0.002041 
2018.367512 0.002019 
2017.200400 0.001889 
2016.033288 0.001881 
2014.866176 0.001685 
2013.699065 0.001671 
2012.531953 0.001499 
2011.364841 0.001573 
2010.197729 0.001435 
2009.030618 0.001340 
2007.863506 0.001292 
2006.696394 0.001259 
2005.529282 0.001255 
2004.362171 0.001141 
2003.195059 0.001061 
2002.027947 0.000958 
2000.860836 0.000987 
1999.693724 0.000893 
1998.526612 0.000901 
1997.359500 0.000735 
1996.192389 0.000778 
1995.025277 0.000678 
1993.858165 0.000586 
1992.691053 0.000464 
1991.523942 0.000423 
1990.356830 0.000397 
1989.189718 0.000330 
1988.022606 0.000240 
1986.855495 0.000173 
1985.688383 0.000226 
1984.521271 0.000116 
1983.354159 0.000170 
1982.187048 0.000041 
1981.019936 0.000047 
1979.852824 -0.000040 
1978.685713 0.000000 
1977.518601 -0.000089 
1976.351489 -0.000074 
1975.184377 -0.000137 
1974.017266 -0.000081 
1972.850154 -0.000138 
1971.683042 -0.000118 
1970.515930 -0.000150 
1969.348819 -0.000198 
1968.181707 -0.000108 
1967.014595 -0.000156 
1965.847483 -0.000080 
1964.680372 -0.000189 
1963.513260 -0.000056 
1962.346148 -0.000186 
1961.179036 -0.000117 
1960.011925 -0.000255 
1958.844813 -0.000080 
1957.677701 -0.000145 
1956.510589 -0.000099 
1955.343478 -0.000128 
1954.176366 -0.000132 
1953.009254 -0.000191 
1951.842143 -0.000137 
1950.675031 -0.000049 
1949.507919 -0.000142 
1948.340807 -0.000087 
1947.173696 -0.000154 
1946.006584 -0.000002 
1944.839472 -0.000066 
1943.672360 0.000080 
1942.505249 0.000027 
1941.338137 0.000087 
1940.171025 0.000017 
1939.003913 0.000137 
1937.836802 0.000088 
1936.669690 0.000214 
1935.502578 0.000193 
1934.335466 0.000229 
1933.168355 0.000291 
1932.001243 0.000381 
1930.834131 0.000383 
1929.667020 0.000272 
1928.499908 0.000397 
1927.332796 0.000302 
1926.165684 0.000404 
1924.998573 0.000282 
1923.831461 0.000340 
1922.664349 0.000257 
1921.497237 0.000253 
1920.330126 0.000114 
1919.163014 0.000192 
1917.995902 0.000184 
1916.828790 0.000209 
1915.661679 0.000173 
1914.494567 0.000092 
1913.327455 0.000101 
1912.160343 0.000054 
1910.993232 0.000148 
1909.826120 0.000056 
1908.659008 0.000120 
1907.491897 0.000028 
1906.324785 0.000065 
1905.157673 -0.000080 
1903.990561 0.000036 
1902.823450 -0.000020 
1901.656338 0.000047 
1900.489226 -0.000038 
1899.322114 -0.000003 
1898.155003 -0.000011 
1896.987891 -0.000013 
1895.820779 0.000040 
1894.653667 0.000027 
1893.486556 0.000051 
1892.319444 -0.000021 
1891.152332 0.000041 
1889.985220 -0.000040 
1888.818109 0.000100 
1887.650997 -0.000022 
1886.483885 0.000062 
1885.316774 -0.000039 
1884.149662 0.000019 
1882.982550 -0.000016 
1881.815438 -0.000016 
1880.648327 -0.000007 
1879.481215 0.000029 
1878.314103 0.000025 
1877.146991 -0.000088 
1875.979880 -0.000026 
1874.812768 -0.000072 
1873.645656 -0.000009 
1872.478544 -0.000137 
1871.311433 -0.000025 
1870.144321 -0.000139 
1868.977209 -0.000050 
1867.810097 -0.000108 
1866.642986 0.000013 
1865.475874 -0.000085 
1864.308762 -0.000053 
1863.141650 -0.000093 
1861.974539 -0.000026 
1860.807427 -0.000047 
1859.640315 -0.000131 
1858.473204 -0.000073 
1857.306092 -0.000115 
1856.138980 0.000028 
1854.971868 -0.000086 
1853.804757 -0.000055 
1852.637645 -0.000181 
1851.470533 -0.000033 
1850.303421 -0.000133 
1849.136310 -0.000067 
1847.969198 -0.000161 
1846.802086 -0.000059 
1845.634974 -0.000086 
1844.467863 -0.000055 
1843.300751 -0.000111 
1842.133639 -0.000141 
1840.966527 -0.000121 
1839.799416 -0.000148 
1838.632304 -0.000039 
1837.465192 -0.000124 
1836.298081 -0.000050 
1835.130969 -0.000120 
1833.963857 -0.000016 
1832.796745 -0.000105 
1831.629634 -0.000042 
1830.462522 -0.000121 
1829.295410 -0.000037 
1828.128298 -0.000151 
1826.961187 -0.000083 
1825.794075 -0.000143 
1824.626963 -0.000078 
1823.459851 -0.000090 
1822.292740 -0.000096 
1821.125628 -0.000073 
1819.958516 -0.000090 
1818.791404 -0.000014 
1817.624293 -0.000094 
1816.457181 -0.000002 
1815.290069 -0.000132 
1814.122958 -0.000014 
1812.955846 -0.000101 
1811.788734 -0.000011 
1810.621622 -0.000096 
1809.454511 0.000004 
1808.287399 0.000011 
1807.120287 0.000035 
1805.953175 0.000050 
1804.786064 0.000076 
1803.618952 0.000107 
1802.451840 0.000024 
1801.284728 0.000088 
1800.117617 0.000055 
1798.950505 0.000152 
1797.783393 0.000045 
1796.616281 0.000202 
1795.449170 0.000058 
1794.282058 0.000213 
1793.114946 0.000203 
1791.947835 0.000348 
1790.780723 0.000315 
1789.613611 0.000352 
1788.446499 0.000343 
1787.279388 0.000377 
1786.112276 0.000372 
1784.945164 0.000340 
1783.778052 0.000443 
1782.610941 0.000446 
1781.443829 0.000589 
1780.276717 0.000510 
1779.109605 0.000642 
1777.942494 0.000511 
1776.775382 0.000712 
1775.608270 0.000705 
1774.441158 0.000808 
1773.274047 0.000755 
1772.106935 0.000871 
1770.939823 0.000823 
1769.772711 0.000872 
1768.605600 0.000870 
1767.438488 0.000887 
1766.271376 0.000956 
1765.104265 0.000897 
1763.937153 0.000988 
1762.770041 0.000932 
1761.602929 0.001115 
1760.435818 0.000994 
1759.268706 0.001178 
1758.101594 0.001107 
1756.934482 0.001239 
1755.767371 0.001180 
1754.600259 0.001200 
1753.433147 0.001162 
1752.266035 0.001260 
1751.098924 0.001284 
1749.931812 0.001299 
1748.764700 0.001344 
1747.597588 0.001274 
1746.430477 0.001390 
1745.263365 0.001354 
1744.096253 0.001483 
1742.929142 0.001383 
1741.762030 0.001550 
1740.594918 0.001471 
1739.427806 0.001660 
1738.260695 0.001570 
1737.093583 0.001705 
1735.926471 0.001623 
1734.759359 0.001775 
1733.592248 0.001753 
1732.425136 0.001782 
1731.258024 0.001851 
1730.090912 0.001887 
1728.923801 0.001938 
1727.756689 0.001910 
1726.589577 0.002132 
1725.422465 0.002060 
1724.255354 0.002140 
1723.088242 0.002013 
1721.921130 0.002246 
1720.754019 0.002177 
1719.586907 0.002326 
1718.419795 0.002361 
1717.252683 0.002521 
1716.085572 0.002422 
1714.918460 0.002577 
1713.751348 0.002573 
1712.584236 0.002595 
1711.417125 0.002696 
1710.250013 0.002710 
1709.082901 0.002868 
1707.915789 0.002833 
1706.748678 0.002990 
1705.581566 0.002927 
1704.414454 0.003095 
1703.247342 0.003065 
1702.080231 0.003154 
1700.913119 0.003211 
1699.746007 0.003505 
1698.578895 0.003393 
1697.411784 0.003481 
1696.244672 0.003620 
1695.077560 0.003672 
1693.910449 0.003660 
1692.743337 0.003695 
1691.576225 0.003828 
1690.409113 0.003833 
1689.242002 0.003978 
1688.074890 0.003985 
1686.907778 0.004191 
1685.740666 0.004218 
1684.573555 0.004529 
1683.406443 0.004365 
1682.239331 0.004501 
1681.072219 0.004507 
1679.905108 0.004603 
1678.737996 0.004677 
1677.570884 0.004748 
1676.403772 0.004833 
1675.236661 0.004850 
1674.069549 0.004994 
1672.902437 0.005015 
1671.735326 0.005117 
1670.568214 0.005079 
1669.401102 0.005316 
1668.233990 0.005225 
1667.066879 0.005371 
1665.899767 0.005298 
1664.732655 0.005474 
1663.565543 0.005402 
1662.398432 0.005513 
1661.231320 0.005498 
1660.064208 0.005604 
1658.897096 0.005626 
1657.729985 0.005669 
1656.562873 0.005751 
1655.395761 0.005741 
1654.228649 0.005941 
1653.061538 0.006080 
1651.894426 0.006170 
1650.727314 0.006017 
1649.560203 0.006143 
1648.393091 0.006109 
1647.225979 0.006377 
1646.058867 0.006385 
1644.891756 0.006523 
1643.724644 0.006441 
1642.557532 0.006595 
1641.390420 0.006596 
1640.223309 0.006677 
1639.056197 0.006723 
1637.889085 0.006795 
1636.721973 0.006953 
1635.554862 0.007006 
1634.387750 0.007062 
1633.220638 0.006966 
1632.053526 0.007093 
1630.886415 0.007011 
1629.719303 0.007186 
1628.552191 0.007120 
1627.385080 0.007269 
1626.217968 0.007262 
1625.050856 0.007379 
1623.883744 0.007384 
1622.716633 0.007508 
1621.549521 0.007583 
1620.382409 0.007680 
1619.215297 0.007798 
1618.048186 0.007817 
1616.881074 0.008005 
1615.713962 0.007957 
1614.546850 0.008168 
1613.379739 0.008165 
1612.212627 0.008365 
1611.045515 0.008382 
1609.878403 0.008559 
1608.711292 0.008519 
1607.544180 0.008691 
1606.377068 0.008729 
1605.209956 0.008937 
1604.042845 0.008991 
1602.875733 0.009064 
1601.708621 0.009165 
1600.541510 0.009274 
1599.374398 0.009449 
1598.207286 0.009409 
1597.040174 0.009617 
1595.873063 0.009602 
1594.705951 0.009863 
1593.538839 0.009853 
1592.371727 0.010093 
1591.204616 0.010069 
1590.037504 0.010241 
1588.870392 0.010267 
1587.703280 0.010468 
1586.536169 0.010546 
1585.369057 0.010715 
1584.201945 0.010805 
1583.034833 0.010921 
1581.867722 0.011105 
1580.700610 0.011158 
1579.533498 0.011375 
1578.366387 0.011364 
1577.199275 0.011626 
1576.032163 0.011716 
1574.865051 0.011884 
1573.697940 0.011849 
1572.530828 0.012137 
1571.363716 0.012135 
1570.196604 0.012366 
1569.029493 0.012375 
1567.862381 0.012499 
1566.695269 0.012608 
1565.528157 0.012746 
1564.361046 0.012917 
1563.193934 0.012992 
1562.026822 0.013105 
1560.859710 0.013267 
1559.692599 0.013566 
1558.525487 0.013515 
1557.358375 0.013645 
1556.191264 0.013560 
1555.024152 0.013720 
1553.857040 0.013635 
1552.689928 0.013868 
1551.522817 0.013953 
1550.355705 0.014213 
1549.188593 0.014359 
1548.021481 0.014559 
1546.854370 0.014620 
1545.687258 0.014684 
1544.520146 0.014844 
1543.353034 0.014750 
1542.185923 0.014918 
1541.018811 0.014841 
1539.851699 0.015190 
1538.684587 0.015429 
1537.517476 0.015842 
1536.350364 0.016058 
1535.183252 0.016456 
1534.016140 0.016671 
1532.849029 0.017042 
1531.681917 0.017233 
1530.514805 0.017512 
1529.347694 0.017776 
1528.180582 0.018022 
1527.013470 0.018357 
1525.846358 0.018647 
1524.679247 0.019119 
1523.512135 0.019425 
1522.345023 0.020182 
1521.177911 0.020679 
1520.010800 0.021293 
1518.843688 0.021759 
1517.676576 0.022539 
1516.509464 0.023032 
1515.342353 0.023827 
1514.175241 0.024500 
1513.008129 0.025364 
1511.841017 0.026232 
1510.673906 0.027168 
1509.506794 0.028224 
1508.339682 0.029365 
1507.172571 0.030665 
1506.005459 0.031690 
1504.838347 0.032966 
1503.671235 0.034199 
1502.504124 0.035692 
1501.337012 0.036980 
1500.169900 0.038507 
1499.002788 0.039859 
1497.835677 0.041407 
1496.668565 0.042748 
1495.501453 0.044269 
1494.334341 0.045544 
1493.167230 0.047002 
1492.000118 0.048421 
1490.833006 0.049827 
1489.665894 0.051259 
1488.498783 0.052725 
1487.331671 0.054522 
1486.164559 0.056622 
1484.997448 0.059313 
1483.830336 0.062369 
1482.663224 0.066320 
1481.496112 0.070464 
1480.329001 0.075121 
1479.161889 0.079566 
1477.994777 0.083641 
1476.827665 0.085958 
1475.660554 0.085972 
1474.493442 0.083087 
1473.326330 0.077936 
1472.159218 0.071967 
1470.992107 0.067827 
1469.824995 0.067359 
1468.657883 0.069815 
1467.490771 0.074387 
1466.323660 0.079376 
1465.156548 0.084377 
1463.989436 0.088221 
1462.822325 0.091093 
1461.655213 0.092351 
1460.488101 0.092505 
1459.320989 0.091274 
1458.153878 0.089668 
1456.986766 0.088144 
1455.819654 0.087037 
1454.652542 0.086202 
1453.485431 0.085389 
1452.318319 0.084503 
1451.151207 0.083528 
1449.984095 0.082892 
1448.816984 0.082100 
1447.649872 0.081605 
1446.482760 0.080704 
1445.315648 0.079571 
1444.148537 0.077713 
1442.981425 0.075531 
1441.814313 0.072766 
1440.647201 0.070331 
1439.480090 0.068210 
1438.312978 0.066886 
1437.145866 0.066084 
1435.978755 0.065783 
1434.811643 0.065777 
1433.644531 0.065830 
1432.477419 0.066012 
1431.310308 0.065996 
1430.143196 0.066130 
1428.976084 0.066037 
1427.808972 0.066024 
1426.641861 0.065798 
1425.474749 0.065846 
1424.307637 0.065589 
1423.140525 0.065379 
1421.973414 0.065035 
1420.806302 0.064910 
1419.639190 0.064583 
1418.472078 0.064252 
1417.304967 0.063743 
1416.137855 0.063235 
1414.970743 0.062729 
1413.803632 0.061907 
1412.636520 0.061121 
1411.469408 0.060149 
1410.302296 0.059183 
1409.135185 0.057875 
1407.968073 0.056766 
1406.800961 0.055278 
1405.633849 0.053942 
1404.466738 0.052206 
1403.299626 0.050598 
1402.132514 0.048827 
1400.965402 0.047030 
1399.798291 0.045146 
1398.631179 0.043258 
1397.464067 0.041430 
1396.296955 0.039677 
1395.129844 0.038036 
1393.962732 0.036331 
1392.795620 0.035080 
1391.628509 0.033693 
1390.461397 0.032664 
1389.294285 0.031612 
1388.127173 0.031139 
1386.960062 0.030670 
1385.792950 0.030540 
1384.625838 0.030366 
1383.458726 0.030205 
1382.291615 0.029812 
1381.124503 0.029229 
1379.957391 0.028513 
1378.790279 0.027700 
1377.623168 0.026976 
1376.456056 0.026177 
1375.288944 0.025634 
1374.121832 0.024811 
1372.954721 0.024037 
1371.787609 0.022886 
1370.620497 0.022086 
1369.453385 0.021182 
1368.286274 0.020599 
1367.119162 0.019988 
1365.952050 0.019813 
1364.784939 0.019554 
1363.617827 0.019600 
1362.450715 0.019700 
1361.283603 0.019785 
1360.116492 0.019868 
1358.949380 0.019817 
1357.782268 0.019865 
1356.615156 0.019759 
1355.448045 0.019793 
1354.280933 0.019673 
1353.113821 0.019835 
1351.946709 0.019795 
1350.779598 0.020089 
1349.612486 0.020117 
1348.445374 0.020403 
1347.278262 0.020605 
1346.111151 0.020938 
1344.944039 0.021217 
1343.776927 0.021602 
1342.609816 0.021894 
1341.442704 0.022178 
1340.275592 0.022507 
1339.108480 0.022585 
1337.941369 0.022874 
1336.774257 0.022999 
1335.607145 0.023321 
1334.440033 0.023363 
1333.272922 0.023669 
1332.105810 0.023678 
1330.938698 0.023868 
1329.771586 0.023846 
1328.604475 0.023894 
1327.437363 0.023881 
1326.270251 0.023904 
1325.103139 0.023842 
1323.936028 0.023669 
1322.768916 0.023584 
1321.601804 0.023311 
1320.434693 0.023138 
1319.267581 0.022772 
1318.100469 0.022583 
1316.933357 0.022217 
1315.766246 0.022053 
1314.599134 0.021634 
1313.432022 0.021491 
1312.264910 0.021166 
1311.097799 0.020968 
1309.930687 0.020655 
1308.763575 0.020508 
1307.596463 0.020290 
1306.429352 0.020129 
1305.262240 0.020000 
1304.095128 0.019764 
1302.928016 0.019747 
1301.760905 0.019578 
1300.593793 0.019624 
1299.426681 0.019467 
1298.259570 0.019622 
1297.092458 0.019444 
1295.925346 0.019529 
1294.758234 0.019351 
1293.591123 0.019464 
1292.424011 0.019434 
1291.256899 0.019516 
1290.089787 0.019508 
1288.922676 0.019590 
1287.755564 0.019619 
1286.588452 0.019679 
1285.421340 0.019890 
1284.254229 0.019969 
1283.087117 0.020288 
1281.920005 0.020413 
1280.752893 0.020729 
1279.585782 0.020856 
1278.418670 0.021228 
1277.251558 0.021265 
1276.084446 0.021411 
1274.917335 0.021229 
1273.750223 0.021144 
1272.583111 0.020861 
1271.416000 0.020605 
1270.248888 0.020359 
1269.081776 0.020141 
1267.914664 0.020087 
1266.747553 0.019944 
1265.580441 0.019939 
1264.413329 0.019854 
1263.246217 0.019971 
1262.079106 0.019851 
1260.911994 0.019939 
1259.744882 0.019861 
1258.577770 0.020006 
1257.410659 0.019855 
1256.243547 0.019945 
1255.076435 0.019911 
1253.909323 0.019997 
1252.742212 0.019963 
1251.575100 0.019952 
1250.407988 0.019916 
1249.240877 0.019853 
1248.073765 0.019951 
1246.906653 0.019870 
1245.739541 0.019990 
1244.572430 0.019896 
1243.405318 0.020000 
1242.238206 0.019842 
1241.071094 0.020030 
1239.903983 0.019878 
1238.736871 0.020039 
1237.569759 0.019887 
1236.402647 0.019990 
1235.235536 0.019877 
1234.068424 0.019934 
1232.901312 0.019856 
1231.734200 0.019852 
1230.567089 0.019904 
1229.399977 0.019845 
1228.232865 0.019923 
1227.065754 0.019843 
1225.898642 0.019894 
1224.731530 0.019741 
1223.564418 0.019867 
1222.397307 0.019685 
1221.230195 0.019869 
1220.063083 0.019801 
1218.895971 0.019919 
1217.728860 0.019848 
1216.561748 0.019889 
1215.394636 0.019832 
1214.227524 0.019794 
1213.060413 0.019808 
1211.893301 0.019794 
1210.726189 0.019848 
1209.559077 0.019717 
1208.391966 0.019875 
1207.224854 0.019767 
1206.057742 0.019886 
1204.890630 0.019781 
1203.723519 0.019941 
1202.556407 0.019899 
1201.389295 0.019964 
1200.222184 0.019890 
1199.055072 0.019925 
1197.887960 0.019832 
1196.720848 0.019963 
1195.553737 0.020070 
1194.386625 0.020095 
1193.219513 0.020138 
1192.052401 0.020008 
1190.885290 0.020194 
1189.718178 0.020153 
1188.551066 0.020271 
1187.383954 0.020148 
1186.216843 0.020460 
1185.049731 0.020346 
1183.882619 0.020464 
1182.715507 0.020494 
1181.548396 0.020660 
1180.381284 0.020675 
1179.214172 0.020859 
1178.047061 0.020833 
1176.879949 0.020943 
1175.712837 0.020986 
1174.545725 0.021128 
1173.378614 0.021474 
1172.211502 0.021559 
1171.044390 0.021872 
1169.877278 0.022081 
1168.710167 0.022546 
1167.543055 0.022936 
1166.375943 0.023597 
1165.208831 0.024169 
1164.041720 0.024827 
1162.874608 0.025294 
1161.707496 0.025723 
1160.540384 0.026140 
1159.373273 0.026416 
1158.206161 0.026429 
1157.039049 0.026413 
1155.871938 0.026476 
1154.704826 0.026153 
1153.537714 0.026159 
1152.370602 0.025979 
1151.203491 0.026148 
1150.036379 0.026170 
1148.869267 0.026778 
1147.702155 0.027653 
1146.535044 0.029100 
1145.367932 0.030879 
1144.200820 0.033541 
1143.033708 0.036576 
1141.866597 0.040587 
1140.699485 0.044548 
1139.532373 0.048741 
1138.365261 0.052687 
1137.198150 0.056315 
1136.031038 0.059346 
1134.863926 0.061686 
1133.696815 0.063685 
1132.529703 0.064612 
1131.362591 0.065204 
1130.195479 0.065282 
1129.028368 0.065203 
1127.861256 0.064463 
1126.694144 0.063930 
1125.527032 0.062837 
1124.359921 0.062251 
1123.192809 0.061468 
1122.025697 0.060674 
1120.858585 0.059845 
1119.691474 0.058926 
1118.524362 0.057872 
1117.357250 0.056649 
1116.190138 0.055562 
1115.023027 0.054304 
1113.855915 0.053163 
1112.688803 0.051762 
1111.521691 0.050618 
1110.354580 0.049174 
1109.187468 0.047606 
1108.020356 0.045645 
1106.853245 0.043590 
1105.686133 0.040977 
1104.519021 0.038451 
1103.351909 0.035962 
1102.184798 0.033742 
1101.017686 0.032562 
1099.850574 0.031754 
1098.683462 0.031619 
1097.516351 0.031821 
1096.349239 0.032696 
1095.182127 0.033706 
1094.015015 0.035070 
1092.847904 0.036233 
1091.680792 0.037526 
1090.513680 0.038311 
1089.346568 0.038809 
1088.179457 0.038634 
1087.012345 0.038262 
1085.845233 0.037366 
1084.678122 0.036413 
1083.511010 0.035154 
1082.343898 0.033970 
1081.176786 0.032856 
1080.009675 0.031659 
1078.842563 0.030864 
1077.675451 0.030051 
1076.508339 0.029688 
1075.341228 0.029219 
1074.174116 0.029286 
1073.007004 0.029250 
1071.839892 0.029585 
1070.672781 0.029964 
1069.505669 0.030857 
1068.338557 0.031614 
1067.171445 0.032620 
1066.004334 0.033733 
1064.837222 0.035119 
1063.670110 0.036818 
1062.502999 0.038866 
1061.335887 0.042079 
1060.168775 0.046505 
1059.001663 0.053366 
1057.834552 0.062031 
1056.667440 0.072214 
1055.500328 0.082287 
1054.333216 0.092879 
1053.166105 0.105001 
1051.998993 0.120628 
1050.831881 0.140530 
1049.664769 0.164955 
1048.497658 0.192300 
1047.330546 0.220539 
1046.163434 0.248209 
1044.996322 0.274298 
1043.829211 0.299131 
1042.662099 0.322675 
1041.494987 0.344926 
1040.327875 0.364848 
1039.160764 0.382406 
1037.993652 0.396676 
1036.826540 0.407932 
1035.659429 0.415974 
1034.492317 0.421287 
1033.325205 0.423593 
1032.158093 0.422854 
1030.990982 0.418424 
1029.823870 0.410427 
1028.656758 0.398386 
1027.489646 0.382766 
1026.322535 0.363686 
1025.155423 0.342038 
1023.988311 0.318839 
1022.821199 0.294484 
1021.654088 0.270458 
1020.486976 0.247047 
1019.319864 0.225217 
1018.152752 0.205376 
1016.985641 0.188007 
1015.818529 0.172518 
1014.651417 0.159162 
1013.484306 0.147148 
1012.317194 0.136447 
1011.150082 0.126178 
1009.982970 0.116163 
1008.815859 0.106234 
1007.648747 0.096087 
1006.481635 0.085855 
1005.314523 0.075419 
1004.147412 0.065245 
1002.980300 0.055115 
1001.813188 0.045749 
1000.646076 0.036869 
999.478965 0.029052 
998.311853 0.022128 
997.144741 0.016555 
995.977629 0.011744 
994.810518 0.008271 
993.643406 0.005486 
992.476294 0.003544 
991.309183 0.002102 
990.142071 0.001161 
988.974959 0.000632 
987.807847 0.000159 
986.640736 0.000058 
985.473624 -0.000144 
984.306512 -0.000019 
983.139400 -0.000048 
981.972289 0.000104 
980.805177 0.000108 
979.638065 0.000384 
978.470953 0.000390 
977.303842 0.000640 
976.136730 0.000740 
974.969618 0.000867 
973.802506 0.001044 
972.635395 0.001282 
971.468283 0.001536 
970.301171 0.001632 
969.134060 0.001867 
967.966948 0.001916 
966.799836 0.002253 
965.632724 0.002222 
964.465613 0.002580 
963.298501 0.002666 
962.131389 0.003060 
960.964277 0.003072 
959.797166 0.003346 
958.630054 0.003490 
957.462942 0.003747 
956.295830 0.003948 
955.128719 0.004090 
953.961607 0.004285 
952.794495 0.004411 
951.627383 0.004694 
950.460272 0.004884 
949.293160 0.005212 
948.126048 0.005221 
946.958936 0.005486 
945.791825 0.005575 
944.624713 0.005910 
943.457601 0.006021 
942.290490 0.006391 
941.123378 0.006375 
939.956266 0.006673 
938.789154 0.006888 
937.622043 0.007252 
936.454931 0.007450 
935.287819 0.007694 
934.120707 0.007912 
932.953596 0.008139 
931.786484 0.008459 
930.619372 0.008527 
929.452260 0.008933 
928.285149 0.009034 
927.118037 0.009500 
925.950925 0.009499 
924.783813 0.009808 
923.616702 0.009994 
922.449590 0.010302 
921.282478 0.010546 
920.115367 0.010891 
918.948255 0.011166 
917.781143 0.011471 
916.614031 0.011754 
915.446920 0.011965 
914.279808 0.012312 
913.112696 0.012471 
911.945584 0.012824 
910.778473 0.012908 
909.611361 0.013336 
908.444249 0.013546 
907.277137 0.013839 
906.110026 0.013987 
904.942914 0.014386 
903.775802 0.014647 
902.608690 0.014910 
901.441579 0.015105 
900.274467 0.015503 
899.107355 0.015823 
897.940244 0.016302 
896.773132 0.016785 
895.606020 0.017381 
894.438908 0.018158 
893.271797 0.019035 
892.104685 0.020394 
890.937573 0.021317 
889.770461 0.022417 
888.603350 0.023159 
887.436238 0.023327 
886.269126 0.023060 
885.102014 0.023146 
883.934903 0.023334 
882.767791 0.023864 
881.600679 0.024504 
880.433567 0.025014 
879.266456 0.024947 
878.099344 0.024089 
876.932232 0.022803 
875.765121 0.021464 
874.598009 0.020620 
873.430897 0.019731 
872.263785 0.019383 
871.096674 0.019054 
869.929562 0.019016 
868.762450 0.018845 
867.595338 0.018940 
866.428227 0.018922 
865.261115 0.019226 
864.094003 0.019257 
862.926891 0.019492 
861.759780 0.019537 
860.592668 0.019658 
859.425556 0.019824 
858.258444 0.019954 
857.091333 0.020191 
855.924221 0.020131 
854.757109 0.020452 
853.589997 0.020349 
852.422886 0.020524 
851.255774 0.020450 
850.088662 0.020693 
848.921551 0.020696 
847.754439 0.020787 
846.587327 0.020722 
845.420215 0.021031 
844.253104 0.021154 
843.085992 0.021125 
841.918880 0.021264 
840.751768 0.021273 
839.584657 0.021455 
838.417545 0.021330 
837.250433 0.021562 
836.083321 0.021499 
834.916210 0.021770 
833.749098 0.021679 
832.581986 0.021801 
831.414874 0.021679 
830.247763 0.021825 
829.080651 0.021765 
827.913539 0.021990 
826.746428 0.022011 
825.579316 0.021995 
824.412204 0.022131 
823.245092 0.022086 
822.077981 0.022149 
820.910869 0.022202 
819.743757 0.022394 
818.576645 0.022324 
817.409534 0.022523 
816.242422 0.022573 
815.075310 0.022991 
813.908198 0.022981 
812.741087 0.023245 
811.573975 0.023257 
810.406863 0.023653 
809.239751 0.023740 
808.072640 0.023816 
806.905528 0.023855 
805.738416 0.023946 
804.571305 0.024014 
803.404193 0.023868 
802.237081 0.023842 
801.069969 0.023700 
799.902858 0.023748 
798.735746 0.023641 
797.568634 0.023618 
796.401522 0.023633 
795.234411 0.023818 
794.067299 0.023670 
792.900187 0.023759 
791.733075 0.023823 
790.565964 0.024027 
789.398852 0.023940 
788.231740 0.024096 
787.064628 0.024213 
785.897517 0.024195 
784.730405 0.024301 
783.563293 0.024392 
782.396181 0.024541 
781.229070 0.024332 
780.061958 0.024645 
778.894846 0.024495 
777.727735 0.024721 
776.560623 0.024804 
775.393511 0.024890 
774.226399 0.024843 
773.059288 0.025034 
771.892176 0.025008 
770.725064 0.025182 
769.557952 0.025300 
768.390841 0.025192 
767.223729 0.025103 
766.056617 0.025152 
764.889505 0.025671 
763.722394 0.025640 
762.555282 0.025845 
761.388170 0.025993 
760.221058 0.026076 
759.053947 0.025781 
757.886835 0.025990 
756.719723 0.026018 
755.552612 0.026210 
754.385500 0.026396 
753.218388 0.026580 
752.051276 0.026467 
750.884165 0.026668 
749.717053 0.026725 
748.549941 0.026729 
747.382829 0.027125 
746.215718 0.027124 
745.048606 0.027204 
743.881494 0.027188 
742.714382 0.027317 
741.547271 0.027349 
740.380159 0.027732 
739.213047 0.027610 
738.045935 0.027857 
736.878824 0.027913 
735.711712 0.028113 
734.544600 0.027990 
733.377489 0.028145 
732.210377 0.028203 
731.043265 0.028110 
729.876153 0.028360 
728.709042 0.028485 
727.541930 0.028601 
726.374818 0.028532 
725.207706 0.028664 
724.040595 0.028683 
722.873483 0.028964 
721.706371 0.028938 
720.539259 0.029065 
719.372148 0.029082 
718.205036 0.029212 
717.037924 0.029229 
715.870812 0.029346 
714.703701 0.029376 
713.536589 0.029534 
712.369477 0.029673 
711.202366 0.029776 
710.035254 0.029837 
708.868142 0.029873 
707.701030 0.030147 
706.533919 0.030083 
705.366807 0.030219 
704.199695 0.030093 
703.032583 0.030382 
701.865472 0.030340 
700.698360 0.030522 
699.531248 0.030459 
698.364136 0.030594 
697.197025 0.030567 
696.029913 0.030801 
694.862801 0.030982 
693.695689 0.030848 
692.528578 0.030784 
691.361466 0.030626 
690.194354 0.030740 
689.027242 0.030647 
687.860131 0.030929 
686.693019 0.030591 
685.525907 0.030622 
684.358796 0.030191 
683.191684 0.030230 
682.024572 0.029957 
680.857460 0.029760 
679.690349 0.029826 
678.523237 0.029584 
677.356125 0.029117 
676.189013 0.028789 
675.021902 0.028687 
673.854790 0.028451 
672.687678 0.028119 
671.520566 0.027743 
670.353455 0.027520 
669.186343 0.027273 
668.019231 0.027272 
666.852119 0.026310 
665.685008 0.025646 
664.517896 0.024847 
663.350784 0.024632 
662.183673 0.023995 
661.016561 0.023754 
659.849449 0.023155 
658.682337 0.022522 
657.515226 0.022179 
656.348114 0.021558 
655.181002 0.020631 
654.013890 0.019774 
652.846779 0.019642 
651.679667 0.019209 
650.512555 0.018507 
649.345443 0.018030 
648.178332 0.017755 
647.011220 0.016994 
645.844108 0.016387 
644.676996 0.015606 
643.509885 0.015149 
642.342773 0.014566 
641.175661 0.014152 
640.008550 0.013717 
638.841438 0.012942 
637.674326 0.012125 
636.507214 0.011743 
635.340103 0.011245 
634.172991 0.011227 
633.005879 0.010565 
631.838767 0.009808 
630.671656 0.009410 
629.504544 0.009103 
628.337432 0.008640 
627.170320 0.007984 
626.003209 0.008030 
624.836097 0.007690 
623.668985 0.007695 
622.501873 0.007259 
621.334762 0.006897 
620.167650 0.006778 
619.000538 0.005080 
617.833426 0.005557 
616.666315 0.005650 
615.499203 0.005594 
614.332091 0.004043 
613.164980 0.004116 
611.997868 0.003989 
610.830756 0.003705 
609.663644 0.003786 
608.496533 0.003514 
607.329421 0.002697 
606.162309 0.001910 
604.995197 0.001576 
603.828086 0.001951 
602.660974 0.001611 
601.493862 0.002306 
600.326750 0.001760 
599.159639 0.000345 
597.992527 0.000055 
596.825415 0.001830 
595.658303 0.001242 
594.491192 0.000655 
593.324080 0.001407 
592.156968 -0.000924 
590.989857 -0.001883 
589.822745 -0.004050 
588.655633 -0.003720 
587.488521 -0.000209 
586.321410 0.000048 
585.154298 -0.003350 
583.987186 -0.004241 
582.820074 -0.001549 
581.652963 0.000484 
580.485851 0.000504 
579.318739 -0.002004 
578.151627 -0.001722 
576.984516 -0.000936 
575.817404 -0.000863 
574.650292 -0.007450 
573.483180 -0.005246 
572.316069 -0.001159 
571.148957 -0.004645 
569.981845 -0.013881 
568.814734 -0.008373 
567.647622 0.001530 
566.480510 -0.002039 
565.313398 -0.006815 
564.146287 0.005007 
562.979175 -0.007797 
561.812063 -0.013235 
560.644951 -0.011909 
559.477840 -0.012259 
558.310728 -0.018041 
557.143616 -0.019008 
555.976504 -0.001142 
554.809393 0.004341 
553.642281 -0.003233 
552.475169 -0.001848 
551.308057 -0.009967 
550.140946 -0.010411 
548.973834 -0.002952 
547.806722 -0.019083 
546.639611 -0.019209 
545.472499 0.000928 
544.305387 0.007843 
543.138275 -0.001305 
541.971164 -0.011511 
540.804052 -0.008481 
539.636940 -0.002281 
538.469828 -0.004181 
537.302717 -0.000964 
536.135605 0.004433 
534.968493 0.001943 
533.801381 -0.012531 
532.634270 -0.007415 
531.467158 0.000328 
530.300046 0.003411 
529.132934 0.000004 
527.965823 0.000870 
526.798711 -0.000492 
525.631599 0.000229 
524.464487 -0.007114 
523.297376 -0.004851 
522.130264 -0.005468 
520.963152 -0.005316 
519.796041 -0.000456 
518.628929 0.003627 
517.461817 0.005227 
516.294705 0.005293 
515.127594 0.001580 
513.960482 0.001805 
512.793370 -0.002434 
511.626258 0.002684 
510.459147 -0.008111 
509.292035 -0.006606 
508.124923 0.000765 
506.957811 -0.005541 
505.790700 -0.012079 
504.623588 -0.017890 
503.456476 -0.018573 
502.289364 -0.016104 
501.122253 -0.012149 
499.955141 -0.006018 
