5956.170000 0.000178 
5954.333963 0.000058 
5952.497926 0.000124 
5950.661889 0.000144 
5948.825852 0.000122 
5946.989815 0.000105 
5945.153778 0.000103 
5943.317741 0.000127 
5941.481704 0.000100 
5939.645667 0.000123 
5937.809630 0.000035 
5935.973593 0.000096 
5934.137556 0.000126 
5932.301519 0.000094 
5930.465482 0.000086 
5928.629445 0.000180 
5926.793408 0.000074 
5924.957371 0.000043 
5923.121334 0.000109 
5921.285297 0.000080 
5919.449260 0.000109 
5917.613223 0.000161 
5915.777186 0.000064 
5913.941149 0.000138 
5912.105112 0.000070 
5910.269075 0.000057 
5908.433038 0.000050 
5906.597001 0.000049 
5904.760964 0.000096 
5902.924927 0.000148 
5901.088890 0.000167 
5899.252853 0.000171 
5897.416816 0.000036 
5895.580779 0.000075 
5893.744742 0.000029 
5891.908705 0.000114 
5890.072668 0.000102 
5888.236631 0.000079 
5886.400594 0.000162 
5884.564557 0.000111 
5882.728520 0.000087 
5880.892482 0.000076 
5879.056445 0.000150 
5877.220408 0.000152 
5875.384371 0.000158 
5873.548334 0.000155 
5871.712297 0.000095 
5869.876260 0.000125 
5868.040223 0.000161 
5866.204186 0.000064 
5864.368149 0.000161 
5862.532112 0.000128 
5860.696075 0.000148 
5858.860038 0.000188 
5857.024001 0.000151 
5855.187964 0.000143 
5853.351927 0.000195 
5851.515890 0.000215 
5849.679853 0.000143 
5847.843816 0.000184 
5846.007779 0.000228 
5844.171742 0.000317 
5842.335705 0.000261 
5840.499668 0.000239 
5838.663631 0.000323 
5836.827594 0.000359 
5834.991557 0.000339 
5833.155520 0.000422 
5831.319483 0.000474 
5829.483446 0.000407 
5827.647409 0.000437 
5825.811372 0.000404 
5823.975335 0.000398 
5822.139298 0.000477 
5820.303261 0.000437 
5818.467224 0.000406 
5816.631187 0.000420 
5814.795150 0.000374 
5812.959113 0.000409 
5811.123076 0.000372 
5809.287039 0.000317 
5807.451002 0.000356 
5805.614965 0.000312 
5803.778928 0.000338 
5801.942891 0.000356 
5800.106854 0.000333 
5798.270817 0.000344 
5796.434780 0.000419 
5794.598743 0.000316 
5792.762706 0.000357 
5790.926669 0.000317 
5789.090632 0.000273 
5787.254595 0.000317 
5785.418558 0.000259 
5783.582521 0.000365 
5781.746484 0.000295 
5779.910447 0.000285 
5778.074410 0.000281 
5776.238373 0.000213 
5774.402336 0.000270 
5772.566299 0.000306 
5770.730262 0.000305 
5768.894225 0.000328 
5767.058188 0.000298 
5765.222151 0.000250 
5763.386114 0.000234 
5761.550077 0.000223 
5759.714040 0.000276 
5757.878003 0.000225 
5756.041966 0.000124 
5754.205929 0.000141 
5752.369892 0.000080 
5750.533855 0.000172 
5748.697818 0.000042 
5746.861781 0.000094 
5745.025744 0.000079 
5743.189707 0.000117 
5741.353670 0.000088 
5739.517633 0.000081 
5737.681596 0.000140 
5735.845559 0.000112 
5734.009522 0.000149 
5732.173484 0.000142 
5730.337447 0.000118 
5728.501410 0.000102 
5726.665373 0.000178 
5724.829336 0.000166 
5722.993299 0.000176 
5721.157262 0.000179 
5719.321225 0.000130 
5717.485188 0.000139 
5715.649151 0.000220 
5713.813114 0.000172 
5711.977077 0.000196 
5710.141040 0.000165 
5708.305003 0.000097 
5706.468966 0.000131 
5704.632929 0.000154 
5702.796892 0.000081 
5700.960855 0.000145 
5699.124818 0.000155 
5697.288781 0.000128 
5695.452744 0.000139 
5693.616707 0.000113 
5691.780670 0.000177 
5689.944633 0.000176 
5688.108596 0.000205 
5686.272559 0.000224 
5684.436522 0.000145 
5682.600485 0.000163 
5680.764448 0.000215 
5678.928411 0.000211 
5677.092374 0.000242 
5675.256337 0.000242 
5673.420300 0.000266 
5671.584263 0.000276 
5669.748226 0.000327 
5667.912189 0.000215 
5666.076152 0.000332 
5664.240115 0.000293 
5662.404078 0.000258 
5660.568041 0.000279 
5658.732004 0.000283 
5656.895967 0.000274 
5655.059930 0.000325 
5653.223893 0.000271 
5651.387856 0.000265 
5649.551819 0.000282 
5647.715782 0.000236 
5645.879745 0.000303 
5644.043708 0.000320 
5642.207671 0.000238 
5640.371634 0.000227 
5638.535597 0.000244 
5636.699560 0.000270 
5634.863523 0.000279 
5633.027486 0.000287 
5631.191449 0.000247 
5629.355412 0.000272 
5627.519375 0.000287 
5625.683338 0.000216 
5623.847301 0.000264 
5622.011264 0.000246 
5620.175227 0.000261 
5618.339190 0.000226 
5616.503153 0.000228 
5614.667116 0.000177 
5612.831079 0.000177 
5610.995042 0.000156 
5609.159005 0.000179 
5607.322968 0.000227 
5605.486931 0.000214 
5603.650894 0.000123 
5601.814857 0.000173 
5599.978820 0.000171 
5598.142783 0.000151 
5596.306746 0.000195 
5594.470709 0.000152 
5592.634672 0.000193 
5590.798635 0.000209 
5588.962598 0.000176 
5587.126561 0.000206 
5585.290524 0.000147 
5583.454486 0.000170 
5581.618449 0.000175 
5579.782412 0.000186 
5577.946375 0.000165 
5576.110338 0.000197 
5574.274301 0.000196 
5572.438264 0.000171 
5570.602227 0.000191 
5568.766190 0.000208 
5566.930153 0.000197 
5565.094116 0.000215 
5563.258079 0.000266 
5561.422042 0.000215 
5559.586005 0.000248 
5557.749968 0.000197 
5555.913931 0.000266 
5554.077894 0.000200 
5552.241857 0.000218 
5550.405820 0.000254 
5548.569783 0.000234 
5546.733746 0.000264 
5544.897709 0.000255 
5543.061672 0.000289 
5541.225635 0.000238 
5539.389598 0.000255 
5537.553561 0.000271 
5535.717524 0.000244 
5533.881487 0.000217 
5532.045450 0.000278 
5530.209413 0.000312 
5528.373376 0.000263 
5526.537339 0.000299 
5524.701302 0.000336 
5522.865265 0.000241 
5521.029228 0.000227 
5519.193191 0.000273 
5517.357154 0.000324 
5515.521117 0.000279 
5513.685080 0.000295 
5511.849043 0.000291 
5510.013006 0.000312 
5508.176969 0.000323 
5506.340932 0.000332 
5504.504895 0.000258 
5502.668858 0.000314 
5500.832821 0.000318 
5498.996784 0.000316 
5497.160747 0.000288 
5495.324710 0.000313 
5493.488673 0.000311 
5491.652636 0.000342 
5489.816599 0.000287 
5487.980562 0.000326 
5486.144525 0.000238 
5484.308488 0.000278 
5482.472451 0.000267 
5480.636414 0.000217 
5478.800377 0.000225 
5476.964340 0.000238 
5475.128303 0.000207 
5473.292266 0.000160 
5471.456229 0.000200 
5469.620192 0.000219 
5467.784155 0.000222 
5465.948118 0.000246 
5464.112081 0.000172 
5462.276044 0.000244 
5460.440007 0.000203 
5458.603970 0.000149 
5456.767933 0.000150 
5454.931896 0.000168 
5453.095859 0.000116 
5451.259822 0.000139 
5449.423785 0.000121 
5447.587748 0.000094 
5445.751711 0.000120 
5443.915674 0.000130 
5442.079637 0.000058 
5440.243600 0.000135 
5438.407563 0.000008 
5436.571526 0.000032 
5434.735488 0.000088 
5432.899451 0.000076 
5431.063414 0.000068 
5429.227377 0.000077 
5427.391340 0.000075 
5425.555303 0.000065 
5423.719266 0.000075 
5421.883229 0.000110 
5420.047192 0.000152 
5418.211155 0.000034 
5416.375118 0.000077 
5414.539081 0.000051 
5412.703044 0.000079 
5410.867007 0.000058 
5409.030970 0.000072 
5407.194933 0.000036 
5405.358896 0.000016 
5403.522859 0.000082 
5401.686822 0.000033 
5399.850785 0.000091 
5398.014748 0.000062 
5396.178711 0.000082 
5394.342674 0.000083 
5392.506637 0.000055 
5390.670600 0.000098 
5388.834563 0.000085 
5386.998526 0.000048 
5385.162489 0.000062 
5383.326452 0.000117 
5381.490415 0.000119 
5379.654378 0.000084 
5377.818341 0.000088 
5375.982304 0.000080 
5374.146267 0.000102 
5372.310230 0.000134 
5370.474193 0.000120 
5368.638156 0.000117 
5366.802119 0.000127 
5364.966082 0.000064 
5363.130045 0.000127 
5361.294008 0.000090 
5359.457971 0.000159 
5357.621934 0.000099 
5355.785897 0.000108 
5353.949860 0.000107 
5352.113823 0.000066 
5350.277786 0.000172 
5348.441749 0.000103 
5346.605712 0.000139 
5344.769675 0.000155 
5342.933638 0.000113 
5341.097601 0.000117 
5339.261564 0.000146 
5337.425527 0.000165 
5335.589490 0.000133 
5333.753453 0.000098 
5331.917416 0.000104 
5330.081379 0.000147 
5328.245342 0.000120 
5326.409305 0.000185 
5324.573268 0.000147 
5322.737231 0.000117 
5320.901194 0.000173 
5319.065157 0.000130 
5317.229120 0.000146 
5315.393083 0.000098 
5313.557046 0.000152 
5311.721009 0.000181 
5309.884972 0.000168 
5308.048935 0.000159 
5306.212898 0.000122 
5304.376861 0.000169 
5302.540824 0.000176 
5300.704787 0.000142 
5298.868750 0.000157 
5297.032713 0.000145 
5295.196676 0.000163 
5293.360639 0.000170 
5291.524602 0.000140 
5289.688565 0.000133 
5287.852528 0.000135 
5286.016490 0.000103 
5284.180453 0.000108 
5282.344416 0.000092 
5280.508379 0.000131 
5278.672342 0.000117 
5276.836305 0.000123 
5275.000268 0.000124 
5273.164231 0.000123 
5271.328194 0.000109 
5269.492157 0.000079 
5267.656120 0.000108 
5265.820083 0.000073 
5263.984046 0.000078 
5262.148009 0.000096 
5260.311972 0.000065 
5258.475935 0.000081 
5256.639898 0.000066 
5254.803861 0.000056 
5252.967824 0.000078 
5251.131787 0.000042 
5249.295750 0.000048 
5247.459713 0.000081 
5245.623676 0.000071 
5243.787639 -0.000013 
5241.951602 0.000051 
5240.115565 0.000006 
5238.279528 0.000067 
5236.443491 0.000037 
5234.607454 0.000037 
5232.771417 0.000042 
5230.935380 -0.000008 
5229.099343 0.000047 
5227.263306 0.000019 
5225.427269 0.000000 
5223.591232 0.000020 
5221.755195 -0.000008 
5219.919158 0.000037 
5218.083121 0.000007 
5216.247084 -0.000036 
5214.411047 0.000058 
5212.575010 -0.000001 
5210.738973 -0.000031 
5208.902936 0.000021 
5207.066899 0.000025 
5205.230862 0.000063 
5203.394825 0.000011 
5201.558788 0.000024 
5199.722751 0.000002 
5197.886714 0.000023 
5196.050677 0.000078 
5194.214640 0.000057 
5192.378603 0.000054 
5190.542566 0.000030 
5188.706529 0.000034 
5186.870492 0.000030 
5185.034455 0.000044 
5183.198418 0.000097 
5181.362381 0.000095 
5179.526344 0.000089 
5177.690307 0.000102 
5175.854270 0.000102 
5174.018233 0.000116 
5172.182196 0.000105 
5170.346159 0.000153 
5168.510122 0.000168 
5166.674085 0.000183 
5164.838048 0.000118 
5163.002011 0.000166 
5161.165974 0.000145 
5159.329937 0.000143 
5157.493900 0.000129 
5155.657863 0.000168 
5153.821826 0.000134 
5151.985789 0.000155 
5150.149752 0.000179 
5148.313715 0.000130 
5146.477678 0.000175 
5144.641641 0.000191 
5142.805604 0.000196 
5140.969567 0.000208 
5139.133530 0.000178 
5137.297492 0.000209 
5135.461455 0.000172 
5133.625418 0.000177 
5131.789381 0.000152 
5129.953344 0.000207 
5128.117307 0.000188 
5126.281270 0.000214 
5124.445233 0.000244 
5122.609196 0.000220 
5120.773159 0.000262 
5118.937122 0.000214 
5117.101085 0.000277 
5115.265048 0.000244 
5113.429011 0.000262 
5111.592974 0.000286 
5109.756937 0.000289 
5107.920900 0.000295 
5106.084863 0.000306 
5104.248826 0.000295 
5102.412789 0.000330 
5100.576752 0.000340 
5098.740715 0.000347 
5096.904678 0.000301 
5095.068641 0.000325 
5093.232604 0.000298 
5091.396567 0.000250 
5089.560530 0.000282 
5087.724493 0.000328 
5085.888456 0.000300 
5084.052419 0.000317 
5082.216382 0.000297 
5080.380345 0.000240 
5078.544308 0.000267 
5076.708271 0.000235 
5074.872234 0.000186 
5073.036197 0.000188 
5071.200160 0.000198 
5069.364123 0.000200 
5067.528086 0.000169 
5065.692049 0.000196 
5063.856012 0.000187 
5062.019975 0.000189 
5060.183938 0.000168 
5058.347901 0.000162 
5056.511864 0.000142 
5054.675827 0.000141 
5052.839790 0.000155 
5051.003753 0.000159 
5049.167716 0.000193 
5047.331679 0.000140 
5045.495642 0.000181 
5043.659605 0.000170 
5041.823568 0.000166 
5039.987531 0.000137 
5038.151494 0.000159 
5036.315457 0.000161 
5034.479420 0.000141 
5032.643383 0.000129 
5030.807346 0.000147 
5028.971309 0.000159 
5027.135272 0.000165 
5025.299235 0.000212 
5023.463198 0.000195 
5021.627161 0.000169 
5019.791124 0.000196 
5017.955087 0.000170 
5016.119050 0.000192 
5014.283013 0.000175 
5012.446976 0.000210 
5010.610939 0.000159 
5008.774902 0.000192 
5006.938865 0.000166 
5005.102828 0.000169 
5003.266791 0.000186 
5001.430754 0.000152 
4999.594717 0.000172 
4997.758680 0.000206 
4995.922643 0.000203 
4994.086606 0.000193 
4992.250569 0.000230 
4990.414532 0.000183 
4988.578494 0.000144 
4986.742457 0.000148 
4984.906420 0.000189 
4983.070383 0.000191 
4981.234346 0.000177 
4979.398309 0.000146 
4977.562272 0.000211 
4975.726235 0.000180 
4973.890198 0.000180 
4972.054161 0.000155 
4970.218124 0.000168 
4968.382087 0.000196 
4966.546050 0.000203 
4964.710013 0.000192 
4962.873976 0.000173 
4961.037939 0.000115 
4959.201902 0.000168 
4957.365865 0.000158 
4955.529828 0.000170 
4953.693791 0.000181 
4951.857754 0.000215 
4950.021717 0.000177 
4948.185680 0.000192 
4946.349643 0.000181 
4944.513606 0.000159 
4942.677569 0.000158 
4940.841532 0.000179 
4939.005495 0.000160 
4937.169458 0.000146 
4935.333421 0.000156 
4933.497384 0.000197 
4931.661347 0.000190 
4929.825310 0.000148 
4927.989273 0.000164 
4926.153236 0.000094 
4924.317199 0.000137 
4922.481162 0.000109 
4920.645125 0.000114 
4918.809088 0.000116 
4916.973051 0.000110 
4915.137014 0.000111 
4913.300977 0.000081 
4911.464940 0.000066 
4909.628903 0.000083 
4907.792866 0.000082 
4905.956829 0.000101 
4904.120792 0.000095 
4902.284755 0.000110 
4900.448718 0.000101 
4898.612681 0.000128 
4896.776644 0.000097 
4894.940607 0.000068 
4893.104570 0.000087 
4891.268533 0.000066 
4889.432496 0.000098 
4887.596459 0.000093 
4885.760422 0.000082 
4883.924385 0.000092 
4882.088348 0.000061 
4880.252311 0.000082 
4878.416274 0.000031 
4876.580237 0.000091 
4874.744200 0.000079 
4872.908163 0.000057 
4871.072126 0.000027 
4869.236089 0.000077 
4867.400052 0.000050 
4865.564015 0.000051 
4863.727978 0.000024 
4861.891941 0.000072 
4860.055904 0.000062 
4858.219867 0.000057 
4856.383830 0.000085 
4854.547793 0.000057 
4852.711756 0.000064 
4850.875719 0.000024 
4849.039682 0.000028 
4847.203645 0.000016 
4845.367608 0.000035 
4843.531571 0.000054 
4841.695534 0.000023 
4839.859496 0.000052 
4838.023459 0.000014 
4836.187422 0.000004 
4834.351385 0.000001 
4832.515348 -0.000006 
4830.679311 0.000015 
4828.843274 -0.000037 
4827.007237 0.000011 
4825.171200 -0.000001 
4823.335163 -0.000007 
4821.499126 0.000009 
4819.663089 -0.000024 
4817.827052 -0.000029 
4815.991015 -0.000039 
4814.154978 -0.000054 
4812.318941 -0.000041 
4810.482904 -0.000026 
4808.646867 -0.000054 
4806.810830 -0.000053 
4804.974793 -0.000049 
4803.138756 -0.000050 
4801.302719 -0.000054 
4799.466682 -0.000016 
4797.630645 -0.000062 
4795.794608 -0.000061 
4793.958571 -0.000049 
4792.122534 -0.000069 
4790.286497 -0.000052 
4788.450460 -0.000035 
4786.614423 -0.000068 
4784.778386 -0.000048 
4782.942349 -0.000063 
4781.106312 -0.000069 
4779.270275 -0.000066 
4777.434238 -0.000078 
4775.598201 -0.000043 
4773.762164 -0.000092 
4771.926127 -0.000061 
4770.090090 -0.000070 
4768.254053 -0.000066 
4766.418016 -0.000025 
4764.581979 -0.000058 
4762.745942 -0.000032 
4760.909905 -0.000021 
4759.073868 -0.000010 
4757.237831 -0.000042 
4755.401794 -0.000026 
4753.565757 -0.000036 
4751.729720 -0.000013 
4749.893683 -0.000018 
4748.057646 -0.000016 
4746.221609 0.000000 
4744.385572 0.000057 
4742.549535 0.000072 
4740.713498 0.000107 
4738.877461 0.000179 
4737.041424 0.000315 
4735.205387 0.000409 
4733.369350 0.000551 
4731.533313 0.000789 
4729.697276 0.001006 
4727.861239 0.001220 
4726.025202 0.001467 
4724.189165 0.001732 
4722.353128 0.001908 
4720.517091 0.002086 
4718.681054 0.002223 
4716.845017 0.002300 
4715.008980 0.002378 
4713.172943 0.002398 
4711.336906 0.002350 
4709.500869 0.002299 
4707.664832 0.002201 
4705.828795 0.002061 
4703.992758 0.001853 
4702.156721 0.001655 
4700.320684 0.001400 
4698.484647 0.001190 
4696.648610 0.000952 
4694.812573 0.000784 
4692.976536 0.000630 
4691.140498 0.000494 
4689.304461 0.000397 
4687.468424 0.000313 
4685.632387 0.000296 
4683.796350 0.000245 
4681.960313 0.000210 
4680.124276 0.000179 
4678.288239 0.000179 
4676.452202 0.000157 
4674.616165 0.000111 
4672.780128 0.000118 
4670.944091 0.000129 
4669.108054 0.000118 
4667.272017 0.000132 
4665.435980 0.000131 
4663.599943 0.000098 
4661.763906 0.000097 
4659.927869 0.000115 
4658.091832 0.000131 
4656.255795 0.000118 
4654.419758 0.000114 
4652.583721 0.000099 
4650.747684 0.000111 
4648.911647 0.000131 
4647.075610 0.000109 
4645.239573 0.000095 
4643.403536 0.000132 
4641.567499 0.000120 
4639.731462 0.000134 
4637.895425 0.000088 
4636.059388 0.000129 
4634.223351 0.000111 
4632.387314 0.000097 
4630.551277 0.000105 
4628.715240 0.000082 
4626.879203 0.000063 
4625.043166 0.000101 
4623.207129 0.000117 
4621.371092 0.000090 
4619.535055 0.000113 
4617.699018 0.000091 
4615.862981 0.000140 
4614.026944 0.000133 
4612.190907 0.000165 
4610.354870 0.000165 
4608.518833 0.000171 
4606.682796 0.000167 
4604.846759 0.000171 
4603.010722 0.000182 
4601.174685 0.000188 
4599.338648 0.000232 
4597.502611 0.000269 
4595.666574 0.000309 
4593.830537 0.000384 
4591.994500 0.000522 
4590.158463 0.000626 
4588.322426 0.000795 
4586.486389 0.001022 
4584.650352 0.001327 
4582.814315 0.001712 
4580.978278 0.002167 
4579.142241 0.002671 
4577.306204 0.003206 
4575.470167 0.003657 
4573.634130 0.003957 
4571.798093 0.004128 
4569.962056 0.004010 
4568.126019 0.003746 
4566.289982 0.003294 
4564.453945 0.002788 
4562.617908 0.002295 
4560.781871 0.001861 
4558.945834 0.001503 
4557.109797 0.001326 
4555.273760 0.001210 
4553.437723 0.001240 
4551.601686 0.001324 
4549.765649 0.001465 
4547.929612 0.001623 
4546.093575 0.001832 
4544.257538 0.002063 
4542.421501 0.002290 
4540.585463 0.002423 
4538.749426 0.002525 
4536.913389 0.002517 
4535.077352 0.002446 
4533.241315 0.002326 
4531.405278 0.002098 
4529.569241 0.001875 
4527.733204 0.001612 
4525.897167 0.001361 
4524.061130 0.001144 
4522.225093 0.000920 
4520.389056 0.000745 
4518.553019 0.000613 
4516.716982 0.000502 
4514.880945 0.000409 
4513.044908 0.000359 
4511.208871 0.000310 
4509.372834 0.000285 
4507.536797 0.000269 
4505.700760 0.000279 
4503.864723 0.000219 
4502.028686 0.000221 
4500.192649 0.000238 
4498.356612 0.000225 
4496.520575 0.000212 
4494.684538 0.000232 
4492.848501 0.000185 
4491.012464 0.000200 
4489.176427 0.000203 
4487.340390 0.000187 
4485.504353 0.000189 
4483.668316 0.000161 
4481.832279 0.000173 
4479.996242 0.000153 
4478.160205 0.000173 
4476.324168 0.000167 
4474.488131 0.000176 
4472.652094 0.000177 
4470.816057 0.000171 
4468.980020 0.000142 
4467.143983 0.000163 
4465.307946 0.000176 
4463.471909 0.000160 
4461.635872 0.000141 
4459.799835 0.000152 
4457.963798 0.000162 
4456.127761 0.000143 
4454.291724 0.000146 
4452.455687 0.000171 
4450.619650 0.000152 
4448.783613 0.000158 
4446.947576 0.000155 
4445.111539 0.000152 
4443.275502 0.000139 
4441.439465 0.000148 
4439.603428 0.000157 
4437.767391 0.000140 
4435.931354 0.000124 
4434.095317 0.000119 
4432.259280 0.000135 
4430.423243 0.000130 
4428.587206 0.000144 
4426.751169 0.000140 
4424.915132 0.000138 
4423.079095 0.000124 
4421.243058 0.000136 
4419.407021 0.000136 
4417.570984 0.000148 
4415.734947 0.000123 
4413.898910 0.000139 
4412.062873 0.000134 
4410.226836 0.000139 
4408.390799 0.000153 
4406.554762 0.000149 
4404.718725 0.000189 
4402.882688 0.000220 
4401.046651 0.000221 
4399.210614 0.000215 
4397.374577 0.000272 
4395.538540 0.000294 
4393.702503 0.000336 
4391.866465 0.000379 
4390.030428 0.000435 
4388.194391 0.000490 
4386.358354 0.000569 
4384.522317 0.000612 
4382.686280 0.000727 
4380.850243 0.000807 
4379.014206 0.000874 
4377.178169 0.000951 
4375.342132 0.001037 
4373.506095 0.001162 
4371.670058 0.001161 
4369.834021 0.001175 
4367.997984 0.001170 
4366.161947 0.001176 
4364.325910 0.001136 
4362.489873 0.001050 
4360.653836 0.000983 
4358.817799 0.000897 
4356.981762 0.000776 
4355.145725 0.000665 
4353.309688 0.000575 
4351.473651 0.000500 
4349.637614 0.000418 
4347.801577 0.000370 
4345.965540 0.000342 
4344.129503 0.000288 
4342.293466 0.000262 
4340.457429 0.000228 
4338.621392 0.000226 
4336.785355 0.000233 
4334.949318 0.000207 
4333.113281 0.000189 
4331.277244 0.000233 
4329.441207 0.000207 
4327.605170 0.000207 
4325.769133 0.000204 
4323.933096 0.000225 
4322.097059 0.000211 
4320.261022 0.000222 
4318.424985 0.000224 
4316.588948 0.000238 
4314.752911 0.000253 
4312.916874 0.000240 
4311.080837 0.000221 
4309.244800 0.000237 
4307.408763 0.000240 
4305.572726 0.000252 
4303.736689 0.000259 
4301.900652 0.000275 
4300.064615 0.000261 
4298.228578 0.000294 
4296.392541 0.000301 
4294.556504 0.000276 
4292.720467 0.000310 
4290.884430 0.000303 
4289.048393 0.000273 
4287.212356 0.000267 
4285.376319 0.000250 
4283.540282 0.000264 
4281.704245 0.000230 
4279.868208 0.000233 
4278.032171 0.000259 
4276.196134 0.000244 
4274.360097 0.000235 
4272.524060 0.000265 
4270.688023 0.000255 
4268.851986 0.000254 
4267.015949 0.000291 
4265.179912 0.000290 
4263.343875 0.000337 
4261.507838 0.000356 
4259.671801 0.000379 
4257.835764 0.000428 
4255.999727 0.000455 
4254.163690 0.000467 
4252.327653 0.000495 
4250.491616 0.000536 
4248.655579 0.000529 
4246.819542 0.000565 
4244.983505 0.000541 
4243.147467 0.000569 
4241.311430 0.000571 
4239.475393 0.000547 
4237.639356 0.000520 
4235.803319 0.000496 
4233.967282 0.000476 
4232.131245 0.000444 
4230.295208 0.000404 
4228.459171 0.000407 
4226.623134 0.000347 
4224.787097 0.000325 
4222.951060 0.000319 
4221.115023 0.000319 
4219.278986 0.000283 
4217.442949 0.000301 
4215.606912 0.000286 
4213.770875 0.000293 
4211.934838 0.000290 
4210.098801 0.000292 
4208.262764 0.000316 
4206.426727 0.000309 
4204.590690 0.000282 
4202.754653 0.000299 
4200.918616 0.000299 
4199.082579 0.000305 
4197.246542 0.000288 
4195.410505 0.000271 
4193.574468 0.000277 
4191.738431 0.000241 
4189.902394 0.000275 
4188.066357 0.000266 
4186.230320 0.000272 
4184.394283 0.000205 
4182.558246 0.000231 
4180.722209 0.000202 
4178.886172 0.000233 
4177.050135 0.000248 
4175.214098 0.000228 
4173.378061 0.000235 
4171.542024 0.000245 
4169.705987 0.000237 
4167.869950 0.000241 
4166.033913 0.000232 
4164.197876 0.000239 
4162.361839 0.000230 
4160.525802 0.000244 
4158.689765 0.000244 
4156.853728 0.000246 
4155.017691 0.000247 
4153.181654 0.000259 
4151.345617 0.000245 
4149.509580 0.000250 
4147.673543 0.000252 
4145.837506 0.000214 
4144.001469 0.000218 
4142.165432 0.000254 
4140.329395 0.000269 
4138.493358 0.000247 
4136.657321 0.000244 
4134.821284 0.000253 
4132.985247 0.000249 
4131.149210 0.000267 
4129.313173 0.000287 
4127.477136 0.000296 
4125.641099 0.000287 
4123.805062 0.000301 
4121.969025 0.000310 
4120.132988 0.000345 
4118.296951 0.000346 
4116.460914 0.000360 
4114.624877 0.000367 
4112.788840 0.000411 
4110.952803 0.000395 
4109.116766 0.000398 
4107.280729 0.000390 
4105.444692 0.000414 
4103.608655 0.000374 
4101.772618 0.000380 
4099.936581 0.000376 
4098.100544 0.000362 
4096.264507 0.000366 
4094.428469 0.000351 
4092.592432 0.000329 
4090.756395 0.000326 
4088.920358 0.000311 
4087.084321 0.000312 
4085.248284 0.000294 
4083.412247 0.000335 
4081.576210 0.000325 
4079.740173 0.000330 
4077.904136 0.000330 
4076.068099 0.000361 
4074.232062 0.000395 
4072.396025 0.000395 
4070.559988 0.000426 
4068.723951 0.000421 
4066.887914 0.000445 
4065.051877 0.000454 
4063.215840 0.000488 
4061.379803 0.000486 
4059.543766 0.000503 
4057.707729 0.000499 
4055.871692 0.000499 
4054.035655 0.000478 
4052.199618 0.000473 
4050.363581 0.000460 
4048.527544 0.000429 
4046.691507 0.000399 
4044.855470 0.000387 
4043.019433 0.000343 
4041.183396 0.000356 
4039.347359 0.000329 
4037.511322 0.000287 
4035.675285 0.000256 
4033.839248 0.000254 
4032.003211 0.000262 
4030.167174 0.000224 
4028.331137 0.000205 
4026.495100 0.000237 
4024.659063 0.000228 
4022.823026 0.000233 
4020.986989 0.000229 
4019.150952 0.000227 
4017.314915 0.000214 
4015.478878 0.000230 
4013.642841 0.000223 
4011.806804 0.000258 
4009.970767 0.000255 
4008.134730 0.000240 
4006.298693 0.000239 
4004.462656 0.000259 
4002.626619 0.000283 
4000.790582 0.000292 
3998.954545 0.000281 
3997.118508 0.000293 
3995.282471 0.000256 
3993.446434 0.000267 
3991.610397 0.000282 
3989.774360 0.000291 
3987.938323 0.000276 
3986.102286 0.000259 
3984.266249 0.000251 
3982.430212 0.000246 
3980.594175 0.000254 
3978.758138 0.000229 
3976.922101 0.000227 
3975.086064 0.000210 
3973.250027 0.000228 
3971.413990 0.000204 
3969.577953 0.000195 
3967.741916 0.000205 
3965.905879 0.000199 
3964.069842 0.000192 
3962.233805 0.000192 
3960.397768 0.000185 
3958.561731 0.000188 
3956.725694 0.000211 
3954.889657 0.000193 
3953.053620 0.000198 
3951.217583 0.000195 
3949.381546 0.000188 
3947.545509 0.000186 
3945.709471 0.000193 
3943.873434 0.000191 
3942.037397 0.000198 
3940.201360 0.000196 
3938.365323 0.000188 
3936.529286 0.000180 
3934.693249 0.000195 
3932.857212 0.000183 
3931.021175 0.000184 
3929.185138 0.000193 
3927.349101 0.000196 
3925.513064 0.000188 
3923.677027 0.000184 
3921.840990 0.000185 
3920.004953 0.000180 
3918.168916 0.000190 
3916.332879 0.000183 
3914.496842 0.000201 
3912.660805 0.000168 
3910.824768 0.000182 
3908.988731 0.000188 
3907.152694 0.000185 
3905.316657 0.000203 
3903.480620 0.000181 
3901.644583 0.000210 
3899.808546 0.000194 
3897.972509 0.000196 
3896.136472 0.000189 
3894.300435 0.000191 
3892.464398 0.000184 
3890.628361 0.000167 
3888.792324 0.000183 
3886.956287 0.000190 
3885.120250 0.000199 
3883.284213 0.000183 
3881.448176 0.000183 
3879.612139 0.000184 
3877.776102 0.000179 
3875.940065 0.000172 
3874.104028 0.000192 
3872.267991 0.000178 
3870.431954 0.000204 
3868.595917 0.000186 
3866.759880 0.000181 
3864.923843 0.000187 
3863.087806 0.000187 
3861.251769 0.000184 
3859.415732 0.000186 
3857.579695 0.000174 
3855.743658 0.000199 
3853.907621 0.000185 
3852.071584 0.000216 
3850.235547 0.000197 
3848.399510 0.000188 
3846.563473 0.000173 
3844.727436 0.000197 
3842.891399 0.000172 
3841.055362 0.000162 
3839.219325 0.000190 
3837.383288 0.000190 
3835.547251 0.000191 
3833.711214 0.000183 
3831.875177 0.000175 
3830.039140 0.000185 
3828.203103 0.000174 
3826.367066 0.000173 
3824.531029 0.000170 
3822.694992 0.000178 
3820.858955 0.000178 
3819.022918 0.000169 
3817.186881 0.000197 
3815.350844 0.000169 
3813.514807 0.000179 
3811.678770 0.000168 
3809.842733 0.000157 
3808.006696 0.000188 
3806.170659 0.000170 
3804.334622 0.000177 
3802.498585 0.000192 
3800.662548 0.000179 
3798.826511 0.000206 
3796.990473 0.000181 
3795.154436 0.000169 
3793.318399 0.000176 
3791.482362 0.000164 
3789.646325 0.000151 
3787.810288 0.000166 
3785.974251 0.000185 
3784.138214 0.000174 
3782.302177 0.000184 
3780.466140 0.000182 
3778.630103 0.000192 
3776.794066 0.000179 
3774.958029 0.000182 
3773.121992 0.000169 
3771.285955 0.000189 
3769.449918 0.000187 
3767.613881 0.000187 
3765.777844 0.000188 
3763.941807 0.000190 
3762.105770 0.000186 
3760.269733 0.000220 
3758.433696 0.000213 
3756.597659 0.000194 
3754.761622 0.000210 
3752.925585 0.000228 
3751.089548 0.000208 
3749.253511 0.000210 
3747.417474 0.000215 
3745.581437 0.000242 
3743.745400 0.000224 
3741.909363 0.000214 
3740.073326 0.000215 
3738.237289 0.000212 
3736.401252 0.000225 
3734.565215 0.000232 
3732.729178 0.000240 
3730.893141 0.000227 
3729.057104 0.000227 
3727.221067 0.000235 
3725.385030 0.000219 
3723.548993 0.000223 
3721.712956 0.000218 
3719.876919 0.000232 
3718.040882 0.000226 
3716.204845 0.000228 
3714.368808 0.000235 
3712.532771 0.000261 
3710.696734 0.000232 
3708.860697 0.000231 
3707.024660 0.000218 
3705.188623 0.000214 
3703.352586 0.000212 
3701.516549 0.000218 
3699.680512 0.000216 
3697.844475 0.000207 
3696.008438 0.000208 
3694.172401 0.000205 
3692.336364 0.000205 
3690.500327 0.000203 
3688.664290 0.000202 
3686.828253 0.000181 
3684.992216 0.000200 
3683.156179 0.000210 
3681.320142 0.000205 
3679.484105 0.000191 
3677.648068 0.000206 
3675.812031 0.000215 
3673.975994 0.000215 
3672.139957 0.000206 
3670.303920 0.000213 
3668.467883 0.000203 
3666.631846 0.000203 
3664.795809 0.000214 
3662.959772 0.000200 
3661.123735 0.000224 
3659.287698 0.000226 
3657.451661 0.000233 
3655.615624 0.000230 
3653.779587 0.000253 
3651.943550 0.000261 
3650.107513 0.000282 
3648.271475 0.000293 
3646.435438 0.000303 
3644.599401 0.000321 
3642.763364 0.000329 
3640.927327 0.000350 
3639.091290 0.000374 
3637.255253 0.000388 
3635.419216 0.000429 
3633.583179 0.000449 
3631.747142 0.000476 
3629.911105 0.000506 
3628.075068 0.000535 
3626.239031 0.000545 
3624.402994 0.000573 
3622.566957 0.000592 
3620.730920 0.000644 
3618.894883 0.000657 
3617.058846 0.000685 
3615.222809 0.000724 
3613.386772 0.000749 
3611.550735 0.000763 
3609.714698 0.000819 
3607.878661 0.000833 
3606.042624 0.000869 
3604.206587 0.000904 
3602.370550 0.000956 
3600.534513 0.000989 
3598.698476 0.001020 
3596.862439 0.001068 
3595.026402 0.001116 
3593.190365 0.001164 
3591.354328 0.001202 
3589.518291 0.001270 
3587.682254 0.001320 
3585.846217 0.001376 
3584.010180 0.001428 
3582.174143 0.001494 
3580.338106 0.001550 
3578.502069 0.001605 
3576.666032 0.001647 
3574.829995 0.001719 
3572.993958 0.001755 
3571.157921 0.001811 
3569.321884 0.001850 
3567.485847 0.001894 
3565.649810 0.001910 
3563.813773 0.001943 
3561.977736 0.001951 
3560.141699 0.001979 
3558.305662 0.001980 
3556.469625 0.001980 
3554.633588 0.001967 
3552.797551 0.001978 
3550.961514 0.001950 
3549.125477 0.001938 
3547.289440 0.001900 
3545.453403 0.001890 
3543.617366 0.001850 
3541.781329 0.001830 
3539.945292 0.001782 
3538.109255 0.001744 
3536.273218 0.001710 
3534.437181 0.001665 
3532.601144 0.001639 
3530.765107 0.001563 
3528.929070 0.001550 
3527.093033 0.001515 
3525.256996 0.001473 
3523.420959 0.001449 
3521.584922 0.001410 
3519.748885 0.001390 
3517.912848 0.001375 
3516.076811 0.001360 
3514.240774 0.001351 
3512.404737 0.001351 
3510.568700 0.001350 
3508.732663 0.001360 
3506.896626 0.001370 
3505.060589 0.001390 
3503.224552 0.001399 
3501.388515 0.001392 
3499.552477 0.001420 
3497.716440 0.001410 
3495.880403 0.001430 
3494.044366 0.001430 
3492.208329 0.001420 
3490.372292 0.001408 
3488.536255 0.001380 
3486.700218 0.001365 
3484.864181 0.001300 
3483.028144 0.001272 
3481.192107 0.001207 
3479.356070 0.001161 
3477.520033 0.001107 
3475.683996 0.001029 
3473.847959 0.000974 
3472.011922 0.000931 
3470.175885 0.000916 
3468.339848 0.000886 
3466.503811 0.000889 
3464.667774 0.000875 
3462.831737 0.000876 
3460.995700 0.000870 
3459.159663 0.000846 
3457.323626 0.000859 
3455.487589 0.000876 
3453.651552 0.000879 
3451.815515 0.000929 
3449.979478 0.000960 
3448.143441 0.001001 
3446.307404 0.001070 
3444.471367 0.001164 
3442.635330 0.001278 
3440.799293 0.001427 
3438.963256 0.001601 
3437.127219 0.001821 
3435.291182 0.002057 
3433.455145 0.002371 
3431.619108 0.002716 
3429.783071 0.003116 
3427.947034 0.003548 
3426.110997 0.004052 
3424.274960 0.004565 
3422.438923 0.005074 
3420.602886 0.005520 
3418.766849 0.005856 
3416.930812 0.006018 
3415.094775 0.005958 
3413.258738 0.005717 
3411.422701 0.005272 
3409.586664 0.004686 
3407.750627 0.004047 
3405.914590 0.003383 
3404.078553 0.002781 
3402.242516 0.002238 
3400.406479 0.001801 
3398.570442 0.001430 
3396.734405 0.001152 
3394.898368 0.000936 
3393.062331 0.000778 
3391.226294 0.000657 
3389.390257 0.000574 
3387.554220 0.000494 
3385.718183 0.000440 
3383.882146 0.000396 
3382.046109 0.000372 
3380.210072 0.000341 
3378.374035 0.000341 
3376.537998 0.000308 
3374.701961 0.000290 
3372.865924 0.000276 
3371.029887 0.000284 
3369.193850 0.000257 
3367.357813 0.000268 
3365.521776 0.000247 
3363.685739 0.000236 
3361.849702 0.000243 
3360.013665 0.000235 
3358.177628 0.000229 
3356.341591 0.000220 
3354.505554 0.000222 
3352.669517 0.000224 
3350.833479 0.000219 
3348.997442 0.000219 
3347.161405 0.000223 
3345.325368 0.000215 
3343.489331 0.000188 
3341.653294 0.000200 
3339.817257 0.000181 
3337.981220 0.000161 
3336.145183 0.000159 
3334.309146 0.000148 
3332.473109 0.000148 
3330.637072 0.000138 
3328.801035 0.000123 
3326.964998 0.000112 
3325.128961 0.000139 
3323.292924 0.000113 
3321.456887 0.000102 
3319.620850 0.000113 
3317.784813 0.000116 
3315.948776 0.000124 
3314.112739 0.000125 
3312.276702 0.000115 
3310.440665 0.000117 
3308.604628 0.000113 
3306.768591 0.000106 
3304.932554 0.000124 
3303.096517 0.000134 
3301.260480 0.000129 
3299.424443 0.000131 
3297.588406 0.000139 
3295.752369 0.000139 
3293.916332 0.000153 
3292.080295 0.000154 
3290.244258 0.000152 
3288.408221 0.000165 
3286.572184 0.000163 
3284.736147 0.000167 
3282.900110 0.000181 
3281.064073 0.000162 
3279.228036 0.000162 
3277.391999 0.000179 
3275.555962 0.000181 
3273.719925 0.000166 
3271.883888 0.000184 
3270.047851 0.000193 
3268.211814 0.000186 
3266.375777 0.000204 
3264.539740 0.000193 
3262.703703 0.000186 
3260.867666 0.000184 
3259.031629 0.000188 
3257.195592 0.000190 
3255.359555 0.000197 
3253.523518 0.000205 
3251.687481 0.000193 
3249.851444 0.000188 
3248.015407 0.000177 
3246.179370 0.000185 
3244.343333 0.000179 
3242.507296 0.000190 
3240.671259 0.000185 
3238.835222 0.000179 
3236.999185 0.000173 
3235.163148 0.000178 
3233.327111 0.000174 
3231.491074 0.000174 
3229.655037 0.000178 
3227.819000 0.000174 
3225.982963 0.000179 
3224.146926 0.000201 
3222.310889 0.000197 
3220.474852 0.000197 
3218.638815 0.000187 
3216.802778 0.000186 
3214.966741 0.000197 
3213.130704 0.000187 
3211.294667 0.000184 
3209.458630 0.000172 
3207.622593 0.000158 
3205.786556 0.000173 
3203.950519 0.000153 
3202.114481 0.000148 
3200.278444 0.000143 
3198.442407 0.000151 
3196.606370 0.000133 
3194.770333 0.000140 
3192.934296 0.000126 
3191.098259 0.000134 
3189.262222 0.000136 
3187.426185 0.000111 
3185.590148 0.000111 
3183.754111 0.000109 
3181.918074 0.000097 
3180.082037 0.000119 
3178.246000 0.000098 
3176.409963 0.000104 
3174.573926 0.000108 
3172.737889 0.000103 
3170.901852 0.000104 
3169.065815 0.000100 
3167.229778 0.000094 
3165.393741 0.000108 
3163.557704 0.000089 
3161.721667 0.000103 
3159.885630 0.000098 
3158.049593 0.000097 
3156.213556 0.000088 
3154.377519 0.000095 
3152.541482 0.000073 
3150.705445 0.000088 
3148.869408 0.000094 
3147.033371 0.000085 
3145.197334 0.000075 
3143.361297 0.000096 
3141.525260 0.000076 
3139.689223 0.000069 
3137.853186 0.000072 
3136.017149 0.000070 
3134.181112 0.000069 
3132.345075 0.000069 
3130.509038 0.000055 
3128.673001 0.000055 
3126.836964 0.000058 
3125.000927 0.000051 
3123.164890 0.000047 
3121.328853 0.000039 
3119.492816 0.000040 
3117.656779 0.000044 
3115.820742 0.000054 
3113.984705 0.000029 
3112.148668 0.000042 
3110.312631 0.000040 
3108.476594 0.000038 
3106.640557 0.000033 
3104.804520 0.000027 
3102.968483 0.000036 
3101.132446 0.000032 
3099.296409 0.000036 
3097.460372 0.000018 
3095.624335 0.000017 
3093.788298 0.000019 
3091.952261 0.000025 
3090.116224 0.000012 
3088.280187 0.000021 
3086.444150 0.000005 
3084.608113 0.000005 
3082.772076 -0.000001 
3080.936039 0.000006 
3079.100002 -0.000001 
3077.263965 -0.000004 
3075.427928 0.000007 
3073.591891 -0.000005 
3071.755854 0.000003 
3069.919817 0.000002 
3068.083780 -0.000008 
3066.247743 0.000004 
3064.411706 0.000018 
3062.575669 0.000013 
3060.739632 0.000000 
3058.903595 0.000011 
3057.067558 0.000006 
3055.231521 0.000012 
3053.395483 0.000025 
3051.559446 0.000024 
3049.723409 0.000026 
3047.887372 0.000024 
3046.051335 0.000030 
3044.215298 0.000044 
3042.379261 0.000052 
3040.543224 0.000058 
3038.707187 0.000068 
3036.871150 0.000091 
3035.035113 0.000102 
3033.199076 0.000127 
3031.363039 0.000163 
3029.527002 0.000212 
3027.690965 0.000247 
3025.854928 0.000310 
3024.018891 0.000402 
3022.182854 0.000516 
3020.346817 0.000625 
3018.510780 0.000778 
3016.674743 0.000998 
3014.838706 0.001234 
3013.002669 0.001559 
3011.166632 0.002005 
3009.330595 0.002651 
3007.494558 0.003563 
3005.658521 0.004856 
3003.822484 0.006667 
3001.986447 0.009097 
3000.150410 0.012152 
2998.314373 0.015681 
2996.478336 0.019279 
2994.642299 0.022333 
2992.806262 0.024157 
2990.970225 0.024190 
2989.134188 0.022389 
2987.298151 0.019096 
2985.462114 0.015138 
2983.626077 0.011358 
2981.790040 0.008304 
2979.954003 0.006180 
2978.117966 0.004823 
2976.281929 0.003996 
2974.445892 0.003459 
2972.609855 0.003098 
2970.773818 0.002829 
2968.937781 0.002582 
2967.101744 0.002361 
2965.265707 0.002154 
2963.429670 0.001960 
2961.593633 0.001772 
2959.757596 0.001590 
2957.921559 0.001440 
2956.085522 0.001271 
2954.249485 0.001117 
2952.413448 0.000956 
2950.577411 0.000815 
2948.741374 0.000666 
2946.905337 0.000525 
2945.069300 0.000430 
2943.233263 0.000337 
2941.397226 0.000283 
2939.561189 0.000215 
2937.725152 0.000177 
2935.889115 0.000150 
2934.053078 0.000135 
2932.217041 0.000127 
2930.381004 0.000128 
2928.544967 0.000144 
2926.708930 0.000161 
2924.872893 0.000186 
2923.036856 0.000194 
2921.200819 0.000262 
2919.364782 0.000299 
2917.528745 0.000408 
2915.692708 0.000526 
2913.856671 0.000722 
2912.020634 0.001010 
2910.184597 0.001473 
2908.348560 0.002168 
2906.512523 0.003178 
2904.676485 0.004659 
2902.840448 0.006686 
2901.004411 0.009351 
2899.168374 0.012694 
2897.332337 0.016650 
2895.496300 0.021049 
2893.660263 0.025669 
2891.824226 0.030238 
2889.988189 0.034506 
2888.152152 0.038085 
2886.316115 0.040667 
2884.480078 0.041880 
2882.644041 0.041508 
2880.808004 0.039507 
2878.971967 0.036050 
2877.135930 0.031522 
2875.299893 0.026401 
2873.463856 0.021248 
2871.627819 0.016475 
2869.791782 0.012429 
2867.955745 0.009200 
2866.119708 0.006814 
2864.283671 0.005123 
2862.447634 0.004014 
2860.611597 0.003291 
2858.775560 0.002856 
2856.939523 0.002643 
2855.103486 0.002611 
2853.267449 0.002742 
2851.431412 0.003110 
2849.595375 0.003734 
2847.759338 0.004734 
2845.923301 0.006124 
2844.087264 0.008034 
2842.251227 0.010518 
2840.415190 0.013610 
2838.579153 0.017310 
2836.743116 0.021521 
2834.907079 0.026145 
2833.071042 0.030936 
2831.235005 0.035671 
2829.398968 0.040117 
2827.562931 0.043961 
2825.726894 0.046986 
2823.890857 0.049023 
2822.054820 0.049937 
2820.218783 0.049673 
2818.382746 0.048231 
2816.546709 0.045664 
2814.710672 0.042046 
2812.874635 0.037579 
2811.038598 0.032463 
2809.202561 0.027000 
2807.366524 0.021583 
2805.530487 0.016582 
2803.694450 0.012260 
2801.858413 0.008791 
2800.022376 0.006118 
2798.186339 0.004181 
2796.350302 0.002848 
2794.514265 0.001954 
2792.678228 0.001380 
2790.842191 0.001008 
2789.006154 0.000772 
2787.170117 0.000616 
2785.334080 0.000528 
2783.498043 0.000463 
2781.662006 0.000401 
2779.825969 0.000369 
2777.989932 0.000331 
2776.153895 0.000308 
2774.317858 0.000286 
2772.481821 0.000276 
2770.645784 0.000266 
2768.809747 0.000270 
2766.973710 0.000268 
2765.137673 0.000273 
2763.301636 0.000295 
2761.465599 0.000321 
2759.629562 0.000346 
2757.793525 0.000353 
2755.957487 0.000391 
2754.121450 0.000465 
2752.285413 0.000504 
2750.449376 0.000549 
2748.613339 0.000653 
2746.777302 0.000762 
2744.941265 0.000937 
2743.105228 0.001160 
2741.269191 0.001291 
2739.433154 0.001769 
2737.597117 0.002022 
2735.761080 0.002443 
2733.925043 0.002672 
2732.089006 0.003125 
2730.252969 0.003407 
2728.416932 0.003787 
2726.580895 0.003861 
2724.744858 0.003958 
2722.908821 0.003991 
2721.072784 0.003820 
2719.236747 0.003524 
2717.400710 0.003231 
2715.564673 0.002866 
2713.728636 0.002449 
2711.892599 0.002066 
2710.056562 0.001724 
2708.220525 0.001358 
2706.384488 0.001059 
2704.548451 0.000809 
2702.712414 0.000638 
2700.876377 0.000445 
2699.040340 0.000340 
2697.204303 0.000272 
2695.368266 0.000209 
2693.532229 0.000160 
2691.696192 0.000133 
2689.860155 0.000121 
2688.024118 0.000115 
2686.188081 0.000101 
2684.352044 0.000103 
2682.516007 0.000102 
2680.679970 0.000110 
2678.843933 0.000102 
2677.007896 0.000107 
2675.171859 0.000102 
2673.335822 0.000094 
2671.499785 0.000096 
2669.663748 0.000094 
2667.827711 0.000076 
2665.991674 0.000077 
2664.155637 0.000058 
2662.319600 0.000054 
2660.483563 0.000058 
2658.647526 0.000063 
2656.811489 0.000055 
2654.975452 0.000059 
2653.139415 0.000047 
2651.303378 0.000054 
2649.467341 0.000058 
2647.631304 0.000053 
2645.795267 0.000051 
2643.959230 0.000054 
2642.123193 0.000051 
2640.287156 0.000045 
2638.451119 0.000035 
2636.615082 0.000041 
2634.779045 0.000031 
2632.943008 0.000034 
2631.106971 0.000041 
2629.270934 0.000036 
2627.434897 0.000044 
2625.598860 0.000044 
2623.762823 0.000042 
2621.926786 0.000051 
2620.090749 0.000035 
2618.254712 0.000041 
2616.418675 0.000033 
2614.582638 0.000033 
2612.746601 0.000038 
2610.910564 0.000032 
2609.074527 0.000041 
2607.238489 0.000027 
2605.402452 0.000030 
2603.566415 0.000034 
2601.730378 0.000032 
2599.894341 0.000036 
2598.058304 0.000036 
2596.222267 0.000046 
2594.386230 0.000037 
2592.550193 0.000052 
2590.714156 0.000049 
2588.878119 0.000031 
2587.042082 0.000044 
2585.206045 0.000048 
2583.370008 0.000043 
2581.533971 0.000043 
2579.697934 0.000036 
2577.861897 0.000053 
2576.025860 0.000044 
2574.189823 0.000048 
2572.353786 0.000042 
2570.517749 0.000039 
2568.681712 0.000055 
2566.845675 0.000050 
2565.009638 0.000045 
2563.173601 0.000045 
2561.337564 0.000057 
2559.501527 0.000049 
2557.665490 0.000057 
2555.829453 0.000050 
2553.993416 0.000062 
2552.157379 0.000065 
2550.321342 0.000052 
2548.485305 0.000061 
2546.649268 0.000066 
2544.813231 0.000068 
2542.977194 0.000076 
2541.141157 0.000072 
2539.305120 0.000061 
2537.469083 0.000070 
2535.633046 0.000068 
2533.797009 0.000079 
2531.960972 0.000084 
2530.124935 0.000099 
2528.288898 0.000089 
2526.452861 0.000095 
2524.616824 0.000109 
2522.780787 0.000121 
2520.944750 0.000141 
2519.108713 0.000155 
2517.272676 0.000177 
2515.436639 0.000194 
2513.600602 0.000221 
2511.764565 0.000250 
2509.928528 0.000285 
2508.092491 0.000300 
2506.256454 0.000342 
2504.420417 0.000390 
2502.584380 0.000424 
2500.748343 0.000463 
2498.912306 0.000487 
2497.076269 0.000533 
2495.240232 0.000558 
2493.404195 0.000574 
2491.568158 0.000597 
2489.732121 0.000591 
2487.896084 0.000599 
2486.060047 0.000589 
2484.224010 0.000560 
2482.387973 0.000533 
2480.551936 0.000508 
2478.715899 0.000473 
2476.879862 0.000440 
2475.043825 0.000399 
2473.207788 0.000358 
2471.371751 0.000333 
2469.535714 0.000291 
2467.699677 0.000249 
2465.863640 0.000244 
2464.027603 0.000228 
2462.191566 0.000203 
2460.355529 0.000191 
2458.519491 0.000199 
2456.683454 0.000190 
2454.847417 0.000197 
2453.011380 0.000191 
2451.175343 0.000192 
2449.339306 0.000189 
2447.503269 0.000192 
2445.667232 0.000205 
2443.831195 0.000214 
2441.995158 0.000205 
2440.159121 0.000202 
2438.323084 0.000219 
2436.487047 0.000216 
2434.651010 0.000230 
2432.814973 0.000230 
2430.978936 0.000214 
2429.142899 0.000226 
2427.306862 0.000226 
2425.470825 0.000213 
2423.634788 0.000213 
2421.798751 0.000205 
2419.962714 0.000215 
2418.126677 0.000207 
2416.290640 0.000189 
2414.454603 0.000189 
2412.618566 0.000196 
2410.782529 0.000168 
2408.946492 0.000175 
2407.110455 0.000183 
2405.274418 0.000177 
2403.438381 0.000168 
2401.602344 0.000173 
2399.766307 0.000177 
2397.930270 0.000178 
2396.094233 0.000160 
2394.258196 0.000164 
2392.422159 0.000167 
2390.586122 0.000165 
2388.750085 0.000162 
2386.914048 0.000168 
2385.078011 0.000163 
2383.241974 0.000167 
2381.405937 0.000165 
2379.569900 0.000179 
2377.733863 0.000192 
2375.897826 0.000208 
2374.061789 0.000216 
2372.225752 0.000224 
2370.389715 0.000266 
2368.553678 0.000296 
2366.717641 0.000320 
2364.881604 0.000357 
2363.045567 0.000393 
2361.209530 0.000427 
2359.373493 0.000459 
2357.537456 0.000478 
2355.701419 0.000512 
2353.865382 0.000525 
2352.029345 0.000530 
2350.193308 0.000535 
2348.357271 0.000540 
2346.521234 0.000544 
2344.685197 0.000558 
2342.849160 0.000558 
2341.013123 0.000521 
2339.177086 0.000427 
2337.341049 0.000364 
2335.505012 0.000323 
2333.668975 0.000282 
2331.832938 0.000267 
2329.996901 0.000240 
2328.160864 0.000210 
2326.324827 0.000190 
2324.488790 0.000179 
2322.652753 0.000164 
2320.816716 0.000150 
2318.980679 0.000159 
2317.144642 0.000135 
2315.308605 0.000122 
2313.472568 0.000133 
2311.636531 0.000124 
2309.800493 0.000127 
2307.964456 0.000110 
2306.128419 0.000119 
2304.292382 0.000117 
2302.456345 0.000125 
2300.620308 0.000126 
2298.784271 0.000120 
2296.948234 0.000114 
2295.112197 0.000130 
2293.276160 0.000112 
2291.440123 0.000107 
2289.604086 0.000108 
2287.768049 0.000116 
2285.932012 0.000111 
2284.095975 0.000114 
2282.259938 0.000135 
2280.423901 0.000122 
2278.587864 0.000110 
2276.751827 0.000119 
2274.915790 0.000118 
2273.079753 0.000124 
2271.243716 0.000120 
2269.407679 0.000119 
2267.571642 0.000122 
2265.735605 0.000121 
2263.899568 0.000115 
2262.063531 0.000104 
2260.227494 0.000125 
2258.391457 0.000120 
2256.555420 0.000116 
2254.719383 0.000126 
2252.883346 0.000123 
2251.047309 0.000132 
2249.211272 0.000120 
2247.375235 0.000138 
2245.539198 0.000125 
2243.703161 0.000134 
2241.867124 0.000135 
2240.031087 0.000128 
2238.195050 0.000127 
2236.359013 0.000124 
2234.522976 0.000129 
2232.686939 0.000135 
2230.850902 0.000140 
2229.014865 0.000139 
2227.178828 0.000148 
2225.342791 0.000147 
2223.506754 0.000143 
2221.670717 0.000136 
2219.834680 0.000137 
2217.998643 0.000144 
2216.162606 0.000146 
2214.326569 0.000145 
2212.490532 0.000152 
2210.654495 0.000159 
2208.818458 0.000165 
2206.982421 0.000160 
2205.146384 0.000172 
2203.310347 0.000168 
2201.474310 0.000170 
2199.638273 0.000174 
2197.802236 0.000167 
2195.966199 0.000167 
2194.130162 0.000191 
2192.294125 0.000191 
2190.458088 0.000188 
2188.622051 0.000181 
2186.786014 0.000186 
2184.949977 0.000191 
2183.113940 0.000192 
2181.277903 0.000187 
2179.441866 0.000200 
2177.605829 0.000198 
2175.769792 0.000199 
2173.933755 0.000212 
2172.097718 0.000202 
2170.261681 0.000210 
2168.425644 0.000204 
2166.589607 0.000231 
2164.753570 0.000223 
2162.917533 0.000243 
2161.081495 0.000236 
2159.245458 0.000233 
2157.409421 0.000242 
2155.573384 0.000236 
2153.737347 0.000240 
2151.901310 0.000254 
2150.065273 0.000248 
2148.229236 0.000235 
2146.393199 0.000253 
2144.557162 0.000243 
2142.721125 0.000250 
2140.885088 0.000261 
2139.049051 0.000253 
2137.213014 0.000251 
2135.376977 0.000270 
2133.540940 0.000277 
2131.704903 0.000276 
2129.868866 0.000281 
2128.032829 0.000286 
2126.196792 0.000291 
2124.360755 0.000293 
2122.524718 0.000294 
2120.688681 0.000293 
2118.852644 0.000304 
2117.016607 0.000305 
2115.180570 0.000303 
2113.344533 0.000309 
2111.508496 0.000304 
2109.672459 0.000313 
2107.836422 0.000304 
2106.000385 0.000304 
2104.164348 0.000294 
2102.328311 0.000295 
2100.492274 0.000287 
2098.656237 0.000287 
2096.820200 0.000280 
2094.984163 0.000278 
2093.148126 0.000284 
2091.312089 0.000293 
2089.476052 0.000287 
2087.640015 0.000277 
2085.803978 0.000270 
2083.967941 0.000267 
2082.131904 0.000258 
2080.295867 0.000261 
2078.459830 0.000266 
2076.623793 0.000244 
2074.787756 0.000263 
2072.951719 0.000235 
2071.115682 0.000255 
2069.279645 0.000240 
2067.443608 0.000237 
2065.607571 0.000241 
2063.771534 0.000208 
2061.935497 0.000230 
2060.099460 0.000228 
2058.263423 0.000217 
2056.427386 0.000215 
2054.591349 0.000214 
2052.755312 0.000212 
2050.919275 0.000198 
2049.083238 0.000202 
2047.247201 0.000194 
2045.411164 0.000198 
2043.575127 0.000200 
2041.739090 0.000184 
2039.903053 0.000197 
2038.067016 0.000203 
2036.230979 0.000188 
2034.394942 0.000183 
2032.558905 0.000172 
2030.722868 0.000170 
2028.886831 0.000165 
2027.050794 0.000171 
2025.214757 0.000171 
2023.378720 0.000165 
2021.542683 0.000159 
2019.706646 0.000160 
2017.870609 0.000156 
2016.034572 0.000156 
2014.198535 0.000153 
2012.362497 0.000158 
2010.526460 0.000146 
2008.690423 0.000170 
2006.854386 0.000165 
2005.018349 0.000150 
2003.182312 0.000145 
2001.346275 0.000139 
1999.510238 0.000152 
1997.674201 0.000150 
1995.838164 0.000160 
1994.002127 0.000135 
1992.166090 0.000147 
1990.330053 0.000146 
1988.494016 0.000155 
1986.657979 0.000150 
1984.821942 0.000161 
1982.985905 0.000163 
1981.149868 0.000171 
1979.313831 0.000158 
1977.477794 0.000160 
1975.641757 0.000152 
1973.805720 0.000156 
1971.969683 0.000151 
1970.133646 0.000169 
1968.297609 0.000174 
1966.461572 0.000178 
1964.625535 0.000192 
1962.789498 0.000192 
1960.953461 0.000203 
1959.117424 0.000185 
1957.281387 0.000210 
1955.445350 0.000225 
1953.609313 0.000230 
1951.773276 0.000221 
1949.937239 0.000235 
1948.101202 0.000253 
1946.265165 0.000261 
1944.429128 0.000272 
1942.593091 0.000282 
1940.757054 0.000298 
1938.921017 0.000306 
1937.084980 0.000314 
1935.248943 0.000326 
1933.412906 0.000340 
1931.576869 0.000356 
1929.740832 0.000387 
1927.904795 0.000381 
1926.068758 0.000390 
1924.232721 0.000406 
1922.396684 0.000417 
1920.560647 0.000430 
1918.724610 0.000456 
1916.888573 0.000450 
1915.052536 0.000477 
1913.216499 0.000484 
1911.380462 0.000503 
1909.544425 0.000513 
1907.708388 0.000529 
1905.872351 0.000549 
1904.036314 0.000570 
1902.200277 0.000584 
1900.364240 0.000591 
1898.528203 0.000616 
1896.692166 0.000614 
1894.856129 0.000636 
1893.020092 0.000652 
1891.184055 0.000668 
1889.348018 0.000705 
1887.511981 0.000705 
1885.675944 0.000719 
1883.839907 0.000734 
1882.003870 0.000747 
1880.167833 0.000774 
1878.331796 0.000787 
1876.495759 0.000800 
1874.659722 0.000806 
1872.823685 0.000824 
1870.987648 0.000832 
1869.151611 0.000863 
1867.315574 0.000871 
1865.479537 0.000867 
1863.643499 0.000889 
1861.807462 0.000880 
1859.971425 0.000884 
1858.135388 0.000887 
1856.299351 0.000891 
1854.463314 0.000896 
1852.627277 0.000879 
1850.791240 0.000902 
1848.955203 0.000880 
1847.119166 0.000886 
1845.283129 0.000890 
1843.447092 0.000889 
1841.611055 0.000870 
1839.775018 0.000856 
1837.938981 0.000858 
1836.102944 0.000845 
1834.266907 0.000852 
1832.430870 0.000844 
1830.594833 0.000841 
1828.758796 0.000833 
1826.922759 0.000827 
1825.086722 0.000825 
1823.250685 0.000828 
1821.414648 0.000830 
1819.578611 0.000834 
1817.742574 0.000837 
1815.906537 0.000849 
1814.070500 0.000844 
1812.234463 0.000852 
1810.398426 0.000860 
1808.562389 0.000872 
1806.726352 0.000873 
1804.890315 0.000895 
1803.054278 0.000897 
1801.218241 0.000909 
1799.382204 0.000934 
1797.546167 0.000945 
1795.710130 0.000972 
1793.874093 0.000997 
1792.038056 0.001020 
1790.202019 0.001049 
1788.365982 0.001083 
1786.529945 0.001120 
1784.693908 0.001147 
1782.857871 0.001184 
1781.021834 0.001215 
1779.185797 0.001273 
1777.349760 0.001321 
1775.513723 0.001359 
1773.677686 0.001419 
1771.841649 0.001486 
1770.005612 0.001537 
1768.169575 0.001631 
1766.333538 0.001729 
1764.497501 0.001853 
1762.661464 0.001972 
1760.825427 0.002108 
1758.989390 0.002249 
1757.153353 0.002450 
1755.317316 0.002656 
1753.481279 0.002892 
1751.645242 0.003182 
1749.809205 0.003501 
1747.973168 0.003924 
1746.137131 0.004438 
1744.301094 0.005135 
1742.465057 0.006129 
1740.629020 0.007641 
1738.792983 0.010259 
1736.956946 0.016785 
1735.120909 0.038792 
1733.284872 0.072441 
1731.448835 0.101146 
1729.612798 0.125554 
1727.776761 0.145735 
1725.940724 0.160088 
1724.104687 0.166893 
1722.268650 0.165473 
1720.432613 0.156893 
1718.596576 0.143481 
1716.760539 0.127672 
1714.924502 0.111134 
1713.088464 0.094509 
1711.252427 0.077905 
1709.416390 0.061447 
1707.580353 0.045313 
1705.744316 0.030352 
1703.908279 0.018054 
1702.072242 0.009592 
1700.236205 0.004847 
1698.400168 0.002503 
1696.564131 0.001452 
1694.728094 0.000943 
1692.892057 0.000763 
1691.056020 0.000860 
1689.219983 0.001129 
1687.383946 0.001538 
1685.547909 0.002063 
1683.711872 0.002463 
1681.875835 0.002619 
1680.039798 0.002457 
1678.203761 0.001967 
1676.367724 0.001361 
1674.531687 0.000763 
1672.695650 0.000316 
1670.859613 0.000040 
1669.023576 -0.000092 
1667.187539 -0.000138 
1665.351502 -0.000154 
1663.515465 -0.000083 
1661.679428 -0.000077 
1659.843391 -0.000050 
1658.007354 -0.000031 
1656.171317 0.000011 
1654.335280 0.000038 
1652.499243 0.000065 
1650.663206 0.000040 
1648.827169 0.000070 
1646.991132 0.000073 
1645.155095 0.000062 
1643.319058 0.000050 
1641.483021 0.000056 
1639.646984 0.000043 
1637.810947 0.000041 
1635.974910 0.000063 
1634.138873 0.000026 
1632.302836 0.000020 
1630.466799 0.000017 
1628.630762 0.000009 
1626.794725 0.000013 
1624.958688 -0.000016 
1623.122651 -0.000019 
1621.286614 -0.000014 
1619.450577 -0.000035 
1617.614540 -0.000049 
1615.778503 -0.000099 
1613.942466 -0.000104 
1612.106429 -0.000115 
1610.270392 -0.000123 
1608.434355 -0.000150 
1606.598318 -0.000165 
1604.762281 -0.000183 
1602.926244 -0.000162 
1601.090207 -0.000159 
1599.254170 -0.000164 
1597.418133 -0.000166 
1595.582096 -0.000149 
1593.746059 -0.000145 
1591.910022 -0.000123 
1590.073985 -0.000102 
1588.237948 -0.000096 
1586.401911 -0.000054 
1584.565874 -0.000061 
1582.729837 -0.000032 
1580.893800 -0.000017 
1579.057763 0.000013 
1577.221726 0.000040 
1575.385689 0.000049 
1573.549652 0.000055 
1571.713615 0.000055 
1569.877578 0.000111 
1568.041541 0.000118 
1566.205504 0.000131 
1564.369466 0.000161 
1562.533429 0.000182 
1560.697392 0.000240 
1558.861355 0.000266 
1557.025318 0.000260 
1555.189281 0.000277 
1553.353244 0.000289 
1551.517207 0.000322 
1549.681170 0.000340 
1547.845133 0.000382 
1546.009096 0.000399 
1544.173059 0.000432 
1542.337022 0.000467 
1540.500985 0.000511 
1538.664948 0.000531 
1536.828911 0.000563 
1534.992874 0.000612 
1533.156837 0.000656 
1531.320800 0.000734 
1529.484763 0.000809 
1527.648726 0.000890 
1525.812689 0.001012 
1523.976652 0.001127 
1522.140615 0.001382 
1520.304578 0.001761 
1518.468541 0.002436 
1516.632504 0.003629 
1514.796467 0.005564 
1512.960430 0.008431 
1511.124393 0.012335 
1509.288356 0.017235 
1507.452319 0.023117 
1505.616282 0.030005 
1503.780245 0.038089 
1501.944208 0.047617 
1500.108171 0.058332 
1498.272134 0.069295 
1496.436097 0.078346 
1494.600060 0.082294 
1492.764023 0.078274 
1490.927986 0.065983 
1489.091949 0.048899 
1487.255912 0.032232 
1485.419875 0.019436 
1483.583838 0.011119 
1481.747801 0.006339 
1479.911764 0.003754 
1478.075727 0.002411 
1476.239690 0.001702 
1474.403653 0.001291 
1472.567616 0.001032 
1470.731579 0.000868 
1468.895542 0.000739 
1467.059505 0.000650 
1465.223468 0.000598 
1463.387431 0.000537 
1461.551394 0.000495 
1459.715357 0.000448 
1457.879320 0.000404 
1456.043283 0.000388 
1454.207246 0.000338 
1452.371209 0.000315 
1450.535172 0.000302 
1448.699135 0.000301 
1446.863098 0.000289 
1445.027061 0.000285 
1443.191024 0.000297 
1441.354987 0.000297 
1439.518950 0.000308 
1437.682913 0.000318 
1435.846876 0.000305 
1434.010839 0.000318 
1432.174802 0.000325 
1430.338765 0.000322 
1428.502728 0.000306 
1426.666691 0.000306 
1424.830654 0.000319 
1422.994617 0.000320 
1421.158580 0.000322 
1419.322543 0.000320 
1417.486506 0.000313 
1415.650468 0.000317 
1413.814431 0.000304 
1411.978394 0.000328 
1410.142357 0.000320 
1408.306320 0.000310 
1406.470283 0.000309 
1404.634246 0.000330 
1402.798209 0.000333 
1400.962172 0.000326 
1399.126135 0.000318 
1397.290098 0.000326 
1395.454061 0.000311 
1393.618024 0.000305 
1391.781987 0.000278 
1389.945950 0.000280 
1388.109913 0.000275 
1386.273876 0.000288 
1384.437839 0.000287 
1382.601802 0.000278 
1380.765765 0.000263 
1378.929728 0.000266 
1377.093691 0.000259 
1375.257654 0.000237 
1373.421617 0.000268 
1371.585580 0.000266 
1369.749543 0.000264 
1367.913506 0.000267 
1366.077469 0.000271 
1364.241432 0.000273 
1362.405395 0.000279 
1360.569358 0.000254 
1358.733321 0.000242 
1356.897284 0.000249 
1355.061247 0.000257 
1353.225210 0.000257 
1351.389173 0.000236 
1349.553136 0.000243 
1347.717099 0.000246 
1345.881062 0.000236 
1344.045025 0.000237 
1342.208988 0.000247 
1340.372951 0.000248 
1338.536914 0.000265 
1336.700877 0.000256 
1334.864840 0.000256 
1333.028803 0.000233 
1331.192766 0.000245 
1329.356729 0.000239 
1327.520692 0.000262 
1325.684655 0.000256 
1323.848618 0.000254 
1322.012581 0.000259 
1320.176544 0.000232 
1318.340507 0.000268 
1316.504470 0.000277 
1314.668433 0.000264 
1312.832396 0.000268 
1310.996359 0.000267 
1309.160322 0.000258 
1307.324285 0.000278 
1305.488248 0.000265 
1303.652211 0.000283 
1301.816174 0.000282 
1299.980137 0.000288 
1298.144100 0.000300 
1296.308063 0.000307 
1294.472026 0.000307 
1292.635989 0.000317 
1290.799952 0.000326 
1288.963915 0.000349 
1287.127878 0.000354 
1285.291841 0.000333 
1283.455804 0.000372 
1281.619767 0.000386 
1279.783730 0.000400 
1277.947693 0.000418 
1276.111656 0.000458 
1274.275619 0.000497 
1272.439582 0.000580 
1270.603545 0.000700 
1268.767508 0.000906 
1266.931470 0.001275 
1265.095433 0.001865 
1263.259396 0.002805 
1261.423359 0.004125 
1259.587322 0.005850 
1257.751285 0.007879 
1255.915248 0.010126 
1254.079211 0.012398 
1252.243174 0.014548 
1250.407137 0.016376 
1248.571100 0.017804 
1246.735063 0.018685 
1244.899026 0.018835 
1243.062989 0.018002 
1241.226952 0.016000 
1239.390915 0.012935 
1237.554878 0.009314 
1235.718841 0.005854 
1233.882804 0.003165 
1232.046767 0.001512 
1230.210730 0.000619 
1228.374693 0.000218 
1226.538656 0.000053 
1224.702619 -0.000001 
1222.866582 -0.000001 
1221.030545 -0.000006 
1219.194508 -0.000003 
1217.358471 0.000022 
1215.522434 0.000016 
1213.686397 0.000047 
1211.850360 0.000047 
1210.014323 0.000047 
1208.178286 0.000080 
1206.342249 0.000061 
1204.506212 0.000079 
1202.670175 0.000087 
1200.834138 0.000073 
1198.998101 0.000130 
1197.162064 0.000207 
1195.326027 0.000405 
1193.489990 0.000775 
1191.653953 0.001442 
1189.817916 0.002507 
1187.981879 0.003991 
1186.145842 0.005774 
1184.309805 0.007600 
1182.473768 0.009182 
1180.637731 0.010203 
1178.801694 0.010508 
1176.965657 0.010004 
1175.129620 0.008780 
1173.293583 0.007082 
1171.457546 0.005235 
1169.621509 0.003515 
1167.785472 0.002150 
1165.949435 0.001192 
1164.113398 0.000603 
1162.277361 0.000269 
1160.441324 0.000090 
1158.605287 0.000053 
1156.769250 -0.000024 
1154.933213 -0.000004 
1153.097176 -0.000003 
1151.261139 -0.000004 
1149.425102 -0.000000 
1147.589065 0.000024 
1145.753028 0.000024 
1143.916991 0.000016 
1142.080954 0.000023 
1140.244917 0.000025 
1138.408880 0.000013 
1136.572843 -0.000007 
1134.736806 0.000030 
1132.900769 0.000030 
1131.064732 0.000013 
1129.228695 0.000081 
1127.392658 0.000074 
1125.556621 0.000048 
1123.720584 0.000052 
1121.884547 0.000085 
1120.048510 0.000108 
1118.212472 0.000094 
1116.376435 0.000064 
1114.540398 0.000071 
1112.704361 0.000098 
1110.868324 0.000062 
1109.032287 0.000067 
1107.196250 0.000084 
1105.360213 0.000102 
1103.524176 0.000111 
1101.688139 0.000068 
1099.852102 0.000091 
1098.016065 0.000097 
1096.180028 0.000138 
1094.343991 0.000168 
1092.507954 0.000166 
1090.671917 0.000197 
1088.835880 0.000273 
1086.999843 0.000230 
1085.163806 0.000223 
1083.327769 0.000235 
1081.491732 0.000257 
1079.655695 0.000219 
1077.819658 0.000251 
1075.983621 0.000284 
1074.147584 0.000295 
1072.311547 0.000301 
1070.475510 0.000290 
1068.639473 0.000311 
1066.803436 0.000342 
1064.967399 0.000314 
1063.131362 0.000336 
1061.295325 0.000355 
1059.459288 0.000339 
1057.623251 0.000363 
1055.787214 0.000345 
1053.951177 0.000296 
1052.115140 0.000370 
1050.279103 0.000398 
1048.443066 0.000369 
1046.607029 0.000379 
1044.770992 0.000394 
1042.934955 0.000405 
1041.098918 0.000398 
1039.262881 0.000414 
1037.426844 0.000407 
1035.590807 0.000432 
1033.754770 0.000448 
1031.918733 0.000462 
1030.082696 0.000421 
1028.246659 0.000445 
1026.410622 0.000443 
1024.574585 0.000484 
1022.738548 0.000480 
1020.902511 0.000481 
1019.066474 0.000485 
1017.230437 0.000445 
1015.394400 0.000441 
1013.558363 0.000470 
1011.722326 0.000445 
1009.886289 0.000442 
1008.050252 0.000426 
1006.214215 0.000424 
1004.378178 0.000413 
1002.542141 0.000449 
1000.706104 0.000396 
998.870067 0.000400 
997.034030 0.000407 
995.197993 0.000398 
993.361956 0.000404 
991.525919 0.000419 
989.689882 0.000399 
987.853845 0.000380 
986.017808 0.000371 
984.181771 0.000380 
982.345734 0.000339 
980.509697 0.000379 
978.673660 0.000359 
976.837623 0.000358 
975.001586 0.000365 
973.165549 0.000360 
971.329512 0.000371 
969.493474 0.000376 
967.657437 0.000358 
965.821400 0.000366 
963.985363 0.000333 
962.149326 0.000350 
960.313289 0.000373 
958.477252 0.000362 
956.641215 0.000348 
954.805178 0.000319 
952.969141 0.000363 
951.133104 0.000380 
949.297067 0.000383 
947.461030 0.000390 
945.624993 0.000366 
943.788956 0.000363 
941.952919 0.000398 
940.116882 0.000350 
938.280845 0.000373 
936.444808 0.000380 
934.608771 0.000348 
932.772734 0.000333 
930.936697 0.000388 
929.100660 0.000324 
927.264623 0.000320 
925.428586 0.000390 
923.592549 0.000360 
921.756512 0.000363 
919.920475 0.000301 
918.084438 0.000330 
916.248401 0.000407 
914.412364 0.000396 
912.576327 0.000267 
910.740290 0.000307 
908.904253 0.000332 
907.068216 0.000265 
905.232179 0.000344 
903.396142 0.000304 
901.560105 0.000305 
899.724068 0.000310 
897.888031 0.000286 
896.051994 0.000336 
894.215957 0.000282 
892.379920 0.000309 
890.543883 0.000267 
888.707846 0.000320 
886.871809 0.000294 
885.035772 0.000193 
883.199735 0.000272 
881.363698 0.000267 
879.527661 0.000276 
877.691624 0.000306 
875.855587 0.000311 
874.019550 0.000251 
872.183513 0.000335 
870.347476 0.000206 
868.511439 0.000158 
866.675402 0.000150 
864.839365 0.000324 
863.003328 0.000370 
861.167291 0.000201 
859.331254 0.000292 
857.495217 0.000234 
855.659180 0.000180 
853.823143 0.000211 
851.987106 0.000249 
850.151069 0.000250 
848.315032 0.000240 
846.478995 0.000265 
844.642958 0.000232 
842.806921 0.000139 
840.970884 0.000219 
839.134847 0.000260 
837.298810 0.000234 
835.462773 0.000241 
833.626736 0.000256 
831.790699 0.000236 
829.954662 0.000262 
828.118625 0.000260 
826.282588 0.000293 
824.446551 0.000228 
822.610514 0.000335 
820.774476 0.000271 
818.938439 0.000278 
817.102402 0.000244 
815.266365 0.000240 
813.430328 0.000266 
811.594291 0.000249 
809.758254 0.000211 
807.922217 0.000272 
806.086180 0.000283 
804.250143 0.000314 
802.414106 0.000308 
800.578069 0.000269 
798.742032 0.000273 
796.905995 0.000265 
795.069958 0.000247 
793.233921 0.000261 
791.397884 0.000268 
789.561847 0.000265 
787.725810 0.000229 
785.889773 0.000351 
784.053736 0.000240 
782.217699 0.000277 
780.381662 0.000253 
778.545625 0.000252 
776.709588 0.000234 
774.873551 0.000231 
773.037514 0.000225 
771.201477 0.000277 
769.365440 0.000260 
767.529403 0.000240 
765.693366 0.000176 
763.857329 0.000247 
762.021292 0.000263 
760.185255 0.000216 
758.349218 0.000304 
756.513181 0.000273 
754.677144 0.000247 
752.841107 0.000268 
751.005070 0.000217 
749.169033 0.000218 
747.332996 0.000213 
745.496959 0.000248 
743.660922 0.000295 
741.824885 0.000213 
739.988848 0.000188 
738.152811 0.000224 
736.316774 0.000224 
734.480737 0.000232 
732.644700 0.000175 
730.808663 -0.000006 
728.972626 0.000248 
727.136589 0.000210 
725.300552 0.000223 
723.464515 0.000229 
721.628478 0.000188 
719.792441 0.000216 
717.956404 0.000279 
716.120367 0.000670 
714.284330 0.000127 
712.448293 0.000402 
710.612256 0.000341 
708.776219 0.000185 
706.940182 0.000553 
705.104145 0.000898 
703.268108 0.002334 
701.432071 -0.003732 
699.596034 -0.000707 
697.759997 -0.000192 
695.923960 -0.000009 
694.087923 -0.000035 
692.251886 0.000161 
690.415849 0.000270 
688.579812 0.000552 
686.743775 0.000028 
684.907738 0.000125 
683.071701 0.000195 
681.235664 0.000198 
679.399627 0.000233 
677.563590 0.000172 
675.727553 0.000162 
673.891516 0.000215 
672.055478 0.000171 
670.219441 0.000169 
668.383404 0.000169 
666.547367 0.000078 
664.711330 0.000130 
662.875293 0.000123 
661.039256 0.000133 
659.203219 0.000223 
657.367182 0.000153 
655.531145 0.000197 
653.695108 0.000153 
651.859071 0.000155 
650.023034 0.000158 
648.186997 0.000100 
646.350960 0.000170 
644.514923 0.000145 
642.678886 0.000122 
640.842849 0.000142 
639.006812 0.000101 
637.170775 0.000101 
635.334738 0.000164 
633.498701 0.000142 
631.662664 0.000312 
629.826627 0.000177 
627.990590 0.000131 
626.154553 0.000246 
624.318516 0.000104 
622.482479 0.000147 
620.646442 0.000200 
618.810405 0.000080 
616.974368 0.000202 
615.138331 0.000189 
613.302294 0.000240 
611.466257 0.000228 
609.630220 0.000156 
607.794183 0.000257 
605.958146 0.000227 
604.122109 0.000321 
602.286072 0.000290 
600.450035 0.000360 
598.613998 0.000236 
596.777961 0.000299 
594.941924 0.000232 
593.105887 0.000278 
591.269850 0.000306 
589.433813 0.000529 
587.597776 0.000315 
585.761739 0.000284 
583.925702 0.000409 
582.089665 0.000345 
580.253628 0.000362 
578.417591 0.000377 
576.581554 0.000389 
574.745517 0.000358 
572.909480 0.000396 
571.073443 0.000341 
569.237406 0.000329 
567.401369 0.000425 
565.565332 0.000323 
563.729295 0.000293 
561.893258 0.000434 
560.057221 0.000462 
558.221184 0.000363 
556.385147 0.000266 
554.549110 0.000313 
552.713073 0.000430 
550.877036 0.000371 
549.040999 0.000383 
547.204962 0.000566 
545.368925 0.000330 
543.532888 0.000316 
541.696851 0.000474 
539.860814 0.000287 
538.024777 0.000283 
536.188740 0.000283 
534.352703 0.000360 
532.516666 0.000214 
530.680629 0.000237 
528.844592 0.000188 
527.008555 -0.000085 
525.172518 0.000312 
523.336480 0.000207 
521.500443 0.000145 
519.664406 0.000512 
517.828369 0.000137 
515.992332 0.000145 
514.156295 0.000220 
512.320258 0.000183 
510.484221 0.000109 
508.648184 0.000111 
506.812147 0.000063 
504.976110 0.000304 
503.140073 0.000073 
501.304036 0.000068 
499.467999 0.000205 
497.631962 -0.000033 
495.795925 -0.000002 
493.959888 -0.000277 
492.123851 -0.001490 
490.287814 0.000066 
488.451777 0.000185 
486.615740 -0.000058 
484.779703 0.000217 
482.943666 0.000138 
481.107629 -0.000248 
479.271592 -0.000132 
477.435555 -0.000183 
475.599518 -0.000233 
473.763481 -0.000026 
471.927444 -0.000419 
470.091407 0.000198 
468.255370 -0.000554 
466.419333 -0.000415 
464.583296 -0.000683 
462.747259 0.000225 
460.911222 -0.000057 
459.075185 -0.000261 
457.239148 0.000036 
455.403111 -0.000358 
453.567074 0.000036 
451.731037 -0.000242 
449.895000 0.000551 
