3999.700000 0.000435 
3998.383045 0.000000 
3997.066091 0.000319 
3995.749136 0.000435 
3994.432181 0.000435 
3993.115227 0.000435 
3991.798272 0.000435 
3990.481317 0.000435 
3989.164363 0.000435 
3987.847408 0.000435 
3986.530453 0.000435 
3985.213499 0.000435 
3983.896544 0.000435 
3982.579590 0.000435 
3981.262635 0.000435 
3979.945680 0.000435 
3978.628726 0.000435 
3977.311771 0.000435 
3975.994816 0.000435 
3974.677862 0.000435 
3973.360907 0.000435 
3972.043952 0.000435 
3970.726998 0.000435 
3969.410043 0.000435 
3968.093088 0.000435 
3966.776134 0.000435 
3965.459179 0.000222 
3964.142224 0.000373 
3962.825270 0.000435 
3961.508315 0.000435 
3960.191360 0.000435 
3958.874406 0.000142 
3957.557451 0.000435 
3956.240496 0.000435 
3954.923542 0.000435 
3953.606587 0.000435 
3952.289633 0.000435 
3950.972678 0.000435 
3949.655723 0.000435 
3948.338769 0.000321 
3947.021814 0.000252 
3945.704859 0.000002 
3944.387905 0.000435 
3943.070950 0.000435 
3941.753995 0.000413 
3940.437041 0.000201 
3939.120086 0.000435 
3937.803131 0.000349 
3936.486177 0.000224 
3935.169222 0.000033 
3933.852267 0.000108 
3932.535313 0.000435 
3931.218358 0.000008 
3929.901403 0.000000 
3928.584449 0.000000 
3927.267494 0.000000 
3925.950540 0.000000 
3924.633585 0.000000 
3923.316630 0.000000 
3921.999676 0.000000 
3920.682721 0.000000 
3919.365766 0.000000 
3918.048812 0.000000 
3916.731857 0.000000 
3915.414902 0.000000 
3914.097948 0.000000 
3912.780993 0.000000 
3911.464038 0.000000 
3910.147084 0.000000 
3908.830129 0.000000 
3907.513174 0.000000 
3906.196220 0.000000 
3904.879265 0.000295 
3903.562310 0.000000 
3902.245356 0.000000 
3900.928401 0.000000 
3899.611446 0.000000 
3898.294492 0.000000 
3896.977537 0.000000 
3895.660583 0.000000 
3894.343628 0.000000 
3893.026673 0.000000 
3891.709719 0.000000 
3890.392764 0.000000 
3889.075809 0.000000 
3887.758855 0.000000 
3886.441900 0.000000 
3885.124945 0.000000 
3883.807991 0.000084 
3882.491036 0.000435 
3881.174081 0.000036 
3879.857127 0.000000 
3878.540172 0.000000 
3877.223217 0.000000 
3875.906263 0.000000 
3874.589308 0.000000 
3873.272353 0.000435 
3871.955399 0.000242 
3870.638444 0.000331 
3869.321489 0.000435 
3868.004535 0.000435 
3866.687580 0.000435 
3865.370626 0.000435 
3864.053671 0.000435 
3862.736716 0.000435 
3861.419762 0.000435 
3860.102807 0.000435 
3858.785852 0.000435 
3857.468898 0.000435 
3856.151943 0.000435 
3854.834988 0.000435 
3853.518034 0.000435 
3852.201079 0.000435 
3850.884124 0.000435 
3849.567170 0.000435 
3848.250215 0.000435 
3846.933260 0.000435 
3845.616306 0.000435 
3844.299351 0.000391 
3842.982396 0.000202 
3841.665442 0.000435 
3840.348487 0.000326 
3839.031533 0.000247 
3837.714578 0.000435 
3836.397623 0.000132 
3835.080669 0.000435 
3833.763714 0.000016 
3832.446759 0.000435 
3831.129805 0.000100 
3829.812850 0.000393 
3828.495895 0.000219 
3827.178941 0.000078 
3825.861986 0.000104 
3824.545031 0.000167 
3823.228077 0.000000 
3821.911122 0.000435 
3820.594167 0.000128 
3819.277213 0.000011 
3817.960258 0.000435 
3816.643303 0.000435 
3815.326349 0.000359 
3814.009394 0.000000 
3812.692439 0.000000 
3811.375485 0.000000 
3810.058530 0.000262 
3808.741576 0.000018 
3807.424621 0.000272 
3806.107666 0.000000 
3804.790712 0.000435 
3803.473757 0.000435 
3802.156802 0.000435 
3800.839848 0.000000 
3799.522893 0.000231 
3798.205938 0.000435 
3796.888984 0.000000 
3795.572029 0.000000 
3794.255074 0.000435 
3792.938120 0.000435 
3791.621165 0.000435 
3790.304210 0.000000 
3788.987256 0.000199 
3787.670301 0.000074 
3786.353346 0.000071 
3785.036392 0.000435 
3783.719437 0.000435 
3782.402482 0.000435 
3781.085528 0.000435 
3779.768573 0.000435 
3778.451619 0.000435 
3777.134664 0.000435 
3775.817709 0.000435 
3774.500755 0.000435 
3773.183800 0.000435 
3771.866845 0.000435 
3770.549891 0.000435 
3769.232936 0.000435 
3767.915981 0.000435 
3766.599027 0.000145 
3765.282072 0.000435 
3763.965117 0.000435 
3762.648163 0.000435 
3761.331208 0.000435 
3760.014253 0.000435 
3758.697299 0.000435 
3757.380344 0.000339 
3756.063389 0.000259 
3754.746435 0.000435 
3753.429480 0.000435 
3752.112526 0.000136 
3750.795571 0.000435 
3749.478616 0.000252 
3748.161662 0.000357 
3746.844707 0.000435 
3745.527752 0.000435 
3744.210798 0.000435 
3742.893843 0.000435 
3741.576888 0.000435 
3740.259934 0.000435 
3738.942979 0.000435 
3737.626024 0.000435 
3736.309070 0.000435 
3734.992115 0.000435 
3733.675160 0.000435 
3732.358206 0.000435 
3731.041251 0.000435 
3729.724296 0.000435 
3728.407342 0.000435 
3727.090387 0.000435 
3725.773432 0.000435 
3724.456478 0.000435 
3723.139523 0.000435 
3721.822569 0.000435 
3720.505614 0.000435 
3719.188659 0.000435 
3717.871705 0.000435 
3716.554750 0.000435 
3715.237795 0.000435 
3713.920841 0.000121 
3712.603886 0.000435 
3711.286931 0.000006 
3709.969977 0.000435 
3708.653022 0.000435 
3707.336067 0.000435 
3706.019113 0.000435 
3704.702158 0.000435 
3703.385203 0.000435 
3702.068249 0.000435 
3700.751294 0.000435 
3699.434339 0.000435 
3698.117385 0.000138 
3696.800430 0.000000 
3695.483475 0.000000 
3694.166521 0.000000 
3692.849566 0.000000 
3691.532612 0.000000 
3690.215657 0.000000 
3688.898702 0.000000 
3687.581748 0.000000 
3686.264793 0.000000 
3684.947838 0.000000 
3683.630884 0.000000 
3682.313929 0.000000 
3680.996974 0.000000 
3679.680020 0.000000 
3678.363065 0.000435 
3677.046110 0.000435 
3675.729156 0.000435 
3674.412201 0.000125 
3673.095246 0.000435 
3671.778292 0.000435 
3670.461337 0.000435 
3669.144382 0.000435 
3667.827428 0.000435 
3666.510473 0.000435 
3665.193519 0.000084 
3663.876564 0.000435 
3662.559609 0.000435 
3661.242655 0.000435 
3659.925700 0.000435 
3658.608745 0.000720 
3657.291791 0.000865 
3655.974836 0.000435 
3654.657881 0.000757 
3653.340927 0.000869 
3652.023972 0.000869 
3650.707017 0.000869 
3649.390063 0.000869 
3648.073108 0.000869 
3646.756153 0.000869 
3645.439199 0.000869 
3644.122244 0.001165 
3642.805289 0.001305 
3641.488335 0.001305 
3640.171380 0.001305 
3638.854425 0.001305 
3637.537471 0.001305 
3636.220516 0.001683 
3634.903562 0.001741 
3633.586607 0.001741 
3632.269652 0.001741 
3630.952698 0.001892 
3629.635743 0.002177 
3628.318788 0.002177 
3627.001834 0.002177 
3625.684879 0.002524 
3624.367924 0.002614 
3623.050970 0.002614 
3621.734015 0.002992 
3620.417060 0.003051 
3619.100106 0.003051 
3617.783151 0.003051 
3616.466196 0.003197 
3615.149242 0.003488 
3613.832287 0.003488 
3612.515332 0.003675 
3611.198378 0.003926 
3609.881423 0.003926 
3608.564468 0.004161 
3607.247514 0.004365 
3605.930559 0.004365 
3604.613605 0.004651 
3603.296650 0.004804 
3601.979695 0.004960 
3600.662741 0.005243 
3599.345786 0.005243 
3598.028831 0.005450 
3596.711877 0.005683 
3595.394922 0.006123 
3594.077967 0.006123 
3592.761013 0.006123 
3591.444058 0.006564 
3590.127103 0.006845 
3588.810149 0.007005 
3587.493194 0.007184 
3586.176239 0.007446 
3584.859285 0.007508 
3583.542330 0.007889 
3582.225375 0.008269 
3580.908421 0.008416 
3579.591466 0.008774 
3578.274512 0.009184 
3576.957557 0.009337 
3575.640602 0.009661 
3574.323648 0.010105 
3573.006693 0.010280 
3571.689738 0.010901 
3570.372784 0.011052 
3569.055829 0.011441 
3567.738874 0.011825 
3566.421920 0.012334 
3565.104965 0.012600 
3563.788010 0.013189 
3562.471056 0.013676 
3561.154101 0.013998 
3559.837146 0.014602 
3558.520192 0.015213 
3557.203237 0.015832 
3555.886282 0.015980 
3554.569328 0.016613 
3553.252373 0.017208 
3551.935418 0.017849 
3550.618464 0.018444 
3549.301509 0.019087 
3547.984555 0.020141 
3546.667600 0.020772 
3545.350645 0.021388 
3544.033691 0.022246 
3542.716736 0.023093 
3541.399781 0.023834 
3540.082827 0.024806 
3538.765872 0.025882 
3537.448917 0.026642 
3536.131963 0.027626 
3534.815008 0.028710 
3533.498053 0.029809 
3532.181099 0.030788 
3530.864144 0.032111 
3529.547189 0.033345 
3528.230235 0.034662 
3526.913280 0.036005 
3525.596325 0.037688 
3524.279371 0.038979 
3522.962416 0.040383 
3521.645461 0.042062 
3520.328507 0.043791 
3519.011552 0.045355 
3517.694598 0.046923 
3516.377643 0.048841 
3515.060688 0.050837 
3513.743734 0.052425 
3512.426779 0.054323 
3511.109824 0.056392 
3509.792870 0.058351 
3508.475915 0.060467 
3507.158960 0.062444 
3505.842006 0.064581 
3504.525051 0.066577 
3503.208096 0.068698 
3501.891142 0.070767 
3500.574187 0.072927 
3499.257232 0.075397 
3497.940278 0.077161 
3496.623323 0.079215 
3495.306368 0.081955 
3493.989414 0.084037 
3492.672459 0.086235 
3491.355505 0.087849 
3490.038550 0.090020 
3488.721595 0.092232 
3487.404641 0.094415 
3486.087686 0.096117 
3484.770731 0.098414 
3483.453777 0.100449 
3482.136822 0.102306 
3480.819867 0.104003 
3479.502913 0.106234 
3478.185958 0.108144 
3476.869003 0.109637 
3475.552049 0.111762 
3474.235094 0.113244 
3472.918139 0.115411 
3471.601185 0.117285 
3470.284230 0.119090 
3468.967275 0.120628 
3467.650321 0.122226 
3466.333366 0.124302 
3465.016411 0.125963 
3463.699457 0.127495 
3462.382502 0.129217 
3461.065548 0.131279 
3459.748593 0.132928 
3458.431638 0.134415 
3457.114684 0.135938 
3455.797729 0.137753 
3454.480774 0.139445 
3453.163820 0.141026 
3451.846865 0.143335 
3450.529910 0.144930 
3449.212956 0.146622 
3447.896001 0.148257 
3446.579046 0.149928 
3445.262092 0.152128 
3443.945137 0.153876 
3442.628182 0.155613 
3441.311228 0.157375 
3439.994273 0.159216 
3438.677318 0.161393 
3437.360364 0.163093 
3436.043409 0.165065 
3434.726454 0.167202 
3433.409500 0.168964 
3432.092545 0.171350 
3430.775591 0.173050 
3429.458636 0.175538 
3428.141681 0.177742 
3426.824727 0.179767 
3425.507772 0.182203 
3424.190817 0.184036 
3422.873863 0.186458 
3421.556908 0.188647 
3420.239953 0.190791 
3418.922999 0.193382 
3417.606044 0.195509 
3416.289089 0.198393 
3414.972135 0.200442 
3413.655180 0.202040 
3412.338225 0.204709 
3411.021271 0.208406 
3409.704316 0.210696 
3408.387361 0.213409 
3407.070407 0.215590 
3405.753452 0.218000 
3404.436497 0.220640 
3403.119543 0.223011 
3401.802588 0.225990 
3400.485634 0.228764 
3399.168679 0.231285 
3397.851724 0.233695 
3396.534770 0.236371 
3395.217815 0.239032 
3393.900860 0.241314 
3392.583906 0.244069 
3391.266951 0.246801 
3389.949996 0.249107 
3388.633042 0.251916 
3387.316087 0.253964 
3385.999132 0.256963 
3384.682178 0.259143 
3383.365223 0.260456 
3382.048268 0.262463 
3380.731314 0.266247 
3379.414359 0.268565 
3378.097404 0.270840 
3376.780450 0.272979 
3375.463495 0.274047 
3374.146541 0.277454 
3372.829586 0.279787 
3371.512631 0.282862 
3370.195677 0.284586 
3368.878722 0.286549 
3367.561767 0.288934 
3366.244813 0.291164 
3364.927858 0.293576 
3363.610903 0.295832 
3362.293949 0.298252 
3360.976994 0.299683 
3359.660039 0.302075 
3358.343085 0.304443 
3357.026130 0.305930 
3355.709175 0.308373 
3354.392221 0.310883 
3353.075266 0.312850 
3351.758311 0.314840 
3350.441357 0.317240 
3349.124402 0.319237 
3347.807447 0.321287 
3346.490493 0.323519 
3345.173538 0.325372 
3343.856584 0.327798 
3342.539629 0.329496 
3341.222674 0.331946 
3339.905720 0.333659 
3338.588765 0.336219 
3337.271810 0.338025 
3335.954856 0.340237 
3334.637901 0.341571 
3333.320946 0.343671 
3332.003992 0.346108 
3330.687037 0.347973 
3329.370082 0.350694 
3328.053128 0.352318 
3326.736173 0.354320 
3325.419218 0.355738 
3324.102264 0.358028 
3322.785309 0.360146 
3321.468354 0.361742 
3320.151400 0.363610 
3318.834445 0.365484 
3317.517490 0.367829 
3316.200536 0.369233 
3314.883581 0.370607 
3313.566627 0.372370 
3312.249672 0.374431 
3310.932717 0.375891 
3309.615763 0.377252 
3308.298808 0.378710 
3306.981853 0.380092 
3305.664899 0.381528 
3304.347944 0.382950 
3303.030989 0.385103 
3301.714035 0.385827 
3300.397080 0.387219 
3299.080125 0.388723 
3297.763171 0.390125 
3296.446216 0.391639 
3295.129261 0.392545 
3293.812307 0.393498 
3292.495352 0.394940 
3291.178397 0.395774 
3289.861443 0.396790 
3288.544488 0.398326 
3287.227534 0.399027 
3285.910579 0.400117 
3284.593624 0.400561 
3283.276670 0.402090 
3281.959715 0.402305 
3280.642760 0.402917 
3279.325806 0.404365 
3278.008851 0.404504 
3276.691896 0.405175 
3275.374942 0.405635 
3274.057987 0.406714 
3272.741032 0.406714 
3271.424078 0.406798 
3270.107123 0.407823 
3268.790168 0.407823 
3267.473214 0.408935 
3266.156259 0.408935 
3264.839304 0.408935 
3263.522350 0.409740 
3262.205395 0.409672 
3260.888440 0.410050 
3259.571486 0.410050 
3258.254531 0.410050 
3256.937577 0.410050 
3255.620622 0.410050 
3254.303667 0.410050 
3252.986713 0.410050 
3251.669758 0.410050 
3250.352803 0.410050 
3249.035849 0.409723 
3247.718894 0.408935 
3246.401939 0.408935 
3245.084985 0.408935 
3243.768030 0.408935 
3242.451075 0.408769 
3241.134121 0.407823 
3239.817166 0.407823 
3238.500211 0.406714 
3237.183257 0.406714 
3235.866302 0.405680 
3234.549347 0.405220 
3233.232393 0.404504 
3231.915438 0.404411 
3230.598483 0.403403 
3229.281529 0.402526 
3227.964574 0.402157 
3226.647620 0.401209 
3225.330665 0.400260 
3224.013710 0.399891 
3222.696756 0.399027 
3221.379801 0.397918 
3220.062846 0.396856 
3218.745892 0.396070 
3217.428937 0.394695 
3216.111982 0.394231 
3214.795028 0.392754 
3213.478073 0.392400 
3212.161118 0.390898 
3210.844164 0.390406 
3209.527209 0.389050 
3208.210254 0.387582 
3206.893300 0.386151 
3205.576345 0.385103 
3204.259390 0.384323 
3202.942436 0.382933 
3201.625481 0.381952 
3200.308527 0.381125 
3198.991572 0.378824 
3197.674617 0.378279 
3196.357663 0.376817 
3195.040708 0.375421 
3193.723753 0.373993 
3192.406799 0.372641 
3191.089844 0.371192 
3189.772889 0.369850 
3188.455935 0.368410 
3187.138980 0.367077 
3185.822025 0.365660 
3184.505071 0.364320 
3183.188116 0.362374 
3181.871161 0.361511 
3180.554207 0.359248 
3179.237252 0.357869 
3177.920297 0.356468 
3176.603343 0.355171 
3175.286388 0.353799 
3173.969433 0.351513 
3172.652479 0.350181 
3171.335524 0.348853 
3170.018570 0.347365 
3168.701615 0.345248 
3167.384660 0.343983 
3166.067706 0.342310 
3164.750751 0.340349 
3163.433796 0.339072 
3162.116842 0.337383 
3160.799887 0.335546 
3159.482932 0.334175 
3158.165978 0.332049 
3156.849023 0.330031 
3155.532068 0.328579 
3154.215114 0.326823 
3152.898159 0.325136 
3151.581204 0.323015 
3150.264250 0.321107 
3148.947295 0.319611 
3147.630340 0.317911 
3146.313386 0.316245 
3144.996431 0.314076 
3143.679476 0.312435 
3142.362522 0.310753 
3141.045567 0.308470 
3139.728613 0.306594 
3138.411658 0.304538 
3137.094703 0.303052 
3135.777749 0.300644 
3134.460794 0.298312 
3133.143839 0.296784 
3131.826885 0.294378 
3130.509930 0.292958 
3129.192975 0.290624 
3127.876021 0.289101 
3126.559066 0.286900 
3125.242111 0.284569 
3123.925157 0.282371 
3122.608202 0.280021 
3121.291247 0.277846 
3119.974293 0.275518 
3118.657338 0.273687 
3117.340383 0.271177 
3116.023429 0.269551 
3114.706474 0.267129 
3113.389520 0.264616 
3112.072565 0.262287 
3110.755610 0.260200 
3109.438656 0.257917 
3108.121701 0.255116 
3106.804746 0.252942 
3105.487792 0.250748 
3104.170837 0.247908 
3102.853882 0.245888 
3101.536928 0.242964 
3100.219973 0.240530 
3098.903018 0.238077 
3097.586064 0.235355 
3096.269109 0.232768 
3094.952154 0.230517 
3093.635200 0.227818 
3092.318245 0.225232 
3091.001290 0.223061 
3089.684336 0.220011 
3088.367381 0.216972 
3087.050426 0.214850 
3085.733472 0.211912 
3084.416517 0.209047 
3083.099563 0.206908 
3081.782608 0.204016 
3080.465653 0.201270 
3079.148699 0.198355 
3077.831744 0.195653 
3076.514789 0.192766 
3075.197835 0.190362 
3073.880880 0.187304 
3072.563925 0.185229 
3071.246971 0.182463 
3069.930016 0.179858 
3068.613061 0.177074 
3067.296107 0.174502 
3065.979152 0.171752 
3064.662197 0.169211 
3063.345243 0.166525 
3062.028288 0.163947 
3060.711333 0.160930 
3059.394379 0.158759 
3058.077424 0.156165 
3056.760469 0.153714 
3055.443515 0.151091 
3054.126560 0.148441 
3052.809606 0.145977 
3051.492651 0.143682 
3050.175696 0.141215 
3048.858742 0.138751 
3047.541787 0.136364 
3046.224832 0.133876 
3044.907878 0.131371 
3043.590923 0.129640 
3042.273968 0.127211 
3040.957014 0.124864 
3039.640059 0.122514 
3038.323104 0.120587 
3037.006150 0.118437 
3035.689195 0.116327 
3034.372240 0.114366 
3033.055286 0.112108 
3031.738331 0.110211 
3030.421376 0.108487 
3029.104422 0.106247 
3027.787467 0.104343 
3026.470513 0.102887 
3025.153558 0.101090 
3023.836603 0.099345 
3022.519649 0.097257 
3021.202694 0.095828 
3019.885739 0.094307 
3018.568785 0.092850 
3017.251830 0.091704 
3015.934875 0.090481 
3014.617921 0.089172 
3013.300966 0.088470 
3011.984011 0.087185 
3010.667057 0.086716 
3009.350102 0.086274 
3008.033147 0.085657 
3006.716193 0.085657 
3005.399238 0.085657 
3004.082283 0.085785 
3002.765329 0.086522 
3001.448374 0.087274 
3000.131419 0.087974 
2998.814465 0.088715 
2997.497510 0.089431 
2996.180556 0.090158 
2994.863601 0.090891 
2993.546646 0.091515 
2992.229692 0.091821 
2990.912737 0.092051 
2989.595782 0.091888 
2988.278828 0.091515 
2986.961873 0.090938 
2985.644918 0.089699 
2984.327964 0.088553 
2983.011009 0.087142 
2981.694054 0.085918 
2980.377100 0.084787 
2979.060145 0.083420 
2977.743190 0.082727 
2976.426236 0.082494 
2975.109281 0.082122 
2973.792326 0.082494 
2972.475372 0.083034 
2971.158417 0.084011 
2969.841462 0.085001 
2968.524508 0.086279 
2967.207553 0.087239 
2965.890599 0.088256 
2964.573644 0.089497 
2963.256689 0.090232 
2961.939735 0.090444 
2960.622780 0.090979 
2959.305825 0.090979 
2957.988871 0.090385 
2956.671916 0.089681 
2955.354961 0.088934 
2954.038007 0.088138 
2952.721052 0.086682 
2951.404097 0.085712 
2950.087143 0.084475 
2948.770188 0.083410 
2947.453233 0.082522 
2946.136279 0.081779 
2944.819324 0.081089 
2943.502369 0.080922 
2942.185415 0.080681 
2940.868460 0.080834 
2939.551506 0.080399 
2938.234551 0.080399 
2936.917596 0.080399 
2935.600642 0.080243 
2934.283687 0.079555 
2932.966732 0.078817 
2931.649778 0.077950 
2930.332823 0.076890 
2929.015868 0.075576 
2927.698914 0.073656 
2926.381959 0.072304 
2925.065004 0.070852 
2923.748050 0.069508 
2922.431095 0.068069 
2921.114140 0.067236 
2919.797186 0.066174 
2918.480231 0.065492 
2917.163276 0.064808 
2915.846322 0.064493 
2914.529367 0.063903 
2913.212412 0.063241 
2911.895458 0.062535 
2910.578503 0.061981 
2909.261549 0.061681 
2907.944594 0.060526 
2906.627639 0.060179 
2905.310685 0.059141 
2903.993730 0.058482 
2902.676775 0.057286 
2901.359821 0.056634 
2900.042866 0.055933 
2898.725911 0.054998 
2897.408957 0.054531 
2896.092002 0.053435 
2894.775047 0.052750 
2893.458093 0.052566 
2892.141138 0.051412 
2890.824183 0.051098 
2889.507229 0.050565 
2888.190274 0.049922 
2886.873319 0.049635 
2885.556365 0.049071 
2884.239410 0.048390 
2882.922455 0.048177 
2881.605501 0.047692 
2880.288546 0.047692 
2878.971592 0.047208 
2877.654637 0.047208 
2876.337682 0.047208 
2875.020728 0.047208 
2873.703773 0.047208 
2872.386818 0.047208 
2871.069864 0.047208 
2869.752909 0.047208 
2868.435954 0.047208 
2867.119000 0.047692 
2865.802045 0.048014 
2864.485090 0.048184 
2863.168136 0.048662 
2861.851181 0.049027 
2860.534226 0.049185 
2859.217272 0.049870 
2857.900317 0.050122 
2856.583362 0.050610 
2855.266408 0.050899 
2853.949453 0.051563 
2852.632498 0.052076 
2851.315544 0.052411 
2849.998589 0.053059 
2848.681635 0.054245 
2847.364680 0.055256 
2846.047725 0.056656 
2844.730771 0.058195 
2843.413816 0.060292 
2842.096861 0.062936 
2840.779907 0.066059 
2839.462952 0.068923 
2838.145997 0.072331 
2836.829043 0.075389 
2835.512088 0.078972 
2834.195133 0.081247 
2832.878179 0.083760 
2831.561224 0.085201 
2830.244269 0.085389 
2828.927315 0.084667 
2827.610360 0.082688 
2826.293405 0.080177 
2824.976451 0.076707 
2823.659496 0.073813 
2822.342542 0.070622 
2821.025587 0.067413 
2819.708632 0.065129 
2818.391678 0.062366 
2817.074723 0.060273 
2815.757768 0.057909 
2814.440814 0.056150 
2813.123859 0.053632 
2811.806904 0.051921 
2810.489950 0.050107 
2809.172995 0.048310 
2807.856040 0.046612 
2806.539086 0.044728 
2805.222131 0.043144 
2803.905176 0.041632 
2802.588222 0.039804 
2801.271267 0.038302 
2799.954312 0.036741 
2798.637358 0.035022 
2797.320403 0.033723 
2796.003448 0.032455 
2794.686494 0.031131 
2793.369539 0.029904 
2792.052585 0.028519 
2790.735630 0.027119 
2789.418675 0.026071 
2788.101721 0.024846 
2786.784766 0.023584 
2785.467811 0.022765 
2784.150857 0.021693 
2782.833902 0.020756 
2781.516947 0.019922 
2780.199993 0.018906 
2778.883038 0.018273 
2777.566083 0.017216 
2776.249129 0.016599 
2774.932174 0.015983 
2773.615219 0.015381 
2772.298265 0.014753 
2770.981310 0.014162 
2769.664355 0.013526 
2768.347401 0.012904 
2767.030446 0.012303 
2765.713491 0.011695 
2764.396537 0.011441 
2763.079582 0.010935 
2761.762628 0.010550 
2760.445673 0.010170 
2759.128718 0.009661 
2757.811764 0.009400 
2756.494809 0.009215 
2755.177854 0.008631 
2753.860900 0.008331 
2752.543945 0.007889 
2751.226990 0.007889 
2749.910036 0.007539 
2748.593081 0.007355 
2747.276126 0.007005 
2745.959172 0.006593 
2744.642217 0.006564 
2743.325262 0.006282 
2742.008308 0.006123 
2740.691353 0.005683 
2739.374398 0.005683 
2738.057444 0.005620 
2736.740489 0.005243 
2735.423535 0.005243 
2734.106580 0.004804 
2732.789625 0.004804 
2731.472671 0.004397 
2730.155716 0.004365 
2728.838761 0.004365 
2727.521807 0.004365 
2726.204852 0.003926 
2724.887897 0.003926 
2723.570943 0.003869 
2722.253988 0.003488 
2720.937033 0.003488 
2719.620079 0.003401 
2718.303124 0.003051 
2716.986169 0.003051 
2715.669215 0.003051 
2714.352260 0.002768 
2713.035305 0.002614 
2711.718351 0.002614 
2710.401396 0.002614 
2709.084441 0.002177 
2707.767487 0.002177 
2706.450532 0.002177 
2705.133578 0.002177 
2703.816623 0.002177 
2702.499668 0.001741 
2701.182714 0.002039 
2699.865759 0.001741 
2698.548804 0.001741 
2697.231850 0.001741 
2695.914895 0.001399 
2694.597940 0.001305 
2693.280986 0.001305 
2691.964031 0.001305 
2690.647076 0.001305 
2689.330122 0.001305 
2688.013167 0.000875 
2686.696212 0.000869 
2685.379258 0.000869 
2684.062303 0.000869 
2682.745348 0.000869 
2681.428394 0.000869 
2680.111439 0.000787 
2678.794484 0.000679 
2677.477530 0.000469 
2676.160575 0.000435 
2674.843621 0.000435 
2673.526666 0.000435 
2672.209711 0.000435 
2670.892757 0.000435 
2669.575802 0.000435 
2668.258847 0.000435 
2666.941893 0.000435 
2665.624938 0.000085 
2664.307983 0.000435 
2662.991029 0.000435 
2661.674074 0.000293 
2660.357119 0.000000 
2659.040165 0.000000 
2657.723210 0.000000 
2656.406255 0.000000 
2655.089301 0.000000 
2653.772346 0.000000 
2652.455391 0.000000 
2651.138437 0.000357 
2649.821482 0.000000 
2648.504528 0.000000 
2647.187573 0.000435 
2645.870618 0.000435 
2644.553664 0.000435 
2643.236709 0.000435 
2641.919754 0.000435 
2640.602800 0.000435 
2639.285845 0.000435 
2637.968890 0.000796 
2636.651936 0.000869 
2635.334981 0.001143 
2634.018026 0.001305 
2632.701072 0.001305 
2631.384117 0.001305 
2630.067162 0.001741 
2628.750208 0.001741 
2627.433253 0.002075 
2626.116298 0.002177 
2624.799344 0.002396 
2623.482389 0.002614 
2622.165434 0.002717 
2620.848480 0.003051 
2619.531525 0.003051 
2618.214571 0.003219 
2616.897616 0.003488 
2615.580661 0.003488 
2614.263707 0.003679 
2612.946752 0.003926 
2611.629797 0.003926 
2610.312843 0.004164 
2608.995888 0.004365 
2607.678933 0.004365 
2606.361979 0.004365 
2605.045024 0.004365 
2603.728069 0.004528 
2602.411115 0.004804 
2601.094160 0.004804 
2599.777205 0.004804 
2598.460251 0.004804 
2597.143296 0.004804 
2595.826341 0.004804 
2594.509387 0.004804 
2593.192432 0.004804 
2591.875477 0.004804 
2590.558523 0.004786 
2589.241568 0.004365 
2587.924614 0.004365 
2586.607659 0.004365 
2585.290704 0.004365 
2583.973750 0.004365 
2582.656795 0.004258 
2581.339840 0.003926 
2580.022886 0.003926 
2578.705931 0.004055 
2577.388976 0.004365 
2576.072022 0.004365 
2574.755067 0.004365 
2573.438112 0.004365 
2572.121158 0.004365 
2570.804203 0.004365 
2569.487248 0.004761 
2568.170294 0.004804 
2566.853339 0.004804 
2565.536384 0.005227 
2564.219430 0.005243 
2562.902475 0.005243 
2561.585521 0.005243 
2560.268566 0.005433 
2558.951611 0.005683 
2557.634657 0.005683 
2556.317702 0.005683 
2555.000747 0.006079 
2553.683793 0.006123 
2552.366838 0.006123 
2551.049883 0.006542 
2549.732929 0.006564 
2548.415974 0.006866 
2547.099019 0.007005 
2545.782065 0.007210 
2544.465110 0.007446 
2543.148155 0.007446 
2541.831201 0.007446 
2540.514246 0.007446 
2539.197291 0.007889 
2537.880337 0.007614 
2536.563382 0.007873 
2535.246427 0.007446 
2533.929473 0.007446 
2532.612518 0.007446 
2531.295564 0.007446 
2529.978609 0.007084 
2528.661654 0.007005 
2527.344700 0.006760 
2526.027745 0.006564 
2524.710790 0.006436 
2523.393836 0.006123 
2522.076881 0.005683 
2520.759926 0.005517 
2519.442972 0.005243 
2518.126017 0.004804 
2516.809062 0.004588 
2515.492108 0.004365 
2514.175153 0.003926 
2512.858198 0.003926 
2511.541244 0.003506 
2510.224289 0.003354 
2508.907334 0.003051 
2507.590380 0.003046 
2506.273425 0.002614 
2504.956470 0.002289 
2503.639516 0.002177 
2502.322561 0.001946 
2501.005607 0.001741 
2499.688652 0.001639 
2498.371697 0.001305 
2497.054743 0.001305 
2495.737788 0.001305 
2494.420833 0.001009 
2493.103879 0.000869 
2491.786924 0.000869 
2490.469969 0.000869 
2489.153015 0.000435 
2487.836060 0.000435 
2486.519105 0.000435 
2485.202151 0.000435 
2483.885196 0.000435 
2482.568241 0.000421 
2481.251287 0.000152 
2479.934332 0.000113 
2478.617377 0.000000 
2477.300423 0.000000 
2475.983468 0.000000 
2474.666514 0.000000 
2473.349559 0.000000 
2472.032604 0.000000 
2470.715650 0.000000 
2469.398695 0.000000 
2468.081740 0.000000 
2466.764786 0.000000 
2465.447831 0.000000 
2464.130876 0.000033 
2462.813922 0.000435 
2461.496967 0.000435 
2460.180012 0.000435 
2458.863058 0.000435 
2457.546103 0.000435 
2456.229148 0.000435 
2454.912194 0.000435 
2453.595239 0.000435 
2452.278284 0.000435 
2450.961330 0.000435 
2449.644375 0.000503 
2448.327420 0.000869 
2447.010466 0.000869 
2445.693511 0.000525 
2444.376557 0.000869 
2443.059602 0.000869 
2441.742647 0.000869 
2440.425693 0.000869 
2439.108738 0.000869 
2437.791783 0.000869 
2436.474829 0.000869 
2435.157874 0.000435 
2433.840919 0.000435 
2432.523965 0.000435 
2431.207010 0.000435 
2429.890055 0.000435 
2428.573101 0.000435 
2427.256146 0.000435 
2425.939191 0.000435 
2424.622237 0.000435 
2423.305282 0.000435 
2421.988327 0.000435 
2420.671373 0.000435 
2419.354418 0.000435 
2418.037463 0.000435 
2416.720509 0.000435 
2415.403554 0.000147 
2414.086600 0.000429 
2412.769645 0.000160 
2411.452690 0.000110 
2410.135736 0.000000 
2408.818781 0.000000 
2407.501826 0.000347 
2406.184872 0.000000 
2404.867917 0.000000 
2403.550962 0.000000 
2402.234008 0.000000 
2400.917053 0.000000 
2399.600098 0.000000 
2398.283144 0.000181 
2396.966189 0.000116 
2395.649234 0.000000 
2394.332280 0.000000 
2393.015325 0.000379 
2391.698370 0.000435 
2390.381416 0.000435 
2389.064461 0.000435 
2387.747507 0.000435 
2386.430552 0.000435 
2385.113597 0.000435 
2383.796643 0.000435 
2382.479688 0.000435 
2381.162733 0.000435 
2379.845779 0.000435 
2378.528824 0.000813 
2377.211869 0.000869 
2375.894915 0.000869 
2374.577960 0.000869 
2373.261005 0.000869 
2371.944051 0.001155 
2370.627096 0.001305 
2369.310141 0.001305 
2367.993187 0.001305 
2366.676232 0.001741 
2365.359277 0.001741 
2364.042323 0.001741 
2362.725368 0.001861 
2361.408413 0.001919 
2360.091459 0.001745 
2358.774504 0.002177 
2357.457550 0.001866 
2356.140595 0.002148 
2354.823640 0.001741 
2353.506686 0.001741 
2352.189731 0.001741 
2350.872776 0.001741 
2349.555822 0.001332 
2348.238867 0.001741 
2346.921912 0.001741 
2345.604958 0.001741 
2344.288003 0.002177 
2342.971048 0.002177 
2341.654094 0.002550 
2340.337139 0.002582 
2339.020184 0.002294 
2337.703230 0.002614 
2336.386275 0.002614 
2335.069320 0.002614 
2333.752366 0.002417 
2332.435411 0.002470 
2331.118456 0.003035 
2329.801502 0.002525 
2328.484547 0.002426 
2327.167593 0.002993 
2325.850638 0.002832 
2324.533683 0.002672 
2323.216729 0.002962 
2321.899774 0.002876 
2320.582819 0.002650 
2319.265865 0.003051 
2317.948910 0.003051 
2316.631955 0.003051 
2315.315001 0.003051 
2313.998046 0.003051 
2312.681091 0.003051 
2311.364137 0.003051 
2310.047182 0.003051 
2308.730227 0.003169 
2307.413273 0.003488 
2306.096318 0.003488 
2304.779363 0.003488 
2303.462409 0.003488 
2302.145454 0.003488 
2300.828499 0.003488 
2299.511545 0.003488 
2298.194590 0.003488 
2296.877636 0.003717 
2295.560681 0.003926 
2294.243726 0.003926 
2292.926772 0.003926 
2291.609817 0.003926 
2290.292862 0.003926 
2288.975908 0.004244 
2287.658953 0.004365 
2286.341998 0.004365 
2285.025044 0.004365 
2283.708089 0.004365 
2282.391134 0.004365 
2281.074180 0.004365 
2279.757225 0.004483 
2278.440270 0.004804 
2277.123316 0.004804 
2275.806361 0.004804 
2274.489406 0.005116 
2273.172452 0.005243 
2271.855497 0.005243 
2270.538543 0.005243 
2269.221588 0.005243 
2267.904633 0.005505 
2266.587679 0.005683 
2265.270724 0.005683 
2263.953769 0.005683 
2262.636815 0.006123 
2261.319860 0.006123 
2260.002905 0.006123 
2258.685951 0.006173 
2257.368996 0.006564 
2256.052041 0.006564 
2254.735087 0.006564 
2253.418132 0.006564 
2252.101177 0.007004 
2250.784223 0.007005 
2249.467268 0.007005 
2248.150313 0.007005 
2246.833359 0.007005 
2245.516404 0.007351 
2244.199449 0.007446 
2242.882495 0.007446 
2241.565540 0.007446 
2240.248586 0.007446 
2238.931631 0.007446 
2237.614676 0.007446 
2236.297722 0.007446 
2234.980767 0.007446 
2233.663812 0.007446 
2232.346858 0.007446 
2231.029903 0.007446 
2229.712948 0.007005 
2228.395994 0.007005 
2227.079039 0.007005 
2225.762084 0.007005 
2224.445130 0.007005 
2223.128175 0.007005 
2221.811220 0.006834 
2220.494266 0.006564 
2219.177311 0.006564 
2217.860356 0.006564 
2216.543402 0.006564 
2215.226447 0.006564 
2213.909492 0.006564 
2212.592538 0.006564 
2211.275583 0.006454 
2209.958629 0.006406 
2208.641674 0.006538 
2207.324719 0.006288 
2206.007765 0.006225 
2204.690810 0.006123 
2203.373855 0.006123 
2202.056901 0.006123 
2200.739946 0.006123 
2199.422991 0.006123 
2198.106037 0.006123 
2196.789082 0.006123 
2195.472127 0.006123 
2194.155173 0.006123 
2192.838218 0.005946 
2191.521263 0.005683 
2190.204309 0.005683 
2188.887354 0.005683 
2187.570399 0.005683 
2186.253445 0.005683 
2184.936490 0.005683 
2183.619536 0.005683 
2182.302581 0.005683 
2180.985626 0.005383 
2179.668672 0.005243 
2178.351717 0.005243 
2177.034762 0.005243 
2175.717808 0.005163 
2174.400853 0.004804 
2173.083898 0.004804 
2171.766944 0.004804 
2170.449989 0.004804 
2169.133034 0.004804 
2167.816080 0.004365 
2166.499125 0.004365 
2165.182170 0.004313 
2163.865216 0.003926 
2162.548261 0.003926 
2161.231306 0.003926 
2159.914352 0.003926 
2158.597397 0.003531 
2157.280442 0.003488 
2155.963488 0.003488 
2154.646533 0.003488 
2153.329579 0.003488 
2152.012624 0.003154 
2150.695669 0.003051 
2149.378715 0.003051 
2148.061760 0.003051 
2146.744805 0.003051 
2145.427851 0.003051 
2144.110896 0.003051 
2142.793941 0.003051 
2141.476987 0.003051 
2140.160032 0.003506 
2138.843077 0.004083 
2137.526123 0.005022 
2136.209168 0.005683 
2134.892213 0.005683 
2133.575259 0.005683 
2132.258304 0.004592 
2130.941349 0.003681 
2129.624395 0.002638 
2128.307440 0.002177 
2126.990485 0.001882 
2125.673531 0.001741 
2124.356576 0.001741 
2123.039622 0.001741 
2121.722667 0.001664 
2120.405712 0.001305 
2119.088758 0.001305 
2117.771803 0.001305 
2116.454848 0.001305 
2115.137894 0.001305 
2113.820939 0.001305 
2112.503984 0.001002 
2111.187030 0.000869 
2109.870075 0.000869 
2108.553120 0.000869 
2107.236166 0.000869 
2105.919211 0.000869 
2104.602256 0.000869 
2103.285302 0.000869 
2101.968347 0.000869 
2100.651392 0.000869 
2099.334438 0.000710 
2098.017483 0.000435 
2096.700529 0.000435 
2095.383574 0.000435 
2094.066619 0.000435 
2092.749665 0.000435 
2091.432710 0.000435 
2090.115755 0.000435 
2088.798801 0.000435 
2087.481846 0.000435 
2086.164891 0.000435 
2084.847937 0.000435 
2083.530982 0.000112 
2082.214027 0.000435 
2080.897073 0.000435 
2079.580118 0.000078 
2078.263163 0.000066 
2076.946209 0.000194 
2075.629254 0.000000 
2074.312299 0.000000 
2072.995345 0.000292 
2071.678390 0.000435 
2070.361435 0.000435 
2069.044481 0.000435 
2067.727526 0.000435 
2066.410572 0.000435 
2065.093617 0.000435 
2063.776662 0.000435 
2062.459708 0.000435 
2061.142753 0.000435 
2059.825798 0.000567 
2058.508844 0.000869 
2057.191889 0.000869 
2055.874934 0.000869 
2054.557980 0.001193 
2053.241025 0.001305 
2051.924070 0.001305 
2050.607116 0.001689 
2049.290161 0.001741 
2047.973206 0.001741 
2046.656252 0.001741 
2045.339297 0.001741 
2044.022342 0.001741 
2042.705388 0.002177 
2041.388433 0.001998 
2040.071478 0.002094 
2038.754524 0.002177 
2037.437569 0.001953 
2036.120615 0.001741 
2034.803660 0.001741 
2033.486705 0.001741 
2032.169751 0.001728 
2030.852796 0.001305 
2029.535841 0.001305 
2028.218887 0.001305 
2026.901932 0.001112 
2025.584977 0.000869 
2024.268023 0.000869 
2022.951068 0.000869 
2021.634113 0.000869 
2020.317159 0.000435 
2019.000204 0.000435 
2017.683249 0.000862 
2016.366295 0.000435 
2015.049340 0.000435 
2013.732385 0.000435 
2012.415431 0.000435 
2011.098476 0.000435 
2009.781522 0.000869 
2008.464567 0.000637 
2007.147612 0.000846 
2005.830658 0.000869 
2004.513703 0.000869 
2003.196748 0.000869 
2001.879794 0.000869 
2000.562839 0.000549 
1999.245884 0.000435 
1997.928930 0.000435 
1996.611975 0.000435 
1995.295020 0.000435 
1993.978066 0.000435 
1992.661111 0.000435 
1991.344156 0.000435 
1990.027202 0.000435 
1988.710247 0.000435 
1987.393292 0.000435 
1986.076338 0.000435 
1984.759383 0.000435 
1983.442428 0.000214 
1982.125474 0.000380 
1980.808519 0.000435 
1979.491565 0.000170 
1978.174610 0.000000 
1976.857655 0.000435 
1975.540701 0.000116 
1974.223746 0.000000 
1972.906791 0.000000 
1971.589837 0.000352 
1970.272882 0.000061 
1968.955927 0.000435 
1967.638973 0.000435 
1966.322018 0.000435 
1965.005063 0.000435 
1963.688109 0.000435 
1962.371154 0.000435 
1961.054199 0.000435 
1959.737245 0.000808 
1958.420290 0.000209 
1957.103335 0.000435 
1955.786381 0.000435 
1954.469426 0.000435 
1953.152471 0.000435 
1951.835517 0.000435 
1950.518562 0.000435 
1949.201608 0.000435 
1947.884653 0.000283 
1946.567698 0.000319 
1945.250744 0.000370 
1943.933789 0.000000 
1942.616834 0.000379 
1941.299880 0.000348 
1939.982925 0.000000 
1938.665970 0.000000 
1937.349016 0.000314 
1936.032061 0.000000 
1934.715106 0.000000 
1933.398152 0.000000 
1932.081197 0.000000 
1930.764242 0.000000 
1929.447288 0.000000 
1928.130333 0.000000 
1926.813378 0.000000 
1925.496424 0.000000 
1924.179469 0.000000 
1922.862515 0.000000 
1921.545560 0.000000 
1920.228605 0.000000 
1918.911651 0.000000 
1917.594696 0.000000 
1916.277741 0.000000 
1914.960787 0.000000 
1913.643832 0.000000 
1912.326877 0.000000 
1911.009923 0.000000 
1909.692968 0.000000 
1908.376013 0.000000 
1907.059059 0.000000 
1905.742104 0.000000 
1904.425149 0.000000 
1903.108195 0.000000 
1901.791240 0.000000 
1900.474285 0.000000 
1899.157331 0.000000 
1897.840376 0.000000 
1896.523421 0.000279 
1895.206467 0.000003 
1893.889512 0.000150 
1892.572558 0.000435 
1891.255603 0.000021 
1889.938648 0.000234 
1888.621694 0.000000 
1887.304739 0.000435 
1885.987784 0.000435 
1884.670830 0.000435 
1883.353875 0.000435 
1882.036920 0.000435 
1880.719966 0.000435 
1879.403011 0.000435 
1878.086056 0.000435 
1876.769102 0.000435 
1875.452147 0.000435 
1874.135192 0.000435 
1872.818238 0.000000 
1871.501283 0.000000 
1870.184328 0.000000 
1868.867374 0.000145 
1867.550419 0.000435 
1866.233464 0.000000 
1864.916510 0.000000 
1863.599555 0.000000 
1862.282601 0.000435 
1860.965646 0.000225 
1859.648691 0.000000 
1858.331737 0.000000 
1857.014782 0.000000 
1855.697827 0.000000 
1854.380873 0.000000 
1853.063918 0.000307 
1851.746963 0.000023 
1850.430009 0.000435 
1849.113054 0.000093 
1847.796099 0.000385 
1846.479145 0.000227 
1845.162190 0.000435 
1843.845235 0.000324 
1842.528281 0.000276 
1841.211326 0.000435 
1839.894371 0.000435 
1838.577417 0.000435 
1837.260462 0.000435 
1835.943508 0.000236 
1834.626553 0.000336 
1833.309598 0.000352 
1831.992644 0.000000 
1830.675689 0.000398 
1829.358734 0.000000 
1828.041780 0.000000 
1826.724825 0.000000 
1825.407870 0.000000 
1824.090916 0.000000 
1822.773961 0.000000 
1821.457006 0.000000 
1820.140052 0.000000 
1818.823097 0.000000 
1817.506142 0.000000 
1816.189188 0.000000 
1814.872233 0.000325 
1813.555278 0.000000 
1812.238324 0.000027 
1810.921369 0.000270 
1809.604414 0.000336 
1808.287460 0.000435 
1806.970505 0.000435 
1805.653551 0.000435 
1804.336596 0.000435 
1803.019641 0.000435 
1801.702687 0.000435 
1800.385732 0.000435 
1799.068777 0.000435 
1797.751823 0.000435 
1796.434868 0.000435 
1795.117913 0.000435 
1793.800959 0.000435 
1792.484004 0.000435 
1791.167049 0.000435 
1789.850095 0.000435 
1788.533140 0.000435 
1787.216185 0.000435 
1785.899231 0.000435 
1784.582276 0.000435 
1783.265321 0.000452 
1781.948367 0.000869 
1780.631412 0.000869 
1779.314457 0.000869 
1777.997503 0.000869 
1776.680548 0.000869 
1775.363594 0.000869 
1774.046639 0.000869 
1772.729684 0.000869 
1771.412730 0.001166 
1770.095775 0.000869 
1768.778820 0.001252 
1767.461866 0.001060 
1766.144911 0.001305 
1764.827956 0.001305 
1763.511002 0.001305 
1762.194047 0.001305 
1760.877092 0.001413 
1759.560138 0.001741 
1758.243183 0.001741 
1756.926228 0.001741 
1755.609274 0.002042 
1754.292319 0.002177 
1752.975364 0.002177 
1751.658410 0.002177 
1750.341455 0.002254 
1749.024501 0.002614 
1747.707546 0.002614 
1746.390591 0.002749 
1745.073637 0.003051 
1743.756682 0.003051 
1742.439727 0.003208 
1741.122773 0.003488 
1739.805818 0.003488 
1738.488863 0.003712 
1737.171909 0.003926 
1735.854954 0.004034 
1734.537999 0.004365 
1733.221045 0.004365 
1731.904090 0.004495 
1730.587135 0.004804 
1729.270181 0.005243 
1727.953226 0.005243 
1726.636271 0.005243 
1725.319317 0.005683 
1724.002362 0.005683 
1722.685407 0.006081 
1721.368453 0.006123 
1720.051498 0.006392 
1718.734544 0.006564 
1717.417589 0.007005 
1716.100634 0.007005 
1714.783680 0.007013 
1713.466725 0.007446 
1712.149770 0.007446 
1710.832816 0.007889 
1709.515861 0.007889 
1708.198906 0.008287 
1706.881952 0.008331 
1705.564997 0.008612 
1704.248042 0.008774 
1702.931088 0.009217 
1701.614133 0.009217 
1700.297178 0.009661 
1698.980224 0.009661 
1697.663269 0.010024 
1696.346314 0.010181 
1695.029360 0.010550 
1693.712405 0.010945 
1692.395450 0.011131 
1691.078496 0.011441 
1689.761541 0.011887 
1688.444587 0.011887 
1687.127632 0.012221 
1685.810677 0.012374 
1684.493723 0.012781 
1683.176768 0.012781 
1681.859813 0.012781 
1680.542859 0.012781 
1679.225904 0.012781 
1677.908949 0.012781 
1676.591995 0.012781 
1675.275040 0.012781 
1673.958085 0.012781 
1672.641131 0.012781 
1671.324176 0.012334 
1670.007221 0.012334 
1668.690267 0.011972 
1667.373312 0.011887 
1666.056357 0.011618 
1664.739403 0.011441 
1663.422448 0.010995 
1662.105493 0.010686 
1660.788539 0.010544 
1659.471584 0.010105 
1658.154630 0.010105 
1656.837675 0.009589 
1655.520720 0.009217 
1654.203766 0.009217 
1652.886811 0.008774 
1651.569856 0.008495 
1650.252902 0.008331 
1648.935947 0.007889 
1647.618992 0.007587 
1646.302038 0.007446 
1644.985083 0.007263 
1643.668128 0.007005 
1642.351174 0.006939 
1641.034219 0.006564 
1639.717264 0.006175 
1638.400310 0.006123 
1637.083355 0.006123 
1635.766400 0.006108 
1634.449446 0.005683 
1633.132491 0.005357 
1631.815537 0.005243 
1630.498582 0.005243 
1629.181627 0.005243 
1627.864673 0.005177 
1626.547718 0.004804 
1625.230763 0.004804 
1623.913809 0.004804 
1622.596854 0.004510 
1621.279899 0.004365 
1619.962945 0.004365 
1618.645990 0.004365 
1617.329035 0.004365 
1616.012081 0.004365 
1614.695126 0.004365 
1613.378171 0.004365 
1612.061217 0.004365 
1610.744262 0.003948 
1609.427307 0.003926 
1608.110353 0.003926 
1606.793398 0.003926 
1605.476443 0.003926 
1604.159489 0.003926 
1602.842534 0.003926 
1601.525580 0.003926 
1600.208625 0.003541 
1598.891670 0.003835 
1597.574716 0.003488 
1596.257761 0.003488 
1594.940806 0.003488 
1593.623852 0.003488 
1592.306897 0.003488 
1590.989942 0.003488 
1589.672988 0.003488 
1588.356033 0.003488 
1587.039078 0.003264 
1585.722124 0.003051 
1584.405169 0.003051 
1583.088214 0.003051 
1581.771260 0.003051 
1580.454305 0.003051 
1579.137350 0.003051 
1577.820396 0.003051 
1576.503441 0.003051 
1575.186486 0.002695 
1573.869532 0.002677 
1572.552577 0.002812 
1571.235623 0.002614 
1569.918668 0.002614 
1568.601713 0.002614 
1567.284759 0.002614 
1565.967804 0.002614 
1564.650849 0.002614 
1563.333895 0.002177 
1562.016940 0.002177 
1560.699985 0.002177 
1559.383031 0.002177 
1558.066076 0.002177 
1556.749121 0.002177 
1555.432167 0.002177 
1554.115212 0.001894 
1552.798257 0.001741 
1551.481303 0.001741 
1550.164348 0.001741 
1548.847393 0.001741 
1547.530439 0.001741 
1546.213484 0.001360 
1544.896530 0.001305 
1543.579575 0.001305 
1542.262620 0.001305 
1540.945666 0.001305 
1539.628711 0.001305 
1538.311756 0.001305 
1536.994802 0.000869 
1535.677847 0.000869 
1534.360892 0.000869 
1533.043938 0.000869 
1531.726983 0.000869 
1530.410028 0.000435 
1529.093074 0.000435 
1527.776119 0.000435 
1526.459164 0.000435 
1525.142210 0.000435 
1523.825255 0.000435 
1522.508300 0.000435 
1521.191346 0.000435 
1519.874391 0.000000 
1518.557436 0.000000 
1517.240482 0.000374 
1515.923527 0.000000 
1514.606573 0.000000 
1513.289618 0.000435 
1511.972663 0.000435 
1510.655709 0.000435 
1509.338754 0.000869 
1508.021799 0.001052 
1506.704845 0.001305 
1505.387890 0.001741 
1504.070935 0.001972 
1502.753981 0.002588 
1501.437026 0.002729 
1500.120071 0.003333 
1498.803117 0.003925 
1497.486162 0.004671 
1496.169207 0.005565 
1494.852253 0.006146 
1493.535298 0.006974 
1492.218343 0.008138 
1490.901389 0.009393 
1489.584434 0.010615 
1488.267479 0.012244 
1486.950525 0.013601 
1485.633570 0.015473 
1484.316616 0.016810 
1482.999661 0.018726 
1481.682706 0.020195 
1480.365752 0.021942 
1479.048797 0.022941 
1477.731842 0.023583 
1476.414888 0.024015 
1475.097933 0.023374 
1473.780978 0.022771 
1472.464024 0.021666 
1471.147069 0.020768 
1469.830114 0.020484 
1468.513160 0.021083 
1467.196205 0.021720 
1465.879250 0.022845 
1464.562296 0.023873 
1463.245341 0.024501 
1461.928386 0.025028 
1460.611432 0.025028 
1459.294477 0.024565 
1457.977523 0.024109 
1456.660568 0.024109 
1455.343613 0.024135 
1454.026659 0.024950 
1452.709704 0.026217 
1451.392749 0.027500 
1450.075795 0.028967 
1448.758840 0.029579 
1447.441885 0.029998 
1446.124931 0.029059 
1444.807976 0.027345 
1443.491021 0.025475 
1442.174067 0.023569 
1440.857112 0.022232 
1439.540157 0.021363 
1438.223203 0.021363 
1436.906248 0.022365 
1435.589293 0.022968 
1434.272339 0.023613 
1432.955384 0.024693 
1431.638429 0.025332 
1430.321475 0.025939 
1429.004520 0.026410 
1427.687566 0.026739 
1426.370611 0.026872 
1425.053656 0.026872 
1423.736702 0.026480 
1422.419747 0.026327 
1421.102792 0.025694 
1419.785838 0.025067 
1418.468883 0.024332 
1417.151928 0.023353 
1415.834974 0.022246 
1414.518019 0.021471 
1413.201064 0.020200 
1411.884110 0.019035 
1410.567155 0.017981 
1409.250200 0.016893 
1407.933246 0.015756 
1406.616291 0.014499 
1405.299336 0.013317 
1403.982382 0.012497 
1402.665427 0.011321 
1401.348472 0.010082 
1400.031518 0.009298 
1398.714563 0.008426 
1397.397609 0.007396 
1396.080654 0.006776 
1394.763699 0.006195 
1393.446745 0.005572 
1392.129790 0.004993 
1390.812835 0.004371 
1389.495881 0.003926 
1388.178926 0.003624 
1386.861971 0.003051 
1385.545017 0.002852 
1384.228062 0.002277 
1382.911107 0.002177 
1381.594153 0.001956 
1380.277198 0.001741 
1378.960243 0.001741 
1377.643289 0.001471 
1376.326334 0.001305 
1375.009379 0.001305 
1373.692425 0.000996 
1372.375470 0.000869 
1371.058516 0.000869 
1369.741561 0.000869 
1368.424606 0.000869 
1367.107652 0.000869 
1365.790697 0.000474 
1364.473742 0.000760 
1363.156788 0.000435 
1361.839833 0.000435 
1360.522878 0.000435 
1359.205924 0.000435 
1357.888969 0.000435 
1356.572014 0.000435 
1355.255060 0.000435 
1353.938105 0.000435 
1352.621150 0.000435 
1351.304196 0.000435 
1349.987241 0.000435 
1348.670286 0.000435 
1347.353332 0.000415 
1346.036377 0.000000 
1344.719422 0.000000 
1343.402468 0.000000 
1342.085513 0.000000 
1340.768559 0.000362 
1339.451604 0.000108 
1338.134649 0.000189 
1336.817695 0.000426 
1335.500740 0.000435 
1334.183785 0.000435 
1332.866831 0.000435 
1331.549876 0.000435 
1330.232921 0.000435 
1328.915967 0.000435 
1327.599012 0.000435 
1326.282057 0.000435 
1324.965103 0.000435 
1323.648148 0.000168 
1322.331193 0.000421 
1321.014239 0.000435 
1319.697284 0.000129 
1318.380329 0.000010 
1317.063375 0.000245 
1315.746420 0.000000 
1314.429465 0.000361 
1313.112511 0.000000 
1311.795556 0.000000 
1310.478602 0.000000 
1309.161647 0.000278 
1307.844692 0.000435 
1306.527738 0.000000 
1305.210783 0.000000 
1303.893828 0.000046 
1302.576874 0.000251 
1301.259919 0.000358 
1299.942964 0.000076 
1298.626010 0.000435 
1297.309055 0.000435 
1295.992100 0.000435 
1294.675146 0.000435 
1293.358191 0.000435 
1292.041236 0.000435 
1290.724282 0.000435 
1289.407327 0.000435 
1288.090372 0.000435 
1286.773418 0.000435 
1285.456463 0.000435 
1284.139509 0.000435 
1282.822554 0.000435 
1281.505599 0.000435 
1280.188645 0.000435 
1278.871690 0.000435 
1277.554735 0.000435 
1276.237781 0.000435 
1274.920826 0.000435 
1273.603871 0.000219 
1272.286917 0.000000 
1270.969962 0.000335 
1269.653007 0.000264 
1268.336053 0.000016 
1267.019098 0.000299 
1265.702143 0.000304 
1264.385189 0.000435 
1263.068234 0.000435 
1261.751279 0.000435 
1260.434325 0.000435 
1259.117370 0.000435 
1257.800415 0.000435 
1256.483461 0.000435 
1255.166506 0.000435 
1253.849552 0.000435 
1252.532597 0.000435 
1251.215642 0.000435 
1249.898688 0.000435 
1248.581733 0.000435 
1247.264778 0.000435 
1245.947824 0.000435 
1244.630869 0.000435 
1243.313914 0.000435 
1241.996960 0.000435 
1240.680005 0.000435 
1239.363050 0.000435 
1238.046096 0.000435 
1236.729141 0.000435 
1235.412186 0.000435 
1234.095232 0.000435 
1232.778277 0.000435 
1231.461322 0.000435 
1230.144368 0.000435 
1228.827413 0.000435 
1227.510458 0.000435 
1226.193504 0.000435 
1224.876549 0.000435 
1223.559595 0.000435 
1222.242640 0.000435 
1220.925685 0.000435 
1219.608731 0.000435 
1218.291776 0.000435 
1216.974821 0.000435 
1215.657867 0.000435 
1214.340912 0.000435 
1213.023957 0.000435 
1211.707003 0.000435 
1210.390048 0.000435 
1209.073093 0.000435 
1207.756139 0.000435 
1206.439184 0.000435 
1205.122229 0.000435 
1203.805275 0.000435 
1202.488320 0.000435 
1201.171365 0.000435 
1199.854411 0.000435 
1198.537456 0.000435 
1197.220502 0.000435 
1195.903547 0.000435 
1194.586592 0.000435 
1193.269638 0.000435 
1191.952683 0.000435 
1190.635728 0.000435 
1189.318774 0.000435 
1188.001819 0.000435 
1186.684864 0.000435 
1185.367910 0.000435 
1184.050955 0.000435 
1182.734000 0.000435 
1181.417046 0.000435 
1180.100091 0.000242 
1178.783136 0.000355 
1177.466182 0.000435 
1176.149227 0.000435 
1174.832272 0.000435 
1173.515318 0.000745 
1172.198363 0.000696 
1170.881408 0.000869 
1169.564454 0.000869 
1168.247499 0.000869 
1166.930545 0.001305 
1165.613590 0.001305 
1164.296635 0.001305 
1162.979681 0.001741 
1161.662726 0.001741 
1160.345771 0.001741 
1159.028817 0.001859 
1157.711862 0.001892 
1156.394907 0.001741 
1155.077953 0.001741 
1153.760998 0.001741 
1152.444043 0.001741 
1151.127089 0.001741 
1149.810134 0.001741 
1148.493179 0.002177 
1147.176225 0.002431 
1145.859270 0.003025 
1144.542315 0.003613 
1143.225361 0.004518 
1141.908406 0.005676 
1140.591451 0.006664 
1139.274497 0.008088 
1137.957542 0.009851 
1136.640588 0.011679 
1135.323633 0.013510 
1134.006678 0.015313 
1132.689724 0.017201 
1131.372769 0.018989 
1130.055814 0.020766 
1128.738860 0.022269 
1127.421905 0.023722 
1126.104950 0.024750 
1124.787996 0.025392 
1123.471041 0.025488 
1122.154086 0.025488 
1120.837132 0.024694 
1119.520177 0.023394 
1118.203222 0.021916 
1116.886268 0.019978 
1115.569313 0.018036 
1114.252358 0.015528 
1112.935404 0.013113 
1111.618449 0.010875 
1110.301494 0.008688 
1108.984540 0.006892 
1107.667585 0.005421 
1106.350631 0.003975 
1105.033676 0.003372 
1103.716721 0.002485 
1102.399767 0.001741 
1101.082812 0.001587 
1099.765857 0.001305 
1098.448903 0.000869 
1097.131948 0.000869 
1095.814993 0.000869 
1094.498039 0.000435 
1093.181084 0.000435 
1091.864129 0.000435 
1090.547175 0.000435 
1089.230220 0.000435 
1087.913265 0.000435 
1086.596311 0.000435 
1085.279356 0.000122 
1083.962401 0.000000 
1082.645447 0.000198 
1081.328492 0.000435 
1080.011538 0.000097 
1078.694583 0.000483 
1077.377628 0.000524 
1076.060674 0.000567 
1074.743719 0.000607 
1073.426764 0.000682 
1072.109810 0.001125 
1070.792855 0.001168 
1069.475900 0.001209 
1068.158946 0.001463 
1066.841991 0.001728 
1065.525036 0.001852 
1064.208082 0.002243 
1062.891127 0.002290 
1061.574172 0.002905 
1060.257218 0.003243 
1058.940263 0.003748 
1057.623308 0.004386 
1056.306354 0.005032 
1054.989399 0.005711 
1053.672444 0.006993 
1052.355490 0.008572 
1051.038535 0.010501 
1049.721581 0.013253 
1048.404626 0.017393 
1047.087671 0.023910 
1045.770717 0.033003 
1044.453762 0.044151 
1043.136807 0.058719 
1041.819853 0.073535 
1040.502898 0.089400 
1039.185943 0.104191 
1037.868989 0.119538 
1036.552034 0.132620 
1035.235079 0.145122 
1033.918125 0.156204 
1032.601170 0.166236 
1031.284215 0.173444 
1029.967261 0.179154 
1028.650306 0.181221 
1027.333351 0.179966 
1026.016397 0.175510 
1024.699442 0.167076 
1023.382487 0.155115 
1022.065533 0.141187 
1020.748578 0.126074 
1019.431624 0.112060 
1018.114669 0.102719 
1016.797714 0.096848 
1015.480760 0.095035 
1014.163805 0.094873 
1012.846850 0.095203 
1011.529896 0.094509 
1010.212941 0.092110 
1008.895986 0.087676 
1007.579032 0.080608 
1006.262077 0.071309 
1004.945122 0.061224 
1003.628168 0.050089 
1002.311213 0.039907 
1000.994258 0.030668 
999.677304 0.023001 
998.360349 0.017715 
997.043394 0.013143 
995.726440 0.010407 
994.409485 0.008451 
993.092531 0.007275 
991.775576 0.006420 
990.458621 0.005883 
989.141667 0.005738 
987.824712 0.005527 
986.507757 0.005129 
985.190803 0.005171 
983.873848 0.005214 
982.556893 0.004927 
981.239939 0.005297 
979.922984 0.005340 
978.606029 0.005381 
977.289075 0.005740 
975.972120 0.005901 
974.655165 0.006141 
973.338211 0.006426 
972.021256 0.006908 
970.704301 0.006951 
969.387347 0.007395 
968.070392 0.007920 
966.753437 0.008246 
965.436483 0.008889 
964.119528 0.009097 
962.802574 0.009745 
961.485619 0.009947 
960.168664 0.010596 
958.851710 0.010875 
957.534755 0.011452 
956.217800 0.012103 
954.900846 0.012755 
953.583891 0.012962 
952.266936 0.013616 
950.949982 0.014269 
949.633027 0.014929 
948.316072 0.015585 
946.999118 0.016244 
945.682163 0.016898 
944.365208 0.017172 
943.048254 0.017767 
941.731299 0.018427 
940.414344 0.019093 
939.097390 0.019898 
937.780435 0.020874 
936.463480 0.021541 
935.146526 0.022207 
933.829571 0.022875 
932.512617 0.023545 
931.195662 0.024442 
929.878707 0.025344 
928.561753 0.026015 
927.244798 0.026690 
925.927843 0.027367 
924.610889 0.028504 
923.293934 0.029185 
921.976979 0.029893 
920.660025 0.031010 
919.343070 0.031692 
918.026115 0.032373 
916.709161 0.033303 
915.392206 0.034209 
914.075251 0.035021 
912.758297 0.036057 
911.441342 0.036745 
910.124387 0.037606 
908.807433 0.038603 
907.490478 0.039295 
906.173524 0.039991 
904.856569 0.041077 
903.539614 0.041866 
902.222660 0.042562 
900.905705 0.043696 
899.588750 0.044442 
898.271796 0.045456 
896.954841 0.046330 
895.637886 0.047038 
894.320932 0.048104 
893.003977 0.048943 
891.687022 0.049652 
890.370068 0.050363 
889.053113 0.051077 
887.736158 0.052066 
886.419204 0.052990 
885.102249 0.053711 
883.785294 0.054429 
882.468340 0.055166 
881.151385 0.056168 
879.834430 0.056966 
878.517476 0.057811 
877.200521 0.058535 
875.883567 0.059265 
874.566612 0.059991 
873.249657 0.060720 
871.932703 0.061446 
870.615748 0.062176 
869.298793 0.062908 
867.981839 0.063644 
866.664884 0.064380 
865.347929 0.065117 
864.030975 0.065852 
862.714020 0.066333 
861.397065 0.066827 
860.080111 0.067565 
858.763156 0.068307 
857.446201 0.069046 
856.129247 0.069792 
854.812292 0.070177 
853.495337 0.070771 
852.178383 0.071297 
850.861428 0.071756 
849.544473 0.072420 
848.227519 0.072743 
846.910564 0.073493 
845.593610 0.074110 
844.276655 0.074483 
842.959700 0.074719 
841.642746 0.075469 
840.325791 0.075850 
839.008836 0.076417 
837.691882 0.076703 
836.374927 0.077035 
835.057972 0.077603 
833.741018 0.077653 
832.424063 0.078177 
831.107108 0.078420 
829.790154 0.078842 
828.473199 0.078901 
827.156244 0.079458 
825.839290 0.079507 
824.522335 0.080079 
823.205380 0.080377 
821.888426 0.080701 
820.571471 0.080752 
819.254517 0.081102 
817.937562 0.081375 
816.620607 0.081425 
815.303653 0.081825 
813.986698 0.082049 
812.669743 0.082095 
811.352789 0.082145 
810.035834 0.082195 
808.718879 0.082506 
807.401925 0.082820 
806.084970 0.082870 
804.768015 0.082921 
803.451061 0.082971 
802.134106 0.083021 
800.817151 0.083072 
799.500197 0.082596 
798.183242 0.082865 
796.866287 0.083217 
795.549333 0.082741 
794.232378 0.082792 
792.915423 0.082842 
791.598469 0.082892 
790.281514 0.082943 
788.964560 0.082480 
787.647605 0.082518 
786.330650 0.082197 
785.013696 0.082093 
783.696741 0.082141 
782.379786 0.082188 
781.062832 0.082148 
779.745877 0.081764 
778.428922 0.081814 
777.111968 0.081724 
775.795013 0.081390 
774.478058 0.080917 
773.161104 0.080776 
771.844149 0.080494 
770.527194 0.080494 
769.210240 0.080069 
767.893285 0.079687 
766.576330 0.079644 
765.259376 0.079405 
763.942421 0.078741 
762.625466 0.078751 
761.308512 0.078462 
759.991557 0.077810 
758.674603 0.077860 
757.357648 0.077522 
756.040693 0.077380 
754.723739 0.076721 
753.406784 0.076497 
752.089829 0.075921 
750.772875 0.075561 
749.455920 0.075124 
748.138965 0.074986 
746.822011 0.074328 
745.505056 0.073695 
744.188101 0.073536 
742.871147 0.073279 
741.554192 0.072746 
740.237237 0.072095 
738.920283 0.071439 
737.603328 0.071299 
736.286373 0.070956 
734.969419 0.070513 
733.652464 0.069864 
732.335510 0.069217 
731.018555 0.068600 
729.701600 0.068433 
728.384646 0.067789 
727.067691 0.067222 
725.750736 0.067007 
724.433782 0.066365 
723.116827 0.065717 
721.799872 0.065387 
720.482918 0.064942 
719.165963 0.064300 
717.849008 0.063661 
716.532054 0.063062 
715.215099 0.062888 
713.898144 0.062252 
712.581190 0.061701 
711.264235 0.061481 
709.947280 0.060847 
708.630326 0.060205 
707.313371 0.059573 
705.996416 0.058941 
704.679462 0.058807 
703.362507 0.058177 
702.045553 0.057545 
700.728598 0.057145 
699.411643 0.056781 
698.094689 0.056154 
696.777734 0.055527 
695.460779 0.054900 
694.143825 0.054413 
692.826870 0.054139 
691.509915 0.053513 
690.192961 0.052889 
688.876006 0.052636 
687.559051 0.052136 
686.242097 0.051515 
684.925142 0.050894 
683.608187 0.050378 
682.291233 0.050141 
680.974278 0.049524 
679.657323 0.049369 
678.340369 0.048719 
677.023414 0.048144 
675.706459 0.047720 
674.389505 0.047273 
673.072550 0.046754 
671.755596 0.046283 
670.438641 0.045882 
669.121686 0.045509 
667.804732 0.045394 
666.487777 0.044645 
665.170822 0.044109 
663.853868 0.043600 
662.536913 0.043296 
661.219958 0.042743 
659.903004 0.042278 
658.586049 0.041994 
657.269094 0.041673 
655.952140 0.041309 
654.635185 0.040878 
653.318230 0.040525 
652.001276 0.040033 
650.684321 0.039754 
649.367366 0.039249 
648.050412 0.039039 
646.733457 0.038668 
645.416503 0.038514 
644.099548 0.038165 
642.782593 0.037775 
641.465639 0.037428 
640.148684 0.037021 
638.831729 0.036753 
637.514775 0.036613 
636.197820 0.036232 
634.880865 0.035986 
633.563911 0.035573 
632.246956 0.035456 
630.930001 0.035141 
629.613047 0.034778 
628.296092 0.034601 
626.979137 0.034452 
625.662183 0.034081 
624.345228 0.033830 
623.028273 0.033645 
621.711319 0.033305 
620.394364 0.033008 
619.077409 0.032851 
617.760455 0.032658 
616.443500 0.032295 
615.126546 0.032360 
613.809591 0.032109 
612.492636 0.031825 
611.175682 0.031498 
609.858727 0.031428 
608.541772 0.031357 
607.224818 0.031051 
605.907863 0.031006 
604.590908 0.030691 
603.273954 0.030510 
601.956999 0.030328 
600.640044 0.030060 
599.323090 0.030142 
598.006135 0.029855 
596.689180 0.029519 
595.372226 0.029423 
594.055271 0.029130 
592.738316 0.029112 
591.421362 0.028832 
590.104407 0.028685 
588.787452 0.028590 
587.470498 0.028528 
586.153543 0.028211 
584.836589 0.028143 
583.519634 0.027856 
582.202679 0.027690 
580.885725 0.027633 
579.568770 0.027384 
578.251815 0.027061 
576.934861 0.027206 
575.617906 0.027002 
574.300951 0.026903 
572.983997 0.026632 
571.667042 0.026300 
570.350087 0.026256 
569.033133 0.026018 
567.716178 0.026023 
566.399223 0.025779 
565.082269 0.025835 
563.765314 0.025449 
562.448359 0.025464 
561.131405 0.025306 
559.814450 0.025017 
558.497495 0.024837 
557.180541 0.024695 
555.863586 0.024464 
554.546632 0.024676 
553.229677 0.024169 
551.912722 0.024103 
550.595768 0.024054 
549.278813 0.023861 
547.961858 0.023505 
546.644904 0.023569 
545.327949 0.023347 
544.010994 0.022835 
542.694040 0.022904 
541.377085 0.022680 
540.060130 0.022840 
538.743176 0.022233 
537.426221 0.022232 
536.109266 0.021966 
534.792312 0.021643 
533.475357 0.021380 
532.158402 0.021346 
530.841448 0.021278 
529.524493 0.021039 
528.207539 0.020878 
526.890584 0.020648 
525.573629 0.020344 
524.256675 0.020214 
522.939720 0.019963 
521.622765 0.019702 
520.305811 0.019446 
518.988856 0.019250 
517.671901 0.018979 
516.354947 0.018683 
515.037992 0.018405 
513.721037 0.018148 
512.404083 0.017866 
511.087128 0.017565 
509.770173 0.017297 
508.453219 0.016964 
507.136264 0.016636 
505.819309 0.016302 
504.502355 0.015905 
503.185400 0.015693 
501.868445 0.015402 
500.551491 0.015053 
499.234536 0.014795 
497.917582 0.014575 
496.600627 0.014205 
495.283672 0.013877 
493.966718 0.013549 
492.649763 0.013306 
491.332808 0.013078 
490.015854 0.012783 
488.698899 0.012597 
487.381944 0.012369 
486.064990 0.012018 
484.748035 0.011861 
483.431080 0.011745 
482.114126 0.011478 
480.797171 0.011215 
479.480216 0.011013 
478.163262 0.010868 
476.846307 0.010682 
475.529352 0.010486 
474.212398 0.010404 
472.895443 0.010228 
471.578488 0.010033 
470.261534 0.010012 
468.944579 0.009841 
467.627625 0.009578 
466.310670 0.009552 
464.993715 0.009459 
463.676761 0.009315 
462.359806 0.009178 
461.042851 0.009004 
459.725897 0.008800 
458.408942 0.008635 
457.091987 0.008491 
455.775033 0.008503 
454.458078 0.008296 
453.141123 0.008106 
451.824169 0.008000 
450.507214 0.007840 
449.190259 0.007713 
447.873305 0.007631 
446.556350 0.007461 
445.239395 0.007352 
443.922441 0.007238 
442.605486 0.007012 
441.288532 0.006882 
439.971577 0.006797 
438.654622 0.006652 
437.337668 0.006560 
436.020713 0.006369 
434.703758 0.006242 
433.386804 0.006115 
432.069849 0.005847 
430.752894 0.005808 
429.435940 0.005701 
428.118985 0.005329 
426.802030 0.005269 
425.485076 0.005384 
424.168121 0.005173 
422.851166 0.005064 
421.534212 0.004972 
420.217257 0.004850 
418.900302 0.004724 
417.583348 0.004534 
416.266393 0.004487 
414.949438 0.004330 
413.632484 0.003932 
412.315529 0.003843 
410.998575 0.003751 
409.681620 0.003642 
408.364665 0.003573 
407.047711 0.003449 
405.730756 0.003393 
404.413801 0.003267 
403.096847 0.003212 
401.779892 0.003086 
400.462937 0.003016 
399.145983 0.002906 
397.829028 0.002817 
396.512073 0.002918 
395.195119 0.002780 
393.878164 0.002762 
392.561209 0.002637 
391.244255 0.002487 
389.927300 0.002415 
388.610345 0.002268 
387.293391 0.002181 
385.976436 0.002166 
384.659481 0.001993 
383.342527 0.001812 
382.025572 0.001748 
380.708618 0.001688 
379.391663 0.001577 
378.074708 0.001396 
376.757754 0.001371 
375.440799 0.001395 
374.123844 0.001110 
372.806890 0.001012 
371.489935 0.001010 
370.172980 0.000759 
368.856026 0.000686 
367.539071 0.000734 
366.222116 0.000577 
364.905162 0.000457 
363.588207 0.000309 
362.271252 0.000326 
360.954298 0.000253 
359.637343 0.000036 
358.320388 0.000129 
357.003434 0.000147 
355.686479 -0.000091 
354.369525 -0.000077 
353.052570 0.000073 
351.735615 -0.000103 
350.418661 -0.000102 
349.101706 -0.000039 
347.784751 0.000053 
346.467797 0.000182 
345.150842 0.000196 
343.833887 0.000386 
342.516933 0.000581 
341.199978 0.000518 
339.883023 0.000819 
338.566069 0.001085 
337.249114 0.001040 
335.932159 0.001298 
334.615205 0.001576 
333.298250 0.001659 
331.981295 0.001959 
330.664341 0.002168 
329.347386 0.002310 
328.030431 0.002606 
326.713477 0.002778 
325.396522 0.003026 
324.079568 0.003199 
322.762613 0.003393 
321.445658 0.003648 
320.128704 0.003774 
318.811749 0.004020 
317.494794 0.004308 
316.177840 0.004286 
314.860885 0.004423 
313.543930 0.004734 
312.226976 0.004795 
310.910021 0.004883 
309.593066 0.005108 
308.276112 0.005278 
306.959157 0.005377 
305.642202 0.005330 
304.325248 0.005573 
303.008293 0.005671 
301.691338 0.005726 
300.374384 0.006088 
299.057429 0.006441 
297.740474 0.006256 
296.423520 0.006427 
295.106565 0.006730 
293.789611 0.006705 
292.472656 0.006875 
291.155701 0.007305 
289.838747 0.007238 
288.521792 0.007279 
287.204837 0.007285 
285.887883 0.007516 
284.570928 0.007718 
283.253973 0.007528 
281.937019 0.007694 
280.620064 0.008068 
279.303109 0.007987 
277.986155 0.008183 
276.669200 0.008412 
275.352245 0.008352 
274.035291 0.008803 
272.718336 0.009001 
271.401381 0.009173 
270.084427 0.009426 
268.767472 0.009406 
267.450518 0.009515 
266.133563 0.009494 
264.816608 0.009578 
263.499654 0.009826 
262.182699 0.009938 
260.865744 0.010099 
259.548790 0.010599 
258.231835 0.010740 
256.914880 0.011090 
255.597926 0.011513 
254.280971 0.011709 
252.964016 0.011809 
251.647062 0.012196 
250.330107 0.012581 
249.013152 0.012299 
247.696198 0.012800 
246.379243 0.013459 
245.062288 0.013743 
243.745334 0.013861 
242.428379 0.014155 
241.111424 0.014560 
239.794470 0.014660 
238.477515 0.014924 
237.160561 0.015150 
235.843606 0.015364 
234.526651 0.015750 
233.209697 0.016048 
231.892742 0.016554 
230.575787 0.016952 
229.258833 0.016836 
227.941878 0.017263 
226.624923 0.017774 
225.307969 0.017909 
223.991014 0.018501 
222.674059 0.018753 
221.357105 0.019067 
220.040150 0.019759 
218.723195 0.020092 
217.406241 0.020439 
216.089286 0.020862 
214.772331 0.021092 
213.455377 0.021568 
212.138422 0.021991 
210.821467 0.022214 
209.504513 0.022668 
208.187558 0.022745 
206.870604 0.022760 
205.553649 0.023054 
204.236694 0.022851 
202.919740 0.022701 
201.602785 0.022789 
200.285830 0.022588 
198.968876 0.022183 
197.651921 0.021953 
196.334966 0.022006 
195.018012 0.021861 
193.701057 0.021150 
192.384102 0.021137 
191.067148 0.021111 
189.750193 0.020406 
188.433238 0.020320 
187.116284 0.020363 
185.799329 0.019486 
184.482374 0.019284 
183.165420 0.019141 
181.848465 0.018954 
180.531511 0.018992 
179.214556 0.018392 
177.897601 0.018022 
176.580647 0.017876 
175.263692 0.016977 
173.946737 0.016925 
172.629783 0.017195 
171.312828 0.016192 
169.995873 0.015868 
168.678919 0.015981 
167.361964 0.015552 
166.045009 0.015403 
164.728055 0.015074 
163.411100 0.014737 
162.094145 0.014652 
160.777191 0.014040 
159.460236 0.013780 
158.143281 0.013313 
156.826327 0.012803 
155.509372 0.012884 
154.192417 0.012491 
152.875463 0.012189 
151.558508 0.012323 
150.241554 0.011901 
148.924599 0.011383 
147.607644 0.011249 
146.290690 0.010597 
144.973735 0.010159 
143.656780 0.010130 
142.339826 0.009861 
141.022871 0.009621 
139.705916 0.009075 
138.388962 0.008533 
137.072007 0.008772 
135.755052 0.008463 
134.438098 0.008188 
133.121143 0.008588 
131.804188 0.007801 
130.487234 0.007151 
129.170279 0.007345 
127.853324 0.007137 
126.536370 0.006484 
125.219415 0.006486 
123.902460 0.006560 
122.585506 0.006269 
121.268551 0.005634 
119.951597 0.005737 
118.634642 0.006107 
117.317687 0.005206 
116.000733 0.005110 
114.683778 0.004931 
113.366823 0.004196 
112.049869 0.003701 
110.732914 0.002503 
109.415959 0.002947 
108.099005 0.003325 
106.782050 0.002895 
105.465095 0.003214 
104.148141 0.003541 
102.831186 0.002630 
101.514231 0.002440 
100.197277 0.002350 
98.880322 0.002044 
97.563367 0.001925 
96.246413 0.001845 
94.929458 0.001722 
93.612504 0.001610 
92.295549 0.001527 
90.978594 0.001447 
89.661640 0.001294 
88.344685 0.001213 
87.027730 0.001132 
85.710776 0.001049 
84.393821 0.000970 
83.076866 0.000886 
81.759912 0.000824 
80.442957 0.000797 
79.126002 0.000715 
77.809048 0.000633 
76.492093 0.000601 
75.175138 0.000545 
73.858184 0.000461 
72.541229 0.000436 
71.224274 0.000380 
69.907320 0.000359 
68.590365 0.000281 
67.273410 0.000272 
65.956456 0.000234 
64.639501 0.000597 
63.322547 -0.000246 
62.005592 -0.000075 
60.688637 0.000331 
59.371683 0.000006 
58.054728 -0.000211 
56.737773 -0.000181 
55.420819 -0.000474 
54.103864 -0.000106 
52.786909 -0.000244 
51.469955 -0.001203 
50.153000 -0.001258 
