3999.206000 0.000602 
3998.039236 0.000600 
3996.872472 0.000598 
3995.705708 0.000596 
3994.538945 0.000594 
3993.372181 0.000614 
3992.205417 0.000916 
3991.038653 0.000791 
3989.871889 0.000726 
3988.705125 0.000587 
3987.538361 0.000978 
3986.371598 0.000718 
3985.204834 0.000793 
3984.038070 0.000893 
3982.871306 0.001010 
3981.704542 0.000577 
3980.537778 0.000576 
3979.371014 0.000574 
3978.204251 0.000912 
3977.037487 0.000578 
3975.870723 0.000570 
3974.703959 0.000568 
3973.537195 0.000566 
3972.370431 0.000565 
3971.203667 0.000564 
3970.036904 0.000563 
3968.870140 0.000561 
3967.703376 0.000559 
3966.536612 0.000557 
3965.369848 0.000521 
3964.203084 0.000248 
3963.036321 0.000553 
3961.869557 0.000552 
3960.702793 0.000551 
3959.536029 0.000550 
3958.369265 0.000549 
3957.202501 0.000547 
3956.035737 0.000545 
3954.868974 0.000544 
3953.702210 0.000544 
3952.535446 0.000542 
3951.368682 0.000540 
3950.201918 0.000539 
3949.035154 0.000538 
3947.868390 0.000538 
3946.701627 0.000536 
3945.534863 0.000534 
3944.368099 0.000533 
3943.201335 0.000532 
3942.034571 0.000532 
3940.867807 0.000531 
3939.701043 0.000529 
3938.534280 0.000527 
3937.367516 0.000526 
3936.200752 0.000526 
3935.033988 0.000524 
3933.867224 0.000523 
3932.700460 0.000522 
3931.533696 0.000521 
3930.366933 0.000521 
3929.200169 0.000519 
3928.033405 0.000518 
3926.866641 0.000517 
3925.699877 0.000517 
3924.533113 0.000516 
3923.366349 0.000239 
3922.199586 0.000445 
3921.032822 0.000512 
3919.866058 0.000398 
3918.699294 0.000281 
3917.532530 0.000213 
3916.365766 0.000461 
3915.199002 0.000507 
3914.032239 0.000372 
3912.865475 0.000071 
3911.698711 0.000388 
3910.531947 0.000504 
3909.365183 0.000134 
3908.198419 0.000503 
3907.031655 0.000502 
3905.864892 0.000501 
3904.698128 0.000500 
3903.531364 0.000499 
3902.364600 0.000321 
3901.197836 0.000332 
3900.031072 0.000137 
3898.864309 0.000496 
3897.697545 0.000388 
3896.530781 0.000259 
3895.364017 0.000205 
3894.197253 0.000059 
3893.030489 0.000492 
3891.863725 0.000364 
3890.696962 0.000277 
3889.530198 0.000180 
3888.363434 0.000458 
3887.196670 0.000114 
3886.029906 0.000489 
3884.863142 0.000489 
3883.696378 0.000156 
3882.529615 0.000476 
3881.362851 0.000486 
3880.196087 0.000315 
3879.029323 0.000313 
3877.862559 0.000485 
3876.695795 0.000060 
3875.529031 0.000484 
3874.362268 0.000483 
3873.195504 0.000483 
3872.028740 0.000482 
3870.861976 0.000482 
3869.695212 0.000481 
3868.528448 0.000481 
3867.361684 0.000481 
3866.194921 0.000480 
3865.028157 0.000480 
3863.861393 0.000479 
3862.694629 0.000479 
3861.527865 0.000479 
3860.361101 0.000478 
3859.194337 0.000478 
3858.027574 0.000477 
3856.860810 0.000477 
3855.694046 0.000477 
3854.527282 0.000477 
3853.360518 0.000476 
3852.193754 0.000476 
3851.026990 0.000476 
3849.860227 0.000476 
3848.693463 0.000475 
3847.526699 0.000475 
3846.359935 0.000474 
3845.193171 0.000475 
3844.026407 0.000474 
3842.859643 0.000474 
3841.692880 0.000474 
3840.526116 0.000245 
3839.359352 0.000358 
3838.192588 0.000473 
3837.025824 0.000473 
3835.859060 0.000315 
3834.692296 0.000287 
3833.525533 0.000133 
3832.358769 0.000470 
3831.192005 0.000038 
3830.025241 0.000217 
3828.858477 0.000473 
3827.691713 0.000111 
3826.524950 0.000056 
3825.358186 0.000363 
3824.191422 0.000038 
3823.024658 0.000038 
3821.857894 0.000420 
3820.691130 0.000472 
3819.524366 0.000472 
3818.357603 0.000472 
3817.190839 0.000473 
3816.024075 0.000473 
3814.857311 0.000038 
3813.690547 0.000189 
3812.523783 0.000472 
3811.357019 0.000139 
3810.190256 0.000038 
3809.023492 0.000473 
3807.856728 0.000473 
3806.689964 0.000473 
3805.523200 0.000474 
3804.356436 0.000473 
3803.189672 0.000474 
3802.022909 0.000474 
3800.856145 0.000474 
3799.689381 0.000098 
3798.522617 0.000040 
3797.355853 0.000164 
3796.189089 0.000474 
3795.022325 0.000476 
3793.855562 0.000476 
3792.688798 0.000095 
3791.522034 0.000476 
3790.355270 0.000240 
3789.188506 0.000369 
3788.021742 0.000477 
3786.854978 0.000477 
3785.688215 0.000477 
3784.521451 0.000477 
3783.354687 0.000479 
3782.187923 0.000479 
3781.021159 0.000479 
3779.854395 0.000479 
3778.687631 0.000479 
3777.520868 0.000481 
3776.354104 0.000480 
3775.187340 0.000481 
3774.020576 0.000481 
3772.853812 0.000482 
3771.687048 0.000483 
3770.520284 0.000483 
3769.353521 0.000483 
3768.186757 0.000484 
3767.019993 0.000484 
3765.853229 0.000485 
3764.686465 0.000486 
3763.519701 0.000486 
3762.352938 0.000486 
3761.186174 0.000487 
3760.019410 0.000488 
3758.852646 0.000488 
3757.685882 0.000488 
3756.519118 0.000489 
3755.352354 0.000489 
3754.185591 0.000511 
3753.018827 0.000815 
3751.852063 0.000492 
3750.685299 0.000785 
3749.518535 0.000542 
3748.351771 0.000494 
3747.185007 0.000494 
3746.018244 0.000718 
3744.851480 0.000616 
3743.684716 0.000496 
3742.517952 0.000497 
3741.351188 0.000498 
3740.184424 0.000499 
3739.017660 0.000499 
3737.850897 0.000501 
3736.684133 0.000584 
3735.517369 0.000937 
3734.350605 0.000672 
3733.183841 0.000860 
3732.017077 0.000518 
3730.850313 0.000836 
3729.683550 0.000506 
3728.516786 0.000793 
3727.350022 0.000942 
3726.183258 0.000944 
3725.016494 0.000945 
3723.849730 0.000945 
3722.682966 0.000946 
3721.516203 0.000947 
3720.349439 0.001325 
3719.182675 0.001094 
3718.015911 0.001385 
3716.849147 0.001390 
3715.682383 0.001390 
3714.515619 0.001820 
3713.348856 0.001820 
3712.182092 0.001826 
3711.015328 0.001830 
3709.848564 0.001830 
3708.681800 0.001830 
3707.515036 0.001830 
3706.348272 0.001830 
3705.181509 0.001830 
3704.014745 0.001830 
3702.847981 0.001830 
3701.681217 0.001835 
3700.514453 0.001840 
3699.347689 0.001840 
3698.180926 0.001840 
3697.014162 0.001840 
3695.847398 0.001840 
3694.680634 0.001840 
3693.513870 0.001840 
3692.347106 0.001842 
3691.180342 0.001850 
3690.013579 0.002100 
3688.846815 0.001940 
3687.680051 0.001850 
3686.513287 0.001942 
3685.346523 0.002290 
3684.179759 0.002013 
3683.012995 0.001850 
3681.846232 0.002290 
3680.679468 0.002290 
3679.512704 0.002290 
3678.345940 0.002297 
3677.179176 0.002300 
3676.012412 0.002300 
3674.845648 0.002300 
3673.678885 0.002300 
3672.512121 0.002620 
3671.345357 0.002740 
3670.178593 0.002804 
3669.011829 0.003180 
3667.845065 0.003180 
3666.678301 0.003180 
3665.511538 0.003180 
3664.344774 0.003274 
3663.178010 0.003624 
3662.011246 0.003630 
3660.844482 0.003630 
3659.677718 0.003630 
3658.510954 0.003737 
3657.344191 0.004070 
3656.177427 0.004070 
3655.010663 0.004454 
3653.843899 0.004510 
3652.677135 0.004513 
3651.510371 0.004741 
3650.343607 0.004960 
3649.176844 0.004960 
3648.010080 0.005017 
3646.843316 0.005400 
3645.676552 0.005400 
3644.509788 0.005734 
3643.343024 0.005850 
3642.176260 0.006290 
3641.009497 0.006290 
3639.842733 0.006553 
3638.675969 0.006730 
3637.509205 0.006738 
3636.342441 0.007180 
3635.175677 0.007373 
3634.008914 0.007620 
3632.842150 0.007620 
3631.675386 0.008070 
3630.508622 0.008070 
3629.341858 0.008284 
3628.175094 0.008517 
3627.008330 0.008919 
3625.841567 0.009012 
3624.674803 0.009410 
3623.508039 0.009646 
3622.341275 0.009850 
3621.174511 0.010280 
3620.007747 0.010374 
3618.840983 0.010750 
3617.674220 0.011013 
3616.507456 0.011549 
3615.340692 0.011642 
3614.173928 0.012090 
3613.007164 0.012280 
3611.840400 0.012825 
3610.673636 0.012990 
3609.506873 0.013463 
3608.340109 0.013890 
3607.173345 0.014102 
3606.006581 0.014340 
3604.839817 0.014741 
3603.673053 0.015295 
3602.506289 0.015700 
3601.339526 0.015934 
3600.172762 0.016478 
3599.005998 0.017032 
3597.839234 0.017577 
3596.672470 0.017964 
3595.505706 0.018226 
3594.338942 0.018770 
3593.172179 0.019325 
3592.005415 0.019879 
3590.838651 0.020428 
3589.671887 0.020984 
3588.505123 0.021532 
3587.338359 0.022087 
3586.171595 0.022644 
3585.004832 0.023200 
3583.838068 0.023757 
3582.671304 0.024313 
3581.504540 0.024870 
3580.337776 0.025565 
3579.171012 0.026453 
3578.004248 0.027009 
3576.837485 0.027575 
3575.670721 0.028593 
3574.503957 0.029162 
3573.337193 0.029985 
3572.170429 0.030751 
3571.003665 0.031317 
3569.836902 0.032356 
3568.670138 0.033109 
3567.503374 0.033963 
3566.336610 0.034914 
3565.169846 0.036041 
3564.003082 0.036728 
3562.836318 0.037869 
3561.669555 0.039019 
3560.502791 0.039763 
3559.336027 0.040857 
3558.169263 0.042009 
3557.002499 0.043171 
3555.835735 0.044332 
3554.668971 0.045502 
3553.502208 0.046676 
3552.335444 0.047849 
3551.168680 0.049023 
3550.001916 0.050203 
3548.835152 0.051849 
3547.668388 0.053056 
3546.501624 0.054250 
3545.334861 0.055730 
3544.168097 0.057130 
3543.001333 0.058828 
3541.834569 0.060027 
3540.667805 0.061451 
3539.501041 0.062947 
3538.334277 0.064580 
3537.167514 0.065906 
3536.000750 0.067608 
3534.833986 0.069078 
3533.667222 0.070929 
3532.500458 0.072323 
3531.333694 0.074133 
3530.166930 0.075844 
3529.000167 0.077362 
3527.833403 0.079245 
3526.666639 0.080651 
3525.499875 0.082521 
3524.333111 0.084231 
3523.166347 0.085811 
3521.999583 0.087320 
3520.832820 0.089127 
3519.666056 0.090956 
3518.499292 0.092473 
3517.332528 0.094091 
3516.165764 0.095846 
3514.999000 0.097244 
3513.832236 0.098563 
3512.665473 0.100135 
3511.498709 0.101750 
3510.331945 0.103078 
3509.165181 0.104959 
3507.998417 0.106302 
3506.831653 0.107645 
3505.664889 0.108987 
3504.498126 0.110340 
3503.331362 0.111771 
3502.164598 0.113419 
3500.997834 0.114415 
3499.831070 0.115785 
3498.664306 0.117155 
3497.497543 0.118533 
3496.330779 0.119686 
3495.164015 0.120722 
3493.997251 0.122109 
3492.830487 0.122930 
3491.663723 0.124321 
3490.496959 0.125458 
3489.330196 0.126540 
3488.163432 0.127952 
3486.996668 0.128778 
3485.829904 0.130193 
3484.663140 0.131322 
3483.496376 0.132444 
3482.329612 0.133868 
3481.162849 0.134706 
3479.996085 0.136136 
3478.829321 0.137256 
3477.662557 0.138426 
3476.495793 0.139865 
3475.329029 0.140716 
3474.162265 0.142172 
3472.995502 0.143275 
3471.828738 0.144489 
3470.661974 0.145953 
3469.495210 0.147295 
3468.328446 0.148295 
3467.161682 0.149770 
3465.994918 0.151255 
3464.828155 0.152123 
3463.661391 0.153621 
3462.494627 0.155113 
3461.327863 0.156187 
3460.161099 0.157504 
3458.994335 0.159016 
3457.827571 0.160531 
3456.660808 0.161723 
3455.494044 0.162950 
3454.327280 0.164474 
3453.160516 0.166010 
3451.993752 0.167550 
3450.826988 0.168729 
3449.660224 0.170006 
3448.493461 0.171565 
3447.326697 0.172477 
3446.159933 0.174046 
3444.993169 0.175613 
3443.826405 0.177185 
3442.659641 0.178740 
3441.492877 0.179703 
3440.326114 0.181293 
3439.159350 0.182890 
3437.992586 0.183903 
3436.825822 0.185434 
3435.659058 0.187046 
3434.492294 0.188318 
3433.325531 0.189615 
3432.158767 0.191239 
3430.992003 0.192202 
3429.825239 0.193834 
3428.658475 0.195092 
3427.491711 0.196446 
3426.324947 0.198103 
3425.158184 0.199071 
3423.991420 0.200732 
3422.824656 0.201981 
3421.657892 0.203389 
3420.491128 0.205050 
3419.324364 0.206055 
3418.157600 0.207434 
3416.990837 0.208741 
3415.824073 0.209828 
3414.657309 0.211385 
3413.490545 0.212450 
3412.323781 0.213814 
3411.157017 0.214673 
3409.990253 0.216183 
3408.823490 0.217202 
3407.656726 0.218693 
3406.489962 0.219957 
3405.323198 0.221155 
3404.156434 0.222026 
3402.989670 0.223035 
3401.822906 0.224511 
3400.656143 0.225389 
3399.489379 0.226863 
3398.322615 0.227891 
3397.155851 0.228776 
3395.989087 0.229667 
3394.822323 0.231033 
3393.655559 0.232191 
3392.488796 0.233087 
3391.322032 0.233985 
3390.155268 0.234887 
3388.988504 0.235789 
3387.821740 0.236696 
3386.654976 0.237688 
3385.488212 0.239261 
3384.321449 0.239770 
3383.154685 0.240333 
3381.987921 0.241243 
3380.821157 0.242162 
3379.654393 0.243081 
3378.487629 0.244001 
3377.320865 0.244320 
3376.154102 0.245079 
3374.987338 0.246001 
3373.820574 0.246932 
3372.653810 0.247857 
3371.487046 0.248786 
3370.320282 0.248947 
3369.153519 0.249882 
3367.986755 0.250455 
3366.819991 0.250979 
3365.653227 0.251914 
3364.486463 0.252076 
3363.319699 0.253019 
3362.152935 0.253560 
3360.986172 0.254126 
3359.819408 0.255070 
3358.652644 0.255234 
3357.485880 0.255900 
3356.319116 0.256341 
3355.152352 0.257284 
3353.985588 0.257460 
3352.818825 0.258403 
3351.652061 0.259040 
3350.485297 0.259525 
3349.318533 0.259830 
3348.151769 0.260620 
3346.985005 0.260812 
3345.818241 0.261768 
3344.651478 0.262200 
3343.484714 0.262897 
3342.317950 0.263790 
3341.151186 0.263790 
3339.984422 0.264191 
3338.817658 0.265159 
3337.650894 0.265390 
3336.484131 0.266190 
3335.317367 0.266462 
3334.150603 0.266990 
3332.983839 0.267598 
3331.817075 0.267790 
3330.650311 0.268600 
3329.483547 0.268915 
3328.316784 0.269410 
3327.150020 0.270057 
3325.983256 0.270225 
3324.816492 0.271020 
3323.649728 0.271375 
3322.482964 0.271830 
3321.316200 0.272533 
3320.149437 0.272704 
3318.982673 0.273460 
3317.815909 0.273859 
3316.649145 0.274280 
3315.482381 0.274280 
3314.315617 0.275090 
3313.148853 0.275357 
3311.982090 0.275910 
3310.815326 0.276521 
3309.648562 0.276730 
3308.481798 0.276866 
3307.315034 0.277560 
3306.148270 0.277560 
3304.981507 0.278210 
3303.814743 0.278380 
3302.647979 0.278557 
3301.481215 0.279210 
3300.314451 0.279210 
3299.147687 0.279210 
3297.980923 0.280030 
3296.814160 0.280030 
3295.647396 0.280030 
3294.480632 0.280595 
3293.313868 0.280860 
3292.147104 0.280860 
3290.980340 0.280860 
3289.813576 0.280860 
3288.646813 0.280860 
3287.480049 0.281639 
3286.313285 0.280984 
3285.146521 0.281392 
3283.979757 0.281332 
3282.812993 0.281690 
3281.646229 0.280880 
3280.479466 0.280870 
3279.312702 0.280870 
3278.145938 0.280870 
3276.979174 0.280870 
3275.812410 0.280870 
3274.645646 0.280870 
3273.478882 0.280870 
3272.312119 0.280317 
3271.145355 0.280040 
3269.978591 0.280040 
3268.811827 0.279798 
3267.645063 0.279220 
3266.478299 0.279220 
3265.311535 0.279220 
3264.144772 0.278390 
3262.978008 0.278390 
3261.811244 0.277936 
3260.644480 0.277570 
3259.477716 0.276772 
3258.310952 0.276600 
3257.144188 0.275930 
3255.977425 0.275436 
3254.810661 0.275110 
3253.643897 0.275092 
3252.477133 0.274110 
3251.310369 0.273480 
3250.143605 0.272953 
3248.976841 0.272670 
3247.810078 0.271803 
3246.643314 0.271050 
3245.476550 0.270653 
3244.309786 0.269673 
3243.143022 0.269430 
3241.976258 0.268533 
3240.809494 0.267557 
3239.642731 0.267020 
3238.475967 0.266421 
3237.309203 0.265453 
3236.142439 0.264620 
3234.975675 0.264318 
3233.808911 0.263356 
3232.642148 0.262392 
3231.475384 0.261435 
3230.308620 0.260479 
3229.141856 0.259523 
3227.975092 0.259070 
3226.808328 0.257742 
3225.641564 0.257413 
3224.474801 0.255930 
3223.308037 0.255559 
3222.141273 0.254082 
3220.974509 0.253590 
3219.807745 0.252040 
3218.640981 0.251553 
3217.474217 0.250087 
3216.307454 0.249155 
3215.140690 0.248224 
3213.973926 0.247303 
3212.807162 0.246374 
3211.640398 0.245449 
3210.473634 0.244526 
3209.306870 0.242852 
3208.140107 0.241929 
3206.973343 0.241018 
3205.806579 0.239633 
3204.639815 0.238437 
3203.473051 0.237499 
3202.306287 0.235875 
3201.139523 0.234975 
3199.972760 0.234074 
3198.805996 0.232528 
3197.639232 0.231477 
3196.472468 0.229909 
3195.305704 0.229018 
3194.138940 0.227603 
3192.972176 0.226512 
3191.805413 0.224900 
3190.638649 0.224026 
3189.471885 0.222741 
3188.305121 0.221547 
3187.138357 0.219973 
3185.971593 0.219085 
3184.804829 0.217933 
3183.638066 0.216634 
3182.471302 0.215191 
3181.304538 0.213492 
3180.137774 0.212633 
3178.971010 0.211463 
3177.804246 0.210222 
3176.637482 0.208761 
3175.470719 0.207118 
3174.303955 0.206075 
3173.137191 0.204739 
3171.970427 0.203413 
3170.803663 0.202370 
3169.636899 0.200845 
3168.470136 0.199784 
3167.303372 0.198127 
3166.136608 0.196989 
3164.969844 0.195502 
3163.803080 0.194539 
3162.636316 0.192906 
3161.469552 0.191668 
3160.302789 0.190318 
3159.136025 0.188692 
3157.969261 0.187744 
3156.802497 0.186412 
3155.635733 0.185185 
3154.468969 0.183580 
3153.302205 0.182641 
3152.135442 0.181047 
3150.968678 0.179774 
3149.801914 0.178528 
3148.635150 0.176952 
3147.468386 0.175441 
3146.301622 0.174457 
3145.134858 0.172889 
3143.968095 0.171329 
3142.801331 0.170384 
3141.634567 0.168869 
3140.467803 0.167556 
3139.301039 0.166418 
3138.134275 0.164882 
3136.967511 0.163356 
3135.800748 0.162461 
3134.633984 0.161199 
3133.467220 0.160043 
3132.300456 0.158527 
3131.133692 0.157645 
3129.966928 0.156135 
3128.800164 0.154640 
3127.633401 0.153145 
3126.466637 0.152201 
3125.299873 0.150786 
3124.133109 0.149485 
3122.966345 0.148435 
3121.799581 0.146960 
3120.632817 0.145493 
3119.466054 0.144631 
3118.299290 0.143175 
3117.132526 0.142054 
3115.965762 0.140866 
3114.798998 0.139423 
3113.632234 0.138088 
3112.465470 0.137133 
3111.298707 0.135700 
3110.131943 0.134264 
3108.965179 0.132862 
3107.798415 0.132010 
3106.631651 0.130595 
3105.464887 0.129179 
3104.298124 0.127773 
3103.131360 0.126405 
3101.964596 0.125546 
3100.797832 0.124148 
3099.631068 0.122756 
3098.464304 0.121366 
3097.297540 0.120555 
3096.130777 0.119177 
3094.964013 0.117797 
3093.797249 0.116426 
3092.630485 0.115059 
3091.463721 0.113694 
3090.296957 0.112335 
3089.130193 0.110974 
3087.963430 0.109627 
3086.796666 0.108827 
3085.629902 0.107065 
3084.463138 0.106153 
3083.296374 0.104823 
3082.129610 0.103483 
3080.962846 0.102161 
3079.796083 0.100833 
3078.629319 0.099515 
3077.462555 0.098203 
3076.295791 0.096887 
3075.129027 0.096120 
3073.962263 0.094817 
3072.795499 0.093517 
3071.628736 0.092218 
3070.461972 0.090922 
3069.295208 0.089638 
3068.128444 0.088347 
3066.961680 0.087065 
3065.794916 0.085791 
3064.628152 0.085040 
3063.461389 0.083351 
3062.294625 0.082500 
3061.127861 0.081236 
3059.961097 0.079978 
3058.794333 0.078745 
3057.627569 0.077851 
3056.460805 0.076457 
3055.294042 0.075482 
3054.127278 0.074237 
3052.960514 0.073000 
3051.793750 0.071914 
3050.626986 0.071034 
3049.460222 0.069807 
3048.293458 0.068576 
3047.126695 0.067427 
3045.959931 0.066642 
3044.793167 0.065420 
3043.626403 0.064206 
3042.459639 0.063488 
3041.292875 0.062286 
3040.126112 0.061278 
3038.959348 0.060367 
3037.792584 0.059165 
3036.625820 0.058468 
3035.459056 0.057270 
3034.292292 0.056299 
3033.125528 0.055382 
3031.958765 0.054623 
3030.792001 0.053540 
3029.625237 0.052805 
3028.458473 0.051869 
3027.291709 0.051282 
3026.124945 0.050246 
3024.958181 0.049617 
3023.791418 0.048870 
3022.624654 0.047966 
3021.457890 0.047385 
3020.291126 0.046805 
3019.124362 0.046224 
3017.957598 0.045830 
3016.790834 0.045543 
3015.624071 0.044962 
3014.457307 0.044390 
3013.290543 0.044392 
3012.123779 0.044400 
3010.957015 0.044400 
3009.790251 0.044400 
3008.623487 0.043962 
3007.456724 0.044410 
3006.289960 0.044643 
3005.123196 0.044897 
3003.956432 0.045335 
3002.789668 0.045437 
3001.622904 0.046026 
3000.456140 0.046612 
2999.289377 0.047197 
2998.122613 0.047787 
2996.955849 0.048300 
2995.789085 0.048483 
2994.622321 0.048790 
2993.455557 0.049179 
2992.288793 0.049280 
2991.122030 0.049280 
2989.955266 0.049077 
2988.788502 0.048800 
2987.621738 0.048396 
2986.454974 0.048305 
2985.288210 0.047714 
2984.121446 0.047134 
2982.954683 0.046553 
2981.787919 0.045972 
2980.621155 0.045872 
2979.454391 0.045443 
2978.287627 0.045450 
2977.120863 0.045100 
2975.954099 0.045421 
2974.787336 0.045460 
2973.620572 0.045460 
2972.453808 0.045739 
2971.287044 0.045950 
2970.120280 0.046424 
2968.953516 0.046535 
2967.786753 0.046920 
2966.619989 0.046926 
2965.453225 0.047327 
2964.286461 0.047420 
2963.119697 0.047302 
2961.952933 0.046940 
2960.786169 0.046620 
2959.619406 0.046460 
2958.452642 0.045939 
2957.285878 0.045361 
2956.119114 0.044546 
2954.952350 0.043727 
2953.785586 0.043147 
2952.618822 0.042097 
2951.452059 0.041525 
2950.285295 0.040685 
2949.118531 0.039901 
2947.951767 0.039333 
2946.785003 0.039320 
2945.618239 0.039324 
2944.451475 0.039613 
2943.284712 0.040190 
2942.117948 0.040770 
2940.951184 0.041351 
2939.784420 0.041932 
2938.617656 0.042513 
2937.450892 0.042680 
2936.284128 0.042681 
2935.117365 0.042690 
2933.950601 0.042455 
2932.783837 0.041881 
2931.617073 0.041312 
2930.450309 0.040734 
2929.283545 0.040007 
2928.116781 0.039117 
2926.950018 0.038197 
2925.783254 0.037510 
2924.616490 0.036463 
2923.449726 0.035903 
2922.282962 0.035610 
2921.116198 0.035236 
2919.949434 0.034680 
2918.782671 0.034680 
2917.615907 0.034680 
2916.449143 0.034686 
2915.282379 0.034293 
2914.115615 0.034665 
2912.948851 0.034230 
2911.782087 0.034007 
2910.615324 0.033767 
2909.448560 0.033350 
2908.281796 0.033252 
2907.115032 0.032693 
2905.948268 0.032129 
2904.781504 0.031573 
2903.614741 0.031007 
2902.447977 0.030920 
2901.281213 0.030360 
2900.114449 0.029797 
2898.947685 0.029240 
2897.780921 0.028684 
2896.614157 0.028220 
2895.447394 0.028031 
2894.280630 0.027766 
2893.113866 0.027388 
2891.947102 0.026850 
2890.780338 0.026853 
2889.613574 0.026648 
2888.446810 0.026400 
2887.280047 0.026400 
2886.113283 0.025950 
2884.946519 0.025950 
2883.779755 0.025950 
2882.612991 0.025957 
2881.446227 0.025960 
2880.279463 0.025961 
2879.112700 0.025970 
2877.945936 0.026226 
2876.779172 0.026438 
2875.612408 0.026440 
2874.445644 0.026902 
2873.278880 0.027092 
2872.112116 0.027370 
2870.945353 0.027378 
2869.778589 0.027840 
2868.611825 0.027950 
2867.445061 0.028310 
2866.278297 0.028618 
2865.111533 0.028780 
2863.944769 0.029250 
2862.778006 0.029383 
2861.611242 0.029720 
2860.444478 0.029720 
2859.277714 0.030149 
2858.110950 0.030248 
2856.944186 0.030660 
2855.777422 0.030665 
2854.610659 0.030670 
2853.443895 0.031122 
2852.277131 0.031142 
2851.110367 0.031150 
2849.943603 0.031150 
2848.776839 0.031526 
2847.610075 0.031625 
2846.443312 0.032194 
2845.276548 0.032762 
2844.109784 0.033331 
2842.943020 0.034299 
2841.776256 0.035464 
2840.609492 0.037182 
2839.442729 0.039129 
2838.275965 0.041434 
2837.109201 0.043745 
2835.942437 0.046077 
2834.775673 0.048263 
2833.608909 0.050030 
2832.442145 0.051442 
2831.275382 0.051700 
2830.108618 0.051625 
2828.941854 0.050865 
2827.775090 0.049415 
2826.608326 0.047662 
2825.441562 0.045907 
2824.274798 0.043591 
2823.108035 0.041487 
2821.941271 0.039464 
2820.774507 0.037575 
2819.607743 0.035868 
2818.440979 0.034166 
2817.274215 0.032689 
2816.107451 0.031247 
2814.940688 0.029977 
2813.773924 0.028863 
2812.607160 0.027741 
2811.440396 0.026634 
2810.273632 0.025525 
2809.106868 0.024841 
2807.940104 0.023771 
2806.773341 0.022832 
2805.606577 0.022029 
2804.439813 0.020928 
2803.273049 0.020279 
2802.106285 0.019649 
2800.939521 0.018740 
2799.772757 0.018196 
2798.605994 0.017282 
2797.439230 0.016667 
2796.272466 0.016122 
2795.105702 0.015381 
2793.938938 0.014890 
2792.772174 0.014117 
2791.605410 0.013525 
2790.438647 0.013113 
2789.271883 0.012896 
2788.105119 0.012048 
2786.938355 0.011790 
2785.771591 0.011295 
2784.604827 0.010762 
2783.438063 0.010470 
2782.271300 0.010138 
2781.104536 0.009605 
2779.937772 0.009150 
2778.771008 0.008981 
2777.604244 0.008455 
2776.437480 0.008280 
2775.270717 0.007840 
2774.103953 0.007744 
2772.937189 0.007410 
2771.770425 0.007127 
2770.603661 0.006979 
2769.436897 0.006952 
2768.270133 0.006543 
2767.103370 0.006338 
2765.936606 0.006110 
2764.769842 0.005722 
2763.603078 0.005681 
2762.436314 0.005549 
2761.269550 0.005250 
2760.102786 0.005257 
2758.936023 0.004842 
2757.769259 0.004830 
2756.602495 0.004830 
2755.435731 0.004581 
2754.268967 0.004400 
2753.102203 0.004410 
2751.935439 0.004320 
2750.768676 0.003980 
2749.601912 0.003980 
2748.435148 0.003988 
2747.268384 0.003970 
2746.101620 0.003560 
2744.934856 0.003560 
2743.768092 0.003567 
2742.601329 0.003570 
2741.434565 0.003182 
2740.267801 0.003445 
2739.101037 0.003140 
2737.934273 0.003140 
2736.767509 0.003140 
2735.600745 0.003140 
2734.433982 0.003140 
2733.267218 0.002892 
2732.100454 0.002700 
2730.933690 0.002700 
2729.766926 0.002690 
2728.600162 0.002690 
2727.433398 0.002690 
2726.266635 0.002690 
2725.099871 0.002265 
2723.933107 0.002690 
2722.766343 0.002491 
2721.599579 0.002250 
2720.432815 0.002250 
2719.266051 0.002249 
2718.099288 0.002240 
2716.932524 0.002240 
2715.765760 0.002240 
2714.598996 0.002240 
2713.432232 0.002240 
2712.265468 0.002091 
2711.098705 0.002036 
2709.931941 0.002230 
2708.765177 0.001813 
2707.598413 0.002151 
2706.431649 0.001790 
2705.264885 0.001790 
2704.098121 0.001790 
2702.931358 0.001790 
2701.764594 0.001790 
2700.597830 0.001790 
2699.431066 0.001790 
2698.264302 0.001781 
2697.097538 0.001780 
2695.930774 0.001780 
2694.764011 0.001780 
2693.597247 0.001780 
2692.430483 0.001780 
2691.263719 0.001780 
2690.096955 0.001777 
2688.930191 0.001770 
2687.763427 0.001770 
2686.596664 0.001770 
2685.429900 0.001770 
2684.263136 0.001770 
2683.096372 0.001770 
2681.929608 0.001762 
2680.762844 0.001760 
2679.596080 0.001760 
2678.429317 0.001760 
2677.262553 0.001760 
2676.095789 0.001390 
2674.929025 0.001760 
2673.762261 0.001757 
2672.595497 0.001750 
2671.428733 0.001750 
2670.261970 0.001367 
2669.095206 0.001750 
2667.928442 0.001750 
2666.761678 0.001750 
2665.594914 0.001429 
2664.428150 0.001310 
2663.261386 0.001740 
2662.094623 0.001740 
2660.927859 0.001740 
2659.761095 0.001740 
2658.594331 0.001740 
2657.427567 0.001653 
2656.260803 0.001479 
2655.094039 0.001734 
2653.927276 0.001730 
2652.760512 0.001730 
2651.593748 0.001730 
2650.426984 0.001730 
2649.260220 0.001730 
2648.093456 0.001730 
2646.926692 0.001729 
2645.759929 0.001720 
2644.593165 0.001942 
2643.426401 0.002160 
2642.259637 0.002160 
2641.092873 0.002150 
2639.926109 0.002150 
2638.759346 0.002150 
2637.592582 0.002150 
2636.425818 0.002568 
2635.259054 0.002580 
2634.092290 0.002580 
2632.925526 0.002580 
2631.758762 0.002937 
2630.591999 0.003010 
2629.425235 0.003010 
2628.258471 0.003204 
2627.091707 0.003450 
2625.924943 0.003450 
2624.758179 0.003471 
2623.591415 0.003880 
2622.424652 0.003880 
2621.257888 0.003880 
2620.091124 0.003880 
2618.924360 0.004310 
2617.757596 0.004310 
2616.590832 0.004310 
2615.424068 0.004310 
2614.257305 0.004310 
2613.090541 0.004310 
2611.923777 0.004306 
2610.757013 0.004300 
2609.590249 0.004300 
2608.423485 0.004740 
2607.256721 0.004740 
2606.089958 0.004740 
2604.923194 0.004740 
2603.756430 0.004732 
2602.589666 0.004730 
2601.422902 0.004730 
2600.256138 0.004730 
2599.089374 0.004730 
2597.922611 0.004730 
2596.755847 0.004730 
2595.589083 0.004730 
2594.422319 0.004730 
2593.255555 0.004407 
2592.088791 0.004696 
2590.922027 0.004280 
2589.755264 0.004280 
2588.588500 0.004280 
2587.421736 0.004280 
2586.254972 0.004280 
2585.088208 0.004280 
2583.921444 0.004280 
2582.754680 0.004280 
2581.587917 0.004280 
2580.421153 0.004280 
2579.254389 0.004270 
2578.087625 0.004270 
2576.920861 0.004270 
2575.754097 0.004270 
2574.587334 0.004270 
2573.420570 0.004270 
2572.253806 0.004270 
2571.087042 0.004270 
2569.920278 0.004669 
2568.753514 0.004700 
2567.586750 0.004700 
2566.419987 0.004700 
2565.253223 0.004700 
2564.086459 0.004700 
2562.919695 0.004700 
2561.752931 0.004870 
2560.586167 0.004864 
2559.419403 0.005049 
2558.252640 0.005130 
2557.085876 0.005130 
2555.919112 0.005130 
2554.752348 0.005130 
2553.585584 0.005130 
2552.418820 0.005129 
2551.252056 0.005245 
2550.085293 0.005560 
2548.918529 0.005560 
2547.751765 0.005560 
2546.585001 0.005560 
2545.418237 0.005560 
2544.251473 0.005560 
2543.084709 0.005552 
2541.917946 0.005550 
2540.751182 0.005550 
2539.584418 0.005550 
2538.417654 0.005550 
2537.250890 0.005550 
2536.084126 0.005550 
2534.917362 0.005550 
2533.750599 0.005361 
2532.583835 0.005110 
2531.417071 0.005110 
2530.250307 0.005110 
2529.083543 0.005107 
2527.916779 0.004894 
2526.750015 0.004663 
2525.583252 0.004660 
2524.416488 0.004660 
2523.249724 0.004521 
2522.082960 0.004220 
2520.916196 0.004220 
2519.749432 0.004220 
2518.582668 0.003780 
2517.415905 0.003780 
2516.249141 0.003780 
2515.082377 0.003780 
2513.915613 0.003342 
2512.748849 0.003340 
2511.582085 0.003157 
2510.415322 0.002900 
2509.248558 0.002900 
2508.081794 0.002900 
2506.915030 0.002900 
2505.748266 0.002696 
2504.581502 0.002460 
2503.414738 0.002460 
2502.247975 0.002460 
2501.081211 0.002460 
2499.914447 0.002460 
2498.747683 0.002143 
2497.580919 0.002020 
2496.414155 0.002020 
2495.247391 0.002020 
2494.080628 0.002020 
2492.913864 0.002020 
2491.747100 0.002020 
2490.580336 0.001580 
2489.413572 0.001580 
2488.246808 0.001580 
2487.080044 0.001580 
2485.913281 0.001580 
2484.746517 0.001580 
2483.579753 0.001580 
2482.412989 0.001573 
2481.246225 0.001570 
2480.079461 0.001570 
2478.912697 0.001570 
2477.745934 0.001357 
2476.579170 0.001444 
2475.412406 0.001570 
2474.245642 0.001570 
2473.078878 0.001570 
2471.912114 0.001330 
2470.745350 0.001463 
2469.578587 0.001570 
2468.411823 0.001485 
2467.245059 0.001295 
2466.078295 0.001560 
2464.911531 0.001560 
2463.744767 0.001560 
2462.578003 0.001560 
2461.411240 0.001560 
2460.244476 0.001560 
2459.077712 0.001560 
2457.910948 0.001560 
2456.744184 0.001560 
2455.577420 0.001560 
2454.410656 0.001553 
2453.243893 0.001550 
2452.077129 0.001550 
2450.910365 0.001550 
2449.743601 0.001550 
2448.576837 0.001550 
2447.410073 0.001550 
2446.243310 0.001550 
2445.076546 0.001550 
2443.909782 0.001550 
2442.743018 0.001550 
2441.576254 0.001550 
2440.409490 0.001550 
2439.242726 0.001550 
2438.075963 0.001550 
2436.909199 0.001550 
2435.742435 0.001550 
2434.575671 0.001550 
2433.408907 0.001550 
2432.242143 0.001550 
2431.075379 0.001550 
2429.908616 0.001550 
2428.741852 0.001550 
2427.575088 0.001550 
2426.408324 0.001550 
2425.241560 0.001550 
2424.074796 0.001550 
2422.908032 0.001554 
2421.741269 0.001560 
2420.574505 0.001552 
2419.407741 0.001560 
2418.240977 0.001552 
2417.074213 0.001560 
2415.907449 0.001560 
2414.740685 0.001560 
2413.573922 0.001560 
2412.407158 0.001560 
2411.240394 0.001560 
2410.073630 0.001560 
2408.906866 0.001560 
2407.740102 0.001560 
2406.573338 0.001432 
2405.406575 0.001340 
2404.239811 0.001560 
2403.073047 0.001155 
2401.906283 0.001560 
2400.739519 0.001560 
2399.572755 0.001560 
2398.405991 0.001560 
2397.239228 0.001560 
2396.072464 0.001482 
2394.905700 0.001291 
2393.738936 0.001560 
2392.572172 0.001560 
2391.405408 0.001560 
2390.238644 0.001560 
2389.071881 0.001560 
2387.905117 0.001560 
2386.738353 0.001560 
2385.571589 0.001560 
2384.404825 0.001560 
2383.238061 0.001560 
2382.071297 0.001560 
2380.904534 0.001560 
2379.737770 0.001560 
2378.571006 0.001560 
2377.404242 0.001560 
2376.237478 0.001887 
2375.070714 0.001580 
2373.903951 0.002000 
2372.737187 0.002000 
2371.570423 0.002000 
2370.403659 0.002000 
2369.236895 0.002000 
2368.070131 0.002000 
2366.903367 0.002000 
2365.736604 0.002000 
2364.569840 0.002000 
2363.403076 0.002408 
2362.236312 0.002000 
2361.069548 0.002202 
2359.902784 0.002138 
2358.736020 0.002000 
2357.569257 0.002430 
2356.402493 0.002297 
2355.235729 0.002223 
2354.068965 0.002430 
2352.902201 0.002430 
2351.735437 0.002430 
2350.568673 0.002430 
2349.401910 0.002430 
2348.235146 0.002438 
2347.068382 0.002440 
2345.901618 0.002440 
2344.734854 0.002440 
2343.568090 0.002705 
2342.401326 0.002870 
2341.234563 0.002870 
2340.067799 0.002870 
2338.901035 0.002870 
2337.734271 0.002584 
2336.567507 0.002816 
2335.400743 0.002870 
2334.233979 0.002870 
2333.067216 0.002870 
2331.900452 0.002870 
2330.733688 0.002870 
2329.566924 0.002870 
2328.400160 0.002870 
2327.233396 0.002870 
2326.066632 0.002870 
2324.899869 0.002870 
2323.733105 0.002870 
2322.566341 0.003042 
2321.399577 0.003310 
2320.232813 0.003310 
2319.066049 0.003310 
2317.899285 0.003310 
2316.732522 0.003310 
2315.565758 0.003310 
2314.398994 0.003310 
2313.232230 0.003310 
2312.065466 0.003310 
2310.898702 0.003310 
2309.731939 0.003310 
2308.565175 0.003310 
2307.398411 0.003698 
2306.231647 0.003454 
2305.064883 0.003514 
2303.898119 0.003310 
2302.731355 0.003731 
2301.564592 0.003750 
2300.397828 0.003750 
2299.231064 0.003750 
2298.064300 0.003750 
2296.897536 0.003750 
2295.730772 0.003750 
2294.564008 0.003750 
2293.397245 0.003750 
2292.230481 0.004122 
2291.063717 0.004190 
2289.896953 0.004190 
2288.730189 0.004190 
2287.563425 0.004190 
2286.396661 0.004190 
2285.229898 0.004190 
2284.063134 0.004190 
2282.896370 0.004190 
2281.729606 0.004190 
2280.562842 0.004190 
2279.396078 0.004257 
2278.229314 0.004630 
2277.062551 0.004630 
2275.895787 0.004630 
2274.729023 0.004630 
2273.562259 0.004630 
2272.395495 0.004811 
2271.228731 0.004797 
2270.061967 0.004995 
2268.895204 0.005070 
2267.728440 0.005070 
2266.561676 0.005070 
2265.394912 0.005070 
2264.228148 0.005070 
2263.061384 0.005471 
2261.894620 0.005201 
2260.727857 0.005510 
2259.561093 0.005510 
2258.394329 0.005510 
2257.227565 0.005510 
2256.060801 0.005663 
2254.894037 0.005950 
2253.727273 0.005950 
2252.560510 0.005950 
2251.393746 0.005950 
2250.226982 0.005950 
2249.060218 0.005950 
2247.893454 0.005950 
2246.726690 0.005961 
2245.559927 0.006287 
2244.393163 0.006146 
2243.226399 0.006390 
2242.059635 0.006390 
2240.892871 0.006390 
2239.726107 0.006390 
2238.559343 0.006390 
2237.392580 0.006390 
2236.225816 0.006390 
2235.059052 0.006390 
2233.892288 0.006390 
2232.725524 0.006152 
2231.558760 0.006281 
2230.391996 0.006390 
2229.225233 0.006317 
2228.058469 0.006127 
2226.891705 0.006140 
2225.724941 0.005960 
2224.558177 0.005960 
2223.391413 0.005960 
2222.224649 0.005960 
2221.057886 0.005960 
2219.891122 0.005960 
2218.724358 0.005960 
2217.557594 0.005960 
2216.390830 0.005960 
2215.224066 0.005960 
2214.057302 0.005960 
2212.890539 0.005960 
2211.723775 0.005960 
2210.557011 0.005960 
2209.390247 0.005960 
2208.223483 0.005960 
2207.056719 0.005960 
2205.889955 0.005960 
2204.723192 0.005960 
2203.556428 0.005960 
2202.389664 0.005960 
2201.222900 0.005960 
2200.056136 0.005960 
2198.889372 0.005960 
2197.722608 0.005960 
2196.555845 0.005960 
2195.389081 0.005960 
2194.222317 0.005960 
2193.055553 0.005960 
2191.888789 0.005960 
2190.722025 0.005960 
2189.555261 0.005960 
2188.388498 0.005960 
2187.221734 0.005960 
2186.054970 0.005960 
2184.888206 0.005960 
2183.721442 0.005806 
2182.554678 0.005520 
2181.387915 0.005528 
2180.221151 0.005520 
2179.054387 0.005530 
2177.887623 0.005530 
2176.720859 0.005530 
2175.554095 0.005530 
2174.387331 0.005530 
2173.220568 0.005530 
2172.053804 0.005530 
2170.887040 0.005530 
2169.720276 0.005530 
2168.553512 0.005530 
2167.386748 0.005404 
2166.219984 0.005090 
2165.053221 0.005090 
2163.886457 0.005090 
2162.719693 0.005090 
2161.552929 0.005090 
2160.386165 0.005090 
2159.219401 0.005090 
2158.052637 0.005090 
2156.885874 0.004650 
2155.719110 0.004650 
2154.552346 0.004650 
2153.385582 0.004650 
2152.218818 0.004650 
2151.052054 0.004650 
2149.885290 0.004650 
2148.718527 0.004650 
2147.551763 0.004650 
2146.384999 0.004650 
2145.218235 0.004533 
2144.051471 0.004427 
2142.884707 0.004353 
2141.717943 0.004607 
2140.551180 0.004651 
2139.384416 0.004660 
2138.217652 0.004655 
2137.050888 0.004657 
2135.884124 0.004660 
2134.717360 0.004590 
2133.550596 0.004220 
2132.383833 0.004220 
2131.217069 0.003873 
2130.050305 0.003780 
2128.883541 0.003780 
2127.716777 0.003601 
2126.550013 0.003350 
2125.383249 0.003350 
2124.216486 0.003329 
2123.049722 0.003023 
2121.882958 0.003145 
2120.716194 0.002910 
2119.549430 0.002910 
2118.382666 0.002910 
2117.215903 0.002910 
2116.049139 0.002910 
2114.882375 0.002910 
2113.715611 0.002499 
2112.548847 0.002479 
2111.382083 0.002474 
2110.215319 0.002480 
2109.048556 0.002480 
2107.881792 0.002480 
2106.715028 0.002480 
2105.548264 0.002480 
2104.381500 0.002210 
2103.214736 0.002040 
2102.047972 0.002040 
2100.881209 0.002040 
2099.714445 0.002040 
2098.547681 0.002040 
2097.380917 0.002040 
2096.214153 0.002040 
2095.047389 0.002040 
2093.880625 0.002040 
2092.713862 0.002040 
2091.547098 0.001645 
2090.380334 0.001610 
2089.213570 0.001610 
2088.046806 0.001610 
2086.880042 0.001610 
2085.713278 0.001610 
2084.546515 0.001610 
2083.379751 0.001610 
2082.212987 0.001610 
2081.046223 0.001610 
2079.879459 0.001610 
2078.712695 0.001610 
2077.545931 0.001610 
2076.379168 0.001610 
2075.212404 0.001610 
2074.045640 0.001610 
2072.878876 0.001610 
2071.712112 0.001396 
2070.545348 0.001170 
2069.378584 0.001170 
2068.211821 0.001610 
2067.045057 0.001610 
2065.878293 0.001610 
2064.711529 0.001610 
2063.544765 0.001610 
2062.378001 0.001610 
2061.211237 0.001450 
2060.044474 0.001430 
2058.877710 0.001610 
2057.710946 0.001610 
2056.544182 0.001610 
2055.377418 0.001610 
2054.210654 0.001610 
2053.043890 0.001610 
2051.877127 0.001610 
2050.710363 0.001610 
2049.543599 0.001610 
2048.376835 0.001610 
2047.210071 0.001610 
2046.043307 0.001610 
2044.876544 0.001610 
2043.709780 0.001610 
2042.543016 0.001610 
2041.376252 0.001610 
2040.209488 0.001610 
2039.042724 0.001610 
2037.875960 0.001610 
2036.709197 0.001610 
2035.542433 0.001610 
2034.375669 0.001610 
2033.208905 0.001610 
2032.042141 0.001610 
2030.875377 0.001610 
2029.708613 0.001610 
2028.541850 0.001610 
2027.375086 0.001610 
2026.208322 0.001610 
2025.041558 0.001610 
2023.874794 0.001610 
2022.708030 0.001610 
2021.541266 0.001610 
2020.374503 0.001610 
2019.207739 0.001610 
2018.040975 0.001610 
2016.874211 0.001610 
2015.707447 0.001610 
2014.540683 0.001610 
2013.373919 0.001610 
2012.207156 0.001610 
2011.040392 0.001610 
2009.873628 0.001610 
2008.706864 0.001610 
2007.540100 0.001610 
2006.373336 0.001610 
2005.206572 0.001610 
2004.039809 0.001610 
2002.873045 0.001610 
2001.706281 0.001610 
2000.539517 0.001610 
1999.372753 0.001610 
1998.205989 0.001610 
1997.039225 0.001610 
1995.872462 0.001610 
1994.705698 0.001610 
1993.538934 0.001610 
1992.372170 0.001610 
1991.205406 0.001610 
1990.038642 0.001610 
1988.871878 0.001610 
1987.705115 0.001610 
1986.538351 0.001268 
1985.371587 0.001608 
1984.204823 0.001273 
1983.038059 0.001610 
1981.871295 0.001610 
1980.704532 0.001610 
1979.537768 0.001610 
1978.371004 0.001610 
1977.204240 0.001610 
1976.037476 0.001610 
1974.870712 0.001226 
1973.703948 0.001566 
1972.537185 0.001314 
1971.370421 0.001610 
1970.203657 0.001610 
1969.036893 0.001205 
1967.870129 0.001610 
1966.703365 0.001610 
1965.536601 0.001610 
1964.369838 0.001610 
1963.203074 0.001610 
1962.036310 0.001608 
1960.869546 0.001600 
1959.702782 0.001600 
1958.536018 0.001600 
1957.369254 0.001177 
1956.202491 0.001590 
1955.035727 0.001590 
1953.868963 0.001296 
1952.702199 0.001537 
1951.535435 0.001150 
1950.368671 0.001278 
1949.201907 0.001580 
1948.035144 0.001580 
1946.868380 0.001172 
1945.701616 0.001140 
1944.534852 0.001137 
1943.368088 0.001130 
1942.201324 0.001130 
1941.034560 0.001550 
1939.867797 0.001560 
1938.701033 0.001560 
1937.534269 0.001294 
1936.367505 0.001120 
1935.200741 0.001540 
1934.033977 0.001118 
1932.867213 0.001305 
1931.700450 0.001543 
1930.533686 0.001169 
1929.366922 0.001508 
1928.200158 0.001100 
1927.033394 0.001100 
1925.866630 0.001100 
1924.699866 0.001492 
1923.533103 0.001530 
1922.366339 0.001384 
1921.199575 0.001323 
1920.032811 0.001520 
1918.866047 0.001097 
1917.699283 0.001518 
1916.532520 0.001510 
1915.365756 0.001510 
1914.198992 0.001510 
1913.032228 0.001070 
1911.865464 0.001070 
1910.698700 0.001255 
1909.531936 0.001500 
1908.365173 0.001500 
1907.198409 0.001465 
1906.031645 0.001175 
1904.864881 0.001490 
1903.698117 0.001187 
1902.531353 0.001436 
1901.364589 0.001480 
1900.197826 0.001480 
1899.031062 0.001480 
1897.864298 0.001473 
1896.697534 0.001470 
1895.530770 0.001470 
1894.364006 0.001470 
1893.197242 0.001464 
1892.030479 0.001460 
1890.863715 0.001460 
1889.696951 0.001460 
1888.530187 0.001456 
1887.363423 0.001450 
1886.196659 0.001450 
1885.029895 0.001450 
1883.863132 0.001447 
1882.696368 0.001440 
1881.529604 0.001440 
1880.362840 0.001440 
1879.196076 0.001439 
1878.029312 0.001430 
1876.862548 0.001430 
1875.695785 0.001430 
1874.529021 0.001430 
1873.362257 0.001420 
1872.195493 0.001420 
1871.028729 0.001420 
1869.861965 0.001420 
1868.695201 0.001410 
1867.528438 0.001410 
1866.361674 0.001410 
1865.194910 0.001142 
1864.028146 0.000968 
1862.861382 0.001400 
1861.694618 0.001296 
1860.527854 0.000960 
1859.361091 0.000958 
1858.194327 0.001332 
1857.027563 0.001390 
1855.860799 0.001387 
1854.694035 0.001380 
1853.527271 0.001380 
1852.360508 0.001380 
1851.193744 0.001370 
1850.026980 0.001370 
1848.860216 0.001370 
1847.693452 0.001370 
1846.526688 0.001360 
1845.359924 0.001360 
1844.193161 0.001360 
1843.026397 0.001360 
1841.859633 0.001352 
1840.692869 0.001350 
1839.526105 0.001350 
1838.359341 0.001346 
1837.192577 0.001340 
1836.025814 0.001340 
1834.859050 0.001340 
1833.692286 0.001337 
1832.525522 0.001330 
1831.358758 0.001330 
1830.191994 0.001330 
1829.025230 0.001329 
1827.858467 0.001320 
1826.691703 0.001320 
1825.524939 0.001320 
1824.358175 0.001310 
1823.191411 0.001310 
1822.024647 0.001310 
1820.857883 0.001310 
1819.691120 0.001302 
1818.524356 0.001300 
1817.357592 0.000955 
1816.190828 0.001296 
1815.024064 0.001019 
1813.857300 0.001220 
1812.690536 0.001290 
1811.523773 0.001287 
1810.357009 0.001280 
1809.190245 0.001280 
1808.023481 0.001280 
1806.856717 0.001270 
1805.689953 0.001270 
1804.523189 0.001270 
1803.356426 0.001270 
1802.189662 0.001261 
1801.022898 0.001260 
1799.856134 0.001260 
1798.689370 0.001254 
1797.522606 0.001250 
1796.355842 0.001250 
1795.189079 0.001250 
1794.022315 0.001246 
1792.855551 0.001240 
1791.688787 0.001240 
1790.522023 0.001240 
1789.355259 0.001230 
1788.188495 0.001230 
1787.021732 0.001230 
1785.854968 0.001221 
1784.688204 0.001220 
1783.521440 0.001220 
1782.354676 0.001220 
1781.187912 0.001213 
1780.021149 0.001615 
1778.854385 0.001640 
1777.687621 0.001640 
1776.520857 0.001640 
1775.354093 0.001632 
1774.187329 0.001630 
1773.020565 0.001630 
1771.853802 0.001630 
1770.687038 0.001624 
1769.520274 0.001620 
1768.353510 0.002043 
1767.186746 0.001717 
1766.019982 0.002050 
1764.853218 0.002044 
1763.686455 0.002040 
1762.519691 0.002040 
1761.352927 0.002037 
1760.186163 0.002030 
1759.019399 0.002030 
1757.852635 0.002419 
1756.685871 0.002460 
1755.519108 0.002460 
1754.352344 0.002455 
1753.185580 0.002777 
1752.018816 0.002880 
1750.852052 0.002880 
1749.685288 0.002880 
1748.518524 0.003130 
1747.351761 0.003310 
1746.184997 0.003310 
1745.018233 0.003740 
1743.851469 0.003740 
1742.684705 0.003734 
1741.517941 0.004100 
1740.351177 0.004170 
1739.184414 0.004282 
1738.017650 0.004600 
1736.850886 0.004600 
1735.684122 0.004983 
1734.517358 0.005074 
1733.350594 0.005467 
1732.183830 0.005460 
1731.017067 0.005781 
1729.850303 0.005900 
1728.683539 0.006330 
1727.516775 0.006487 
1726.350011 0.006770 
1725.183247 0.007104 
1724.016483 0.007200 
1722.849720 0.007726 
1721.682956 0.008080 
1720.516192 0.008351 
1719.349428 0.008512 
1718.182664 0.008950 
1717.015900 0.009058 
1715.849137 0.009390 
1714.682373 0.009682 
1713.515609 0.010215 
1712.348845 0.010307 
1711.182081 0.010839 
1710.015317 0.011150 
1708.848553 0.011464 
1707.681790 0.011590 
1706.515026 0.012090 
1705.348262 0.012631 
1704.181498 0.012920 
1703.014734 0.012920 
1701.847970 0.013347 
1700.681206 0.013890 
1699.514443 0.014250 
1698.347679 0.014520 
1697.180915 0.015057 
1696.014151 0.015149 
1694.847387 0.015588 
1693.680623 0.015778 
1692.513859 0.016030 
1691.347096 0.016417 
1690.180332 0.016920 
1689.013568 0.017046 
1687.846804 0.017370 
1686.680040 0.017684 
1685.513276 0.017811 
1684.346512 0.017863 
1683.179749 0.018260 
1682.012985 0.018260 
1680.846221 0.018253 
1679.679457 0.018681 
1678.512693 0.018700 
1677.345929 0.018696 
1676.179165 0.018690 
1675.012402 0.018690 
1673.845638 0.018690 
1672.678874 0.018680 
1671.512110 0.018680 
1670.345346 0.018680 
1669.178582 0.018292 
1668.011818 0.018220 
1666.845055 0.018099 
1665.678291 0.017760 
1664.511527 0.017760 
1663.344763 0.017349 
1662.177999 0.017254 
1661.011235 0.016847 
1659.844471 0.016840 
1658.677708 0.016511 
1657.510944 0.016381 
1656.344180 0.015930 
1655.177416 0.015768 
1654.010652 0.015474 
1652.843888 0.015470 
1651.677125 0.015024 
1650.510361 0.014568 
1649.343597 0.014375 
1648.176833 0.014110 
1647.010069 0.014110 
1645.843305 0.013642 
1644.676541 0.013098 
1643.509778 0.012755 
1642.343014 0.012750 
1641.176250 0.012355 
1640.009486 0.012261 
1638.842722 0.011850 
1637.675958 0.011622 
1636.509194 0.011400 
1635.342431 0.010983 
1634.175667 0.010500 
1633.008903 0.010344 
1631.842139 0.010050 
1630.675375 0.009706 
1629.508611 0.009600 
1628.341847 0.009150 
1627.175084 0.008972 
1626.008320 0.008700 
1624.841556 0.008342 
1623.674792 0.008239 
1622.508028 0.007810 
1621.341264 0.007611 
1620.174500 0.007360 
1619.007737 0.007360 
1617.840973 0.006910 
1616.674209 0.006910 
1615.507445 0.006689 
1614.340681 0.006460 
1613.173917 0.006460 
1612.007153 0.006010 
1610.840390 0.006010 
1609.673626 0.005772 
1608.506862 0.005562 
1607.340098 0.005560 
1606.173334 0.005483 
1605.006570 0.005110 
1603.839806 0.005110 
1602.673043 0.005110 
1601.506279 0.005096 
1600.339515 0.004660 
1599.172751 0.004660 
1598.005987 0.004654 
1596.839223 0.004650 
1595.672459 0.004649 
1594.505696 0.004522 
1593.338932 0.004200 
1592.172168 0.004200 
1591.005404 0.004191 
1589.838640 0.004190 
1588.671876 0.004051 
1587.505113 0.003745 
1586.338349 0.003740 
1585.171585 0.003740 
1584.004821 0.003738 
1582.838057 0.003730 
1581.671293 0.003730 
1580.504529 0.003385 
1579.337766 0.003280 
1578.171002 0.003280 
1577.004238 0.003276 
1575.837474 0.003270 
1574.670710 0.003270 
1573.503946 0.003251 
1572.337182 0.002827 
1571.170419 0.002820 
1570.003655 0.002820 
1568.836891 0.002811 
1567.670127 0.002810 
1566.503363 0.002807 
1565.336599 0.002800 
1564.169835 0.002800 
1563.003072 0.002391 
1561.836308 0.002359 
1560.669544 0.002350 
1559.502780 0.002350 
1558.336016 0.002342 
1557.169252 0.002340 
1556.002488 0.002340 
1554.835725 0.002165 
1553.668961 0.001894 
1552.502197 0.001890 
1551.335433 0.001890 
1550.168669 0.001880 
1549.001905 0.001880 
1547.835141 0.001873 
1546.668378 0.001497 
1545.501614 0.001837 
1544.334850 0.001430 
1543.168086 0.001425 
1542.001322 0.001420 
1540.834558 0.001420 
1539.667794 0.001410 
1538.501031 0.001263 
1537.334267 0.000970 
1536.167503 0.000973 
1535.000739 0.000983 
1533.833975 0.000991 
1532.667211 0.000998 
1531.500447 0.000749 
1530.333684 0.000582 
1529.166920 0.000591 
1528.000156 0.000600 
1526.833392 0.000608 
1525.666628 0.000616 
1524.499864 0.000625 
1523.333101 0.000634 
1522.166337 0.000643 
1520.999573 0.000651 
1519.832809 0.000660 
1518.666045 0.000669 
1517.499281 0.000679 
1516.332517 0.000687 
1515.165754 0.000695 
1513.998990 0.000382 
1512.832226 0.000690 
1511.665462 0.000721 
1510.498698 0.000730 
1509.331934 0.000738 
1508.165170 0.000747 
1506.998407 0.001189 
1505.831643 0.001202 
1504.664879 0.001210 
1503.498115 0.001486 
1502.331351 0.001658 
1501.164587 0.001690 
1499.997823 0.002225 
1498.831060 0.002560 
1497.664296 0.002864 
1496.497532 0.003400 
1495.330768 0.003942 
1494.164004 0.004477 
1492.997240 0.005016 
1491.830476 0.005874 
1490.663713 0.006951 
1489.496949 0.008027 
1488.330185 0.009104 
1487.163421 0.010187 
1485.996657 0.011267 
1484.829893 0.012796 
1483.663129 0.013893 
1482.496366 0.014986 
1481.329602 0.016087 
1480.162838 0.016810 
1478.996074 0.017365 
1477.829310 0.017812 
1476.662546 0.017617 
1475.495782 0.016782 
1474.329019 0.015697 
1473.162255 0.014618 
1471.995491 0.013672 
1470.828727 0.013140 
1469.661963 0.013246 
1468.495199 0.013794 
1467.328435 0.014856 
1466.161672 0.015796 
1464.994908 0.016347 
1463.828144 0.016899 
1462.661380 0.017020 
1461.494616 0.016950 
1460.327852 0.016410 
1459.161088 0.015609 
1457.994325 0.015250 
1456.827561 0.014810 
1455.660797 0.014822 
1454.494033 0.015026 
1453.327269 0.015577 
1452.160505 0.016125 
1450.993742 0.016680 
1449.826978 0.016989 
1448.660214 0.016670 
1447.493450 0.016365 
1446.326686 0.015426 
1445.159922 0.014790 
1443.993158 0.013868 
1442.826395 0.013330 
1441.659631 0.012793 
1440.492867 0.012690 
1439.326103 0.012702 
1438.159339 0.012878 
1436.992575 0.013166 
1435.825811 0.013526 
1434.659048 0.013631 
1433.492284 0.014177 
1432.325520 0.014540 
1431.158756 0.014830 
1429.991992 0.015000 
1428.825228 0.015011 
1427.658464 0.015137 
1426.491701 0.015263 
1425.324937 0.015037 
1424.158173 0.015049 
1422.991409 0.015051 
1421.824645 0.015063 
1420.657881 0.014837 
1419.491117 0.014627 
1418.324354 0.014218 
1417.157590 0.013751 
1415.990826 0.013603 
1414.824062 0.013071 
1413.657298 0.012538 
1412.490534 0.012440 
1411.323770 0.011916 
1410.157007 0.011392 
1408.990243 0.010859 
1407.823479 0.010327 
1406.656715 0.010245 
1405.489951 0.009715 
1404.323187 0.009190 
1403.156423 0.008665 
1401.989660 0.008136 
1400.822896 0.007650 
1399.656132 0.007524 
1398.489368 0.006999 
1397.322604 0.006474 
1396.155840 0.006359 
1394.989076 0.005872 
1393.822313 0.005493 
1392.655549 0.005262 
1391.488785 0.005070 
1390.322021 0.004652 
1389.155257 0.004572 
1387.988493 0.004224 
1386.821730 0.003972 
1385.654966 0.003800 
1384.488202 0.003370 
1383.321438 0.003382 
1382.154674 0.003390 
1380.987910 0.003111 
1379.821146 0.002969 
1378.654383 0.002980 
1377.487619 0.002860 
1376.320855 0.002555 
1375.154091 0.002567 
1373.987327 0.002570 
1372.820563 0.002193 
1371.653799 0.002449 
1370.487036 0.002160 
1369.320272 0.002167 
1368.153508 0.002180 
1366.986744 0.002182 
1365.819980 0.002194 
1364.653216 0.002200 
1363.486452 0.002208 
1362.319689 0.001780 
1361.152925 0.001790 
1359.986161 0.001794 
1358.819397 0.001806 
1357.652633 0.001810 
1356.485869 0.001821 
1355.319105 0.001830 
1354.152342 0.001835 
1352.985578 0.001847 
1351.818814 0.001850 
1350.652050 0.001860 
1349.485286 0.001863 
1348.318522 0.001875 
1347.151758 0.001880 
1345.984995 0.001889 
1344.818231 0.001900 
1343.651467 0.001904 
1342.484703 0.001916 
1341.317939 0.001920 
1340.151175 0.001930 
1338.984411 0.001940 
1337.817648 0.001944 
1336.650884 0.001950 
1335.484120 0.001958 
1334.317356 0.001970 
1333.150592 0.001972 
1331.983828 0.001985 
1330.817064 0.001990 
1329.650301 0.001999 
1328.483537 0.002010 
1327.316773 0.002013 
1326.150009 0.002020 
1324.983245 0.002027 
1323.816481 0.001632 
1322.649718 0.002041 
1321.482954 0.002053 
1320.316190 0.002060 
1319.149426 0.002068 
1317.982662 0.002080 
1316.815898 0.002082 
1315.649134 0.002090 
1314.482371 0.002096 
1313.315607 0.002108 
1312.148843 0.002110 
1310.982079 0.002120 
1309.815315 0.002124 
1308.648551 0.002137 
1307.481787 0.002140 
1306.315024 0.002119 
1305.148260 0.001844 
1303.981496 0.002165 
1302.814732 0.002177 
1301.647968 0.002180 
1300.481204 0.001803 
1299.314440 0.002193 
1298.147677 0.002205 
1296.980913 0.002210 
1295.814149 0.002210 
1294.647385 0.002198 
1293.480621 0.002190 
1292.313857 0.002184 
1291.147093 0.002172 
1289.980330 0.002170 
1288.813566 0.002064 
1287.646802 0.001904 
1286.480038 0.002144 
1285.313274 0.002132 
1284.146510 0.002129 
1282.979746 0.002117 
1281.812983 0.002110 
1280.646219 0.002103 
1279.479455 0.001706 
1278.312691 0.002089 
1277.145927 0.002080 
1275.979163 0.002075 
1274.812399 0.002063 
1273.645636 0.002060 
1272.478872 0.002048 
1271.312108 0.002040 
1270.145344 0.002034 
1268.978580 0.002022 
1267.811816 0.001583 
1266.645052 0.001668 
1265.478289 0.001824 
1264.311525 0.001828 
1263.144761 0.001982 
1261.977997 0.001980 
1260.811233 0.001967 
1259.644469 0.001960 
1258.477706 0.001953 
1257.310942 0.001950 
1256.144178 0.001939 
1254.977414 0.001930 
1253.810650 0.001925 
1252.643886 0.001913 
1251.477122 0.001910 
1250.310359 0.001899 
1249.143595 0.001890 
1247.976831 0.001884 
1246.810067 0.001872 
1245.643303 0.001870 
1244.476539 0.001858 
1243.309775 0.001850 
1242.143012 0.001844 
1240.976248 0.001832 
1239.809484 0.001830 
1238.642720 0.001818 
1237.475956 0.001810 
1236.309192 0.001803 
1235.142428 0.001791 
1233.975665 0.001789 
1232.808901 0.001777 
1231.642137 0.001770 
1230.475373 0.001763 
1229.308609 0.001751 
1228.141845 0.001749 
1226.975081 0.001737 
1225.808318 0.001730 
1224.641554 0.001722 
1223.474790 0.001710 
1222.308026 0.001700 
1221.141262 0.001696 
1219.974498 0.001690 
1218.807734 0.001682 
1217.640971 0.001245 
1216.474207 0.001660 
1215.307443 0.001656 
1214.140679 0.001644 
1212.973915 0.001640 
1211.807151 0.001629 
1210.640387 0.001620 
1209.473624 0.001615 
1208.306860 0.001603 
1207.140096 0.001204 
1205.973332 0.001197 
1204.806568 0.001577 
1203.639804 0.001570 
1202.473040 0.001563 
1201.306277 0.001142 
1200.139513 0.001480 
1198.972749 0.001265 
1197.805985 0.001530 
1196.639221 0.001522 
1195.472457 0.001081 
1194.305693 0.001508 
1193.138930 0.001496 
1191.972166 0.001214 
1190.805402 0.001409 
1189.638638 0.001470 
1188.471874 0.001460 
1187.305110 0.001455 
1186.138347 0.001443 
1184.971583 0.001440 
1183.804819 0.001429 
1182.638055 0.001420 
1181.471291 0.001415 
1180.304527 0.001403 
1179.137763 0.001391 
1177.971000 0.001389 
1176.804236 0.001376 
1175.637472 0.001370 
1174.470708 0.001362 
1173.303944 0.001350 
1172.137180 0.001431 
1170.970416 0.001593 
1169.803653 0.001593 
1168.636889 0.001752 
1167.470125 0.002180 
1166.303361 0.002170 
1165.136597 0.002165 
1163.969833 0.002444 
1162.803069 0.002581 
1161.636306 0.002570 
1160.469542 0.002567 
1159.302778 0.002555 
1158.136014 0.002238 
1156.969250 0.002101 
1155.802486 0.002090 
1154.635722 0.002087 
1153.468959 0.002075 
1152.302195 0.002070 
1151.135431 0.001635 
1149.968667 0.001696 
1148.801903 0.002212 
1147.635139 0.002470 
1146.468375 0.002462 
1145.301612 0.002464 
1144.134848 0.003417 
1142.968084 0.003937 
1141.801320 0.004457 
1140.634556 0.004977 
1139.467792 0.005938 
1138.301028 0.006581 
1137.134265 0.007642 
1135.967501 0.008701 
1134.800737 0.009765 
1133.633973 0.010780 
1132.467209 0.011455 
1131.300445 0.012285 
1130.133681 0.013151 
1128.966918 0.013799 
1127.800154 0.014332 
1126.633390 0.014864 
1125.466626 0.015134 
1124.299862 0.015122 
1123.133098 0.015120 
1121.966335 0.014658 
1120.799571 0.014461 
1119.632807 0.013910 
1118.466043 0.013362 
1117.299279 0.012367 
1116.132515 0.011699 
1114.965751 0.010618 
1113.798988 0.009529 
1112.632224 0.008840 
1111.465460 0.007813 
1110.298696 0.006736 
1109.131932 0.005892 
1107.965168 0.005033 
1106.798404 0.004378 
1105.631641 0.003834 
1104.464877 0.003293 
1103.298113 0.002761 
1102.131349 0.002221 
1100.964585 0.002120 
1099.797821 0.001668 
1098.631057 0.001660 
1097.464294 0.001383 
1096.297530 0.001210 
1095.130766 0.001200 
1093.964002 0.001082 
1092.797238 0.000746 
1091.630474 0.000737 
1090.463710 0.000728 
1089.296947 0.000719 
1088.130183 0.000709 
1086.963419 0.000700 
1085.796655 0.000691 
1084.629891 0.000683 
1083.463127 0.000615 
1082.296363 0.000229 
1081.129600 0.000220 
1079.962836 0.000542 
1078.796072 0.000636 
1077.629308 0.000271 
1076.462544 0.000617 
1075.295780 0.000609 
1074.129016 0.000600 
1072.962253 0.000156 
1071.795489 0.000246 
1070.628725 0.000572 
1069.461961 0.000562 
1068.295197 0.000553 
1067.128433 0.000544 
1065.961669 0.000535 
1064.794906 0.000525 
1063.628142 0.000516 
1062.461378 0.000508 
1061.294614 0.000497 
1060.127850 0.000488 
1058.961086 0.000712 
1057.794323 0.000905 
1056.627559 0.001311 
1055.460795 0.001391 
1054.294031 0.002076 
1053.127267 0.002872 
1051.960503 0.004084 
1050.793739 0.005227 
1049.626976 0.007012 
1048.460212 0.009492 
1047.293448 0.011918 
1046.126684 0.014992 
1044.959920 0.018741 
1043.793156 0.022706 
1042.626392 0.027156 
1041.459629 0.031641 
1040.292865 0.036595 
1039.126101 0.041183 
1037.959337 0.045394 
1036.792573 0.049824 
1035.625809 0.053601 
1034.459045 0.057166 
1033.292282 0.060196 
1032.125518 0.063035 
1030.958754 0.065466 
1029.791990 0.067508 
1028.625226 0.069344 
1027.458462 0.070574 
1026.291698 0.071595 
1025.124935 0.072206 
1023.958171 0.073245 
1022.791407 0.073939 
1021.624643 0.074556 
1020.457879 0.074935 
1019.291115 0.075270 
1018.124351 0.075887 
1016.957588 0.075939 
1015.790824 0.075776 
1014.624060 0.074884 
1013.457296 0.073626 
1012.290532 0.071895 
1011.123768 0.068806 
1009.957004 0.064935 
1008.790241 0.060397 
1007.623477 0.055207 
1006.456713 0.049849 
1005.289949 0.043907 
1004.123185 0.037550 
1002.956421 0.031556 
1001.789657 0.025924 
1000.622894 0.020843 
999.456130 0.016448 
998.289366 0.012484 
997.122602 0.009524 
995.955838 0.007215 
994.789074 0.005105 
993.622311 0.003629 
992.455547 0.002557 
991.288783 0.001794 
990.122019 0.000862 
988.955255 0.000723 
987.788491 0.000187 
986.621727 -0.000115 
985.454964 -0.000125 
984.288200 -0.000136 
983.121436 -0.000144 
981.954672 -0.000154 
980.787908 -0.000165 
979.621144 -0.000174 
978.454380 -0.000184 
977.287617 -0.000194 
976.120853 -0.000018 
974.954089 0.000221 
973.787325 0.000211 
972.620561 0.000636 
971.453797 0.000743 
970.287033 0.000847 
969.120270 0.000906 
967.953506 0.001031 
966.786742 0.001459 
965.619978 0.001447 
964.453214 0.001666 
963.286450 0.001863 
962.119686 0.002266 
960.952923 0.002347 
959.786159 0.002706 
958.619395 0.002947 
957.452631 0.003130 
956.285867 0.003557 
955.119103 0.003548 
953.952339 0.003718 
952.785576 0.004238 
951.618812 0.004392 
950.452048 0.004820 
949.285284 0.004928 
948.118520 0.005245 
946.951756 0.005529 
945.784992 0.005661 
944.618229 0.006099 
943.451465 0.006219 
942.284701 0.006739 
941.117937 0.006950 
939.951173 0.007350 
938.784409 0.007810 
937.617645 0.007960 
936.450882 0.008234 
935.284118 0.008568 
934.117354 0.008660 
932.950590 0.009181 
931.783826 0.009526 
930.617062 0.009787 
929.450298 0.010319 
928.283535 0.010400 
927.116771 0.010613 
925.950007 0.011300 
924.783243 0.011300 
923.616479 0.011681 
922.449715 0.012190 
921.282952 0.012319 
920.116188 0.012863 
918.949424 0.013090 
917.782660 0.013502 
916.615896 0.014046 
915.449132 0.014440 
914.282368 0.014685 
913.115605 0.014890 
911.948841 0.015324 
910.782077 0.015790 
909.615313 0.015962 
908.448549 0.016240 
907.281785 0.016970 
906.115021 0.016696 
904.948258 0.017250 
903.781494 0.017600 
902.614730 0.017889 
901.447966 0.018441 
900.281202 0.018960 
899.114438 0.019084 
897.947674 0.019636 
896.780911 0.019870 
895.614147 0.020284 
894.447383 0.020379 
893.280619 0.020927 
892.113855 0.021240 
890.947091 0.021580 
889.780327 0.021700 
888.613564 0.022231 
887.446800 0.022779 
886.280036 0.023070 
885.113272 0.023432 
883.946508 0.023530 
882.779744 0.024085 
881.612980 0.024450 
880.446217 0.024738 
879.279453 0.024910 
878.112689 0.025392 
876.945925 0.025837 
875.779161 0.026049 
874.612397 0.026611 
873.445633 0.026760 
872.278870 0.027220 
871.112106 0.027363 
869.945342 0.027926 
868.778578 0.028150 
867.611814 0.028579 
866.445050 0.028677 
865.278286 0.029246 
864.111523 0.029544 
862.944759 0.029540 
861.777995 0.030002 
860.611231 0.030100 
859.444467 0.030665 
858.277703 0.030940 
857.110940 0.031326 
855.944176 0.031424 
854.777412 0.031880 
853.610648 0.032092 
852.443884 0.032350 
851.277120 0.032759 
850.110356 0.032847 
848.943593 0.033280 
847.776829 0.033514 
846.610065 0.033750 
845.443301 0.033750 
844.276537 0.034280 
843.109773 0.034690 
841.943009 0.034690 
840.776246 0.035046 
839.609482 0.035160 
838.442718 0.035640 
837.275954 0.035822 
836.109190 0.036110 
834.942426 0.036489 
833.775662 0.036588 
832.608899 0.037050 
831.442135 0.037050 
830.275371 0.037360 
829.108607 0.037530 
827.941843 0.038000 
826.775079 0.038000 
825.608315 0.038000 
824.441552 0.038326 
823.274788 0.038470 
822.108024 0.038524 
820.941260 0.038950 
819.774496 0.038950 
818.607732 0.039299 
817.440968 0.039420 
816.274205 0.039822 
815.107441 0.039598 
813.940677 0.039900 
812.773913 0.040272 
811.607149 0.040370 
810.440385 0.040370 
809.273621 0.040572 
808.106858 0.040850 
806.940094 0.040850 
805.773330 0.040850 
804.606566 0.040974 
803.439802 0.041325 
802.273038 0.041320 
801.106274 0.041320 
799.939511 0.041800 
798.772747 0.041800 
797.605983 0.042048 
796.439219 0.041931 
795.272455 0.042250 
794.105691 0.042280 
792.938928 0.042280 
791.772164 0.042280 
790.605400 0.042645 
789.438636 0.042750 
788.271872 0.042750 
787.105108 0.042750 
785.938344 0.043045 
784.771581 0.042834 
783.604817 0.042750 
782.438053 0.042750 
781.271289 0.042750 
780.104525 0.042750 
778.937761 0.043169 
777.770997 0.042780 
776.604234 0.043220 
775.437470 0.043220 
774.270706 0.043220 
773.103942 0.043220 
771.937178 0.043220 
770.770414 0.043220 
769.603650 0.043220 
768.436887 0.043220 
767.270123 0.043220 
766.103359 0.043210 
764.936595 0.043210 
763.769831 0.043210 
762.603067 0.043210 
761.436303 0.043210 
760.269540 0.043210 
759.102776 0.043210 
757.936012 0.043210 
756.769248 0.043210 
755.602484 0.043168 
754.435720 0.042720 
753.268956 0.042720 
752.102193 0.042720 
750.935429 0.042720 
749.768665 0.042720 
748.601901 0.042563 
747.435137 0.042235 
746.268373 0.042230 
745.101609 0.042230 
743.934846 0.042230 
742.768082 0.042230 
741.601318 0.041949 
740.434554 0.042131 
739.267790 0.041750 
738.101026 0.041748 
736.934262 0.041740 
735.767499 0.041436 
734.600735 0.041260 
733.433971 0.041260 
732.267207 0.041260 
731.100443 0.041033 
729.933679 0.040780 
728.766916 0.040352 
727.600152 0.040300 
726.433388 0.040300 
725.266624 0.040050 
724.099860 0.039813 
722.933096 0.039810 
721.766332 0.039338 
720.599569 0.039330 
719.432805 0.039062 
718.266041 0.038852 
717.099277 0.038850 
715.932513 0.038378 
714.765749 0.038370 
713.598985 0.038079 
712.432222 0.037900 
711.265458 0.037420 
710.098694 0.037420 
708.931930 0.037200 
707.765166 0.036940 
706.598402 0.036940 
705.431638 0.036460 
704.264875 0.036460 
703.098111 0.036222 
701.931347 0.035983 
700.764583 0.035545 
699.597819 0.035446 
698.431055 0.035037 
697.264291 0.034769 
696.097528 0.034560 
694.930764 0.034102 
693.764000 0.033993 
692.597236 0.033610 
691.430472 0.033326 
690.263708 0.033140 
689.096944 0.033129 
687.930181 0.032668 
686.763417 0.032452 
685.596653 0.032190 
684.429889 0.032190 
683.263125 0.031720 
682.096361 0.031588 
680.929597 0.031019 
679.762834 0.030780 
678.596070 0.030352 
677.429306 0.030254 
676.262542 0.029840 
675.095778 0.029840 
673.929014 0.029488 
672.762250 0.028919 
671.595487 0.028821 
670.428723 0.028430 
669.261959 0.028159 
668.095195 0.027962 
666.928431 0.027500 
665.761667 0.027498 
664.594904 0.027293 
663.428140 0.026737 
662.261376 0.026172 
661.094612 0.026100 
659.927848 0.025975 
658.761084 0.025411 
657.594320 0.024854 
656.427557 0.025122 
655.260793 0.024240 
654.094029 0.024240 
652.927265 0.024240 
651.760501 0.023564 
650.593737 0.023311 
649.426973 0.023239 
648.260210 0.022850 
647.093446 0.022586 
645.926682 0.022390 
644.759918 0.021933 
643.593154 0.021837 
642.426390 0.021280 
641.259626 0.021010 
640.092863 0.021002 
638.926099 0.020540 
637.759335 0.020424 
636.592571 0.020080 
635.425807 0.019771 
634.259043 0.019620 
633.092279 0.019129 
631.925516 0.018845 
630.758752 0.018696 
629.591988 0.018250 
628.425224 0.017823 
627.258460 0.017790 
626.091696 0.017630 
624.924932 0.017079 
623.758169 0.016880 
622.591405 0.016870 
621.424641 0.016420 
620.257877 0.016237 
619.091113 0.015960 
617.924349 0.015592 
616.757585 0.015510 
615.590822 0.015393 
614.424058 0.015050 
613.257294 0.014755 
612.090530 0.014591 
610.923766 0.014556 
609.757002 0.014012 
608.590238 0.013913 
607.423475 0.013506 
606.256711 0.013231 
605.089947 0.013174 
603.923183 0.012780 
602.756419 0.013019 
601.589655 0.012550 
600.422891 0.012320 
599.256128 0.012242 
598.089364 0.011870 
596.922600 0.011870 
595.755836 0.011148 
594.589072 0.011850 
593.422308 0.010968 
592.255545 0.010960 
591.088781 0.010960 
589.922017 0.010577 
588.755253 0.010483 
587.588489 0.010060 
586.421725 0.009844 
585.254961 0.009913 
584.088198 0.010050 
582.921434 0.009600 
581.754670 0.009456 
580.587906 0.009150 
579.421142 0.009150 
578.254378 0.008723 
577.087614 0.008700 
575.920851 0.008700 
574.754087 0.008440 
573.587323 0.008250 
572.420559 0.008250 
571.253795 0.007891 
570.087031 0.007869 
568.920267 0.007626 
567.753504 0.007046 
566.586740 0.006920 
565.419976 0.007340 
564.253212 0.006926 
563.086448 0.006747 
561.919684 0.006501 
560.752920 0.006083 
559.586157 0.006613 
558.419393 0.006000 
557.252629 0.006318 
556.085865 0.005610 
554.919101 0.005171 
553.752337 0.005540 
552.585573 0.005540 
551.418810 0.005200 
550.252046 0.004658 
549.085282 0.004650 
547.918518 0.004650 
546.751754 0.004644 
545.584990 0.003918 
544.418226 0.004627 
543.251463 0.004198 
542.084699 0.003794 
540.917935 0.003600 
539.751171 0.004133 
538.584407 0.004075 
537.417643 0.003115 
536.250879 0.003740 
535.084116 0.002804 
533.917352 0.002815 
532.750588 0.003346 
531.583824 0.003578 
530.417060 0.002798 
529.250296 0.002400 
528.083533 0.003251 
526.916769 0.002675 
525.750005 0.001950 
524.583241 0.001950 
523.416477 0.001950 
522.249713 0.001084 
521.082949 0.001742 
519.916186 0.001443 
518.749422 0.001656 
517.582658 0.001867 
516.415894 0.000645 
515.249130 0.001050 
514.082366 0.001050 
512.915602 0.001043 
511.748839 0.001040 
510.582075 0.000552 
509.415311 0.000725 
508.248547 0.001209 
507.081783 -0.000056 
505.915019 -0.000700 
504.748255 -0.001160 
503.581492 -0.000677 
502.414728 -0.000365 
501.247964 -0.000390 
500.081200 -0.001610 
