3999.206000 0.000652 
3998.039236 0.000653 
3996.872472 0.000838 
3995.705708 0.000818 
3994.538945 0.000658 
3993.372181 0.000659 
3992.205417 0.000661 
3991.038653 0.000662 
3989.871889 0.000664 
3988.705125 0.000666 
3987.538361 0.000667 
3986.371598 0.000669 
3985.204834 0.000670 
3984.038070 0.000672 
3982.871306 0.000674 
3981.704542 0.000675 
3980.537778 0.000677 
3979.371014 0.000679 
3978.204251 0.000681 
3977.037487 0.000682 
3975.870723 0.000684 
3974.703959 0.000686 
3973.537195 0.000687 
3972.370431 0.000690 
3971.203667 0.000691 
3970.036904 0.000693 
3968.870140 0.000694 
3967.703376 0.000696 
3966.536612 0.000698 
3965.369848 0.000700 
3964.203084 0.000702 
3963.036321 0.000703 
3961.869557 0.000705 
3960.702793 0.000708 
3959.536029 0.000709 
3958.369265 0.000711 
3957.202501 0.000713 
3956.035737 0.000715 
3954.868974 0.000717 
3953.702210 0.000719 
3952.535446 0.000721 
3951.368682 0.000722 
3950.201918 0.000725 
3949.035154 0.000727 
3947.868390 0.000729 
3946.701627 0.000730 
3945.534863 0.000732 
3944.368099 0.000735 
3943.201335 0.000737 
3942.034571 0.000739 
3940.867807 0.000741 
3939.701043 0.000743 
3938.534280 0.000351 
3937.367516 0.000697 
3936.200752 0.000457 
3935.033988 0.000519 
3933.867224 0.000643 
3932.700460 0.000341 
3931.533696 0.000687 
3930.366933 0.000488 
3929.200169 0.000508 
3928.033405 0.000675 
3926.866641 0.000767 
3925.699877 0.000769 
3924.533113 0.000771 
3923.366349 0.000498 
3922.199586 0.000342 
3921.032822 0.000755 
3919.866058 0.000346 
3918.699294 0.000553 
3917.532530 0.000488 
3916.365766 0.000740 
3915.199002 0.000745 
3914.032239 0.000357 
3912.865475 0.000359 
3911.698711 0.000361 
3910.531947 0.000364 
3909.365183 0.000801 
3908.198419 0.000647 
3907.031655 0.000371 
3905.864892 0.000374 
3904.698128 0.000806 
3903.531364 0.000465 
3902.364600 0.000638 
3901.197836 0.000652 
3900.031072 0.000461 
3898.864309 0.000405 
3897.697545 0.000718 
3896.530781 0.000393 
3895.364017 0.000396 
3894.197253 0.000399 
3893.030489 0.000835 
3891.863725 0.000709 
3890.696962 0.000406 
3889.530198 0.000408 
3888.363434 0.000814 
3887.196670 0.000473 
3886.029906 0.000851 
3884.863142 0.000854 
3883.696378 0.000857 
3882.529615 0.000859 
3881.362851 0.000861 
3880.196087 0.000693 
3879.029323 0.000694 
3877.862559 0.000869 
3876.695795 0.000872 
3875.529031 0.000874 
3874.362268 0.000877 
3873.195504 0.000880 
3872.028740 0.000883 
3870.861976 0.000886 
3869.695212 0.000888 
3868.528448 0.000891 
3867.361684 0.000894 
3866.194921 0.000897 
3865.028157 0.000900 
3863.861393 0.000902 
3862.694629 0.000905 
3861.527865 0.000908 
3860.361101 0.000911 
3859.194337 0.000913 
3858.027574 0.000916 
3856.860810 0.000919 
3855.694046 0.001271 
3854.527282 0.000926 
3853.360518 0.000928 
3852.193754 0.000931 
3851.026990 0.000934 
3849.860227 0.000938 
3848.693463 0.000940 
3847.526699 0.000943 
3846.359935 0.000739 
3845.193171 0.000813 
3844.026407 0.000952 
3842.859643 0.000955 
3841.692880 0.000958 
3840.526116 0.000732 
3839.359352 0.000849 
3838.192588 0.000967 
3837.025824 0.000535 
3835.859060 0.000538 
3834.692296 0.000542 
3833.525533 0.000545 
3832.358769 0.000980 
3831.192005 0.000897 
3830.025241 0.000733 
3828.858477 0.000721 
3827.691713 0.000560 
3826.524950 0.000564 
3825.358186 0.000567 
3824.191422 0.000570 
3823.024658 0.000865 
3821.857894 0.001010 
3820.691130 0.001011 
3819.524366 0.001020 
3818.357603 0.001020 
3817.190839 0.001020 
3816.024075 0.000624 
3814.857311 0.001030 
3813.690547 0.000881 
3812.523783 0.000846 
3811.357019 0.000707 
3810.190256 0.001030 
3809.023492 0.001050 
3807.856728 0.001050 
3806.689964 0.000789 
3805.523200 0.000979 
3804.356436 0.001049 
3803.189672 0.000733 
3802.022909 0.001070 
3800.856145 0.000786 
3799.689381 0.000640 
3798.522617 0.000675 
3797.355853 0.000957 
3796.189089 0.000867 
3795.022325 0.001090 
3793.855562 0.001090 
3792.688798 0.000714 
3791.522034 0.001100 
3790.355270 0.001100 
3789.188506 0.000777 
3788.021742 0.001094 
3786.854978 0.001110 
3785.688215 0.001114 
3784.521451 0.001120 
3783.354687 0.001120 
3782.187923 0.000696 
3781.021159 0.001130 
3779.854395 0.001130 
3778.687631 0.001136 
3777.520868 0.000772 
3776.354104 0.001141 
3775.187340 0.001150 
3774.020576 0.001150 
3772.853812 0.000855 
3771.687048 0.001115 
3770.520284 0.001161 
3769.353521 0.001031 
3768.186757 0.000736 
3767.019993 0.001056 
3765.853229 0.001179 
3764.686465 0.001180 
3763.519701 0.001184 
3762.352938 0.001190 
3761.186174 0.001190 
3760.019410 0.001200 
3758.852646 0.001200 
3757.685882 0.001204 
3756.519118 0.001210 
3755.352354 0.001210 
3754.185591 0.001239 
3753.018827 0.001540 
3751.852063 0.001220 
3750.685299 0.001517 
3749.518535 0.001280 
3748.351771 0.001231 
3747.185007 0.001240 
3746.018244 0.001466 
3744.851480 0.001369 
3743.684716 0.001250 
3742.517952 0.001251 
3741.351188 0.001260 
3740.184424 0.001260 
3739.017660 0.001268 
3737.850897 0.001270 
3736.684133 0.001354 
3735.517369 0.001538 
3734.350605 0.001280 
3733.183841 0.001288 
3732.017077 0.001290 
3730.850313 0.001292 
3729.683550 0.001300 
3728.516786 0.001300 
3727.350022 0.001309 
3726.183258 0.001310 
3725.016494 0.001313 
3723.849730 0.001320 
3722.682966 0.001320 
3721.516203 0.001329 
3720.349439 0.001330 
3719.182675 0.001333 
3718.015911 0.001340 
3716.849147 0.001340 
3715.682383 0.001350 
3714.515619 0.001352 
3713.348856 0.001526 
3712.182092 0.001534 
3711.015328 0.001368 
3709.848564 0.001794 
3708.681800 0.001372 
3707.515036 0.001380 
3706.348272 0.001380 
3705.181509 0.001389 
3704.014745 0.001390 
3702.847981 0.001393 
3701.681217 0.001613 
3700.514453 0.001535 
3699.347689 0.001409 
3698.180926 0.001411 
3697.014162 0.001559 
3695.847398 0.001855 
3694.680634 0.001541 
3693.513870 0.001839 
3692.347106 0.001870 
3691.180342 0.001711 
3690.013579 0.001945 
3688.846815 0.001970 
3687.680051 0.001890 
3686.513287 0.001890 
3685.346523 0.001894 
3684.179759 0.001900 
3683.012995 0.001900 
3681.846232 0.001910 
3680.679468 0.001913 
3679.512704 0.002121 
3678.345940 0.002357 
3677.179176 0.002360 
3676.012412 0.002360 
3674.845648 0.002360 
3673.678885 0.002355 
3672.512121 0.002350 
3671.345357 0.002762 
3670.178593 0.002413 
3669.011829 0.002627 
3667.845065 0.002344 
3666.678301 0.002340 
3665.511538 0.002773 
3664.344774 0.002778 
3663.178010 0.002770 
3662.011246 0.002770 
3660.844482 0.002770 
3659.677718 0.002770 
3658.510954 0.002770 
3657.344191 0.002965 
3656.177427 0.003200 
3655.010663 0.003200 
3653.843899 0.003199 
3652.677135 0.003319 
3651.510371 0.003630 
3650.343607 0.003630 
3649.176844 0.003621 
3648.010080 0.003620 
3646.843316 0.003620 
3645.676552 0.003620 
3644.509788 0.003620 
3643.343024 0.004037 
3642.176260 0.004050 
3641.009497 0.004050 
3639.842733 0.004050 
3638.675969 0.004050 
3637.509205 0.004480 
3636.342441 0.004480 
3635.175677 0.004480 
3634.008914 0.004765 
3632.842150 0.004911 
3631.675386 0.004939 
3630.508622 0.005228 
3629.341858 0.005124 
3628.175094 0.005350 
3627.008330 0.005350 
3625.841567 0.005349 
3624.674803 0.005483 
3623.508039 0.005780 
3622.341275 0.005780 
3621.174511 0.006200 
3620.007747 0.006218 
3618.840983 0.006210 
3617.674220 0.006467 
3616.507456 0.006650 
3615.340692 0.006650 
3614.173928 0.006744 
3613.007164 0.007090 
3611.840400 0.007090 
3610.673636 0.007452 
3609.506873 0.007520 
3608.340109 0.007635 
3607.173345 0.007960 
3606.006581 0.007960 
3604.839817 0.007960 
3603.673053 0.008400 
3602.506289 0.008400 
3601.339526 0.008629 
3600.172762 0.008840 
3599.005998 0.008840 
3597.839234 0.009280 
3596.672470 0.009438 
3595.505706 0.009720 
3594.338942 0.009720 
3593.172179 0.010155 
3592.005415 0.010160 
3590.838651 0.010339 
3589.671887 0.010872 
3588.505123 0.011040 
3587.338359 0.011057 
3586.171595 0.011488 
3585.004832 0.011480 
3583.838068 0.011780 
3582.671304 0.011930 
3581.504540 0.012370 
3580.337776 0.012503 
3579.171012 0.012815 
3578.004248 0.013132 
3576.837485 0.013260 
3575.670721 0.013709 
3574.503957 0.013855 
3573.337193 0.014150 
3572.170429 0.014494 
3571.003665 0.015028 
3569.836902 0.015123 
3568.670138 0.015490 
3567.503374 0.015761 
3566.336610 0.016306 
3565.169846 0.016400 
3564.003082 0.016944 
3562.836318 0.017290 
3561.669555 0.017583 
3560.502791 0.018128 
3559.336027 0.018222 
3558.169263 0.018766 
3557.002499 0.019311 
3555.835735 0.019540 
3554.668971 0.019949 
3553.502208 0.020504 
3552.335444 0.021051 
3551.168680 0.021602 
3550.001916 0.022154 
3548.835152 0.022270 
3547.668388 0.022797 
3546.501624 0.023350 
3545.334861 0.023900 
3544.168097 0.024824 
3543.001333 0.025014 
3541.834569 0.025568 
3540.667805 0.026116 
3539.501041 0.026673 
3538.334277 0.027627 
3537.167514 0.028256 
3536.000750 0.028812 
3534.833986 0.029374 
3533.667222 0.029935 
3532.500458 0.030912 
3531.333694 0.031519 
3530.166930 0.032088 
3529.000167 0.032897 
3527.833403 0.034030 
3526.666639 0.034723 
3525.499875 0.035834 
3524.333111 0.036630 
3523.166347 0.037168 
3521.999583 0.038313 
3520.832820 0.039452 
3519.666056 0.040132 
3518.499292 0.041083 
3517.332528 0.041956 
3516.165764 0.043110 
3514.999000 0.044249 
3513.832236 0.044951 
3512.665473 0.046116 
3511.498709 0.047283 
3510.331945 0.048453 
3509.165181 0.049626 
3507.998417 0.050657 
3506.831653 0.051498 
3505.664889 0.052677 
3504.498126 0.053860 
3503.331362 0.055055 
3502.164598 0.056245 
3500.997834 0.057443 
3499.831070 0.058640 
3498.664306 0.059838 
3497.497543 0.061045 
3496.330779 0.062247 
3495.164015 0.063463 
3493.997251 0.064676 
3492.830487 0.065897 
3491.663723 0.067118 
3490.496959 0.068340 
3489.330196 0.069569 
3488.163432 0.070802 
3486.996668 0.072037 
3485.829904 0.073280 
3484.663140 0.074519 
3483.496376 0.075765 
3482.329612 0.077020 
3481.162849 0.077757 
3479.996085 0.079179 
3478.829321 0.080502 
3477.662557 0.081530 
3476.495793 0.082800 
3475.329029 0.084071 
3474.162265 0.085341 
3472.995502 0.086303 
3471.828738 0.087369 
3470.661974 0.088651 
3469.495210 0.089946 
3468.328446 0.091240 
3467.161682 0.092534 
3465.994918 0.093829 
3464.828155 0.095134 
3463.661391 0.096295 
3462.494627 0.097212 
3461.327863 0.098523 
3460.161099 0.099840 
3458.994335 0.101159 
3457.827571 0.102315 
3456.660808 0.103271 
3455.494044 0.104602 
3454.327280 0.106463 
3453.160516 0.107834 
3451.993752 0.109177 
3450.826988 0.110526 
3449.660224 0.111881 
3448.493461 0.113246 
3447.326697 0.114602 
3446.159933 0.115974 
3444.993169 0.117347 
3443.826405 0.118722 
3442.659641 0.120646 
3441.492877 0.121637 
3440.326114 0.123454 
3439.159350 0.124845 
3437.992586 0.126245 
3436.825822 0.127649 
3435.659058 0.129064 
3434.492294 0.130777 
3433.325531 0.132056 
3432.158767 0.133869 
3430.992003 0.135338 
3429.825239 0.136979 
3428.658475 0.138808 
3427.491711 0.140255 
3426.324947 0.141706 
3425.158184 0.143275 
3423.991420 0.145224 
3422.824656 0.146694 
3421.657892 0.148170 
3420.491128 0.149663 
3419.324364 0.151744 
3418.157600 0.153232 
3416.990837 0.154726 
3415.824073 0.156765 
3414.657309 0.158357 
3413.490545 0.159328 
3412.323781 0.160758 
3411.157017 0.163988 
3409.990253 0.165706 
3408.823490 0.167324 
3407.656726 0.169431 
3406.489962 0.170980 
3405.323198 0.172052 
3404.156434 0.174085 
3402.989670 0.175784 
3401.822906 0.178156 
3400.656143 0.180140 
3399.489379 0.181724 
3398.322615 0.183340 
3397.155851 0.185588 
3395.989087 0.187202 
3394.822323 0.188823 
3393.655559 0.190443 
3392.488796 0.192076 
3391.322032 0.193894 
3390.155268 0.196026 
3388.988504 0.197679 
3387.821740 0.199335 
3386.654976 0.200994 
3385.488212 0.202667 
3384.321449 0.203976 
3383.154685 0.204300 
3381.987921 0.205621 
3380.821157 0.208706 
3379.654393 0.210412 
3378.487629 0.211706 
3377.320865 0.213121 
3376.154102 0.214129 
3374.987338 0.214726 
3373.820574 0.217578 
3372.653810 0.219308 
3371.487046 0.221048 
3370.320282 0.222080 
3369.153519 0.223835 
3367.986755 0.225593 
3366.819991 0.226865 
3365.653227 0.228396 
3364.486463 0.229443 
3363.319699 0.231224 
3362.152935 0.232632 
3360.986172 0.234065 
3359.819408 0.235172 
3358.652644 0.236819 
3357.485880 0.237727 
3356.319116 0.239058 
3355.152352 0.240299 
3353.985588 0.241957 
3352.818825 0.243638 
3351.652061 0.244561 
3350.485297 0.245953 
3349.318533 0.247808 
3348.151769 0.248892 
3346.985005 0.250577 
3345.818241 0.251862 
3344.651478 0.253220 
3343.484714 0.254840 
3342.317950 0.255949 
3341.151186 0.257617 
3339.984422 0.258962 
3338.817658 0.260312 
3337.650894 0.261267 
3336.484131 0.262327 
3335.317367 0.263982 
3334.150603 0.265384 
3332.983839 0.266708 
3331.817075 0.268460 
3330.650311 0.269463 
3329.483547 0.270750 
3328.316784 0.272225 
3327.150020 0.273869 
3325.983256 0.275015 
3324.816492 0.276185 
3323.649728 0.277814 
3322.482964 0.279349 
3321.316200 0.280633 
3320.149437 0.282410 
3318.982673 0.282873 
3317.815909 0.284484 
3316.649145 0.286080 
3315.482381 0.287351 
3314.315617 0.288465 
3313.148853 0.290233 
3311.982090 0.291255 
3310.815326 0.292916 
3309.648562 0.294162 
3308.481798 0.295201 
3307.315034 0.296560 
3306.148270 0.298132 
3304.981507 0.299180 
3303.814743 0.300226 
3302.647979 0.302145 
3301.481215 0.303198 
3300.314451 0.304250 
3299.147687 0.306052 
3297.980923 0.307246 
3296.814160 0.308320 
3295.647396 0.309385 
3294.480632 0.311062 
3293.313868 0.312422 
3292.147104 0.313499 
3290.980340 0.314579 
3289.813576 0.316130 
3288.646813 0.317647 
3287.480049 0.318744 
3286.313285 0.319836 
3285.146521 0.320937 
3283.979757 0.322556 
3282.812993 0.324049 
3281.646229 0.325159 
3280.479466 0.326273 
3279.312702 0.327385 
3278.145938 0.328498 
3276.979174 0.329620 
3275.812410 0.330744 
3274.645646 0.331870 
3273.478882 0.332995 
3272.312119 0.334126 
3271.145355 0.335264 
3269.978591 0.336400 
3268.811827 0.337538 
3267.645063 0.338680 
3266.478299 0.339829 
3265.311535 0.340979 
3264.144772 0.342129 
3262.978008 0.343287 
3261.811244 0.343910 
3260.644480 0.344643 
3259.477716 0.345804 
3258.310952 0.346800 
3257.144188 0.347177 
3255.977425 0.348344 
3254.810661 0.349517 
3253.643897 0.349721 
3252.477133 0.350670 
3251.310369 0.351102 
3250.143605 0.352281 
3248.976841 0.352620 
3247.810078 0.353600 
3246.643314 0.353874 
3245.476550 0.354585 
3244.309786 0.354590 
3243.143022 0.355482 
3241.976258 0.355570 
3240.809494 0.355570 
3239.642731 0.355570 
3238.475967 0.356312 
3237.309203 0.356560 
3236.142439 0.356560 
3234.975675 0.356560 
3233.808911 0.356566 
3232.642148 0.356570 
3231.475384 0.356570 
3230.308620 0.356570 
3229.141856 0.356570 
3227.975092 0.356570 
3226.808328 0.356570 
3225.641564 0.355590 
3224.474801 0.355590 
3223.308037 0.355595 
3222.141273 0.354929 
3220.974509 0.354620 
3219.807745 0.354518 
3218.640981 0.353640 
3217.474217 0.353132 
3216.307454 0.352670 
3215.140690 0.352670 
3213.973926 0.351692 
3212.807162 0.351345 
3211.640398 0.350171 
3210.473634 0.349760 
3209.306870 0.348798 
3208.140107 0.347830 
3206.973343 0.347431 
3205.806579 0.346264 
3204.639815 0.345111 
3203.473051 0.344911 
3202.306287 0.343753 
3201.139523 0.343040 
3199.972760 0.342403 
3198.805996 0.341254 
3197.639232 0.340105 
3196.472468 0.338959 
3195.305704 0.337821 
3194.138940 0.336684 
3192.972176 0.336420 
3191.805413 0.334411 
3190.638649 0.333610 
3189.471885 0.333091 
3188.305121 0.331252 
3187.138357 0.330820 
3185.971593 0.328970 
3184.804829 0.328241 
3183.638066 0.326572 
3182.471302 0.325467 
3181.304538 0.324367 
3180.137774 0.323256 
3178.971010 0.322159 
3177.804246 0.321064 
3176.637482 0.319972 
3175.470719 0.317973 
3174.303955 0.316887 
3173.137191 0.315806 
3171.970427 0.314724 
3170.803663 0.312834 
3169.636899 0.311681 
3168.470136 0.310607 
3167.303372 0.309066 
3166.136608 0.307599 
3164.969844 0.306534 
3163.803080 0.304601 
3162.636316 0.303217 
3161.469552 0.301626 
3160.302789 0.300582 
3159.136025 0.298680 
3157.969261 0.297450 
3156.802497 0.295744 
3155.635733 0.294165 
3154.468969 0.292828 
3153.302205 0.290959 
3152.135442 0.289708 
3150.968678 0.288078 
3149.801914 0.286483 
3148.635150 0.284469 
3147.468386 0.283281 
3146.301622 0.281282 
3145.134858 0.279717 
3143.968095 0.278121 
3142.801331 0.276914 
3141.634567 0.274293 
3140.467803 0.273013 
3139.301039 0.271052 
3138.134275 0.269105 
3136.967511 0.267964 
3135.800748 0.266031 
3134.633984 0.264100 
3133.467220 0.262183 
3132.300456 0.260271 
3131.133692 0.258371 
3129.966928 0.256474 
3128.800164 0.254592 
3127.633401 0.252717 
3126.466637 0.250850 
3125.299873 0.248988 
3124.133109 0.247130 
3122.966345 0.245287 
3121.799581 0.243450 
3120.632817 0.240915 
3119.466054 0.239048 
3118.299290 0.237237 
3117.132526 0.235435 
3115.965762 0.233070 
3114.798998 0.231109 
3113.632234 0.229333 
3112.465470 0.227269 
3111.298707 0.225065 
3110.131943 0.223311 
3108.965179 0.221567 
3107.798415 0.219656 
3106.631651 0.217382 
3105.464887 0.215190 
3104.298124 0.213236 
3103.131360 0.211475 
3101.964596 0.209127 
3100.797832 0.207090 
3099.631068 0.205057 
3098.464304 0.202752 
3097.297540 0.200939 
3096.130777 0.198683 
3094.964013 0.196666 
3093.797249 0.194712 
3092.630485 0.192420 
3091.463721 0.190657 
3090.296957 0.188484 
3089.130193 0.186477 
3087.963430 0.184608 
3086.796666 0.182343 
3085.629902 0.180097 
3084.463138 0.178235 
3083.296374 0.175876 
3082.129610 0.174079 
3080.962846 0.171870 
3079.796083 0.170147 
3078.629319 0.167829 
3077.462555 0.165962 
3076.295791 0.163857 
3075.129027 0.161650 
3073.962263 0.159930 
3072.795499 0.157668 
3071.628736 0.155872 
3070.461972 0.153790 
3069.295208 0.151654 
3068.128444 0.149948 
3066.961680 0.147734 
3065.794916 0.145533 
3064.628152 0.143940 
3063.461389 0.141764 
3062.294625 0.139590 
3061.127861 0.137802 
3059.961097 0.135876 
3058.794333 0.133763 
3057.627569 0.132186 
3056.460805 0.130062 
3055.294042 0.128344 
3054.127278 0.126427 
3052.960514 0.124902 
3051.793750 0.122813 
3050.626986 0.120738 
3049.460222 0.119082 
3048.293458 0.117180 
3047.126695 0.115694 
3045.959931 0.113849 
3044.793167 0.112171 
3043.626403 0.110147 
3042.459639 0.108668 
3041.292875 0.106775 
3040.126112 0.105436 
3038.959348 0.103768 
3037.792584 0.102233 
3036.625820 0.100365 
3035.459056 0.099048 
3034.292292 0.097493 
3033.125528 0.095885 
3031.958765 0.094587 
3030.792001 0.092753 
3029.625237 0.091459 
3028.458473 0.089898 
3027.291709 0.088346 
3026.124945 0.087064 
3024.958181 0.085793 
3023.791418 0.084522 
3022.624654 0.083252 
3021.457890 0.081982 
3020.291126 0.080721 
3019.124362 0.079464 
3017.957598 0.078209 
3016.790834 0.077269 
3015.624071 0.076228 
3014.457307 0.074991 
3013.290543 0.074256 
3012.123779 0.073237 
3010.957015 0.072620 
3009.790251 0.072003 
3008.623487 0.070876 
3007.456724 0.070262 
3006.289960 0.069900 
3005.123196 0.069545 
3003.956432 0.068937 
3002.789668 0.068831 
3001.622904 0.068380 
3000.456140 0.068113 
2999.289377 0.067880 
2998.122613 0.067880 
2996.955849 0.067880 
2995.789085 0.067884 
2994.622321 0.067890 
2993.455557 0.067486 
2992.288793 0.067380 
2991.122030 0.067282 
2989.955266 0.066880 
2988.788502 0.066564 
2987.621738 0.065959 
2986.454974 0.065345 
2985.288210 0.064739 
2984.121446 0.064134 
2982.954683 0.063189 
2981.787919 0.062424 
2980.621155 0.061280 
2979.454391 0.060228 
2978.287627 0.059630 
2977.120863 0.058668 
2975.954099 0.057940 
2974.787336 0.057420 
2973.620572 0.057241 
2972.453808 0.056926 
2971.287044 0.056930 
2970.120280 0.056930 
2968.953516 0.056930 
2967.786753 0.056930 
2966.619989 0.057239 
2965.453225 0.057430 
2964.286461 0.057948 
2963.119697 0.058422 
2961.952933 0.058653 
2960.786169 0.058920 
2959.619406 0.058929 
2958.452642 0.059420 
2957.285878 0.059423 
2956.119114 0.059430 
2954.952350 0.059430 
2953.785586 0.058968 
2952.618822 0.058873 
2951.452059 0.058272 
2950.285295 0.057950 
2949.118531 0.057576 
2947.951767 0.056497 
2946.785003 0.055891 
2945.618239 0.055298 
2944.451475 0.054705 
2943.284712 0.054112 
2942.117948 0.053529 
2940.951184 0.052936 
2939.784420 0.052344 
2938.617656 0.052077 
2937.450892 0.051658 
2936.284128 0.051556 
2935.117365 0.050973 
2933.950601 0.050385 
2932.783837 0.050140 
2931.617073 0.049703 
2930.450309 0.049113 
2929.283545 0.048371 
2928.116781 0.047461 
2926.950018 0.046881 
2925.783254 0.045840 
2924.616490 0.044760 
2923.449726 0.044001 
2922.282962 0.043128 
2921.116198 0.042556 
2919.949434 0.041977 
2918.782671 0.041406 
2917.615907 0.040830 
2916.449143 0.040560 
2915.282379 0.040163 
2914.115615 0.040064 
2912.948851 0.039620 
2911.782087 0.039397 
2910.615324 0.039150 
2909.448560 0.038730 
2908.281796 0.037731 
2907.115032 0.037442 
2905.948268 0.036549 
2904.781504 0.035986 
2903.614741 0.035417 
2902.447977 0.034778 
2901.281213 0.033820 
2900.114449 0.033520 
2898.947685 0.033160 
2897.780921 0.032594 
2896.614157 0.032035 
2895.447394 0.031664 
2894.280630 0.031378 
2893.113866 0.030818 
2891.947102 0.030280 
2890.780338 0.030165 
2889.613574 0.029608 
2888.446810 0.029360 
2887.280047 0.028955 
2886.113283 0.028859 
2884.946519 0.028440 
2883.779755 0.028206 
2882.612991 0.027980 
2881.446227 0.027553 
2880.279463 0.027467 
2879.112700 0.027070 
2877.945936 0.027070 
2876.779172 0.026717 
2875.612408 0.026610 
2874.445644 0.026534 
2873.278880 0.026342 
2872.112116 0.026341 
2870.945353 0.026160 
2869.778589 0.026170 
2868.611825 0.026170 
2867.445061 0.026170 
2866.278297 0.026170 
2865.111533 0.026179 
2863.944769 0.026214 
2862.778006 0.026640 
2861.611242 0.026640 
2860.444478 0.026647 
2859.277714 0.027070 
2858.110950 0.027167 
2856.944186 0.027570 
2855.777422 0.027575 
2854.610659 0.027926 
2853.443895 0.028040 
2852.277131 0.028510 
2851.110367 0.028685 
2849.943603 0.029248 
2848.776839 0.029808 
2847.610075 0.030375 
2846.443312 0.031037 
2845.276548 0.032170 
2844.109784 0.033301 
2842.943020 0.034430 
2841.776256 0.036036 
2840.609492 0.037438 
2839.442729 0.039499 
2838.275965 0.041224 
2837.109201 0.042532 
2835.942437 0.044163 
2834.775673 0.045325 
2833.608909 0.046238 
2832.442145 0.046824 
2831.275382 0.046950 
2830.108618 0.046885 
2828.941854 0.046304 
2827.775090 0.045447 
2826.608326 0.043909 
2825.441562 0.042654 
2824.274798 0.040930 
2823.108035 0.039211 
2821.941271 0.037793 
2820.774507 0.036265 
2819.607743 0.035029 
2818.440979 0.033574 
2817.274215 0.032799 
2816.107451 0.031674 
2814.940688 0.030549 
2813.773924 0.029467 
2812.607160 0.028771 
2811.440396 0.027658 
2810.273632 0.026878 
2809.106868 0.026331 
2807.940104 0.025315 
2806.773341 0.024600 
2805.606577 0.023758 
2804.439813 0.022858 
2803.273049 0.022199 
2802.106285 0.021654 
2800.939521 0.020926 
2799.772757 0.020106 
2798.605994 0.019561 
2797.439230 0.019004 
2796.272466 0.018022 
2795.105702 0.017478 
2793.938938 0.016940 
2792.772174 0.016399 
2791.605410 0.015856 
2790.438647 0.015321 
2789.271883 0.014781 
2788.105119 0.014242 
2786.938355 0.013707 
2785.771591 0.013165 
2784.604827 0.012780 
2783.438063 0.012540 
2782.271300 0.012008 
2781.104536 0.011466 
2779.937772 0.011381 
2778.771008 0.010841 
2777.604244 0.010309 
2776.437480 0.010130 
2775.270717 0.009700 
2774.103953 0.009602 
2772.937189 0.009069 
2771.770425 0.008820 
2770.603661 0.008445 
2769.436897 0.008352 
2768.270133 0.007943 
2767.103370 0.007738 
2765.936606 0.007510 
2764.769842 0.007113 
2763.603078 0.007080 
2762.436314 0.006939 
2761.269550 0.006645 
2760.102786 0.006324 
2758.936023 0.006210 
2757.769259 0.006141 
2756.602495 0.005780 
2755.435731 0.005780 
2754.268967 0.005780 
2753.102203 0.005351 
2751.935439 0.005350 
2750.768676 0.005350 
2749.601912 0.005356 
2748.435148 0.004991 
2747.268384 0.004920 
2746.101620 0.004930 
2744.934856 0.004725 
2743.768092 0.004497 
2742.601329 0.004500 
2741.434565 0.004500 
2740.267801 0.004503 
2739.101037 0.004283 
2737.934273 0.004070 
2736.767509 0.004079 
2735.600745 0.004080 
2734.433982 0.003928 
2733.267218 0.003644 
2732.100454 0.003640 
2730.933690 0.003630 
2729.766926 0.003628 
2728.600162 0.003620 
2727.433398 0.003620 
2726.266635 0.003612 
2725.099871 0.003170 
2723.933107 0.003168 
2722.766343 0.003160 
2721.599579 0.003153 
2720.432815 0.003150 
2719.266051 0.003140 
2718.099288 0.003137 
2716.932524 0.002915 
2715.765760 0.002693 
2714.598996 0.002690 
2713.432232 0.002680 
2712.265468 0.002677 
2711.098705 0.002670 
2709.931941 0.002662 
2708.765177 0.002660 
2707.598413 0.002650 
2706.431649 0.002650 
2705.264885 0.002644 
2704.098121 0.002640 
2702.931358 0.002630 
2701.764594 0.002530 
2700.597830 0.002186 
2699.431066 0.002180 
2698.264302 0.002180 
2697.097538 0.002170 
2695.930774 0.002167 
2694.764011 0.002160 
2693.597247 0.002153 
2692.430483 0.002150 
2691.263719 0.002149 
2690.096955 0.002140 
2688.930191 0.002135 
2687.763427 0.002130 
2686.596664 0.002120 
2685.429900 0.002118 
2684.263136 0.002110 
2683.096372 0.002110 
2681.929608 0.002102 
2680.762844 0.002100 
2679.596080 0.001996 
2678.429317 0.001832 
2677.262553 0.001802 
2676.095789 0.002002 
2674.929025 0.002070 
2673.762261 0.002067 
2672.595497 0.002060 
2671.428733 0.002053 
2670.261970 0.001658 
2669.095206 0.001997 
2667.928442 0.001607 
2666.761678 0.001600 
2665.594914 0.001914 
2664.428150 0.002021 
2663.261386 0.001580 
2662.094623 0.001734 
2660.927859 0.001760 
2659.761095 0.001905 
2658.594331 0.002000 
2657.427567 0.001903 
2656.260803 0.001550 
2655.094039 0.001550 
2653.927276 0.001897 
2652.760512 0.001970 
2651.593748 0.001968 
2650.426984 0.001960 
2649.260220 0.001953 
2648.093456 0.001950 
2646.926692 0.001940 
2645.759929 0.001940 
2644.593165 0.001935 
2643.426401 0.001930 
2642.259637 0.001921 
2641.092873 0.001920 
2639.926109 0.001917 
2638.759346 0.001910 
2637.592582 0.001902 
2636.425818 0.001900 
2635.259054 0.001890 
2634.092290 0.001886 
2632.925526 0.002145 
2631.758762 0.002312 
2630.591999 0.002310 
2629.425235 0.002300 
2628.258471 0.002296 
2627.091707 0.002290 
2625.924943 0.002290 
2624.758179 0.002310 
2623.591415 0.002710 
2622.424652 0.002705 
2621.257888 0.002700 
2620.091124 0.002700 
2618.924360 0.003129 
2617.757596 0.003120 
2616.590832 0.003115 
2615.424068 0.003110 
2614.257305 0.003110 
2613.090541 0.003100 
2611.923777 0.003262 
2610.757013 0.003524 
2609.590249 0.003520 
2608.423485 0.003520 
2607.256721 0.003510 
2606.089958 0.003506 
2604.923194 0.003500 
2603.756430 0.003500 
2602.589666 0.003929 
2601.422902 0.003920 
2600.256138 0.003920 
2599.089374 0.003913 
2597.922611 0.003516 
2596.755847 0.003900 
2595.589083 0.003897 
2594.422319 0.003890 
2593.255555 0.003567 
2592.088791 0.003450 
2590.922027 0.003440 
2589.755264 0.003436 
2588.588500 0.003430 
2587.421736 0.003422 
2586.254972 0.003420 
2585.088208 0.003418 
2583.921444 0.003410 
2582.754680 0.003404 
2581.587917 0.003400 
2580.421153 0.003400 
2579.254389 0.003390 
2578.087625 0.003385 
2576.920861 0.003380 
2575.754097 0.003371 
2574.587334 0.003370 
2573.420570 0.003367 
2572.253806 0.003360 
2571.087042 0.003353 
2569.920278 0.003350 
2568.753514 0.003780 
2567.586750 0.003777 
2566.419987 0.003770 
2565.253223 0.003770 
2564.086459 0.003760 
2562.919695 0.003758 
2561.752931 0.003924 
2560.586167 0.003924 
2559.419403 0.004100 
2558.252640 0.004170 
2557.085876 0.004170 
2555.919112 0.004166 
2554.752348 0.004160 
2553.585584 0.004151 
2552.418820 0.004589 
2551.252056 0.004580 
2550.085293 0.004575 
2548.918529 0.004570 
2547.751765 0.004972 
2546.585001 0.005000 
2545.418237 0.004997 
2544.251473 0.004990 
2543.084709 0.004982 
2541.917946 0.004980 
2540.751182 0.004978 
2539.584418 0.004970 
2538.417654 0.004964 
2537.250890 0.004960 
2536.084126 0.004960 
2534.917362 0.004950 
2533.750599 0.004946 
2532.583835 0.004940 
2531.417071 0.004940 
2530.250307 0.004490 
2529.083543 0.004490 
2527.916779 0.004485 
2526.750015 0.004480 
2525.583252 0.004471 
2524.416488 0.004030 
2523.249724 0.004027 
2522.082960 0.004020 
2520.916196 0.003696 
2519.749432 0.003571 
2518.582668 0.003570 
2517.415905 0.003566 
2516.249141 0.003307 
2515.082377 0.003120 
2513.915613 0.003110 
2512.748849 0.003108 
2511.582085 0.002917 
2510.415322 0.002660 
2509.248558 0.002660 
2508.081794 0.002631 
2506.915030 0.002210 
2505.748266 0.002205 
2504.581502 0.002200 
2503.414738 0.002200 
2502.247975 0.002190 
2501.081211 0.002057 
2499.914447 0.001750 
2498.747683 0.001743 
2497.580919 0.001740 
2496.414155 0.001730 
2495.247391 0.001726 
2494.080628 0.001720 
2492.913864 0.001381 
2491.747100 0.001280 
2490.580336 0.001270 
2489.413572 0.001270 
2488.246808 0.001264 
2487.080044 0.001260 
2485.913281 0.001250 
2484.746517 0.001250 
2483.579753 0.001246 
2482.412989 0.001240 
2481.246225 0.001231 
2480.079461 0.001230 
2478.912697 0.001227 
2477.745934 0.001220 
2476.579170 0.001213 
2475.412406 0.001210 
2474.245642 0.000771 
2473.078878 0.000913 
2471.912114 0.000959 
2470.745350 0.000757 
2469.578587 0.001175 
2468.411823 0.001180 
2467.245059 0.001176 
2466.078295 0.001170 
2464.911531 0.001170 
2463.744767 0.001160 
2462.578003 0.001158 
2461.411240 0.001150 
2460.244476 0.001150 
2459.077712 0.001141 
2457.910948 0.001139 
2456.744184 0.001130 
2455.577420 0.001130 
2454.410656 0.001123 
2453.243893 0.001120 
2452.077129 0.001110 
2450.910365 0.001110 
2449.743601 0.001105 
2448.576837 0.001100 
2447.410073 0.001090 
2446.243310 0.001090 
2445.076546 0.001090 
2443.909782 0.001090 
2442.743018 0.001090 
2441.576254 0.001090 
2440.409490 0.001090 
2439.242726 0.001090 
2438.075963 0.001090 
2436.909199 0.001090 
2435.742435 0.001090 
2434.575671 0.001090 
2433.408907 0.001090 
2432.242143 0.001090 
2431.075379 0.001090 
2429.908616 0.001090 
2428.741852 0.001090 
2427.575088 0.001095 
2426.408324 0.001100 
2425.241560 0.001100 
2424.074796 0.001100 
2422.908032 0.001100 
2421.741269 0.001100 
2420.574505 0.001100 
2419.407741 0.001100 
2418.240977 0.001100 
2417.074213 0.001100 
2415.907449 0.001100 
2414.740685 0.001100 
2413.573922 0.001100 
2412.407158 0.000996 
2411.240394 0.000864 
2410.073630 0.000816 
2408.906866 0.001053 
2407.740102 0.001110 
2406.573338 0.000983 
2405.406575 0.000891 
2404.239811 0.000800 
2403.073047 0.000674 
2401.906283 0.000731 
2400.739519 0.000963 
2399.572755 0.000914 
2398.405991 0.001110 
2397.239228 0.000691 
2396.072464 0.000678 
2394.905700 0.000846 
2393.738936 0.000852 
2392.572172 0.000680 
2391.405408 0.001110 
2390.238644 0.001112 
2389.071881 0.001120 
2387.905117 0.001120 
2386.738353 0.001120 
2385.571589 0.001120 
2384.404825 0.001120 
2383.238061 0.001120 
2382.071297 0.001120 
2380.904534 0.001120 
2379.737770 0.001120 
2378.571006 0.001120 
2377.404242 0.001120 
2376.237478 0.001120 
2375.070714 0.001120 
2373.903951 0.001192 
2372.737187 0.001560 
2371.570423 0.001560 
2370.403659 0.001560 
2369.236895 0.001560 
2368.070131 0.001560 
2366.903367 0.001560 
2365.736604 0.001560 
2364.569840 0.001560 
2363.403076 0.001570 
2362.236312 0.001570 
2361.069548 0.001570 
2359.902784 0.001570 
2358.736020 0.001570 
2357.569257 0.001613 
2356.402493 0.001867 
2355.235729 0.001793 
2354.068965 0.002007 
2352.902201 0.002010 
2351.735437 0.002010 
2350.568673 0.002010 
2349.401910 0.002010 
2348.235146 0.002010 
2347.068382 0.002010 
2345.901618 0.002096 
2344.734854 0.002450 
2343.568090 0.002450 
2342.401326 0.002450 
2341.234563 0.002450 
2340.067799 0.002450 
2338.901035 0.002450 
2337.734271 0.002450 
2336.567507 0.002450 
2335.400743 0.002450 
2334.233979 0.002450 
2333.067216 0.002672 
2331.900452 0.002890 
2330.733688 0.002890 
2329.566924 0.002890 
2328.400160 0.002890 
2327.233396 0.002890 
2326.066632 0.003226 
2324.899869 0.003330 
2323.733105 0.002970 
2322.566341 0.003330 
2321.399577 0.003330 
2320.232813 0.003330 
2319.066049 0.003330 
2317.899285 0.003432 
2316.732522 0.003770 
2315.565758 0.003770 
2314.398994 0.003770 
2313.232230 0.003771 
2312.065466 0.003780 
2310.898702 0.003780 
2309.731939 0.003780 
2308.565175 0.003780 
2307.398411 0.004220 
2306.231647 0.004220 
2305.064883 0.004220 
2303.898119 0.004220 
2302.731355 0.004220 
2301.564592 0.004220 
2300.397828 0.004220 
2299.231064 0.004220 
2298.064300 0.004570 
2296.897536 0.004660 
2295.730772 0.004660 
2294.564008 0.004660 
2293.397245 0.004660 
2292.230481 0.004660 
2291.063717 0.004660 
2289.896953 0.004776 
2288.730189 0.005100 
2287.563425 0.005100 
2286.396661 0.005100 
2285.229898 0.005110 
2284.063134 0.005110 
2282.896370 0.005110 
2281.729606 0.005110 
2280.562842 0.005110 
2279.396078 0.005550 
2278.229314 0.005550 
2277.062551 0.005550 
2275.895787 0.005550 
2274.729023 0.005550 
2273.562259 0.005638 
2272.395495 0.005990 
2271.228731 0.005990 
2270.061967 0.005990 
2268.895204 0.005990 
2267.728440 0.005990 
2266.561676 0.005990 
2265.394912 0.005997 
2264.228148 0.006000 
2263.061384 0.006440 
2261.894620 0.006440 
2260.727857 0.006440 
2259.561093 0.006440 
2258.394329 0.006440 
2257.227565 0.006440 
2256.060801 0.006593 
2254.894037 0.006880 
2253.727273 0.006880 
2252.560510 0.006880 
2251.393746 0.006880 
2250.226982 0.006880 
2249.060218 0.006886 
2247.893454 0.006890 
2246.726690 0.006890 
2245.559927 0.006890 
2244.393163 0.006890 
2243.226399 0.007178 
2242.059635 0.007330 
2240.892871 0.007298 
2239.726107 0.007015 
2238.559343 0.007330 
2237.392580 0.007330 
2236.225816 0.007330 
2235.059052 0.006890 
2233.892288 0.007036 
2232.725524 0.007092 
2231.558760 0.006898 
2230.391996 0.006900 
2229.225233 0.006900 
2228.058469 0.006900 
2226.891705 0.006900 
2225.724941 0.006900 
2224.558177 0.006900 
2223.391413 0.006900 
2222.224649 0.006900 
2221.057886 0.006619 
2219.891122 0.006460 
2218.724358 0.006460 
2217.557594 0.006460 
2216.390830 0.006460 
2215.224066 0.006460 
2214.057302 0.006460 
2212.890539 0.006470 
2211.723775 0.006470 
2210.557011 0.006470 
2209.390247 0.006470 
2208.223483 0.006470 
2207.056719 0.006470 
2205.889955 0.006470 
2204.723192 0.006470 
2203.556428 0.006470 
2202.389664 0.006032 
2201.222900 0.006030 
2200.056136 0.006030 
2198.889372 0.006030 
2197.722608 0.006038 
2196.555845 0.006040 
2195.389081 0.006040 
2194.222317 0.006040 
2193.055553 0.006040 
2191.888789 0.006040 
2190.722025 0.006040 
2189.555261 0.005907 
2188.388498 0.005600 
2187.221734 0.005600 
2186.054970 0.005600 
2184.888206 0.005600 
2183.721442 0.005600 
2182.554678 0.005600 
2181.387915 0.005600 
2180.221151 0.005610 
2179.054387 0.005170 
2177.887623 0.005170 
2176.720859 0.005170 
2175.554095 0.005170 
2174.387331 0.005170 
2173.220568 0.005170 
2172.053804 0.005170 
2170.887040 0.004880 
2169.720276 0.004730 
2168.553512 0.004740 
2167.386748 0.004740 
2166.219984 0.004740 
2165.053221 0.004429 
2163.886457 0.004300 
2162.719693 0.004300 
2161.552929 0.004300 
2160.386165 0.004300 
2159.219401 0.004300 
2158.052637 0.004300 
2156.885874 0.004225 
2155.719110 0.003870 
2154.552346 0.003870 
2153.385582 0.003870 
2152.218818 0.003870 
2151.052054 0.003870 
2149.885290 0.003870 
2148.718527 0.003587 
2147.551763 0.003805 
2146.384999 0.003431 
2145.218235 0.003440 
2144.051471 0.003440 
2142.884707 0.003440 
2141.717943 0.003440 
2140.551180 0.003391 
2139.384416 0.003141 
2138.217652 0.003440 
2137.050888 0.003440 
2135.884124 0.003022 
2134.717360 0.003000 
2133.550596 0.003004 
2132.383833 0.003010 
2131.217069 0.002663 
2130.050305 0.002570 
2128.883541 0.002570 
2127.716777 0.002570 
2126.550013 0.002570 
2125.383249 0.002570 
2124.216486 0.002570 
2123.049722 0.002573 
2121.882958 0.002375 
2120.716194 0.002140 
2119.549430 0.002140 
2118.382666 0.002140 
2117.215903 0.002140 
2116.049139 0.002140 
2114.882375 0.002140 
2113.715611 0.002140 
2112.548847 0.002140 
2111.382083 0.001988 
2110.215319 0.001710 
2109.048556 0.001710 
2107.881792 0.001710 
2106.715028 0.001710 
2105.548264 0.001710 
2104.381500 0.001710 
2103.214736 0.001710 
2102.047972 0.001710 
2100.881209 0.001720 
2099.714445 0.001720 
2098.547681 0.001429 
2097.380917 0.001280 
2096.214153 0.001720 
2095.047389 0.001592 
2093.880625 0.001280 
2092.713862 0.001280 
2091.547098 0.001280 
2090.380334 0.001281 
2089.213570 0.001290 
2088.046806 0.001290 
2086.880042 0.001290 
2085.713278 0.001290 
2084.546515 0.001290 
2083.379751 0.001290 
2082.212987 0.001030 
2081.046223 0.001206 
2079.879459 0.000856 
2078.712695 0.000857 
2077.545931 0.001046 
2076.379168 0.001290 
2075.212404 0.001290 
2074.045640 0.001262 
2072.878876 0.000859 
2071.712112 0.001074 
2070.545348 0.001300 
2069.378584 0.001300 
2068.211821 0.001300 
2067.045057 0.001300 
2065.878293 0.001300 
2064.711529 0.001300 
2063.544765 0.001300 
2062.378001 0.001300 
2061.211237 0.001300 
2060.044474 0.001556 
2058.877710 0.001740 
2057.710946 0.001740 
2056.544182 0.001740 
2055.377418 0.001740 
2054.210654 0.001740 
2053.043890 0.001740 
2051.877127 0.001740 
2050.710363 0.001740 
2049.543599 0.001740 
2048.376835 0.001740 
2047.210071 0.001740 
2046.043307 0.001740 
2044.876544 0.001740 
2043.709780 0.001740 
2042.543016 0.001740 
2041.376252 0.001740 
2040.209488 0.001750 
2039.042724 0.001750 
2037.875960 0.001750 
2036.709197 0.001750 
2035.542433 0.001316 
2034.375669 0.001310 
2033.208905 0.001310 
2032.042141 0.001310 
2030.875377 0.001310 
2029.708613 0.001310 
2028.541850 0.001312 
2027.375086 0.001320 
2026.208322 0.001028 
2025.041558 0.000882 
2023.874794 0.001320 
2022.708030 0.001320 
2021.541266 0.001320 
2020.374503 0.001320 
2019.207739 0.000918 
2018.040975 0.000943 
2016.874211 0.001171 
2015.707447 0.000886 
2014.540683 0.000887 
2013.373919 0.001308 
2012.207156 0.000887 
2011.040392 0.001057 
2009.873628 0.001320 
2008.706864 0.001320 
2007.540100 0.001320 
2006.373336 0.001320 
2005.206572 0.001320 
2004.039809 0.001320 
2002.873045 0.001320 
2001.706281 0.001330 
2000.539517 0.001208 
1999.372753 0.001106 
1998.205989 0.001025 
1997.039225 0.000893 
1995.872462 0.001278 
1994.705698 0.000894 
1993.538934 0.001129 
1992.372170 0.001330 
1991.205406 0.000914 
1990.038642 0.000896 
1988.871878 0.000896 
1987.705115 0.000897 
1986.538351 0.000897 
1985.371587 0.000897 
1984.204823 0.000898 
1983.038059 0.000898 
1981.871295 0.000899 
1980.704532 0.000899 
1979.537768 0.000900 
1978.371004 0.001016 
1977.204240 0.001132 
1976.037476 0.000902 
1974.870712 0.000902 
1973.703948 0.001295 
1972.537185 0.001040 
1971.370421 0.001112 
1970.203657 0.001223 
1969.036893 0.001340 
1967.870129 0.001340 
1966.703365 0.001183 
1965.536601 0.001153 
1964.369838 0.001340 
1963.203074 0.001340 
1962.036310 0.001340 
1960.869546 0.001340 
1959.702782 0.001340 
1958.536018 0.001340 
1957.369254 0.001330 
1956.202491 0.001223 
1955.035727 0.001096 
1953.868963 0.001330 
1952.702199 0.001330 
1951.535435 0.001330 
1950.368671 0.001330 
1949.201907 0.001330 
1948.035144 0.001330 
1946.868380 0.001330 
1945.701616 0.001320 
1944.534852 0.001320 
1943.368088 0.001320 
1942.201324 0.001320 
1941.034560 0.001320 
1939.867797 0.001320 
1938.701033 0.001320 
1937.534269 0.001320 
1936.367505 0.001320 
1935.200741 0.001320 
1934.033977 0.001310 
1932.867213 0.001310 
1931.700450 0.001310 
1930.533686 0.001310 
1929.366922 0.001278 
1928.200158 0.000875 
1927.033394 0.000875 
1925.866630 0.001180 
1924.699866 0.001310 
1923.533103 0.001309 
1922.366339 0.001300 
1921.199575 0.001067 
1920.032811 0.001192 
1918.866047 0.001300 
1917.699283 0.001226 
1916.532520 0.001030 
1915.365756 0.001300 
1914.198992 0.001300 
1913.032228 0.001300 
1911.865464 0.001298 
1910.698700 0.001290 
1909.531936 0.001014 
1908.365173 0.001225 
1907.198409 0.001265 
1906.031645 0.000972 
1904.864881 0.001290 
1903.698117 0.001290 
1902.531353 0.001290 
1901.364589 0.001290 
1900.197826 0.001287 
1899.031062 0.001280 
1897.864298 0.001280 
1896.697534 0.001280 
1895.530770 0.001280 
1894.364006 0.001280 
1893.197242 0.001280 
1892.030479 0.000937 
1890.863715 0.001277 
1889.696951 0.001278 
1888.530187 0.001270 
1887.363423 0.001270 
1886.196659 0.000909 
1885.029895 0.000855 
1883.863132 0.001270 
1882.696368 0.001068 
1881.529604 0.000833 
1880.362840 0.001218 
1879.196076 0.000831 
1878.029312 0.000830 
1876.862548 0.001049 
1875.695785 0.000948 
1874.529021 0.000826 
1873.362257 0.001199 
1872.195493 0.000824 
1871.028729 0.001068 
1869.861965 0.001260 
1868.695201 0.000829 
1867.528438 0.001168 
1866.361674 0.000818 
1865.194910 0.000817 
1864.028146 0.000816 
1862.861382 0.001250 
1861.694618 0.001146 
1860.527854 0.001009 
1859.361091 0.000961 
1858.194327 0.001183 
1857.027563 0.000841 
1855.860799 0.001240 
1854.694035 0.001240 
1853.527271 0.001240 
1852.360508 0.001240 
1851.193744 0.001240 
1850.026980 0.001093 
1848.860216 0.001035 
1847.693452 0.000905 
1846.526688 0.001215 
1845.359924 0.001230 
1844.193161 0.001230 
1843.026397 0.000971 
1841.859633 0.001144 
1840.692869 0.001230 
1839.526105 0.001132 
1838.359341 0.000976 
1837.192577 0.001220 
1836.025814 0.001220 
1834.859050 0.001193 
1833.692286 0.000785 
1832.525522 0.000994 
1831.358758 0.001220 
1830.191994 0.001220 
1829.025230 0.001163 
1827.858467 0.000917 
1826.691703 0.001210 
1825.524939 0.001210 
1824.358175 0.001210 
1823.191411 0.001140 
1822.024647 0.000772 
1820.857883 0.000770 
1819.691120 0.000769 
1818.524356 0.000768 
1817.357592 0.000857 
1816.190828 0.001200 
1815.024064 0.000926 
1813.857300 0.000763 
1812.690536 0.001200 
1811.523773 0.001197 
1810.357009 0.001190 
1809.190245 0.001190 
1808.023481 0.001190 
1806.856717 0.001190 
1805.689953 0.001190 
1804.523189 0.001190 
1803.356426 0.001183 
1802.189662 0.001180 
1801.022898 0.001180 
1799.856134 0.001180 
1798.689370 0.001180 
1797.522606 0.001180 
1796.355842 0.001180 
1795.189079 0.001180 
1794.022315 0.001176 
1792.855551 0.001170 
1791.688787 0.001170 
1790.522023 0.001170 
1789.355259 0.001170 
1788.188495 0.001170 
1787.021732 0.001454 
1785.854968 0.001217 
1784.688204 0.001600 
1783.521440 0.001600 
1782.354676 0.001380 
1781.187912 0.001465 
1780.021149 0.001590 
1778.854385 0.001590 
1777.687621 0.001590 
1776.520857 0.001590 
1775.354093 0.001590 
1774.187329 0.001590 
1773.020565 0.001942 
1771.853802 0.001751 
1770.687038 0.001757 
1769.520274 0.001935 
1768.353510 0.002010 
1767.186746 0.002010 
1766.019982 0.002010 
1764.853218 0.002010 
1763.686455 0.002010 
1762.519691 0.002010 
1761.352927 0.002007 
1760.186163 0.002000 
1759.019399 0.002306 
1757.852635 0.002440 
1756.685871 0.002430 
1755.519108 0.002430 
1754.352344 0.002430 
1753.185580 0.002430 
1752.018816 0.002840 
1750.852052 0.002860 
1749.685288 0.002860 
1748.518524 0.002860 
1747.351761 0.002860 
1746.184997 0.002860 
1745.018233 0.002951 
1743.851469 0.003290 
1742.684705 0.003290 
1741.517941 0.003290 
1740.351177 0.003720 
1739.184414 0.003720 
1738.017650 0.003720 
1736.850886 0.003720 
1735.684122 0.004112 
1734.517358 0.004194 
1733.350594 0.004454 
1732.183830 0.004150 
1731.017067 0.004471 
1729.850303 0.004590 
1728.683539 0.004580 
1727.516775 0.004737 
1726.350011 0.005020 
1725.183247 0.005020 
1724.016483 0.005020 
1722.849720 0.005450 
1721.682956 0.005450 
1720.516192 0.005450 
1719.349428 0.005813 
1718.182664 0.005890 
1717.015900 0.005888 
1715.849137 0.006080 
1714.682373 0.006320 
1713.515609 0.006320 
1712.348845 0.006320 
1711.182081 0.006449 
1710.015317 0.006755 
1708.848553 0.006750 
1707.681790 0.006750 
1706.515026 0.007190 
1705.348262 0.007190 
1704.181498 0.007190 
1703.014734 0.007182 
1701.847970 0.007607 
1700.681206 0.008060 
1699.514443 0.008060 
1698.347679 0.008060 
1697.180915 0.008060 
1696.014151 0.008491 
1694.847387 0.008058 
1693.680623 0.008248 
1692.513859 0.008494 
1691.347096 0.008490 
1690.180332 0.008930 
1689.013568 0.008930 
1687.846804 0.008930 
1686.680040 0.008930 
1685.513276 0.009729 
1684.346512 0.009370 
1683.179749 0.009370 
1682.012985 0.009365 
1680.846221 0.009360 
1679.679457 0.009781 
1678.512693 0.009800 
1677.345929 0.009634 
1676.179165 0.009618 
1675.012402 0.009800 
1673.845638 0.009800 
1672.678874 0.009790 
1671.512110 0.009790 
1670.345346 0.009790 
1669.178582 0.009410 
1668.011818 0.009340 
1666.845055 0.009340 
1665.678291 0.009340 
1664.511527 0.009033 
1663.344763 0.009292 
1662.177999 0.008890 
1661.011235 0.008890 
1659.844471 0.008655 
1658.677708 0.008440 
1657.510944 0.008440 
1656.344180 0.008440 
1655.177416 0.008440 
1654.010652 0.008691 
1652.843888 0.008528 
1651.677125 0.007994 
1650.510361 0.007990 
1649.343597 0.007986 
1648.176833 0.007980 
1647.010069 0.007980 
1645.843305 0.007540 
1644.676541 0.007540 
1643.509778 0.007535 
1642.343014 0.007236 
1641.176250 0.007090 
1640.009486 0.007090 
1638.842722 0.007087 
1637.675958 0.007080 
1636.509194 0.007080 
1635.342431 0.007080 
1634.175667 0.007080 
1633.008903 0.006924 
1631.842139 0.006630 
1630.675375 0.006630 
1629.508611 0.006630 
1628.341847 0.006630 
1627.175084 0.006626 
1626.008320 0.006620 
1624.841556 0.006620 
1623.674792 0.006609 
1622.508028 0.006180 
1621.341264 0.006180 
1620.174500 0.006173 
1619.007737 0.006170 
1617.840973 0.006202 
1616.674209 0.006486 
1615.507445 0.006165 
1614.340681 0.006160 
1613.173917 0.006160 
1612.007153 0.006106 
1610.840390 0.005720 
1609.673626 0.005715 
1608.506862 0.005710 
1607.340098 0.005710 
1606.173334 0.005710 
1605.006570 0.005710 
1603.839806 0.005704 
1602.673043 0.005700 
1601.506279 0.005700 
1600.339515 0.005700 
1599.172751 0.005511 
1598.005987 0.005534 
1596.839223 0.005690 
1595.672459 0.005250 
1594.505696 0.005250 
1593.338932 0.005250 
1592.172168 0.005243 
1591.005404 0.005240 
1589.838640 0.005193 
1588.671876 0.004800 
1587.505113 0.004800 
1586.338349 0.004793 
1585.171585 0.004790 
1584.004821 0.004790 
1582.838057 0.004790 
1581.671293 0.004790 
1580.504529 0.004782 
1579.337766 0.004780 
1578.171002 0.004691 
1577.004238 0.004522 
1575.837474 0.004506 
1574.670710 0.004332 
1573.503946 0.004330 
1572.337182 0.004330 
1571.170419 0.004127 
1570.003655 0.003890 
1568.836891 0.003881 
1567.670127 0.003880 
1566.503363 0.003880 
1565.336599 0.003880 
1564.169835 0.003880 
1563.003072 0.003871 
1561.836308 0.003430 
1560.669544 0.003584 
1559.502780 0.003870 
1558.336016 0.003531 
1557.169252 0.003420 
1556.002488 0.003420 
1554.835725 0.003245 
1553.668961 0.002980 
1552.502197 0.002980 
1551.335433 0.002980 
1550.168669 0.002970 
1549.001905 0.002970 
1547.835141 0.002681 
1546.668378 0.002530 
1545.501614 0.002530 
1544.334850 0.002527 
1543.168086 0.002520 
1542.001322 0.002210 
1540.834558 0.002483 
1539.667794 0.002465 
1538.501031 0.002080 
1537.334267 0.002075 
1536.167503 0.001746 
1535.000739 0.001650 
1533.833975 0.002014 
1532.667211 0.001654 
1531.500447 0.001660 
1530.333684 0.001668 
1529.166920 0.001670 
1528.000156 0.001585 
1526.833392 0.001250 
1525.666628 0.001250 
1524.499864 0.001259 
1523.333101 0.001233 
1522.166337 0.000951 
1520.999573 0.001064 
1519.832809 0.000844 
1518.666045 0.000849 
1517.499281 0.000855 
1516.332517 0.000860 
1515.165754 0.000865 
1513.998990 0.000870 
1512.832226 0.000875 
1511.665462 0.000447 
1510.498698 0.000451 
1509.331934 0.000707 
1508.165170 0.000896 
1506.998407 0.000901 
1505.831643 0.000816 
1504.664879 0.000659 
1503.498115 0.000644 
1502.331351 0.000851 
1501.164587 0.000947 
1499.997823 0.001370 
1498.831060 0.001370 
1497.664296 0.001667 
1496.497532 0.002200 
1495.330768 0.002260 
1494.164004 0.002394 
1492.997240 0.002926 
1491.830476 0.003458 
1490.663713 0.004000 
1489.496949 0.004093 
1488.330185 0.004629 
1487.163421 0.005168 
1485.996657 0.006040 
1484.829893 0.006682 
1483.663129 0.007301 
1482.496366 0.008197 
1481.329602 0.009005 
1480.162838 0.009720 
1478.996074 0.010704 
1477.829310 0.011249 
1476.662546 0.011793 
1475.495782 0.012047 
1474.329019 0.012050 
1473.162255 0.011575 
1471.995491 0.011042 
1470.828727 0.010730 
1469.661963 0.010418 
1468.495199 0.010290 
1467.328435 0.010798 
1466.161672 0.011342 
1464.994908 0.011645 
1463.828144 0.011991 
1462.661380 0.012535 
1461.494616 0.012550 
1460.327852 0.012554 
1459.161088 0.012297 
1457.994325 0.012120 
1456.827561 0.012113 
1455.660797 0.011782 
1454.494033 0.012326 
1453.327269 0.012870 
1452.160505 0.013800 
1450.993742 0.014888 
1449.826978 0.015980 
1448.660214 0.017076 
1447.493450 0.017547 
1446.326686 0.017550 
1445.159922 0.016957 
1443.993158 0.015327 
1442.826395 0.013706 
1441.659631 0.012419 
1440.492867 0.011771 
1439.326103 0.011383 
1438.159339 0.011760 
1436.992575 0.012022 
1435.825811 0.012566 
1434.659048 0.013111 
1433.492284 0.013655 
1432.325520 0.014200 
1431.158756 0.014750 
1429.991992 0.014920 
1428.825228 0.015371 
1427.658464 0.015497 
1426.491701 0.015830 
1425.324937 0.015837 
1424.158173 0.015840 
1422.991409 0.015805 
1421.824645 0.015400 
1420.657881 0.015405 
1419.491117 0.015410 
1418.324354 0.014998 
1417.157590 0.014455 
1415.990826 0.014080 
1414.824062 0.013831 
1413.657298 0.013298 
1412.490534 0.012756 
1411.323770 0.012224 
1410.157007 0.011692 
1408.990243 0.010882 
1407.823479 0.010177 
1406.656715 0.010079 
1405.489951 0.009222 
1404.323187 0.009030 
1403.156423 0.008206 
1401.989660 0.007910 
1400.822896 0.007434 
1399.656132 0.006911 
1398.489368 0.006384 
1397.322604 0.005857 
1396.155840 0.005730 
1394.989076 0.005242 
1393.822313 0.004713 
1392.655549 0.004430 
1391.488785 0.004438 
1390.322021 0.004012 
1389.155257 0.003570 
1387.988493 0.003574 
1386.821730 0.003316 
1385.654966 0.002792 
1384.488202 0.002711 
1383.321438 0.002282 
1382.154674 0.002290 
1380.987910 0.002296 
1379.821146 0.002300 
1378.654383 0.002301 
1377.487619 0.002188 
1376.320855 0.001875 
1375.154091 0.001880 
1373.987327 0.001889 
1372.820563 0.001890 
1371.653799 0.001893 
1370.487036 0.001664 
1369.320272 0.001789 
1368.153508 0.001489 
1366.986744 0.001839 
1365.819980 0.001480 
1364.653216 0.001486 
1363.486452 0.001490 
1362.319689 0.001490 
1361.152925 0.001500 
1359.986161 0.001504 
1358.819397 0.001510 
1357.652633 0.001510 
1356.485869 0.001520 
1355.319105 0.001520 
1354.152342 0.001525 
1352.985578 0.001530 
1351.818814 0.001530 
1350.652050 0.001540 
1349.485286 0.001540 
1348.318522 0.001545 
1347.151758 0.001550 
1345.984995 0.001145 
1344.818231 0.001056 
1343.651467 0.000851 
1342.484703 0.001136 
1341.317939 0.001476 
1340.151175 0.001580 
1338.984411 0.001494 
1337.817648 0.001330 
1336.650884 0.001590 
1335.484120 0.001590 
1334.317356 0.001600 
1333.150592 0.001600 
1331.983828 0.001605 
1330.817064 0.001323 
1329.650301 0.001566 
1328.483537 0.001620 
1327.316773 0.001620 
1326.150009 0.001402 
1324.983245 0.001505 
1323.816481 0.001639 
1322.649718 0.001582 
1321.482954 0.001362 
1320.316190 0.001650 
1319.149426 0.001650 
1317.982662 0.001660 
1316.815898 0.001581 
1315.649134 0.001403 
1314.482371 0.001670 
1313.315607 0.001670 
1312.148843 0.001240 
1310.982079 0.001351 
1309.815315 0.001684 
1308.648551 0.001690 
1307.481787 0.001690 
1306.315024 0.001700 
1305.148260 0.001700 
1303.981496 0.001705 
1302.814732 0.001710 
1301.647968 0.001710 
1300.481204 0.001720 
1299.314440 0.001720 
1298.147677 0.001725 
1296.980913 0.001730 
1295.814149 0.001730 
1294.647385 0.001740 
1293.480621 0.001740 
1292.313857 0.001746 
1291.147093 0.001750 
1289.980330 0.001750 
1288.813566 0.001760 
1287.646802 0.001760 
1286.480038 0.001766 
1285.313274 0.001770 
1284.146510 0.001770 
1282.979746 0.001770 
1281.812983 0.001770 
1280.646219 0.001770 
1279.479455 0.001770 
1278.312691 0.001770 
1277.145927 0.001770 
1275.979163 0.001539 
1274.812399 0.001330 
1273.645636 0.001736 
1272.478872 0.001760 
1271.312108 0.001760 
1270.145344 0.001760 
1268.978580 0.001760 
1267.811816 0.001760 
1266.645052 0.001760 
1265.478289 0.001756 
1264.311525 0.001750 
1263.144761 0.001750 
1261.977997 0.001750 
1260.811233 0.001750 
1259.644469 0.001750 
1258.477706 0.001750 
1257.310942 0.001750 
1256.144178 0.001749 
1254.977414 0.001740 
1253.810650 0.001740 
1252.643886 0.001740 
1251.477122 0.001740 
1250.310359 0.001740 
1249.143595 0.001740 
1247.976831 0.001740 
1246.810067 0.001732 
1245.643303 0.001730 
1244.476539 0.001730 
1243.309775 0.001730 
1242.143012 0.001730 
1240.976248 0.001730 
1239.809484 0.001730 
1238.642720 0.001730 
1237.475956 0.001726 
1236.309192 0.001720 
1235.142428 0.000594 
1233.975665 0.000084 
1232.808901 0.001413 
1231.642137 0.001720 
1230.475373 0.001720 
1229.308609 0.001711 
1228.141845 0.001710 
1226.975081 0.001710 
1225.808318 0.001710 
1224.641554 0.001378 
1223.474790 0.001694 
1222.308026 0.001710 
1221.141262 0.001541 
1219.974498 0.001525 
1218.807734 0.001700 
1217.640971 0.001695 
1216.474207 0.001366 
1215.307443 0.001510 
1214.140679 0.001542 
1212.973915 0.001700 
1211.807151 0.001286 
1210.640387 0.001690 
1209.473624 0.001479 
1208.306860 0.001554 
1207.140096 0.001690 
1205.973332 0.001689 
1204.806568 0.001680 
1203.639804 0.001680 
1202.473040 0.001680 
1201.306277 0.001680 
1200.139513 0.001680 
1198.972749 0.001680 
1197.805985 0.001674 
1196.639221 0.001670 
1195.472457 0.001670 
1194.305693 0.001670 
1193.138930 0.001670 
1191.972166 0.001670 
1190.805402 0.001662 
1189.638638 0.001660 
1188.471874 0.001660 
1187.305110 0.001660 
1186.138347 0.001660 
1184.971583 0.001660 
1183.804819 0.001650 
1182.638055 0.001650 
1181.471291 0.001650 
1180.304527 0.001962 
1179.137763 0.001678 
1177.971000 0.001712 
1176.804236 0.002080 
1175.637472 0.002080 
1174.470708 0.002080 
1173.303944 0.002070 
1172.137180 0.002070 
1170.970416 0.002070 
1169.803653 0.002070 
1168.636889 0.002070 
1167.470125 0.002070 
1166.303361 0.002060 
1165.136597 0.002258 
1163.969833 0.002493 
1162.803069 0.002490 
1161.636306 0.002490 
1160.469542 0.002490 
1159.302778 0.002490 
1158.136014 0.002490 
1156.969250 0.002481 
1155.802486 0.002480 
1154.635722 0.002480 
1153.468959 0.002480 
1152.302195 0.002480 
1151.135431 0.002470 
1149.968667 0.002470 
1148.801903 0.002640 
1147.635139 0.002904 
1146.468375 0.002900 
1145.301612 0.002907 
1144.134848 0.003437 
1142.968084 0.003961 
1141.801320 0.004487 
1140.634556 0.004640 
1139.467792 0.005136 
1138.301028 0.006071 
1137.134265 0.006817 
1135.967501 0.007881 
1134.800737 0.008548 
1133.633973 0.009520 
1132.467209 0.010198 
1131.300445 0.011275 
1130.133681 0.012344 
1128.966918 0.013427 
1127.800154 0.013983 
1126.633390 0.014524 
1125.466626 0.015062 
1124.299862 0.015250 
1123.133098 0.015250 
1121.966335 0.015153 
1120.799571 0.014601 
1119.632807 0.014063 
1118.466043 0.013144 
1117.299279 0.012066 
1116.132515 0.010989 
1114.965751 0.010119 
1113.798988 0.009276 
1112.632224 0.008208 
1111.465460 0.007177 
1110.298696 0.006644 
1109.131932 0.005884 
1107.965168 0.005140 
1106.798404 0.004608 
1105.631641 0.004075 
1104.464877 0.003700 
1103.298113 0.003451 
1102.131349 0.002919 
1100.964585 0.002820 
1099.797821 0.002380 
1098.631057 0.002380 
1097.464294 0.002380 
1096.297530 0.002017 
1095.130766 0.001940 
1093.964002 0.001938 
1092.797238 0.001930 
1091.630474 0.001930 
1090.463710 0.001930 
1089.296947 0.001893 
1088.130183 0.001490 
1086.963419 0.001490 
1085.796655 0.001483 
1084.629891 0.001480 
1083.463127 0.001422 
1082.296363 0.001040 
1081.129600 0.001040 
1079.962836 0.001040 
1078.796072 0.001457 
1077.629308 0.001390 
1076.462544 0.001198 
1075.295780 0.001202 
1074.129016 0.001378 
1072.962253 0.001029 
1071.795489 0.001458 
1070.628725 0.001450 
1069.461961 0.001450 
1068.295197 0.001450 
1067.128433 0.001449 
1065.961669 0.001440 
1064.794906 0.001440 
1063.628142 0.001440 
1062.461378 0.001440 
1061.294614 0.001870 
1060.127850 0.001867 
1058.961086 0.001860 
1057.794323 0.002188 
1056.627559 0.002711 
1055.460795 0.002801 
1054.294031 0.003325 
1053.127267 0.004109 
1051.960503 0.005162 
1050.793739 0.006670 
1049.626976 0.008895 
1048.460212 0.011955 
1047.293448 0.016598 
1046.126684 0.022847 
1044.959920 0.030580 
1043.793156 0.040256 
1042.626392 0.050143 
1041.459629 0.060257 
1040.292865 0.069239 
1039.126101 0.077203 
1037.959337 0.083345 
1036.792573 0.088264 
1035.625809 0.091743 
1034.459045 0.093965 
1033.292282 0.094518 
1032.125518 0.093671 
1030.958754 0.092062 
1029.791990 0.088874 
1028.625226 0.085034 
1027.458462 0.079450 
1026.291698 0.074022 
1025.124935 0.067538 
1023.958171 0.061258 
1022.791407 0.054783 
1021.624643 0.049459 
1020.457879 0.044642 
1019.291115 0.041225 
1018.124351 0.039176 
1016.957588 0.037539 
1015.790824 0.037107 
1014.624060 0.036862 
1013.457296 0.036630 
1012.290532 0.036186 
1011.123768 0.035019 
1009.957004 0.033312 
1008.790241 0.031356 
1007.623477 0.028395 
1006.456713 0.025497 
1005.289949 0.022184 
1004.123185 0.018881 
1002.956421 0.015608 
1001.789657 0.012351 
1000.622894 0.010017 
999.456130 0.007447 
998.289366 0.005505 
997.122602 0.004202 
995.955838 0.003141 
994.789074 0.002517 
993.622311 0.001707 
992.455547 0.001489 
991.288783 0.001263 
990.122019 0.001260 
988.955255 0.001260 
987.788491 0.001115 
986.621727 0.001052 
985.454964 0.001250 
984.288200 0.001250 
983.121436 0.001680 
981.954672 0.001676 
980.787908 0.001670 
979.621144 0.002013 
978.454380 0.002104 
977.287617 0.002540 
976.120853 0.002724 
974.954089 0.002970 
973.787325 0.003343 
972.620561 0.003840 
971.453797 0.003957 
970.287033 0.004280 
969.120270 0.004575 
967.953506 0.005104 
966.786742 0.005197 
965.619978 0.005729 
964.453214 0.006030 
963.286450 0.006346 
962.119686 0.006876 
960.952923 0.007408 
959.786159 0.007940 
958.619395 0.008220 
957.452631 0.008565 
956.285867 0.009097 
955.119103 0.009639 
953.952339 0.010172 
952.785576 0.010704 
951.618812 0.011245 
950.452048 0.011779 
949.285284 0.012321 
948.118520 0.012858 
946.951756 0.013395 
945.784992 0.013936 
944.618229 0.014480 
943.451465 0.015015 
942.284701 0.015560 
941.117937 0.016104 
939.951173 0.016648 
938.784409 0.017255 
937.617645 0.018187 
936.450882 0.018731 
935.284118 0.019276 
934.117354 0.019830 
932.950590 0.020374 
931.783826 0.020923 
930.617062 0.021753 
929.450298 0.022478 
928.283535 0.023032 
927.116771 0.023687 
925.950007 0.024595 
924.783243 0.025146 
923.616479 0.025699 
922.449715 0.026715 
921.282952 0.027272 
920.116188 0.027828 
918.949424 0.028384 
917.782660 0.029371 
916.615896 0.029969 
915.449132 0.030534 
914.282368 0.031346 
913.115605 0.032124 
911.948841 0.032683 
910.782077 0.033251 
909.615313 0.033996 
908.448549 0.034849 
907.281785 0.035417 
906.115021 0.035986 
904.948258 0.036659 
903.781494 0.037593 
902.614730 0.038168 
901.447966 0.038740 
900.281202 0.039759 
899.114438 0.040007 
897.947674 0.040930 
896.780911 0.041504 
895.614147 0.042082 
894.447383 0.042661 
893.280619 0.043233 
892.113855 0.043814 
890.947091 0.044394 
889.780327 0.044975 
888.613564 0.045960 
887.446800 0.046313 
886.280036 0.047197 
885.113272 0.047786 
883.946508 0.048368 
882.779744 0.048952 
881.612980 0.049540 
880.446217 0.050127 
879.279453 0.050711 
878.112689 0.051280 
876.945925 0.051528 
875.779161 0.052478 
874.612397 0.053071 
873.445633 0.053230 
872.278870 0.053756 
871.112106 0.054349 
869.945342 0.054690 
868.778578 0.055045 
867.611814 0.055637 
866.445050 0.056240 
865.278286 0.056833 
864.111523 0.057150 
862.944759 0.057528 
861.777995 0.058131 
860.611231 0.058724 
859.444467 0.059120 
858.277703 0.059426 
857.110940 0.059620 
855.944176 0.060125 
854.777412 0.060730 
853.610648 0.061105 
852.443884 0.061430 
851.277120 0.061600 
850.110356 0.062100 
848.943593 0.062244 
847.776829 0.062849 
846.610065 0.063093 
845.443301 0.063090 
844.276537 0.063654 
843.109773 0.064090 
841.943009 0.064364 
840.776246 0.064590 
839.609482 0.064590 
838.442718 0.064679 
837.275954 0.065090 
836.109190 0.065084 
834.942426 0.065491 
833.775662 0.065598 
832.608899 0.065975 
831.442135 0.065798 
830.275371 0.066080 
829.108607 0.066080 
827.941843 0.066112 
826.775079 0.066580 
825.608315 0.066333 
824.441552 0.066424 
823.274788 0.066571 
822.108024 0.066570 
820.941260 0.066731 
819.774496 0.066804 
818.607732 0.066941 
817.440968 0.066584 
816.274205 0.066560 
815.107441 0.066560 
813.940677 0.066554 
812.773913 0.066550 
811.607149 0.066550 
810.440385 0.066443 
809.273621 0.066040 
808.106858 0.066040 
806.940094 0.066040 
805.773330 0.065530 
804.606566 0.065527 
803.439802 0.065520 
802.273038 0.065181 
801.106274 0.065011 
799.939511 0.064961 
798.772747 0.064353 
797.605983 0.064000 
796.439219 0.064000 
795.272455 0.063522 
794.105691 0.063416 
792.938928 0.062986 
791.772164 0.062697 
790.605400 0.062480 
789.438636 0.061987 
788.271872 0.061470 
787.105108 0.061267 
785.938344 0.060662 
784.771581 0.060470 
783.604817 0.059953 
782.438053 0.059468 
781.271289 0.059233 
780.104525 0.058960 
778.937761 0.058523 
777.770997 0.057969 
776.604234 0.057816 
775.437470 0.057219 
774.270706 0.056614 
773.103942 0.056018 
771.937178 0.055841 
770.770414 0.054987 
769.603650 0.054710 
768.436887 0.054490 
767.270123 0.054005 
766.103359 0.053813 
764.936595 0.053006 
763.769831 0.052412 
762.603067 0.052020 
761.436303 0.051521 
760.269540 0.050928 
759.102776 0.050335 
757.936012 0.049742 
756.769248 0.049570 
755.602484 0.049047 
754.435720 0.048590 
753.268956 0.048118 
752.102193 0.047613 
750.935429 0.047174 
749.768665 0.046584 
748.601901 0.046157 
747.435137 0.045892 
746.268373 0.045312 
745.101609 0.044721 
743.934846 0.044220 
742.768082 0.044036 
741.601318 0.043449 
740.434554 0.042869 
739.267790 0.042288 
738.101026 0.041707 
736.934262 0.041330 
735.767499 0.041026 
734.600735 0.040445 
733.433971 0.039865 
732.267207 0.039410 
731.100443 0.039183 
729.933679 0.038602 
728.766916 0.038450 
727.600152 0.037922 
726.433388 0.037351 
725.266624 0.036775 
724.099860 0.036199 
722.933096 0.036070 
721.766332 0.035528 
720.599569 0.034951 
719.432805 0.034382 
718.266041 0.034180 
717.099277 0.033705 
715.932513 0.033137 
714.765749 0.032760 
713.598985 0.032469 
712.432222 0.031901 
711.265458 0.031350 
710.098694 0.031234 
708.931930 0.030665 
707.765166 0.030410 
706.598402 0.029998 
705.431638 0.029429 
704.264875 0.029000 
703.098111 0.028767 
701.931347 0.028203 
700.764583 0.028070 
699.597819 0.027538 
698.431055 0.027137 
697.264291 0.026619 
696.097528 0.026202 
694.930764 0.025752 
693.764000 0.025653 
692.597236 0.025089 
691.430472 0.024532 
690.263708 0.024350 
689.096944 0.023890 
687.930181 0.023880 
686.763417 0.023676 
685.596653 0.023120 
684.429889 0.022564 
683.263125 0.022457 
682.096361 0.021903 
680.929597 0.021575 
679.762834 0.021248 
678.596070 0.020691 
677.429306 0.020199 
676.262542 0.020190 
675.095778 0.019942 
673.929014 0.019393 
672.762250 0.019270 
671.595487 0.019192 
670.428723 0.018640 
669.261959 0.018089 
668.095195 0.017541 
666.928431 0.017440 
665.761667 0.017440 
664.594904 0.017243 
663.428140 0.016980 
662.261376 0.016599 
661.094612 0.016494 
659.927848 0.016070 
658.761084 0.015851 
657.594320 0.015301 
656.427557 0.015563 
655.260793 0.015102 
654.094029 0.014700 
652.927265 0.014695 
651.760501 0.014359 
650.593737 0.014240 
649.426973 0.014171 
648.260210 0.013786 
647.093446 0.013522 
645.926682 0.013330 
644.759918 0.013320 
643.593154 0.012870 
642.426390 0.012684 
641.259626 0.012420 
640.092863 0.012412 
638.926099 0.012391 
637.759335 0.011960 
636.592571 0.011955 
635.425807 0.011655 
634.259043 0.011897 
633.092279 0.011459 
631.925516 0.011182 
630.758752 0.011490 
629.591988 0.011166 
628.425224 0.011040 
627.258460 0.010590 
626.091696 0.010433 
624.924932 0.010386 
623.758169 0.010234 
622.591405 0.010130 
621.424641 0.010120 
620.257877 0.009941 
619.091113 0.009937 
617.924349 0.009750 
616.757585 0.009648 
615.590822 0.009210 
614.424058 0.009210 
613.257294 0.009210 
612.090530 0.009201 
610.923766 0.009166 
609.757002 0.008622 
608.590238 0.008518 
607.423475 0.008740 
606.256711 0.008328 
605.089947 0.008235 
603.923183 0.007994 
602.756419 0.008280 
601.589655 0.007941 
600.422891 0.007830 
599.256128 0.007828 
598.089364 0.007820 
596.922600 0.007559 
595.755836 0.007019 
594.589072 0.007365 
593.422308 0.006920 
592.255545 0.006920 
591.088781 0.006632 
589.922017 0.006844 
588.755253 0.006909 
587.588489 0.006900 
586.421725 0.006473 
585.254961 0.006313 
584.088198 0.006450 
582.921434 0.006440 
581.754670 0.006156 
580.587906 0.005783 
579.421142 0.005990 
578.254378 0.005981 
577.087614 0.005610 
575.920851 0.005653 
574.754087 0.005090 
573.587323 0.005090 
572.420559 0.005080 
571.253795 0.005169 
570.087031 0.005144 
568.920267 0.004906 
567.753504 0.004694 
566.586740 0.004180 
565.419976 0.004177 
564.253212 0.004170 
563.086448 0.004170 
561.919684 0.003772 
560.752920 0.003760 
559.586157 0.004016 
558.419393 0.003484 
557.252629 0.003899 
556.085865 0.003319 
554.919101 0.003260 
553.752337 0.003101 
552.585573 0.003057 
551.418810 0.002910 
550.252046 0.002378 
549.085282 0.002276 
547.918518 0.001920 
546.751754 0.002183 
545.584990 0.001628 
544.418226 0.002314 
543.251463 0.001676 
542.084699 0.001939 
540.917935 0.001170 
539.751171 0.001777 
538.584407 0.001380 
537.417643 0.000694 
536.250879 0.000781 
535.084116 0.000559 
533.917352 0.000955 
532.750588 0.000985 
531.583824 0.000981 
530.417060 0.000738 
529.250296 0.000206 
528.083533 0.000936 
526.916769 0.000525 
525.750005 0.000689 
524.583241 -0.000085 
523.416477 -0.000442 
522.249713 -0.000357 
521.082949 0.000066 
519.916186 0.000060 
518.749422 0.000336 
517.582658 0.000115 
516.415894 0.000018 
515.249130 -0.000393 
514.082366 -0.000189 
512.915602 0.000031 
511.748839 0.000025 
510.582075 0.000021 
509.415311 0.000579 
508.248547 0.001292 
507.081783 0.000876 
505.915019 -0.000370 
504.748255 0.000642 
503.581492 0.001573 
502.414728 0.001545 
501.247964 0.002070 
500.081200 0.002590 
