3999.922000 0.000033 
3998.990000 -0.000322 
3998.058000 -0.000094 
3997.126000 0.000155 
3996.194000 0.000135 
3995.262000 -0.000214 
3994.330000 -0.000072 
3993.398000 0.000475 
3992.466000 0.000276 
3991.534000 -0.000160 
3990.602000 -0.000489 
3989.670000 -0.000095 
3988.739000 0.000250 
3987.807000 -0.000161 
3986.875000 -0.000053 
3985.943000 0.000389 
3985.011000 0.000150 
3984.079000 -0.000296 
3983.147000 -0.000262 
3982.215000 0.000068 
3981.283000 0.000230 
3980.351000 0.000362 
3979.419000 0.000301 
3978.487000 0.000475 
3977.555000 0.000656 
3976.623000 0.000455 
3975.691000 -0.000018 
3974.759000 -0.000523 
3973.827000 -0.000372 
3972.895000 -0.000059 
3971.963000 -0.000049 
3971.031000 0.000206 
3970.100000 0.000196 
3969.167000 0.000341 
3968.236000 0.000475 
3967.304000 0.000953 
3966.372000 0.001374 
3965.440000 0.001182 
3964.508000 0.000614 
3963.576000 0.000265 
3962.644000 0.000299 
3961.712000 0.000570 
3960.780000 0.000281 
3959.848000 -0.000119 
3958.916000 -0.000001 
3957.984000 0.000556 
3957.052000 0.000996 
3956.120000 0.001112 
3955.188000 0.000622 
3954.256000 0.000575 
3953.324000 0.000658 
3952.393000 0.000782 
3951.460000 0.000812 
3950.529000 0.001137 
3949.597000 0.000942 
3948.665000 0.000465 
3947.733000 0.000408 
3946.801000 0.000687 
3945.869000 0.000951 
3944.937000 0.001143 
3944.005000 0.000576 
3943.073000 0.000325 
3942.141000 0.000607 
3941.209000 0.001266 
3940.277000 0.001378 
3939.345000 0.001309 
3938.413000 0.000744 
3937.481000 0.000506 
3936.549000 0.000143 
3935.617000 -0.000106 
3934.686000 0.000085 
3933.754000 0.000876 
3932.822000 0.000837 
3931.890000 0.000400 
3930.958000 0.000192 
3930.026000 0.000410 
3929.094000 0.000408 
3928.162000 0.000463 
3927.230000 0.000177 
3926.298000 0.000120 
3925.366000 -0.000002 
3924.434000 -0.000016 
3923.502000 0.000157 
3922.570000 0.000659 
3921.638000 0.000273 
3920.706000 0.000219 
3919.774000 0.000714 
3918.842000 0.000986 
3917.910000 0.000558 
3916.979000 0.000398 
3916.047000 -0.000034 
3915.115000 0.000068 
3914.183000 0.000573 
3913.251000 0.000723 
3912.319000 0.000098 
3911.387000 0.000285 
3910.455000 0.000451 
3909.523000 0.000396 
3908.591000 -0.000053 
3907.659000 0.000318 
3906.727000 0.000883 
3905.795000 0.000519 
3904.863000 0.000178 
3903.931000 0.000283 
3902.999000 -0.000120 
3902.067000 0.000191 
3901.135000 0.000086 
3900.203000 0.000112 
3899.271000 -0.000000 
3898.340000 -0.000051 
3897.407000 0.000131 
3896.476000 0.000375 
3895.544000 -0.000753 
3894.612000 -0.000911 
3893.680000 0.000249 
3892.748000 0.000771 
3891.816000 -0.000016 
3890.884000 -0.000327 
3889.952000 -0.001069 
3889.020000 -0.001286 
3888.088000 -0.000339 
3887.156000 0.000347 
3886.224000 -0.000155 
3885.292000 -0.000520 
3884.360000 -0.001126 
3883.428000 0.000008 
3882.496000 0.001266 
3881.564000 0.000931 
3880.633000 0.000245 
3879.700000 0.000133 
3878.769000 -0.000109 
3877.837000 -0.000008 
3876.905000 0.000106 
3875.973000 0.000559 
3875.041000 0.000098 
3874.109000 -0.000301 
3873.177000 -0.000623 
3872.245000 0.000316 
3871.313000 0.000063 
3870.381000 -0.000287 
3869.449000 -0.000709 
3868.517000 -0.000814 
3867.585000 -0.000306 
3866.653000 0.000432 
3865.721000 -0.000245 
3864.789000 -0.000661 
3863.857000 -0.000994 
3862.926000 -0.000420 
3861.994000 -0.000277 
3861.062000 -0.000311 
3860.130000 -0.000253 
3859.198000 -0.000457 
3858.266000 -0.001756 
3857.334000 -0.001440 
3856.402000 0.000110 
3855.470000 0.000068 
3854.538000 -0.000554 
3853.606000 -0.000270 
3852.674000 -0.000732 
3851.742000 -0.000379 
3850.810000 -0.000397 
3849.878000 0.000052 
3848.946000 0.000194 
3848.014000 0.000051 
3847.082000 -0.000237 
3846.150000 0.000163 
3845.219000 -0.000086 
3844.287000 -0.000525 
3843.354000 -0.001273 
3842.423000 -0.001482 
3841.491000 -0.002320 
3840.559000 -0.001462 
3839.627000 -0.000564 
3838.695000 -0.000762 
3837.763000 -0.001024 
3836.831000 -0.000518 
3835.899000 -0.000631 
3834.967000 -0.000274 
3834.035000 0.000239 
3833.103000 0.000576 
3832.171000 -0.000007 
3831.239000 -0.000434 
3830.307000 -0.000922 
3829.375000 -0.000095 
3828.443000 0.000021 
3827.511000 0.000058 
3826.580000 -0.000445 
3825.647000 -0.001077 
3824.716000 -0.001379 
3823.784000 -0.000520 
3822.852000 0.000038 
3821.920000 0.000526 
3820.988000 -0.000375 
3820.056000 -0.001241 
3819.124000 -0.001158 
3818.192000 0.000329 
3817.260000 0.000241 
3816.328000 -0.000067 
3815.396000 -0.000633 
3814.464000 -0.000126 
3813.532000 0.000255 
3812.600000 0.000590 
3811.668000 0.000139 
3810.736000 -0.000025 
3809.804000 0.000100 
3808.873000 0.001036 
3807.940000 0.000534 
3807.009000 0.000110 
3806.077000 -0.000705 
3805.145000 -0.001588 
3804.213000 -0.001130 
3803.281000 0.000668 
3802.349000 0.000488 
3801.417000 0.000174 
3800.485000 -0.000294 
3799.553000 -0.000181 
3798.621000 0.000072 
3797.689000 0.000237 
3796.757000 0.000059 
3795.825000 0.000202 
3794.893000 -0.000009 
3793.961000 0.000043 
3793.029000 -0.000106 
3792.097000 0.000161 
3791.166000 0.000173 
3790.234000 0.000575 
3789.302000 0.000647 
3788.370000 0.000487 
3787.438000 0.000341 
3786.506000 0.000770 
3785.574000 0.000477 
3784.642000 0.000585 
3783.710000 -0.000364 
3782.778000 -0.000169 
3781.846000 0.000638 
3780.914000 0.000892 
3779.982000 0.000377 
3779.050000 0.000322 
3778.118000 -0.000158 
3777.186000 -0.000291 
3776.254000 -0.000433 
3775.322000 -0.000068 
3774.390000 -0.000403 
3773.458000 -0.000648 
3772.527000 -0.000609 
3771.594000 0.000330 
3770.663000 -0.000016 
3769.731000 -0.000088 
3768.799000 0.000121 
3767.867000 0.000785 
3766.935000 0.000211 
3766.003000 -0.000023 
3765.071000 -0.000313 
3764.139000 -0.000301 
3763.207000 -0.000661 
3762.275000 -0.000325 
3761.343000 -0.000234 
3760.411000 -0.000466 
3759.479000 -0.000502 
3758.547000 0.000228 
3757.615000 -0.000260 
3756.683000 -0.000595 
3755.751000 -0.001375 
3754.820000 -0.001014 
3753.887000 -0.000729 
3752.956000 -0.001503 
3752.024000 -0.001254 
3751.092000 -0.000045 
3750.160000 -0.000626 
3749.228000 -0.001280 
3748.296000 -0.003066 
3747.364000 -0.003052 
3746.432000 -0.000398 
3745.500000 -0.000222 
3744.568000 -0.001257 
3743.636000 -0.001114 
3742.704000 -0.001262 
3741.772000 -0.001231 
3740.840000 -0.001444 
3739.908000 -0.001360 
3738.976000 -0.001278 
3738.044000 -0.000609 
3737.113000 -0.000522 
3736.180000 -0.000943 
3735.249000 -0.001814 
3734.317000 -0.000666 
3733.385000 -0.000464 
3732.453000 -0.000439 
3731.521000 -0.000426 
3730.589000 -0.000366 
3729.657000 -0.000847 
3728.725000 -0.000695 
3727.793000 -0.000829 
3726.861000 -0.000651 
3725.929000 -0.000381 
3724.997000 -0.000121 
3724.065000 -0.000433 
3723.133000 -0.000387 
3722.201000 -0.000536 
3721.269000 -0.000198 
3720.337000 -0.000222 
3719.406000 -0.000159 
3718.473000 -0.000324 
3717.542000 -0.000246 
3716.610000 -0.000382 
3715.678000 -0.001055 
3714.746000 -0.001464 
3713.814000 -0.000851 
3712.882000 -0.001421 
3711.950000 -0.001079 
3711.018000 -0.000417 
3710.086000 -0.000502 
3709.154000 -0.001019 
3708.222000 -0.000932 
3707.290000 -0.000883 
3706.358000 -0.000566 
3705.426000 -0.000917 
3704.494000 -0.000794 
3703.562000 -0.000256 
3702.630000 -0.000266 
3701.698000 -0.000573 
3700.767000 -0.000707 
3699.834000 -0.000852 
3698.903000 -0.000319 
3697.971000 -0.000612 
3697.039000 -0.000838 
3696.107000 -0.000777 
3695.175000 -0.000831 
3694.243000 -0.001099 
3693.311000 -0.000429 
3692.379000 -0.000791 
3691.447000 -0.001499 
3690.515000 -0.000493 
3689.583000 0.000705 
3688.651000 0.000146 
3687.719000 -0.000593 
3686.787000 -0.000924 
3685.855000 -0.000953 
3684.923000 -0.001036 
3683.991000 -0.000784 
3683.060000 -0.000705 
3682.127000 -0.000421 
3681.196000 -0.000773 
3680.264000 -0.001430 
3679.332000 -0.002436 
3678.400000 -0.001903 
3677.468000 -0.000367 
3676.536000 0.000229 
3675.604000 -0.000157 
3674.672000 -0.001139 
3673.740000 -0.002191 
3672.808000 -0.000976 
3671.876000 0.000079 
3670.944000 0.000349 
3670.012000 0.000149 
3669.080000 -0.000163 
3668.148000 -0.000387 
3667.216000 -0.000314 
3666.284000 -0.000298 
3665.353000 -0.000196 
3664.420000 -0.000060 
3663.489000 0.000118 
3662.557000 0.000234 
3661.625000 0.000159 
3660.693000 -0.000418 
3659.761000 -0.000677 
3658.829000 -0.000635 
3657.897000 -0.000135 
3656.965000 -0.000020 
3656.033000 0.000071 
3655.101000 -0.000565 
3654.169000 -0.001063 
3653.237000 -0.001084 
3652.305000 -0.001288 
3651.373000 -0.001126 
3650.441000 -0.000372 
3649.509000 -0.000073 
3648.577000 0.000317 
3647.646000 0.000055 
3646.713000 -0.000532 
3645.781000 -0.000673 
3644.850000 -0.000272 
3643.918000 -0.000169 
3642.986000 -0.000251 
3642.054000 -0.000118 
3641.122000 0.000425 
3640.190000 0.000602 
3639.258000 0.000414 
3638.326000 -0.000135 
3637.394000 -0.000650 
3636.462000 -0.000653 
3635.530000 -0.000112 
3634.598000 -0.000283 
3633.666000 -0.001077 
3632.734000 -0.001947 
3631.802000 -0.001799 
3630.870000 -0.000595 
3629.938000 0.000076 
3629.007000 -0.000032 
3628.074000 -0.000245 
3627.143000 -0.000537 
3626.211000 -0.000558 
3625.279000 -0.000350 
3624.347000 -0.000669 
3623.415000 -0.001283 
3622.483000 -0.001314 
3621.551000 -0.000686 
3620.619000 -0.000301 
3619.687000 -0.000330 
3618.755000 -0.000392 
3617.823000 -0.000607 
3616.891000 -0.000649 
3615.959000 -0.000821 
3615.027000 -0.000659 
3614.095000 -0.000345 
3613.163000 -0.000782 
3612.231000 -0.001323 
3611.300000 -0.001108 
3610.367000 -0.000739 
3609.436000 -0.000450 
3608.504000 -0.000011 
3607.572000 0.000187 
3606.640000 -0.000079 
3605.708000 -0.000412 
3604.776000 -0.000444 
3603.844000 -0.000661 
3602.912000 -0.000653 
3601.980000 -0.000349 
3601.048000 -0.000112 
3600.116000 -0.000137 
3599.184000 -0.000395 
3598.252000 -0.000403 
3597.320000 0.000083 
3596.388000 0.000359 
3595.456000 0.000397 
3594.524000 0.000164 
3593.593000 -0.000034 
3592.660000 -0.000387 
3591.729000 -0.000604 
3590.797000 -0.000596 
3589.865000 -0.000635 
3588.933000 -0.000072 
3588.001000 0.000614 
3587.069000 0.000093 
3586.137000 -0.000443 
3585.205000 -0.000159 
3584.273000 0.000144 
3583.341000 -0.000178 
3582.409000 -0.000261 
3581.477000 0.000073 
3580.545000 0.000369 
3579.613000 0.000167 
3578.681000 0.000125 
3577.749000 0.000255 
3576.817000 0.000604 
3575.885000 0.000650 
3574.953000 0.000130 
3574.021000 -0.000204 
3573.090000 0.000155 
3572.158000 -0.000061 
3571.226000 -0.000457 
3570.294000 -0.000398 
3569.362000 0.000009 
3568.430000 0.000381 
3567.498000 0.000529 
3566.566000 0.000054 
3565.634000 0.000127 
3564.702000 0.000409 
3563.770000 0.000242 
3562.838000 -0.000021 
3561.906000 0.000358 
3560.974000 0.000632 
3560.042000 0.000569 
3559.110000 0.000498 
3558.178000 0.000745 
3557.247000 0.000432 
3556.314000 0.000415 
3555.383000 0.000418 
3554.451000 0.000141 
3553.519000 0.000039 
3552.587000 0.000323 
3551.655000 0.000235 
3550.723000 0.000330 
3549.791000 0.000372 
3548.859000 0.000386 
3547.927000 0.000357 
3546.995000 0.000501 
3546.063000 0.000450 
3545.131000 0.000612 
3544.199000 0.000445 
3543.267000 0.000428 
3542.335000 0.000393 
3541.403000 0.000682 
3540.471000 0.000599 
3539.540000 0.000551 
3538.607000 0.000609 
3537.676000 0.000885 
3536.744000 0.000782 
3535.812000 0.000923 
3534.880000 0.000909 
3533.948000 0.000988 
3533.016000 0.000568 
3532.084000 0.000207 
3531.152000 0.000046 
3530.220000 0.000301 
3529.288000 0.000292 
3528.356000 0.000608 
3527.424000 0.000741 
3526.492000 0.000832 
3525.560000 0.000407 
3524.628000 0.000358 
3523.696000 0.000494 
3522.764000 0.000753 
3521.833000 0.000628 
3520.900000 0.000346 
3519.969000 0.000102 
3519.037000 0.000506 
3518.105000 0.000416 
3517.173000 0.000635 
3516.241000 0.000660 
3515.309000 0.000622 
3514.377000 0.000481 
3513.445000 0.000585 
3512.513000 0.000223 
3511.581000 0.000468 
3510.649000 0.000853 
3509.717000 0.000870 
3508.785000 0.000363 
3507.853000 0.000348 
3506.921000 0.000169 
3505.989000 0.000690 
3505.057000 0.000736 
3504.125000 0.000282 
3503.193000 -0.000234 
3502.261000 0.000320 
3501.330000 0.000613 
3500.398000 0.000741 
3499.466000 0.000375 
3498.534000 -0.000187 
3497.602000 -0.000363 
3496.670000 0.000096 
3495.738000 -0.000113 
3494.806000 0.000128 
3493.874000 -0.000009 
3492.942000 -0.000089 
3492.010000 -0.000239 
3491.078000 0.000048 
3490.146000 0.000238 
3489.214000 0.000686 
3488.282000 0.000354 
3487.350000 -0.000088 
3486.418000 -0.000589 
3485.486000 -0.000297 
3484.554000 -0.000110 
3483.623000 0.000223 
3482.691000 0.000778 
3481.759000 0.001256 
3480.827000 0.000606 
3479.895000 0.000248 
3478.963000 -0.000176 
3478.031000 -0.000073 
3477.099000 -0.000061 
3476.167000 0.000492 
3475.235000 0.000737 
3474.303000 0.001144 
3473.371000 0.001268 
3472.439000 0.002152 
3471.507000 0.002436 
3470.575000 0.002117 
3469.643000 0.001671 
3468.711000 0.001665 
3467.780000 0.001019 
3466.847000 0.000927 
3465.916000 0.000715 
3464.984000 0.001063 
3464.052000 0.001146 
3463.120000 0.001627 
3462.188000 0.001742 
3461.256000 0.001551 
3460.324000 0.001096 
3459.392000 0.001464 
3458.460000 0.001501 
3457.528000 0.001629 
3456.596000 0.001611 
3455.664000 0.002006 
3454.732000 0.002246 
3453.800000 0.002435 
3452.868000 0.002277 
3451.936000 0.002524 
3451.004000 0.002414 
3450.073000 0.002869 
3449.140000 0.002863 
3448.208000 0.002832 
3447.277000 0.003060 
3446.345000 0.003466 
3445.413000 0.003253 
3444.481000 0.003522 
3443.549000 0.003700 
3442.617000 0.004105 
3441.685000 0.004112 
3440.753000 0.005098 
3439.821000 0.006063 
3438.889000 0.006030 
3437.957000 0.005670 
3437.025000 0.006318 
3436.093000 0.005941 
3435.161000 0.005566 
3434.229000 0.005435 
3433.297000 0.006230 
3432.365000 0.006232 
3431.433000 0.005980 
3430.501000 0.005587 
3429.570000 0.005507 
3428.638000 0.005400 
3427.706000 0.005600 
3426.774000 0.005492 
3425.842000 0.005695 
3424.910000 0.005847 
3423.978000 0.006472 
3423.046000 0.006820 
3422.114000 0.006982 
3421.182000 0.006725 
3420.250000 0.007263 
3419.318000 0.007527 
3418.386000 0.007795 
3417.454000 0.007834 
3416.522000 0.008341 
3415.590000 0.008841 
3414.658000 0.009064 
3413.726000 0.008679 
3412.794000 0.009508 
3411.863000 0.010252 
3410.931000 0.010411 
3409.999000 0.009711 
3409.067000 0.009744 
3408.135000 0.009916 
3407.203000 0.010470 
3406.271000 0.010697 
3405.339000 0.011486 
3404.407000 0.012424 
3403.475000 0.013360 
3402.543000 0.013072 
3401.611000 0.012330 
3400.679000 0.011657 
3399.747000 0.011961 
3398.815000 0.011986 
3397.883000 0.012552 
3396.951000 0.012899 
3396.020000 0.013494 
3395.087000 0.014217 
3394.156000 0.015342 
3393.224000 0.015088 
3392.292000 0.014681 
3391.360000 0.014630 
3390.428000 0.014871 
3389.496000 0.014559 
3388.564000 0.014869 
3387.632000 0.015298 
3386.700000 0.016008 
3385.768000 0.016393 
3384.836000 0.016772 
3383.904000 0.017094 
3382.972000 0.017937 
3382.040000 0.017809 
3381.108000 0.017907 
3380.176000 0.018161 
3379.244000 0.018856 
3378.313000 0.019157 
3377.380000 0.019591 
3376.448000 0.019742 
3375.517000 0.020544 
3374.585000 0.021132 
3373.653000 0.021820 
3372.721000 0.022626 
3371.789000 0.023398 
3370.857000 0.023190 
3369.925000 0.023809 
3368.993000 0.024079 
3368.061000 0.024164 
3367.129000 0.024116 
3366.197000 0.024443 
3365.265000 0.024577 
3364.333000 0.025221 
3363.401000 0.025932 
3362.469000 0.026903 
3361.537000 0.026829 
3360.605000 0.026988 
3359.673000 0.027548 
3358.741000 0.028607 
3357.810000 0.029192 
3356.878000 0.029887 
3355.946000 0.030129 
3355.014000 0.030932 
3354.082000 0.031775 
3353.150000 0.032666 
3352.218000 0.032859 
3351.286000 0.033178 
3350.354000 0.033260 
3349.422000 0.034003 
3348.490000 0.034966 
3347.558000 0.035731 
3346.626000 0.035984 
3345.694000 0.036922 
3344.762000 0.037649 
3343.830000 0.037952 
3342.898000 0.037934 
3341.966000 0.038930 
3341.034000 0.039710 
3340.103000 0.040115 
3339.171000 0.040188 
3338.239000 0.040764 
3337.307000 0.041247 
3336.375000 0.042117 
3335.443000 0.042784 
3334.511000 0.043886 
3333.579000 0.044498 
3332.647000 0.045093 
3331.715000 0.045528 
3330.783000 0.046381 
3329.851000 0.047212 
3328.919000 0.048180 
3327.987000 0.048851 
3327.055000 0.049340 
3326.123000 0.049579 
3325.191000 0.050429 
3324.260000 0.050965 
3323.327000 0.051555 
3322.396000 0.052126 
3321.464000 0.053057 
3320.531000 0.053504 
3319.600000 0.053993 
3318.668000 0.054792 
3317.736000 0.055677 
3316.804000 0.056168 
3315.872000 0.057024 
3314.940000 0.057523 
3314.008000 0.058074 
3313.076000 0.058798 
3312.144000 0.059936 
3311.212000 0.060766 
3310.280000 0.061524 
3309.348000 0.062158 
3308.416000 0.063158 
3307.484000 0.063753 
3306.552000 0.064422 
3305.620000 0.064702 
3304.688000 0.065102 
3303.757000 0.065609 
3302.825000 0.066611 
3301.893000 0.067325 
3300.961000 0.067876 
3300.029000 0.068357 
3299.097000 0.069229 
3298.165000 0.070101 
3297.233000 0.071119 
3296.301000 0.071752 
3295.369000 0.072424 
3294.437000 0.073174 
3293.505000 0.073832 
3292.573000 0.074484 
3291.641000 0.075428 
3290.709000 0.075976 
3289.777000 0.076747 
3288.845000 0.077387 
3287.913000 0.078030 
3286.981000 0.078608 
3286.050000 0.079474 
3285.118000 0.080208 
3284.186000 0.081091 
3283.254000 0.081822 
3282.322000 0.082649 
3281.390000 0.083429 
3280.458000 0.084173 
3279.526000 0.084662 
3278.594000 0.085592 
3277.662000 0.086499 
3276.730000 0.087220 
3275.798000 0.087670 
3274.866000 0.088503 
3273.934000 0.089507 
3273.002000 0.090447 
3272.070000 0.091209 
3271.138000 0.092097 
3270.206000 0.092808 
3269.274000 0.093587 
3268.343000 0.094329 
3267.411000 0.095083 
3266.479000 0.095689 
3265.547000 0.096399 
3264.615000 0.097166 
3263.683000 0.098300 
3262.751000 0.099064 
3261.819000 0.099675 
3260.887000 0.100716 
3259.955000 0.101859 
3259.023000 0.102401 
3258.091000 0.103135 
3257.159000 0.103944 
3256.227000 0.104837 
3255.295000 0.105611 
3254.363000 0.106269 
3253.431000 0.106953 
3252.499000 0.107884 
3251.567000 0.108618 
3250.635000 0.109410 
3249.704000 0.110446 
3248.771000 0.111387 
3247.840000 0.112083 
3246.908000 0.112858 
3245.976000 0.113299 
3245.044000 0.114023 
3244.112000 0.115001 
3243.180000 0.115811 
3242.248000 0.116611 
3241.316000 0.117589 
3240.384000 0.118434 
3239.452000 0.119113 
3238.520000 0.119877 
3237.588000 0.120719 
3236.656000 0.121407 
3235.724000 0.122073 
3234.792000 0.122765 
3233.860000 0.123366 
3232.928000 0.124232 
3231.997000 0.125294 
3231.065000 0.126103 
3230.133000 0.126594 
3229.201000 0.127136 
3228.269000 0.128123 
3227.337000 0.129052 
3226.405000 0.129764 
3225.473000 0.130541 
3224.541000 0.131398 
3223.609000 0.132278 
3222.677000 0.132827 
3221.745000 0.133369 
3220.813000 0.134459 
3219.881000 0.135574 
3218.949000 0.136064 
3218.017000 0.136657 
3217.085000 0.137537 
3216.153000 0.138383 
3215.221000 0.139211 
3214.290000 0.140345 
3213.358000 0.141106 
3212.426000 0.141633 
3211.494000 0.142413 
3210.562000 0.143453 
3209.630000 0.144506 
3208.698000 0.145550 
3207.766000 0.146302 
3206.834000 0.147316 
3205.902000 0.148287 
3204.970000 0.149079 
3204.038000 0.149673 
3203.106000 0.150236 
3202.174000 0.151124 
3201.242000 0.152308 
3200.310000 0.153236 
3199.378000 0.154074 
3198.446000 0.154999 
3197.514000 0.156239 
3196.583000 0.156969 
3195.651000 0.157859 
3194.719000 0.158778 
3193.787000 0.159426 
3192.855000 0.160182 
3191.923000 0.161291 
3190.991000 0.162495 
3190.059000 0.163747 
3189.127000 0.164593 
3188.195000 0.165732 
3187.263000 0.167079 
3186.331000 0.168298 
3185.399000 0.169167 
3184.467000 0.170290 
3183.535000 0.171268 
3182.603000 0.172372 
3181.671000 0.173422 
3180.739000 0.174658 
3179.807000 0.175552 
3178.875000 0.176634 
3177.944000 0.177538 
3177.011000 0.178706 
3176.080000 0.179950 
3175.148000 0.181261 
3174.216000 0.182224 
3173.284000 0.183353 
3172.352000 0.184121 
3171.420000 0.185137 
3170.488000 0.186387 
3169.556000 0.187642 
3168.624000 0.188534 
3167.692000 0.189677 
3166.760000 0.190580 
3165.828000 0.191608 
3164.896000 0.192428 
3163.964000 0.193317 
3163.032000 0.193835 
3162.100000 0.194899 
3161.168000 0.196131 
3160.237000 0.197075 
3159.304000 0.197481 
3158.373000 0.198377 
3157.441000 0.199166 
3156.509000 0.200035 
3155.577000 0.200918 
3154.645000 0.201919 
3153.713000 0.202572 
3152.781000 0.203848 
3151.849000 0.204889 
3150.917000 0.205665 
3149.985000 0.206240 
3149.053000 0.207069 
3148.121000 0.207588 
3147.189000 0.208486 
3146.257000 0.209247 
3145.325000 0.210075 
3144.393000 0.210503 
3143.461000 0.211059 
3142.530000 0.211490 
3141.598000 0.212228 
3140.666000 0.213019 
3139.734000 0.214239 
3138.802000 0.215110 
3137.870000 0.216127 
3136.938000 0.216680 
3136.006000 0.217171 
3135.074000 0.217711 
3134.142000 0.218635 
3133.210000 0.219145 
3132.278000 0.220088 
3131.346000 0.220956 
3130.414000 0.221864 
3129.482000 0.222356 
3128.550000 0.223351 
3127.618000 0.224073 
3126.686000 0.224872 
3125.754000 0.225187 
3124.823000 0.225824 
3123.891000 0.226288 
3122.958000 0.226899 
3122.027000 0.227515 
3121.095000 0.228864 
3120.163000 0.229350 
3119.231000 0.229937 
3118.299000 0.230761 
3117.367000 0.231925 
3116.435000 0.232693 
3115.503000 0.233372 
3114.571000 0.233553 
3113.639000 0.234327 
3112.707000 0.234473 
3111.775000 0.234328 
3110.843000 0.234347 
3109.911000 0.235119 
3108.979000 0.235312 
3108.047000 0.235570 
3107.115000 0.235623 
3106.184000 0.235974 
3105.251000 0.235719 
3104.320000 0.235468 
3103.388000 0.234982 
3102.456000 0.235028 
3101.524000 0.235036 
3100.592000 0.235491 
3099.660000 0.235701 
3098.728000 0.236243 
3097.796000 0.236247 
3096.864000 0.236461 
3095.932000 0.236546 
3095.000000 0.237378 
3094.068000 0.237411 
3093.136000 0.237665 
3092.204000 0.238455 
3091.272000 0.240163 
3090.340000 0.240885 
3089.408000 0.242005 
3088.477000 0.243193 
3087.544000 0.244287 
3086.613000 0.245064 
3085.681000 0.247436 
3084.749000 0.249756 
3083.817000 0.251519 
3082.885000 0.252656 
3081.953000 0.254957 
3081.021000 0.257279 
3080.089000 0.259885 
3079.157000 0.262856 
3078.225000 0.266140 
3077.293000 0.268342 
3076.361000 0.271360 
3075.429000 0.273576 
3074.497000 0.275970 
3073.565000 0.278052 
3072.633000 0.280669 
3071.701000 0.282815 
3070.770000 0.284827 
3069.838000 0.286559 
3068.906000 0.289040 
3067.974000 0.291129 
3067.042000 0.293417 
3066.110000 0.294875 
3065.178000 0.296666 
3064.246000 0.297720 
3063.314000 0.298604 
3062.382000 0.299037 
3061.450000 0.299891 
3060.518000 0.300291 
3059.586000 0.300799 
3058.654000 0.301144 
3057.722000 0.301343 
3056.790000 0.301089 
3055.858000 0.301719 
3054.926000 0.301758 
3053.994000 0.301625 
3053.063000 0.300856 
3052.131000 0.301497 
3051.198000 0.301475 
3050.267000 0.301433 
3049.335000 0.300761 
3048.403000 0.299984 
3047.471000 0.299459 
3046.539000 0.299583 
3045.607000 0.298404 
3044.675000 0.297594 
3043.743000 0.296980 
3042.811000 0.296434 
3041.879000 0.295555 
3040.947000 0.295212 
3040.015000 0.293629 
3039.083000 0.291702 
3038.151000 0.289409 
3037.219000 0.287860 
3036.287000 0.286064 
3035.355000 0.284794 
3034.424000 0.283150 
3033.491000 0.281470 
3032.560000 0.279256 
3031.628000 0.277688 
3030.696000 0.275749 
3029.764000 0.274394 
3028.832000 0.272754 
3027.900000 0.271021 
3026.968000 0.268991 
3026.036000 0.268115 
3025.104000 0.266923 
3024.172000 0.266103 
3023.240000 0.264912 
3022.308000 0.263775 
3021.376000 0.262743 
3020.444000 0.262790 
3019.512000 0.261832 
3018.580000 0.261468 
3017.648000 0.261067 
3016.717000 0.261145 
3015.784000 0.261301 
3014.853000 0.262131 
3013.921000 0.262035 
3012.989000 0.262726 
3012.057000 0.263425 
3011.125000 0.264541 
3010.193000 0.265107 
3009.261000 0.265829 
3008.329000 0.266155 
3007.397000 0.266831 
3006.465000 0.267070 
3005.533000 0.267995 
3004.601000 0.268730 
3003.669000 0.269747 
3002.737000 0.270533 
3001.805000 0.271635 
3000.873000 0.272063 
2999.941000 0.273089 
2999.010000 0.274145 
2998.078000 0.275738 
2997.146000 0.276587 
2996.214000 0.277795 
2995.282000 0.278675 
2994.350000 0.280364 
2993.418000 0.281926 
2992.486000 0.283460 
2991.554000 0.284231 
2990.622000 0.285520 
2989.690000 0.286646 
2988.758000 0.287775 
2987.826000 0.288358 
2986.894000 0.289482 
2985.962000 0.289662 
2985.030000 0.290157 
2984.098000 0.289987 
2983.166000 0.290191 
2982.234000 0.290180 
2981.302000 0.290605 
2980.371000 0.291169 
2979.438000 0.291866 
2978.507000 0.291794 
2977.575000 0.291810 
2976.643000 0.291429 
2975.711000 0.291992 
2974.779000 0.292364 
2973.847000 0.293171 
2972.915000 0.293519 
2971.983000 0.294364 
2971.051000 0.294916 
2970.119000 0.295438 
2969.187000 0.295850 
2968.255000 0.296794 
2967.323000 0.297086 
2966.391000 0.297830 
2965.459000 0.298310 
2964.527000 0.299083 
2963.595000 0.299704 
2962.664000 0.300418 
2961.731000 0.300741 
2960.800000 0.301663 
2959.868000 0.302308 
2958.936000 0.302974 
2958.004000 0.303009 
2957.072000 0.303450 
2956.140000 0.303370 
2955.208000 0.303222 
2954.276000 0.303365 
2953.344000 0.304507 
2952.412000 0.304404 
2951.480000 0.304125 
2950.548000 0.303345 
2949.616000 0.302868 
2948.684000 0.302132 
2947.752000 0.301364 
2946.820000 0.299793 
2945.888000 0.298855 
2944.957000 0.298053 
2944.024000 0.297306 
2943.093000 0.295857 
2942.161000 0.294279 
2941.229000 0.292027 
2940.297000 0.290380 
2939.365000 0.288632 
2938.433000 0.286765 
2937.501000 0.284925 
2936.569000 0.283519 
2935.637000 0.281901 
2934.705000 0.280616 
2933.773000 0.278444 
2932.841000 0.276615 
2931.909000 0.274504 
2930.977000 0.273198 
2930.045000 0.272489 
2929.113000 0.271441 
2928.181000 0.269911 
2927.250000 0.268800 
2926.317000 0.267245 
2925.385000 0.266208 
2924.454000 0.265064 
2923.522000 0.264117 
2922.590000 0.263244 
2921.658000 0.262265 
2920.726000 0.260545 
2919.794000 0.259621 
2918.862000 0.258702 
2917.930000 0.258103 
2916.998000 0.257186 
2916.066000 0.256127 
2915.134000 0.255364 
2914.202000 0.255257 
2913.270000 0.254444 
2912.338000 0.253675 
2911.406000 0.252427 
2910.474000 0.250924 
2909.542000 0.249841 
2908.611000 0.248532 
2907.678000 0.246655 
2906.747000 0.245224 
2905.815000 0.243536 
2904.883000 0.241955 
2903.951000 0.240021 
2903.019000 0.238247 
2902.087000 0.236555 
2901.155000 0.234825 
2900.223000 0.232603 
2899.291000 0.230277 
2898.359000 0.227952 
2897.427000 0.226165 
2896.495000 0.224298 
2895.563000 0.222238 
2894.631000 0.219836 
2893.699000 0.217638 
2892.767000 0.215339 
2891.835000 0.213049 
2890.904000 0.210410 
2889.971000 0.207874 
2889.040000 0.205415 
2888.108000 0.202931 
2887.176000 0.200224 
2886.244000 0.197808 
2885.312000 0.195316 
2884.380000 0.192818 
2883.448000 0.190063 
2882.516000 0.187208 
2881.584000 0.184642 
2880.652000 0.182470 
2879.720000 0.179786 
2878.788000 0.176886 
2877.856000 0.174107 
2876.924000 0.171722 
2875.992000 0.169346 
2875.060000 0.167228 
2874.128000 0.165277 
2873.197000 0.163413 
2872.264000 0.161724 
2871.333000 0.160048 
2870.401000 0.158223 
2869.469000 0.156472 
2868.537000 0.154716 
2867.605000 0.153143 
2866.673000 0.151582 
2865.741000 0.150277 
2864.809000 0.149051 
2863.877000 0.147734 
2862.945000 0.146195 
2862.013000 0.144874 
2861.081000 0.143874 
2860.149000 0.142716 
2859.217000 0.141232 
2858.285000 0.140104 
2857.353000 0.139321 
2856.421000 0.138295 
2855.490000 0.136924 
2854.557000 0.135372 
2853.625000 0.133871 
2852.694000 0.132816 
2851.762000 0.131801 
2850.830000 0.130619 
2849.898000 0.129458 
2848.966000 0.128375 
2848.034000 0.127500 
2847.102000 0.126675 
2846.170000 0.125784 
2845.238000 0.125006 
2844.306000 0.124412 
2843.374000 0.123814 
2842.442000 0.123366 
2841.510000 0.123133 
2840.578000 0.122995 
2839.646000 0.123119 
2838.714000 0.123478 
2837.782000 0.123637 
2836.851000 0.123876 
2835.918000 0.124318 
2834.987000 0.124841 
2834.055000 0.125295 
2833.123000 0.125925 
2832.191000 0.126550 
2831.259000 0.127204 
2830.327000 0.127668 
2829.395000 0.128183 
2828.463000 0.128785 
2827.531000 0.129485 
2826.599000 0.129867 
2825.667000 0.130183 
2824.735000 0.130670 
2823.803000 0.131204 
2822.871000 0.131689 
2821.939000 0.132078 
2821.007000 0.132386 
2820.075000 0.133001 
2819.144000 0.133394 
2818.211000 0.133714 
2817.280000 0.133894 
2816.348000 0.134224 
2815.416000 0.134787 
2814.484000 0.135265 
2813.552000 0.135429 
2812.620000 0.136009 
2811.688000 0.136342 
2810.756000 0.136609 
2809.824000 0.137360 
2808.892000 0.138362 
2807.960000 0.138898 
2807.028000 0.139419 
2806.096000 0.139993 
2805.164000 0.141096 
2804.232000 0.141883 
2803.300000 0.142518 
2802.368000 0.143324 
2801.437000 0.144521 
2800.504000 0.145696 
2799.573000 0.146964 
2798.641000 0.147879 
2797.709000 0.148795 
2796.777000 0.149768 
2795.845000 0.150979 
2794.913000 0.152197 
2793.981000 0.153437 
2793.049000 0.154226 
2792.117000 0.155208 
2791.185000 0.156046 
2790.253000 0.157137 
2789.321000 0.158130 
2788.389000 0.159063 
2787.457000 0.159870 
2786.525000 0.160829 
2785.593000 0.161661 
2784.661000 0.162529 
2783.729000 0.163230 
2782.797000 0.164395 
2781.865000 0.165618 
2780.934000 0.166665 
2780.002000 0.167024 
2779.070000 0.167900 
2778.138000 0.168943 
2777.206000 0.170082 
2776.274000 0.170773 
2775.342000 0.171463 
2774.410000 0.172063 
2773.478000 0.172776 
2772.546000 0.173379 
2771.614000 0.174172 
2770.682000 0.174428 
2769.750000 0.174926 
2768.818000 0.175080 
2767.886000 0.175291 
2766.954000 0.175322 
2766.022000 0.175606 
2765.091000 0.175686 
2764.158000 0.175834 
2763.227000 0.175700 
2762.295000 0.175861 
2761.363000 0.175747 
2760.431000 0.175743 
2759.499000 0.175520 
2758.567000 0.175553 
2757.635000 0.175286 
2756.703000 0.175233 
2755.771000 0.174961 
2754.839000 0.174937 
2753.907000 0.174467 
2752.975000 0.174170 
2752.043000 0.173733 
2751.111000 0.173525 
2750.179000 0.173099 
2749.247000 0.172503 
2748.315000 0.171618 
2747.384000 0.170980 
2746.451000 0.169788 
2745.520000 0.168843 
2744.588000 0.167672 
2743.656000 0.166835 
2742.724000 0.165748 
2741.792000 0.164793 
2740.860000 0.163204 
2739.928000 0.161577 
2738.996000 0.160022 
2738.064000 0.158742 
2737.132000 0.156835 
2736.200000 0.155168 
2735.268000 0.153600 
2734.336000 0.152205 
2733.404000 0.150237 
2732.472000 0.148633 
2731.540000 0.146827 
2730.608000 0.145247 
2729.677000 0.143304 
2728.744000 0.141560 
2727.813000 0.139612 
2726.881000 0.137706 
2725.949000 0.135604 
2725.017000 0.134228 
2724.085000 0.132316 
2723.153000 0.130577 
2722.221000 0.128491 
2721.289000 0.126578 
2720.357000 0.124462 
2719.425000 0.122998 
2718.493000 0.121225 
2717.561000 0.119390 
2716.629000 0.117347 
2715.697000 0.115767 
2714.765000 0.113629 
2713.833000 0.111827 
2712.901000 0.110174 
2711.969000 0.108491 
2711.037000 0.106372 
2710.105000 0.104681 
2709.174000 0.102887 
2708.242000 0.101182 
2707.310000 0.098990 
2706.378000 0.097376 
2705.446000 0.095660 
2704.514000 0.094084 
2703.582000 0.092329 
2702.650000 0.091021 
2701.718000 0.089061 
2700.786000 0.087643 
2699.854000 0.086128 
2698.922000 0.084733 
2697.990000 0.083056 
2697.058000 0.081617 
2696.126000 0.080174 
2695.194000 0.079207 
2694.262000 0.077700 
2693.330000 0.076540 
2692.398000 0.075264 
2691.467000 0.074143 
2690.535000 0.072913 
2689.603000 0.072071 
2688.671000 0.070869 
2687.739000 0.070060 
2686.807000 0.068922 
2685.875000 0.068106 
2684.943000 0.067082 
2684.011000 0.066383 
2683.079000 0.065546 
2682.147000 0.065190 
2681.215000 0.064391 
2680.283000 0.063903 
2679.351000 0.063120 
2678.419000 0.062601 
2677.487000 0.062153 
2676.555000 0.062018 
2675.624000 0.061604 
2674.691000 0.061383 
2673.760000 0.061000 
2672.828000 0.060927 
2671.896000 0.060519 
2670.964000 0.060494 
2670.032000 0.060371 
2669.100000 0.060383 
2668.168000 0.060072 
2667.236000 0.060401 
2666.304000 0.060411 
2665.372000 0.060422 
2664.440000 0.060429 
2663.508000 0.061010 
2662.576000 0.060939 
2661.644000 0.061164 
2660.712000 0.061413 
2659.780000 0.061732 
2658.848000 0.061945 
2657.917000 0.062564 
2656.984000 0.062858 
2656.052000 0.063525 
2655.121000 0.063846 
2654.189000 0.064672 
2653.257000 0.065224 
2652.325000 0.065958 
2651.393000 0.066659 
2650.461000 0.067675 
2649.529000 0.068289 
2648.597000 0.069273 
2647.665000 0.069913 
2646.733000 0.071006 
2645.801000 0.071993 
2644.869000 0.073073 
2643.937000 0.073988 
2643.005000 0.075289 
2642.073000 0.076133 
2641.141000 0.077432 
2640.209000 0.078764 
2639.277000 0.080284 
2638.345000 0.081416 
2637.414000 0.082791 
2636.482000 0.083859 
2635.550000 0.085294 
2634.618000 0.086539 
2633.686000 0.088017 
2632.754000 0.089224 
2631.822000 0.090437 
2630.890000 0.091498 
2629.958000 0.092876 
2629.026000 0.093691 
2628.094000 0.094860 
2627.162000 0.095764 
2626.230000 0.096741 
2625.298000 0.097484 
2624.366000 0.098696 
2623.434000 0.099283 
2622.502000 0.099797 
2621.570000 0.099928 
2620.638000 0.100567 
2619.707000 0.101036 
2618.775000 0.101524 
2617.843000 0.101497 
2616.911000 0.101842 
2615.979000 0.102168 
2615.047000 0.102951 
2614.115000 0.103430 
2613.183000 0.104025 
2612.251000 0.104313 
2611.319000 0.104947 
2610.387000 0.105327 
2609.455000 0.106016 
2608.523000 0.106500 
2607.591000 0.107211 
2606.659000 0.107702 
2605.727000 0.108605 
2604.795000 0.109472 
2603.864000 0.110700 
2602.931000 0.111809 
2602.000000 0.113296 
2601.068000 0.114368 
2600.135000 0.115521 
2599.204000 0.116449 
2598.272000 0.117828 
2597.340000 0.118996 
2596.408000 0.120355 
2595.476000 0.121642 
2594.544000 0.123289 
2593.612000 0.124571 
2592.680000 0.125825 
2591.748000 0.126756 
2590.816000 0.128184 
2589.884000 0.129165 
2588.952000 0.130242 
2588.020000 0.131160 
2587.088000 0.132126 
2586.156000 0.132423 
2585.224000 0.132880 
2584.292000 0.133266 
2583.361000 0.133632 
2582.429000 0.133339 
2581.497000 0.133402 
2580.565000 0.133096 
2579.633000 0.132673 
2578.701000 0.131796 
2577.769000 0.131002 
2576.837000 0.129725 
2575.905000 0.128762 
2574.973000 0.127630 
2574.041000 0.126369 
2573.109000 0.124788 
2572.177000 0.123553 
2571.245000 0.122047 
2570.313000 0.120659 
2569.381000 0.118979 
2568.449000 0.117387 
2567.517000 0.115604 
2566.585000 0.114094 
2565.654000 0.112459 
2564.722000 0.110744 
2563.790000 0.108667 
2562.858000 0.106906 
2561.926000 0.105125 
2560.994000 0.103497 
2560.062000 0.101764 
2559.130000 0.100270 
2558.198000 0.098399 
2557.266000 0.096792 
2556.334000 0.095083 
2555.402000 0.093633 
2554.470000 0.092070 
2553.538000 0.090662 
2552.606000 0.089052 
2551.674000 0.087515 
2550.742000 0.085796 
2549.810000 0.084507 
2548.878000 0.082988 
2547.947000 0.081549 
2547.015000 0.080121 
2546.083000 0.078827 
2545.151000 0.077243 
2544.219000 0.076134 
2543.287000 0.074896 
2542.355000 0.073614 
2541.423000 0.072201 
2540.491000 0.071000 
2539.559000 0.069785 
2538.627000 0.068791 
2537.695000 0.067548 
2536.763000 0.066300 
2535.831000 0.064796 
2534.899000 0.063848 
2533.967000 0.062853 
2533.035000 0.061691 
2532.104000 0.060450 
2531.171000 0.059537 
2530.240000 0.058487 
2529.308000 0.057608 
2528.375000 0.056572 
2527.444000 0.055574 
2526.512000 0.054563 
2525.580000 0.053631 
2524.648000 0.052701 
2523.716000 0.052015 
2522.784000 0.051188 
2521.852000 0.050476 
2520.920000 0.049639 
2519.988000 0.049033 
2519.056000 0.048296 
2518.124000 0.047468 
2517.192000 0.046805 
2516.260000 0.046456 
2515.328000 0.045918 
2514.396000 0.045440 
2513.464000 0.044949 
2512.532000 0.044500 
2511.601000 0.043932 
2510.669000 0.043673 
2509.737000 0.043446 
2508.805000 0.043130 
2507.873000 0.042478 
2506.941000 0.042080 
2506.009000 0.041971 
2505.077000 0.041833 
2504.145000 0.041500 
2503.213000 0.041319 
2502.281000 0.041082 
2501.349000 0.040813 
2500.417000 0.040615 
2499.485000 0.040570 
2498.553000 0.040336 
2497.621000 0.040038 
2496.689000 0.039692 
2495.757000 0.039683 
2494.825000 0.039603 
2493.894000 0.039292 
2492.962000 0.039010 
2492.030000 0.038766 
2491.098000 0.038428 
2490.166000 0.038172 
2489.234000 0.037839 
2488.302000 0.037673 
2487.370000 0.037510 
2486.438000 0.037351 
2485.506000 0.037197 
2484.574000 0.036998 
2483.642000 0.036651 
2482.710000 0.036293 
2481.778000 0.036005 
2480.846000 0.035789 
2479.914000 0.035435 
2478.982000 0.035218 
2478.050000 0.034953 
2477.118000 0.034462 
2476.187000 0.034141 
2475.255000 0.033921 
2474.323000 0.033682 
2473.391000 0.033478 
2472.459000 0.033232 
2471.527000 0.032885 
2470.595000 0.032502 
2469.663000 0.032179 
2468.731000 0.031855 
2467.799000 0.031493 
2466.867000 0.031283 
2465.935000 0.031234 
2465.003000 0.031037 
2464.071000 0.030763 
2463.139000 0.030469 
2462.207000 0.030045 
2461.275000 0.029811 
2460.343000 0.029563 
2459.411000 0.029282 
2458.479000 0.028984 
2457.548000 0.028601 
2456.615000 0.028372 
2455.684000 0.028247 
2454.752000 0.028072 
2453.820000 0.027995 
2452.888000 0.027771 
2451.956000 0.027515 
2451.024000 0.027334 
2450.092000 0.027158 
2449.160000 0.026832 
2448.228000 0.026697 
2447.296000 0.026590 
2446.364000 0.026418 
2445.432000 0.026074 
2444.500000 0.025944 
2443.568000 0.025981 
2442.636000 0.025817 
2441.704000 0.025336 
2440.772000 0.025074 
2439.841000 0.025049 
2438.908000 0.024944 
2437.977000 0.024605 
2437.045000 0.024480 
2436.113000 0.024284 
2435.181000 0.024101 
2434.249000 0.023880 
2433.317000 0.023909 
2432.385000 0.023907 
2431.453000 0.023721 
2430.521000 0.023444 
2429.589000 0.023334 
2428.657000 0.023217 
2427.725000 0.023126 
2426.793000 0.022672 
2425.861000 0.022449 
2424.929000 0.022400 
2423.997000 0.022274 
2423.065000 0.022033 
2422.134000 0.021928 
2421.202000 0.021570 
2420.270000 0.021453 
2419.338000 0.021233 
2418.406000 0.020876 
2417.474000 0.020658 
2416.542000 0.020617 
2415.610000 0.020400 
2414.678000 0.020391 
2413.746000 0.020028 
2412.814000 0.019775 
2411.882000 0.019612 
2410.950000 0.019410 
2410.018000 0.019262 
2409.086000 0.019092 
2408.154000 0.018628 
2407.222000 0.018515 
2406.290000 0.018251 
2405.358000 0.017799 
2404.427000 0.017404 
2403.495000 0.017333 
2402.563000 0.017031 
2401.631000 0.016871 
2400.699000 0.016507 
2399.767000 0.016304 
2398.835000 0.016031 
2397.903000 0.015717 
2396.971000 0.015503 
2396.039000 0.015643 
2395.107000 0.015264 
2394.175000 0.014912 
2393.243000 0.014593 
2392.311000 0.014451 
2391.379000 0.014306 
2390.447000 0.014225 
2389.515000 0.013836 
2388.583000 0.013606 
2387.651000 0.013358 
2386.719000 0.013255 
2385.788000 0.013046 
2384.855000 0.012831 
2383.924000 0.012446 
2382.992000 0.012349 
2382.060000 0.012157 
2381.128000 0.012083 
2380.196000 0.011691 
2379.264000 0.011425 
2378.332000 0.011221 
2377.400000 0.011040 
2376.468000 0.010706 
2375.536000 0.010711 
2374.604000 0.010264 
2373.672000 0.009966 
2372.740000 0.009859 
2371.808000 0.009831 
2370.876000 0.009606 
2369.944000 0.009513 
2369.012000 0.009051 
2368.081000 0.009016 
2367.148000 0.008879 
2366.217000 0.009001 
2365.285000 0.008921 
2364.353000 0.009185 
2363.421000 0.009220 
2362.489000 0.009255 
2361.557000 0.009065 
2360.625000 0.009253 
2359.693000 0.009115 
2358.761000 0.009183 
2357.829000 0.009231 
2356.897000 0.009639 
2355.965000 0.009424 
2355.033000 0.009555 
2354.101000 0.009548 
2353.169000 0.009672 
2352.237000 0.009659 
2351.305000 0.009661 
2350.374000 0.009556 
2349.442000 0.009826 
2348.510000 0.009622 
2347.578000 0.009629 
2346.646000 0.009611 
2345.714000 0.009825 
2344.782000 0.009854 
2343.850000 0.009935 
2342.918000 0.009484 
2341.986000 0.009392 
2341.054000 0.009062 
2340.122000 0.008873 
2339.190000 0.008483 
2338.258000 0.008306 
2337.326000 0.008228 
2336.394000 0.008598 
2335.462000 0.008470 
2334.530000 0.008647 
2333.598000 0.008662 
2332.667000 0.008683 
2331.735000 0.008378 
2330.802000 0.008375 
2329.871000 0.008165 
2328.939000 0.008155 
2328.007000 0.008041 
2327.075000 0.008092 
2326.143000 0.008030 
2325.211000 0.008032 
2324.279000 0.007874 
2323.347000 0.008003 
2322.415000 0.007735 
2321.483000 0.007601 
2320.551000 0.007551 
2319.619000 0.007582 
2318.687000 0.007374 
2317.755000 0.007181 
2316.823000 0.006942 
2315.891000 0.006914 
2314.959000 0.006721 
2314.028000 0.006645 
2313.095000 0.006421 
2312.164000 0.006407 
2311.232000 0.006193 
2310.300000 0.006219 
2309.368000 0.006061 
2308.436000 0.006050 
2307.504000 0.005823 
2306.572000 0.005817 
2305.640000 0.005539 
2304.708000 0.005499 
2303.776000 0.005240 
2302.844000 0.005316 
2301.912000 0.005225 
2300.980000 0.005187 
2300.048000 0.004988 
2299.116000 0.005084 
2298.184000 0.004843 
2297.252000 0.004741 
2296.321000 0.004527 
2295.388000 0.004665 
2294.457000 0.004474 
2293.525000 0.004401 
2292.593000 0.004156 
2291.661000 0.004325 
2290.729000 0.004190 
2289.797000 0.004112 
2288.865000 0.003761 
2287.933000 0.003706 
2287.001000 0.003597 
2286.069000 0.003767 
2285.137000 0.003592 
2284.205000 0.003617 
2283.273000 0.003444 
2282.341000 0.003524 
2281.409000 0.003324 
2280.477000 0.003227 
2279.545000 0.003123 
2278.614000 0.003349 
2277.682000 0.003153 
2276.750000 0.003091 
2275.818000 0.002832 
2274.886000 0.002930 
2273.954000 0.002957 
2273.022000 0.002951 
2272.090000 0.002794 
2271.158000 0.002893 
2270.226000 0.002667 
2269.294000 0.002651 
2268.362000 0.002496 
2267.430000 0.002528 
2266.498000 0.002344 
2265.566000 0.002353 
2264.634000 0.002148 
2263.702000 0.002160 
2262.770000 0.001989 
2261.838000 0.002126 
2260.906000 0.002087 
2259.975000 0.002178 
2259.042000 0.001898 
2258.111000 0.001786 
2257.179000 0.001766 
2256.247000 0.001968 
2255.315000 0.001808 
2254.383000 0.001720 
2253.451000 0.001520 
2252.519000 0.001574 
2251.587000 0.001376 
2250.655000 0.001424 
2249.723000 0.001348 
2248.791000 0.001438 
2247.859000 0.001299 
2246.927000 0.001466 
2245.995000 0.001212 
2245.063000 0.001143 
2244.131000 0.001098 
2243.199000 0.001203 
2242.268000 0.001026 
2241.335000 0.001150 
2240.404000 0.001144 
2239.472000 0.001147 
2238.540000 0.000940 
2237.608000 0.001041 
2236.676000 0.000933 
2235.744000 0.000988 
2234.812000 0.000858 
2233.880000 0.000817 
2232.948000 0.000694 
2232.016000 0.000873 
2231.084000 0.000808 
2230.152000 0.000889 
2229.220000 0.000732 
2228.288000 0.000667 
2227.356000 0.000441 
2226.424000 0.000600 
2225.492000 0.000614 
2224.561000 0.000668 
2223.628000 0.000438 
2222.697000 0.000605 
2221.765000 0.000594 
2220.833000 0.000662 
2219.901000 0.000421 
2218.969000 0.000412 
2218.037000 0.000401 
2217.105000 0.000603 
2216.173000 0.000418 
2215.241000 0.000374 
2214.309000 0.000262 
2213.377000 0.000307 
2212.445000 0.000249 
2211.513000 0.000295 
2210.581000 0.000164 
2209.649000 0.000352 
2208.717000 0.000284 
2207.785000 0.000340 
2206.854000 0.000247 
2205.921000 0.000169 
2204.990000 -0.000061 
2204.058000 0.000018 
2203.126000 0.000105 
2202.194000 0.000143 
2201.262000 -0.000031 
2200.330000 -0.000031 
2199.398000 0.000001 
2198.466000 0.000183 
2197.534000 -0.000049 
2196.602000 -0.000130 
2195.670000 -0.000199 
2194.738000 -0.000041 
2193.806000 -0.000192 
2192.874000 -0.000240 
2191.942000 -0.000081 
2191.010000 0.000148 
2190.078000 0.000041 
2189.146000 0.000111 
2188.215000 0.000041 
2187.282000 0.000075 
2186.351000 -0.000031 
2185.419000 0.000119 
2184.487000 0.000090 
2183.555000 0.000183 
2182.623000 0.000237 
2181.691000 0.000365 
2180.759000 0.000341 
2179.827000 0.000443 
2178.895000 0.000310 
2177.963000 0.000483 
2177.031000 0.000482 
2176.099000 0.000574 
2175.167000 0.000661 
2174.235000 0.000845 
2173.303000 0.000835 
2172.371000 0.000883 
2171.439000 0.000886 
2170.508000 0.001006 
2169.575000 0.000997 
2168.644000 0.001158 
2167.712000 0.001334 
2166.780000 0.001477 
2165.848000 0.001278 
2164.916000 0.001372 
2163.984000 0.001549 
2163.052000 0.001725 
2162.120000 0.001691 
2161.188000 0.001785 
2160.256000 0.001886 
2159.324000 0.002042 
2158.392000 0.001930 
2157.460000 0.001928 
2156.528000 0.001958 
2155.596000 0.002146 
2154.664000 0.002294 
2153.732000 0.002629 
2152.801000 0.002665 
2151.868000 0.002656 
2150.937000 0.002604 
2150.005000 0.002710 
2149.073000 0.002786 
2148.141000 0.002845 
2147.209000 0.002723 
2146.277000 0.002840 
2145.345000 0.002876 
2144.413000 0.002951 
2143.481000 0.003002 
2142.549000 0.003059 
2141.617000 0.002919 
2140.685000 0.002934 
2139.753000 0.002909 
2138.821000 0.002865 
2137.889000 0.002707 
2136.957000 0.002636 
2136.025000 0.002659 
2135.094000 0.002670 
2134.161000 0.002511 
2133.229000 0.002586 
2132.298000 0.002596 
2131.366000 0.002558 
2130.434000 0.002489 
2129.502000 0.002550 
2128.570000 0.002639 
2127.638000 0.002751 
2126.706000 0.002577 
2125.774000 0.002435 
2124.842000 0.002466 
2123.910000 0.002513 
2122.978000 0.002492 
2122.046000 0.002534 
2121.114000 0.002510 
2120.182000 0.002582 
2119.250000 0.002545 
2118.318000 0.002477 
2117.386000 0.002445 
2116.455000 0.002481 
2115.522000 0.002442 
2114.591000 0.002450 
2113.659000 0.002427 
2112.727000 0.002523 
2111.795000 0.002524 
2110.863000 0.002499 
2109.931000 0.002604 
2108.999000 0.002777 
2108.067000 0.002808 
2107.135000 0.002878 
2106.203000 0.003008 
2105.271000 0.003127 
2104.339000 0.003129 
2103.407000 0.003180 
2102.475000 0.003312 
2101.543000 0.003431 
2100.611000 0.003557 
2099.679000 0.003725 
2098.748000 0.003790 
2097.815000 0.003833 
2096.884000 0.003874 
2095.952000 0.003873 
2095.020000 0.003882 
2094.088000 0.003993 
2093.156000 0.003958 
2092.224000 0.003941 
2091.292000 0.004046 
2090.360000 0.004115 
2089.428000 0.004134 
2088.496000 0.004028 
2087.564000 0.003884 
2086.632000 0.003806 
2085.700000 0.003799 
2084.768000 0.003745 
2083.836000 0.003543 
2082.904000 0.003445 
2081.972000 0.003525 
2081.041000 0.003412 
2080.108000 0.003401 
2079.177000 0.003529 
2078.245000 0.003564 
2077.313000 0.003454 
2076.381000 0.003356 
2075.449000 0.003283 
2074.517000 0.003267 
2073.585000 0.003240 
2072.653000 0.003245 
2071.721000 0.003271 
2070.789000 0.003308 
2069.857000 0.003275 
2068.925000 0.003273 
2067.993000 0.003299 
2067.061000 0.003338 
2066.129000 0.003244 
2065.197000 0.003231 
2064.265000 0.003247 
2063.333000 0.003268 
2062.401000 0.003333 
2061.469000 0.003422 
2060.538000 0.003360 
2059.606000 0.003483 
2058.674000 0.003651 
2057.742000 0.003640 
2056.810000 0.003520 
2055.878000 0.003527 
2054.946000 0.003494 
2054.014000 0.003640 
2053.082000 0.003889 
2052.150000 0.004032 
2051.218000 0.003952 
2050.286000 0.003946 
2049.354000 0.003912 
2048.422000 0.003922 
2047.490000 0.003810 
2046.558000 0.003776 
2045.626000 0.003678 
2044.694000 0.003560 
2043.763000 0.003499 
2042.831000 0.003547 
2041.899000 0.003344 
2040.967000 0.003367 
2040.035000 0.003208 
2039.103000 0.002973 
2038.171000 0.002744 
2037.239000 0.002653 
2036.307000 0.002626 
2035.375000 0.002811 
2034.443000 0.002936 
2033.511000 0.002890 
2032.579000 0.002640 
2031.647000 0.002462 
2030.715000 0.002230 
2029.783000 0.002247 
2028.851000 0.002343 
2027.919000 0.002354 
2026.987000 0.002030 
2026.056000 0.001855 
2025.124000 0.001653 
2024.192000 0.001631 
2023.260000 0.001476 
2022.328000 0.001526 
2021.396000 0.001460 
2020.464000 0.001424 
2019.532000 0.001404 
2018.600000 0.001342 
2017.668000 0.000969 
2016.736000 0.000895 
2015.804000 0.000849 
2014.872000 0.000774 
2013.940000 0.000704 
2013.008000 0.000761 
2012.076000 0.000580 
2011.144000 0.000577 
2010.212000 0.000404 
2009.280000 0.000545 
2008.349000 0.000575 
2007.417000 0.000501 
2006.485000 0.000391 
2005.553000 0.000401 
2004.621000 0.000291 
2003.689000 0.000287 
2002.757000 0.000076 
2001.825000 0.000119 
2000.893000 0.000122 
1999.961000 0.000208 
1999.029000 0.000067 
1998.097000 -0.000035 
1997.165000 -0.000088 
1996.233000 -0.000090 
1995.301000 -0.000007 
1994.369000 0.000291 
1993.437000 0.000331 
1992.505000 0.000192 
1991.573000 -0.000161 
1990.641000 -0.000251 
1989.709000 -0.000264 
1988.778000 -0.000108 
1987.846000 -0.000103 
1986.914000 -0.000151 
1985.982000 -0.000404 
1985.050000 -0.000414 
1984.118000 -0.000426 
1983.186000 -0.000356 
1982.254000 -0.000517 
1981.322000 -0.000362 
1980.390000 -0.000236 
1979.458000 -0.000092 
1978.526000 -0.000250 
1977.594000 -0.000147 
1976.662000 -0.000250 
1975.730000 -0.000221 
1974.798000 -0.000221 
1973.866000 -0.000164 
1972.934000 -0.000331 
1972.002000 -0.000222 
1971.071000 -0.000279 
1970.139000 -0.000026 
1969.207000 0.000084 
1968.275000 0.000119 
1967.343000 -0.000018 
1966.411000 0.000077 
1965.479000 0.000011 
1964.547000 -0.000067 
1963.615000 -0.000332 
1962.683000 -0.000215 
1961.751000 -0.000272 
1960.819000 -0.000207 
1959.887000 -0.000117 
1958.955000 0.000001 
1958.023000 -0.000138 
1957.091000 0.000128 
1956.159000 0.000196 
1955.227000 0.000259 
1954.296000 0.000281 
1953.364000 0.000365 
1952.432000 0.000397 
1951.500000 0.000613 
1950.568000 0.000546 
1949.636000 0.000571 
1948.704000 0.000442 
1947.772000 0.000686 
1946.840000 0.000785 
1945.908000 0.000994 
1944.976000 0.001120 
1944.044000 0.001610 
1943.112000 0.001385 
1942.180000 0.001241 
1941.248000 0.001279 
1940.316000 0.001611 
1939.384000 0.001828 
1938.452000 0.002126 
1937.520000 0.002211 
1936.589000 0.002594 
1935.656000 0.002581 
1934.725000 0.002775 
1933.793000 0.003027 
1932.861000 0.003261 
1931.929000 0.003221 
1930.997000 0.003515 
1930.065000 0.003639 
1929.133000 0.003869 
1928.201000 0.003913 
1927.269000 0.004102 
1926.337000 0.004371 
1925.405000 0.004931 
1924.473000 0.005195 
1923.541000 0.005266 
1922.609000 0.005152 
1921.677000 0.005324 
1920.745000 0.005499 
1919.813000 0.006113 
1918.881000 0.006200 
1917.949000 0.006030 
1917.018000 0.006238 
1916.086000 0.006752 
1915.154000 0.006924 
1914.222000 0.007179 
1913.290000 0.007157 
1912.358000 0.007336 
1911.426000 0.007511 
1910.494000 0.007724 
1909.562000 0.007705 
1908.630000 0.008001 
1907.698000 0.008162 
1906.766000 0.008350 
1905.834000 0.008310 
1904.902000 0.008601 
1903.970000 0.008636 
1903.038000 0.008859 
1902.106000 0.008884 
1901.174000 0.008946 
1900.242000 0.008919 
1899.311000 0.009096 
1898.379000 0.009037 
1897.447000 0.009368 
1896.515000 0.009528 
1895.583000 0.009484 
1894.651000 0.009277 
1893.719000 0.009293 
1892.787000 0.009265 
1891.855000 0.009619 
1890.923000 0.009768 
1889.991000 0.009520 
1889.059000 0.009058 
1888.127000 0.009128 
1887.195000 0.009164 
1886.263000 0.009362 
1885.331000 0.009258 
1884.399000 0.009157 
1883.467000 0.008901 
1882.536000 0.008863 
1881.604000 0.008673 
1880.672000 0.008819 
1879.740000 0.008790 
1878.808000 0.008747 
1877.876000 0.008476 
1876.944000 0.008455 
1876.012000 0.008178 
1875.080000 0.008076 
1874.148000 0.007936 
1873.216000 0.008034 
1872.284000 0.007976 
1871.352000 0.008286 
1870.420000 0.008118 
1869.488000 0.007665 
1868.556000 0.007313 
1867.624000 0.007446 
1866.692000 0.007473 
1865.760000 0.007663 
1864.828000 0.007534 
1863.896000 0.007356 
1862.965000 0.007235 
1862.033000 0.007393 
1861.101000 0.007405 
1860.169000 0.007491 
1859.237000 0.007371 
1858.305000 0.007450 
1857.373000 0.007338 
1856.441000 0.007411 
1855.509000 0.007361 
1854.577000 0.007372 
1853.645000 0.007128 
1852.713000 0.007131 
1851.781000 0.007150 
1850.849000 0.007295 
1849.917000 0.007326 
1848.985000 0.007472 
1848.053000 0.007230 
1847.121000 0.007147 
1846.189000 0.007448 
1845.258000 0.007778 
1844.326000 0.007031 
1843.394000 0.006991 
1842.462000 0.007153 
1841.530000 0.007348 
1840.598000 0.007385 
1839.666000 0.007509 
1838.734000 0.007550 
1837.802000 0.007542 
1836.870000 0.007312 
1835.938000 0.007416 
1835.006000 0.007506 
1834.074000 0.007695 
1833.142000 0.007798 
1832.210000 0.008090 
1831.278000 0.008215 
1830.346000 0.008020 
1829.414000 0.007774 
1828.482000 0.008049 
1827.551000 0.008383 
1826.619000 0.008941 
1825.687000 0.008743 
1824.755000 0.008608 
1823.823000 0.008827 
1822.891000 0.009107 
1821.959000 0.009235 
1821.027000 0.009219 
1820.095000 0.009122 
1819.163000 0.009406 
1818.231000 0.009632 
1817.299000 0.009647 
1816.367000 0.009568 
1815.435000 0.009775 
1814.503000 0.009977 
1813.571000 0.010101 
1812.639000 0.010048 
1811.707000 0.010215 
1810.776000 0.010279 
1809.844000 0.010480 
1808.911000 0.010608 
1807.980000 0.010856 
1807.048000 0.011084 
1806.116000 0.011257 
1805.184000 0.011223 
1804.252000 0.011416 
1803.320000 0.011563 
1802.388000 0.011589 
1801.456000 0.011616 
1800.524000 0.011736 
1799.592000 0.011751 
1798.660000 0.011988 
1797.728000 0.012247 
1796.796000 0.012422 
1795.864000 0.012580 
1794.932000 0.012954 
1794.000000 0.013285 
1793.068000 0.013333 
1792.136000 0.013395 
1791.205000 0.013810 
1790.273000 0.014253 
1789.341000 0.014758 
1788.409000 0.015012 
1787.477000 0.015170 
1786.545000 0.015531 
1785.613000 0.015995 
1784.681000 0.016274 
1783.749000 0.016728 
1782.817000 0.017026 
1781.885000 0.017467 
1780.953000 0.018123 
1780.021000 0.018919 
1779.089000 0.019679 
1778.157000 0.020312 
1777.225000 0.021040 
1776.293000 0.021824 
1775.361000 0.022410 
1774.429000 0.023170 
1773.498000 0.024406 
1772.566000 0.025779 
1771.634000 0.027181 
1770.702000 0.028614 
1769.770000 0.030152 
1768.838000 0.032325 
1767.906000 0.034511 
1766.974000 0.036654 
1766.042000 0.039239 
1765.110000 0.042193 
1764.178000 0.045103 
1763.246000 0.048643 
1762.314000 0.053957 
1761.382000 0.059334 
1760.450000 0.065198 
1759.518000 0.072121 
1758.586000 0.079760 
1757.654000 0.090056 
1756.722000 0.102773 
1755.791000 0.116766 
1754.859000 0.133729 
1753.927000 0.152007 
1752.995000 0.172154 
1752.063000 0.200537 
1751.131000 0.230955 
1750.199000 0.261264 
1749.267000 0.295569 
1748.335000 0.328890 
1747.403000 0.362752 
1746.471000 0.395370 
1745.539000 0.426761 
1744.607000 0.457487 
1743.675000 0.487397 
1742.743000 0.514440 
1741.811000 0.541590 
1740.879000 0.569239 
1739.947000 0.592452 
1739.015000 0.614065 
1738.083000 0.637881 
1737.151000 0.659324 
1736.220000 0.682490 
1735.288000 0.703690 
1734.356000 0.713212 
1733.424000 0.722905 
1732.492000 0.738612 
1731.560000 0.756092 
1730.628000 0.770210 
1729.696000 0.780304 
1728.764000 0.792047 
1727.832000 0.802701 
1726.900000 0.810987 
1725.968000 0.818835 
1725.036000 0.827129 
1724.104000 0.833824 
1723.172000 0.840034 
1722.240000 0.847005 
1721.308000 0.855173 
1720.376000 0.866831 
1719.445000 0.877988 
1718.513000 0.876519 
1717.581000 0.871569 
1716.649000 0.876881 
1715.717000 0.883226 
1714.785000 0.883430 
1713.853000 0.884642 
1712.921000 0.887511 
1711.989000 0.890390 
1711.057000 0.889640 
1710.125000 0.885162 
1709.193000 0.881023 
1708.261000 0.878053 
1707.329000 0.870734 
1706.397000 0.859605 
1705.465000 0.847877 
1704.533000 0.833505 
1703.601000 0.823046 
1702.669000 0.823188 
1701.738000 0.827139 
1700.806000 0.785365 
1699.874000 0.747350 
1698.942000 0.733720 
1698.010000 0.728994 
1697.078000 0.718691 
1696.146000 0.679593 
1695.214000 0.650310 
1694.282000 0.633794 
1693.350000 0.616813 
1692.418000 0.598800 
1691.486000 0.579497 
1690.554000 0.558169 
1689.622000 0.537375 
1688.690000 0.516208 
1687.758000 0.497970 
1686.826000 0.488889 
1685.894000 0.481189 
1684.962000 0.456143 
1684.031000 0.428820 
1683.099000 0.413586 
1682.167000 0.406504 
1681.235000 0.399095 
1680.303000 0.389244 
1679.371000 0.380369 
1678.439000 0.373183 
1677.507000 0.369563 
1676.575000 0.367005 
1675.643000 0.354657 
1674.711000 0.344646 
1673.779000 0.341423 
1672.847000 0.339496 
1671.915000 0.334900 
1670.983000 0.332122 
1670.051000 0.326853 
1669.119000 0.317886 
1668.187000 0.312280 
1667.255000 0.308919 
1666.323000 0.305331 
1665.391000 0.302048 
1664.460000 0.299860 
1663.528000 0.294177 
1662.596000 0.285490 
1661.664000 0.280012 
1660.732000 0.276187 
1659.800000 0.272449 
1658.868000 0.268312 
1657.936000 0.264213 
1657.004000 0.260576 
1656.072000 0.259281 
1655.140000 0.259572 
1654.208000 0.258308 
1653.276000 0.243444 
1652.344000 0.233492 
1651.412000 0.231784 
1650.480000 0.231818 
1649.548000 0.231379 
1648.616000 0.228417 
1647.685000 0.224286 
1646.753000 0.218807 
1645.821000 0.212236 
1644.889000 0.209293 
1643.957000 0.207121 
1643.025000 0.204214 
1642.093000 0.200533 
1641.161000 0.197150 
1640.229000 0.193556 
1639.297000 0.191042 
1638.365000 0.187495 
1637.433000 0.185822 
1636.501000 0.184370 
1635.569000 0.176612 
1634.637000 0.171421 
1633.705000 0.170314 
1632.773000 0.169420 
1631.841000 0.167756 
1630.909000 0.165072 
1629.978000 0.163398 
1629.046000 0.161686 
1628.114000 0.158359 
1627.182000 0.155156 
1626.250000 0.153341 
1625.318000 0.153035 
1624.386000 0.151460 
1623.454000 0.146347 
1622.522000 0.143512 
1621.590000 0.141998 
1620.658000 0.140358 
1619.726000 0.137963 
1618.794000 0.137649 
1617.862000 0.137084 
1616.930000 0.130021 
1615.998000 0.124857 
1615.066000 0.123529 
1614.134000 0.122206 
1613.202000 0.120154 
1612.271000 0.117296 
1611.339000 0.115012 
1610.407000 0.112813 
1609.475000 0.110698 
1608.543000 0.108724 
1607.611000 0.107024 
1606.679000 0.104770 
1605.747000 0.102954 
1604.815000 0.101014 
1603.883000 0.099028 
1602.951000 0.096477 
1602.019000 0.094224 
1601.087000 0.091676 
1600.155000 0.089473 
1599.223000 0.086747 
1598.291000 0.084208 
1597.359000 0.081325 
1596.427000 0.078607 
1595.495000 0.075431 
1594.563000 0.072435 
1593.631000 0.069235 
1592.700000 0.066312 
1591.768000 0.063305 
1590.836000 0.060785 
1589.904000 0.057888 
1588.972000 0.055454 
1588.040000 0.053086 
1587.108000 0.050872 
1586.176000 0.048374 
1585.244000 0.046254 
1584.312000 0.043964 
1583.380000 0.042055 
1582.448000 0.040168 
1581.516000 0.038490 
1580.584000 0.036578 
1579.652000 0.034919 
1578.720000 0.033674 
1577.788000 0.034502 
1576.856000 0.032357 
1575.924000 0.027739 
1574.993000 0.026492 
1574.061000 0.026481 
1573.129000 0.025737 
1572.197000 0.025245 
1571.265000 0.025498 
1570.333000 0.024401 
1569.401000 0.021193 
1568.469000 0.020347 
1567.537000 0.019998 
1566.605000 0.020118 
1565.673000 0.019333 
1564.741000 0.018019 
1563.809000 0.017010 
1562.877000 0.016750 
1561.945000 0.017571 
1561.013000 0.018786 
1560.081000 0.015964 
1559.149000 0.014026 
1558.218000 0.011130 
1557.286000 0.010762 
1556.354000 0.012221 
1555.422000 0.013908 
1554.490000 0.011951 
1553.558000 0.010716 
1552.626000 0.010589 
1551.694000 0.011037 
1550.762000 0.010728 
1549.830000 0.009475 
1548.898000 0.008658 
1547.966000 0.008704 
1547.034000 0.009331 
1546.102000 0.009400 
1545.170000 0.007203 
1544.238000 0.006792 
1543.306000 0.007335 
1542.374000 0.006513 
1541.442000 0.005951 
1540.510000 0.006691 
1539.578000 0.004847 
1538.647000 0.003765 
1537.715000 0.004029 
1536.783000 0.004914 
1535.851000 0.005608 
1534.919000 0.006481 
1533.987000 0.004549 
1533.055000 0.003221 
1532.123000 0.003125 
1531.191000 0.003561 
1530.259000 0.003638 
1529.327000 0.003618 
1528.395000 0.002984 
1527.463000 0.002968 
1526.531000 0.003054 
1525.599000 0.002102 
1524.667000 0.001500 
1523.735000 0.002576 
1522.803000 0.002918 
1521.871000 0.002729 
1520.940000 0.000533 
1520.008000 0.000287 
1519.076000 0.001339 
1518.144000 0.002211 
1517.212000 0.000768 
1516.280000 0.000454 
1515.348000 0.000423 
1514.416000 0.000793 
1513.484000 0.001150 
1512.552000 0.000691 
1511.620000 0.000289 
1510.688000 0.000822 
1509.756000 0.000580 
1508.824000 0.000948 
1507.892000 0.000956 
1506.960000 0.000080 
1506.028000 -0.001435 
1505.096000 -0.001334 
1504.164000 -0.000540 
1503.233000 0.000213 
1502.301000 0.000137 
1501.369000 0.000015 
1500.437000 -0.000028 
1499.505000 -0.000016 
1498.573000 -0.001102 
1497.641000 -0.000270 
1496.709000 -0.000510 
1495.777000 -0.001698 
1494.845000 -0.001683 
1493.913000 -0.001205 
1492.981000 -0.001048 
1492.049000 -0.000310 
1491.117000 -0.000390 
1490.185000 -0.001024 
1489.253000 -0.001149 
1488.321000 0.000181 
1487.389000 0.000706 
1486.458000 0.001323 
1485.526000 0.002163 
1484.594000 0.003373 
1483.662000 0.004413 
1482.730000 0.005706 
1481.798000 0.006425 
1480.866000 0.007136 
1479.934000 0.007998 
1479.002000 0.008949 
1478.070000 0.009604 
1477.138000 0.009919 
1476.206000 0.008792 
1475.274000 0.008747 
1474.342000 0.008911 
1473.410000 0.008101 
1472.478000 0.005940 
1471.546000 0.004219 
1470.614000 0.003724 
1469.682000 0.003533 
1468.750000 0.002971 
1467.818000 0.002510 
1466.887000 0.002119 
1465.955000 0.002226 
1465.023000 0.001457 
1464.091000 0.001447 
1463.159000 0.002008 
1462.227000 0.002666 
1461.295000 0.002872 
1460.363000 0.003342 
1459.431000 0.003638 
1458.499000 0.004136 
1457.567000 0.004093 
1456.635000 0.003340 
1455.703000 0.003687 
1454.771000 0.004884 
1453.839000 0.005782 
1452.907000 0.006644 
1451.975000 0.006768 
1451.043000 0.006939 
1450.111000 0.006857 
1449.180000 0.006887 
1448.248000 0.005836 
1447.316000 0.004748 
1446.384000 0.004084 
1445.452000 0.003616 
1444.520000 0.002959 
1443.588000 0.002356 
1442.656000 0.001588 
1441.724000 0.001142 
1440.792000 0.000709 
1439.860000 0.000769 
1438.928000 0.001006 
1437.996000 0.001922 
1437.064000 0.001333 
1436.132000 0.000571 
1435.200000 0.001257 
1434.268000 0.002132 
1433.336000 0.002433 
1432.404000 0.003011 
1431.473000 0.003618 
1430.541000 0.004242 
1429.609000 0.004513 
1428.677000 0.005452 
1427.745000 0.006611 
1426.813000 0.007958 
1425.881000 0.009296 
1424.949000 0.010922 
1424.017000 0.012483 
1423.085000 0.014505 
1422.153000 0.016784 
1421.221000 0.019274 
1420.289000 0.022339 
1419.357000 0.024933 
1418.425000 0.027443 
1417.493000 0.031146 
1416.561000 0.034651 
1415.629000 0.038059 
1414.697000 0.041249 
1413.766000 0.044518 
1412.833000 0.047338 
1411.902000 0.050006 
1410.970000 0.052347 
1410.038000 0.054510 
1409.106000 0.056293 
1408.174000 0.057969 
1407.242000 0.059274 
1406.310000 0.060492 
1405.378000 0.061067 
1404.446000 0.061473 
1403.514000 0.062114 
1402.582000 0.062755 
1401.650000 0.063329 
1400.718000 0.064392 
1399.786000 0.065147 
1398.854000 0.065750 
1397.922000 0.066892 
1396.990000 0.068637 
1396.058000 0.070555 
1395.127000 0.072393 
1394.195000 0.073568 
1393.263000 0.075340 
1392.331000 0.077109 
1391.399000 0.078291 
1390.467000 0.078995 
1389.535000 0.079780 
1388.603000 0.080343 
1387.671000 0.079689 
1386.739000 0.078619 
1385.807000 0.078219 
1384.875000 0.077544 
1383.943000 0.076541 
1383.011000 0.075410 
1382.079000 0.074740 
1381.147000 0.074611 
1380.215000 0.074940 
1379.283000 0.075678 
1378.351000 0.077041 
1377.420000 0.078651 
1376.488000 0.080562 
1375.556000 0.082357 
1374.624000 0.083559 
1373.692000 0.083898 
1372.760000 0.083735 
1371.828000 0.082934 
1370.896000 0.081447 
1369.964000 0.079198 
1369.032000 0.076079 
1368.100000 0.072388 
1367.168000 0.068557 
1366.236000 0.064494 
1365.304000 0.060646 
1364.372000 0.056707 
1363.440000 0.051812 
1362.508000 0.047156 
1361.576000 0.043363 
1360.644000 0.039606 
1359.713000 0.036374 
1358.781000 0.033329 
1357.849000 0.030556 
1356.917000 0.028032 
1355.985000 0.025695 
1355.053000 0.023352 
1354.121000 0.021318 
1353.189000 0.019522 
1352.257000 0.017980 
1351.325000 0.016313 
1350.393000 0.014774 
1349.461000 0.013460 
1348.529000 0.012265 
1347.597000 0.011038 
1346.665000 0.009970 
1345.733000 0.009108 
1344.801000 0.008358 
1343.869000 0.007607 
1342.937000 0.007048 
1342.005000 0.006841 
1341.073000 0.006862 
1340.142000 0.006913 
1339.210000 0.007084 
1338.278000 0.007489 
1337.346000 0.008361 
1336.414000 0.009560 
1335.482000 0.010723 
1334.550000 0.011796 
1333.618000 0.012832 
1332.686000 0.013721 
1331.754000 0.014399 
1330.822000 0.014856 
1329.890000 0.014882 
1328.958000 0.014684 
1328.026000 0.014147 
1327.094000 0.013208 
1326.162000 0.012031 
1325.230000 0.010793 
1324.298000 0.009527 
1323.367000 0.008116 
1322.435000 0.006525 
1321.503000 0.005035 
1320.571000 0.003800 
1319.639000 0.002740 
1318.707000 0.001640 
1317.775000 0.000758 
1316.843000 0.000268 
1315.911000 0.000034 
1314.979000 -0.000064 
1314.047000 -0.000040 
1313.115000 0.000282 
1312.183000 0.000688 
1311.251000 0.001019 
1310.319000 0.001517 
1309.387000 0.002125 
1308.455000 0.002702 
1307.523000 0.003224 
1306.591000 0.003809 
1305.660000 0.004462 
1304.728000 0.005169 
1303.796000 0.005813 
1302.864000 0.006363 
1301.932000 0.006728 
1301.000000 0.006875 
1300.068000 0.006755 
1299.136000 0.006665 
1298.204000 0.006526 
1297.272000 0.006272 
1296.340000 0.005952 
1295.408000 0.005777 
1294.476000 0.005616 
1293.544000 0.005677 
1292.612000 0.005834 
1291.680000 0.006247 
1290.748000 0.006757 
1289.816000 0.007502 
1288.884000 0.008335 
1287.953000 0.009333 
1287.021000 0.010512 
1286.089000 0.011803 
1285.157000 0.012998 
1284.225000 0.014375 
1283.293000 0.015596 
1282.361000 0.016998 
1281.429000 0.018551 
1280.497000 0.020110 
1279.565000 0.021652 
1278.633000 0.023303 
1277.701000 0.025155 
1276.769000 0.027314 
1275.837000 0.029709 
1274.905000 0.032588 
1273.973000 0.035912 
1273.041000 0.039739 
1272.109000 0.043937 
1271.177000 0.048841 
1270.245000 0.054510 
1269.313000 0.060790 
1268.382000 0.067636 
1267.450000 0.075273 
1266.518000 0.083615 
1265.586000 0.092616 
1264.654000 0.102017 
1263.722000 0.111862 
1262.790000 0.121985 
1261.858000 0.132389 
1260.926000 0.142833 
1259.994000 0.153405 
1259.062000 0.163676 
1258.130000 0.173752 
1257.198000 0.183409 
1256.266000 0.192638 
1255.334000 0.201332 
1254.402000 0.209636 
1253.470000 0.217444 
1252.538000 0.224790 
1251.606000 0.231491 
1250.675000 0.238019 
1249.743000 0.244336 
1248.811000 0.250304 
1247.879000 0.255970 
1246.947000 0.261541 
1246.015000 0.267033 
1245.083000 0.272710 
1244.151000 0.278642 
1243.219000 0.284778 
1242.287000 0.290919 
1241.355000 0.297347 
1240.423000 0.304164 
1239.491000 0.311263 
1238.559000 0.318509 
1237.627000 0.325768 
1236.695000 0.333158 
1235.763000 0.340799 
1234.831000 0.348363 
1233.900000 0.355576 
1232.968000 0.362635 
1232.036000 0.369487 
1231.104000 0.375887 
1230.172000 0.381807 
1229.240000 0.387325 
1228.308000 0.392617 
1227.376000 0.397592 
1226.444000 0.402098 
1225.512000 0.406043 
1224.580000 0.409737 
1223.648000 0.413203 
1222.716000 0.416647 
1221.784000 0.419559 
1220.852000 0.422097 
1219.920000 0.424513 
1218.988000 0.426773 
1218.056000 0.428464 
1217.124000 0.429830 
1216.193000 0.430715 
1215.260000 0.431323 
1214.329000 0.431345 
1213.397000 0.431010 
1212.465000 0.430049 
1211.533000 0.428384 
1210.601000 0.426146 
1209.669000 0.423290 
1208.737000 0.419744 
1207.805000 0.415766 
1206.873000 0.411324 
1205.941000 0.406253 
1205.009000 0.400456 
1204.077000 0.394319 
1203.145000 0.388040 
1202.213000 0.381323 
1201.281000 0.374432 
1200.349000 0.367564 
1199.417000 0.360545 
1198.485000 0.353230 
1197.553000 0.345985 
1196.622000 0.338917 
1195.690000 0.332057 
1194.758000 0.325173 
1193.826000 0.318291 
1192.894000 0.311739 
1191.962000 0.305596 
1191.030000 0.299701 
1190.098000 0.293904 
1189.166000 0.288471 
1188.234000 0.283497 
1187.302000 0.279169 
1186.370000 0.275035 
1185.438000 0.271250 
1184.506000 0.267796 
1183.574000 0.264873 
1182.642000 0.261996 
1181.710000 0.259341 
1180.778000 0.256715 
1179.846000 0.254542 
1178.915000 0.252116 
1177.983000 0.249753 
1177.051000 0.247187 
1176.119000 0.244737 
1175.187000 0.241977 
1174.255000 0.239227 
1173.323000 0.236229 
1172.391000 0.233242 
1171.459000 0.229932 
1170.527000 0.226479 
1169.595000 0.222710 
1168.663000 0.218788 
1167.731000 0.214571 
1166.799000 0.210129 
1165.867000 0.205670 
1164.935000 0.201514 
1164.003000 0.197314 
1163.071000 0.192990 
1162.140000 0.188869 
1161.208000 0.185019 
1160.276000 0.181080 
1159.344000 0.176643 
1158.412000 0.171584 
1157.480000 0.165966 
1156.548000 0.159800 
1155.616000 0.153183 
1154.684000 0.146181 
1153.752000 0.138985 
1152.820000 0.131717 
1151.888000 0.124463 
1150.956000 0.116967 
1150.024000 0.109609 
1149.092000 0.102225 
1148.160000 0.094919 
1147.228000 0.087527 
1146.296000 0.080815 
1145.364000 0.074497 
1144.432000 0.068881 
1143.500000 0.063486 
1142.569000 0.058595 
1141.637000 0.053878 
1140.705000 0.049800 
1139.773000 0.045749 
1138.841000 0.042117 
1137.909000 0.038593 
1136.977000 0.035572 
1136.045000 0.032458 
1135.113000 0.029649 
1134.181000 0.027020 
1133.249000 0.024943 
1132.317000 0.022629 
1131.385000 0.020540 
1130.453000 0.018628 
1129.521000 0.017174 
1128.589000 0.015726 
1127.657000 0.014422 
1126.725000 0.013177 
1125.793000 0.012469 
1124.862000 0.012002 
1123.930000 0.011834 
1122.998000 0.012027 
1122.066000 0.012882 
1121.134000 0.014128 
1120.202000 0.015782 
1119.270000 0.017346 
1118.338000 0.018768 
1117.406000 0.019493 
1116.474000 0.019133 
1115.542000 0.017671 
1114.610000 0.015714 
1113.678000 0.013355 
1112.746000 0.011074 
1111.814000 0.008924 
1110.882000 0.007367 
1109.950000 0.006442 
1109.018000 0.006263 
1108.086000 0.006190 
1107.155000 0.006591 
1106.223000 0.007262 
1105.291000 0.008179 
1104.359000 0.008938 
1103.427000 0.009951 
1102.495000 0.010911 
1101.563000 0.012041 
1100.631000 0.012716 
1099.699000 0.013013 
1098.767000 0.013054 
1097.835000 0.013491 
1096.903000 0.013809 
1095.971000 0.014230 
1095.039000 0.014853 
1094.107000 0.016085 
1093.175000 0.017395 
1092.243000 0.018862 
1091.311000 0.020484 
1090.380000 0.022425 
1089.448000 0.024342 
1088.516000 0.026426 
1087.584000 0.028407 
1086.652000 0.030562 
1085.720000 0.032700 
1084.788000 0.034789 
1083.856000 0.036568 
1082.924000 0.038486 
1081.992000 0.040355 
1081.060000 0.042119 
1080.128000 0.043405 
1079.196000 0.044650 
1078.264000 0.045775 
1077.332000 0.046695 
1076.400000 0.047078 
1075.468000 0.047534 
1074.536000 0.047657 
1073.604000 0.047597 
1072.672000 0.047162 
1071.740000 0.046903 
1070.809000 0.046346 
1069.877000 0.045607 
1068.945000 0.044517 
1068.013000 0.043576 
1067.081000 0.042561 
1066.149000 0.041391 
1065.217000 0.039901 
1064.285000 0.038510 
1063.353000 0.036951 
1062.421000 0.035404 
1061.489000 0.033625 
1060.557000 0.031901 
1059.625000 0.030085 
1058.693000 0.028351 
1057.761000 0.026386 
1056.829000 0.024285 
1055.897000 0.022122 
1054.965000 0.020165 
1054.033000 0.018242 
1053.102000 0.016258 
1052.170000 0.014281 
1051.238000 0.012562 
1050.306000 0.010718 
1049.374000 0.009009 
1048.442000 0.007481 
1047.510000 0.006170 
1046.578000 0.004868 
1045.646000 0.003823 
1044.714000 0.002901 
1043.782000 0.002292 
1042.850000 0.001685 
1041.918000 0.001183 
1040.986000 0.000656 
1040.054000 0.000423 
1039.122000 0.000145 
1038.190000 0.000063 
1037.258000 -0.000059 
1036.326000 0.000039 
1035.395000 -0.000079 
1034.463000 -0.000124 
1033.531000 -0.000252 
1032.599000 -0.000025 
1031.667000 0.000089 
1030.735000 0.000187 
1029.803000 0.000092 
1028.871000 0.000368 
1027.939000 0.000664 
1027.007000 0.000974 
1026.075000 0.001205 
1025.143000 0.001890 
1024.211000 0.002672 
1023.279000 0.003646 
1022.347000 0.004714 
1021.415000 0.006138 
1020.483000 0.007970 
1019.551000 0.010330 
1018.619000 0.012961 
1017.688000 0.015845 
1016.756000 0.018814 
1015.824000 0.021882 
1014.892000 0.024733 
1013.960000 0.027227 
1013.028000 0.029257 
1012.096000 0.030622 
1011.164000 0.031172 
1010.232000 0.031009 
1009.300000 0.029996 
1008.368000 0.028418 
1007.436000 0.026525 
1006.504000 0.024408 
1005.572000 0.022273 
1004.640000 0.020385 
1003.708000 0.018783 
1002.776000 0.017679 
1001.844000 0.017116 
1000.912000 0.017014 
999.980500 0.017025 
999.048500 0.017209 
998.116600 0.017304 
997.184600 0.017492 
996.252700 0.017667 
995.320700 0.017990 
994.388800 0.018244 
993.456800 0.018655 
992.524900 0.018982 
991.593000 0.019292 
990.661000 0.019557 
989.729100 0.020024 
988.797100 0.020476 
987.865200 0.021089 
986.933200 0.021721 
986.001300 0.022579 
985.069300 0.023540 
984.137300 0.024637 
983.205400 0.025677 
982.273400 0.026898 
981.341500 0.028206 
980.409500 0.029527 
979.477600 0.030778 
978.545700 0.032273 
977.613700 0.033876 
976.681800 0.035453 
975.749800 0.036979 
974.817900 0.038667 
973.885900 0.040469 
972.954000 0.042212 
972.022000 0.043955 
971.090100 0.045935 
970.158100 0.047906 
969.226200 0.049852 
968.294300 0.051904 
967.362300 0.053977 
966.430400 0.056074 
965.498400 0.058345 
964.566500 0.060646 
963.634500 0.062985 
962.702600 0.065386 
961.770600 0.067768 
960.838600 0.070160 
959.906700 0.072662 
958.974700 0.075244 
958.042800 0.077770 
957.110800 0.080243 
956.178900 0.082790 
955.246900 0.085488 
954.315000 0.088155 
953.383100 0.090690 
952.451100 0.093169 
951.519200 0.095595 
950.587200 0.098016 
949.655300 0.100343 
948.723300 0.102585 
947.791400 0.104845 
946.859400 0.106986 
945.927500 0.108835 
944.995500 0.110455 
944.063600 0.112081 
943.131700 0.113605 
942.199700 0.114929 
941.267800 0.116143 
940.335800 0.117186 
939.403900 0.118107 
938.471900 0.118773 
937.539900 0.119235 
936.608000 0.119609 
935.676000 0.119825 
934.744100 0.120044 
933.812100 0.120176 
932.880200 0.120169 
931.948200 0.119921 
931.016300 0.119399 
930.084400 0.118874 
929.152400 0.118483 
928.220500 0.117890 
927.288500 0.117123 
926.356600 0.116301 
925.424600 0.115544 
924.492700 0.114821 
923.560700 0.113993 
922.628800 0.112899 
921.696800 0.111856 
920.764900 0.110801 
919.832900 0.109778 
918.901000 0.108630 
917.969100 0.107523 
917.037100 0.106552 
916.105200 0.105811 
915.173200 0.104916 
914.241200 0.104085 
913.309300 0.103358 
912.377300 0.102553 
911.445400 0.101609 
910.513400 0.100932 
909.581500 0.100258 
908.649500 0.099631 
907.717600 0.099128 
906.785600 0.098547 
905.853700 0.097888 
904.921800 0.097486 
903.989800 0.097037 
903.057900 0.096558 
902.125900 0.095912 
901.194000 0.095501 
900.262000 0.095165 
899.330100 0.094881 
898.398100 0.094565 
897.466200 0.094336 
896.534200 0.094015 
895.602300 0.093807 
894.670300 0.093472 
893.738400 0.093157 
892.806500 0.092875 
891.874500 0.092681 
890.942500 0.092359 
890.010600 0.092300 
889.078600 0.092138 
888.146700 0.091830 
887.214700 0.091409 
886.282800 0.091231 
885.350800 0.090764 
884.418900 0.090347 
883.486900 0.089989 
882.555000 0.089682 
881.623000 0.089113 
880.691100 0.088729 
879.759200 0.088186 
878.827200 0.087915 
877.895300 0.087447 
876.963300 0.086946 
876.031400 0.086252 
875.099400 0.085661 
874.167500 0.085028 
873.235500 0.084668 
872.303600 0.083891 
871.371600 0.082996 
870.439700 0.082169 
869.507800 0.081576 
868.575800 0.080581 
867.643800 0.079772 
866.711900 0.078810 
865.779900 0.078024 
864.848000 0.077090 
863.916000 0.076426 
862.984100 0.075594 
862.052100 0.074725 
861.120200 0.073672 
860.188200 0.072503 
859.256300 0.071642 
858.324300 0.071186 
857.392400 0.070385 
856.460400 0.069658 
855.528500 0.068989 
854.596600 0.068816 
853.664600 0.068932 
852.732700 0.069564 
851.800700 0.070775 
850.868800 0.072370 
849.936800 0.073933 
849.004900 0.075943 
848.072900 0.077695 
847.141000 0.079033 
846.209000 0.079465 
845.277100 0.078864 
844.345100 0.077296 
843.413100 0.075239 
842.481200 0.072218 
841.549300 0.068921 
840.617300 0.065253 
839.685400 0.062078 
838.753400 0.058913 
837.821500 0.055911 
836.889500 0.052888 
835.957600 0.050800 
835.025600 0.049016 
834.093700 0.047831 
833.161700 0.046027 
832.229800 0.044734 
831.297900 0.043151 
830.365900 0.042251 
829.434000 0.041215 
828.502000 0.040553 
827.570100 0.039641 
826.638100 0.038874 
825.706200 0.037614 
824.774200 0.037202 
823.842300 0.036694 
822.910300 0.036183 
821.978400 0.034859 
821.046400 0.034497 
820.114400 0.034120 
819.182500 0.033899 
818.250500 0.032943 
817.318600 0.032581 
816.386700 0.032465 
815.454700 0.032474 
814.522800 0.031899 
813.590800 0.031457 
812.658900 0.031021 
811.726900 0.030586 
810.795000 0.029792 
809.863000 0.029172 
808.931100 0.028265 
807.999100 0.027359 
807.067200 0.026112 
806.135300 0.025135 
805.203300 0.024188 
804.271400 0.023439 
803.339400 0.022192 
802.407500 0.020938 
801.475500 0.019807 
800.543600 0.019241 
799.611600 0.018161 
798.679700 0.017094 
797.747700 0.016037 
796.815700 0.015623 
795.883800 0.015195 
794.951800 0.014608 
794.019900 0.013401 
793.088000 0.012962 
792.156000 0.012288 
791.224100 0.011876 
790.292100 0.011135 
789.360200 0.011088 
788.428200 0.010693 
787.496300 0.010349 
786.564300 0.009740 
785.632400 0.009749 
784.700400 0.009101 
783.768500 0.008829 
782.836500 0.008010 
781.904600 0.008391 
780.972700 0.007909 
780.040700 0.007616 
779.108800 0.006644 
778.176800 0.006584 
777.244900 0.005867 
776.312900 0.005600 
775.381000 0.004627 
774.449000 0.004503 
773.517000 0.004022 
772.585100 0.004368 
771.653100 0.003723 
770.721200 0.003580 
769.789200 0.002900 
768.857300 0.002672 
767.925400 0.001847 
766.993400 0.002055 
766.061500 0.001845 
765.129500 0.002023 
764.197600 0.001134 
763.265600 0.001395 
762.333700 0.001218 
761.401700 0.001214 
760.469800 0.000690 
759.537800 0.000382 
758.605900 -0.000044 
757.674000 0.000280 
756.742000 -0.000275 
755.810100 -0.000144 
754.878100 0.000158 
753.946200 0.000630 
753.014200 -0.000026 
752.082300 0.000199 
751.150300 0.000270 
750.218300 0.001071 
749.286400 0.001125 
748.354400 0.000848 
747.422500 0.000096 
746.490500 0.000248 
745.558600 0.000308 
744.626600 0.000796 
743.694700 0.000796 
742.762800 0.001168 
741.830800 0.001317 
740.898900 0.001379 
739.966900 0.001179 
739.035000 0.002261 
738.103000 0.002820 
737.171100 0.004350 
736.239100 0.005433 
735.307200 0.007767 
734.375200 0.009544 
733.443300 0.012260 
732.511400 0.016030 
731.579400 0.020901 
730.647500 0.025282 
729.715500 0.030758 
728.783600 0.035224 
727.851600 0.041267 
726.919600 0.046999 
725.987700 0.052608 
725.055700 0.056794 
724.123800 0.062035 
723.191800 0.066266 
722.259900 0.070314 
721.327900 0.072922 
720.396000 0.076464 
719.464100 0.079868 
718.532100 0.083751 
717.600200 0.086692 
716.668200 0.090348 
715.736300 0.092530 
714.804300 0.095121 
713.872400 0.096971 
712.940400 0.098555 
712.008500 0.097950 
711.076500 0.097763 
710.144600 0.095737 
709.212600 0.093859 
708.280700 0.091265 
707.348800 0.087728 
706.416800 0.083733 
705.484900 0.081062 
704.552900 0.078630 
703.620900 0.077443 
702.689000 0.076031 
701.757000 0.075267 
700.825100 0.073902 
699.893100 0.074319 
698.961200 0.074260 
698.029200 0.074684 
697.097300 0.074819 
696.165300 0.075038 
695.233400 0.073775 
694.301500 0.073266 
693.369500 0.072693 
692.437600 0.073062 
691.505600 0.073465 
690.573700 0.074427 
689.641700 0.073303 
688.709800 0.072933 
687.777800 0.073682 
686.845900 0.075248 
685.913900 0.075393 
684.982000 0.075534 
684.050000 0.074621 
683.118100 0.074716 
682.186200 0.074046 
681.254200 0.073324 
680.322200 0.071757 
679.390300 0.070749 
678.458300 0.068994 
677.526400 0.069808 
676.594400 0.069086 
675.662500 0.068676 
674.730500 0.067160 
673.798600 0.065192 
672.866600 0.062065 
671.934700 0.060278 
671.002700 0.057629 
670.070800 0.054335 
669.138900 0.049607 
668.206900 0.048749 
667.275000 0.045757 
666.343000 0.042460 
665.411100 0.038653 
664.479100 0.036989 
663.547200 0.033621 
662.615200 0.029749 
661.683300 0.025781 
660.751300 0.025463 
659.819400 0.022164 
658.887500 0.019008 
657.955400 0.016254 
657.023500 0.015235 
656.091600 0.012514 
655.159600 0.011424 
654.227700 0.009523 
653.295700 0.009611 
652.363800 0.007356 
651.431800 0.006741 
650.499900 0.004559 
649.567900 0.003857 
648.636000 0.003846 
647.704000 0.004971 
646.772100 0.003610 
645.840100 0.004884 
644.908200 0.003335 
643.976300 0.003814 
643.044300 0.000429 
642.112400 0.001046 
641.180400 0.002067 
640.248500 0.004139 
639.316500 0.002300 
638.384600 0.001673 
637.452600 -0.001834 
636.520700 -0.000179 
635.588700 0.001094 
634.656700 -0.002723 
633.724800 -0.006230 
632.792800 -0.001091 
631.860900 -0.003924 
630.929000 -0.003456 
629.997000 -0.001451 
629.065100 -0.001862 
628.133100 -0.007313 
627.201200 -0.002219 
626.269200 -0.000588 
625.337300 0.001434 
624.405300 -0.002246 
623.473400 0.002442 
622.541400 0.008603 
621.609500 0.008241 
620.677600 -0.000485 
619.745600 0.004341 
618.813700 -0.003206 
617.881700 -0.007927 
616.949800 -0.003498 
616.017800 0.001100 
615.085900 -0.004161 
614.153900 0.002803 
613.222000 0.004749 
612.290000 0.004085 
611.358000 -0.002286 
610.426100 -0.003791 
609.494100 -0.010960 
608.562200 -0.008478 
607.630200 -0.006273 
606.698300 -0.004792 
605.766400 -0.011927 
604.834400 -0.003033 
603.902500 0.010923 
602.970500 0.013336 
602.038600 0.002478 
601.106600 0.001574 
600.174700 -0.002893 
