3999.922000 -0.000295 
3998.804843 -0.000143 
3997.687686 -0.000048 
3996.570529 -0.000207 
3995.453372 -0.000554 
3994.336215 -0.001024 
3993.219057 -0.001218 
3992.101900 -0.000780 
3990.984743 -0.000440 
3989.867586 -0.000176 
3988.750429 0.000530 
3987.633272 0.000917 
3986.516115 0.000885 
3985.398958 0.001229 
3984.281801 0.001996 
3983.164644 0.002680 
3982.047487 0.003227 
3980.930330 0.003943 
3979.813172 0.004287 
3978.696015 0.004316 
3977.578858 0.004713 
3976.461701 0.005037 
3975.344544 0.005151 
3974.227387 0.005440 
3973.110230 0.005351 
3971.993073 0.004654 
3970.875916 0.004123 
3969.758759 0.003809 
3968.641602 0.003368 
3967.524445 0.002712 
3966.407287 0.002177 
3965.290130 0.001672 
3964.172973 0.000715 
3963.055816 -0.000122 
3961.938659 -0.000422 
3960.821502 -0.000665 
3959.704345 -0.001255 
3958.587188 -0.001670 
3957.470031 -0.001643 
3956.352874 -0.001732 
3955.235717 -0.001838 
3954.118559 -0.001535 
3953.001402 -0.001505 
3951.884245 -0.001565 
3950.767088 -0.001622 
3949.649931 -0.001884 
3948.532774 -0.001783 
3947.415617 -0.001340 
3946.298460 -0.001233 
3945.181303 -0.001148 
3944.064146 -0.000913 
3942.946989 -0.001520 
3941.829832 -0.002321 
3940.712674 -0.001867 
3939.595517 -0.000938 
3938.478360 -0.000758 
3937.361203 -0.000888 
3936.244046 -0.000868 
3935.126889 -0.000839 
3934.009732 -0.000721 
3932.892575 -0.000895 
3931.775418 -0.001228 
3930.658261 -0.000841 
3929.541104 -0.000477 
3928.423947 -0.000441 
3927.306789 -0.000153 
3926.189632 0.000353 
3925.072475 0.000616 
3923.955318 0.000476 
3922.838161 0.000316 
3921.721004 0.000745 
3920.603847 0.000663 
3919.486690 -0.000367 
3918.369533 -0.000731 
3917.252376 -0.000910 
3916.135219 -0.001816 
3915.018061 -0.002165 
3913.900904 -0.001506 
3912.783747 -0.000957 
3911.666590 -0.000999 
3910.549433 -0.001230 
3909.432276 -0.001272 
3908.315119 -0.000934 
3907.197962 -0.000333 
3906.080805 0.000484 
3904.963648 -0.000070 
3903.846491 -0.001060 
3902.729334 -0.001279 
3901.612176 -0.001499 
3900.495019 -0.001568 
3899.377862 -0.001426 
3898.260705 -0.001690 
3897.143548 -0.001716 
3896.026391 -0.001276 
3894.909234 -0.000814 
3893.792077 -0.000499 
3892.674920 -0.000383 
3891.557763 -0.001135 
3890.440606 -0.001914 
3889.323449 -0.002202 
3888.206291 -0.001811 
3887.089134 -0.000836 
3885.971977 -0.000854 
3884.854820 -0.001329 
3883.737663 -0.001455 
3882.620506 -0.001179 
3881.503349 -0.000447 
3880.386192 -0.001096 
3879.269035 -0.001929 
3878.151878 -0.001622 
3877.034721 -0.001421 
3875.917563 -0.000802 
3874.800406 0.000160 
3873.683249 -0.000272 
3872.566092 -0.000876 
3871.448935 -0.000152 
3870.331778 0.000261 
3869.214621 -0.001122 
3868.097464 -0.002136 
3866.980307 -0.001388 
3865.863150 -0.000518 
3864.745993 -0.001109 
3863.628836 -0.001255 
3862.511678 -0.000946 
3861.394521 -0.001500 
3860.277364 -0.001971 
3859.160207 -0.000575 
3858.043050 0.000910 
3856.925893 0.001328 
3855.808736 0.002215 
3854.691579 0.001884 
3853.574422 -0.000442 
3852.457265 -0.001838 
3851.340108 -0.002637 
3850.222951 -0.002681 
3849.105793 -0.002356 
3847.988636 -0.002113 
3846.871479 -0.002028 
3845.754322 -0.001080 
3844.637165 -0.000116 
3843.520008 -0.000214 
3842.402851 0.000494 
3841.285694 0.000828 
3840.168537 0.000116 
3839.051380 -0.000029 
3837.934223 -0.000894 
3836.817065 -0.001959 
3835.699908 -0.001870 
3834.582751 -0.002502 
3833.465594 -0.002191 
3832.348437 -0.001019 
3831.231280 -0.000827 
3830.114123 -0.001143 
3828.996966 -0.001169 
3827.879809 -0.000971 
3826.762652 -0.000874 
3825.645495 -0.000726 
3824.528338 -0.000329 
3823.411180 0.000444 
3822.294023 0.001027 
3821.176866 0.000254 
3820.059709 -0.001410 
3818.942552 -0.002068 
3817.825395 -0.000888 
3816.708238 0.000047 
3815.591081 -0.000861 
3814.473924 -0.001709 
3813.356767 -0.001608 
3812.239610 -0.001204 
3811.122453 -0.000379 
3810.005295 0.000036 
3808.888138 0.000274 
3807.770981 0.000263 
3806.653824 -0.000679 
3805.536667 -0.001153 
3804.419510 -0.000521 
3803.302353 0.000518 
3802.185196 0.000741 
3801.068039 -0.000299 
3799.950882 -0.001286 
3798.833725 -0.001194 
3797.716567 -0.000595 
3796.599410 -0.000734 
3795.482253 -0.001369 
3794.365096 -0.001298 
3793.247939 -0.000855 
3792.130782 -0.000680 
3791.013625 -0.000601 
3789.896468 -0.000327 
3788.779311 -0.000182 
3787.662154 -0.000516 
3786.544997 -0.000538 
3785.427840 -0.000187 
3784.310682 -0.000145 
3783.193525 -0.000323 
3782.076368 -0.000080 
3780.959211 0.000518 
3779.842054 0.000382 
3778.724897 -0.000217 
3777.607740 -0.000306 
3776.490583 -0.000377 
3775.373426 -0.000415 
3774.256269 0.000147 
3773.139112 0.000133 
3772.021955 0.000141 
3770.904797 0.000759 
3769.787640 0.000652 
3768.670483 -0.000297 
3767.553326 -0.000218 
3766.436169 -0.000295 
3765.319012 -0.001022 
3764.201855 -0.000884 
3763.084698 -0.000426 
3761.967541 0.000085 
3760.850384 0.000704 
3759.733227 0.000321 
3758.616069 -0.000102 
3757.498912 0.000480 
3756.381755 0.000730 
3755.264598 0.000638 
3754.147441 0.001824 
3753.030284 0.002334 
3751.913127 0.000352 
3750.795970 -0.000922 
3749.678813 -0.000588 
3748.561656 -0.000371 
3747.444499 0.000188 
3746.327342 0.001842 
3745.210184 0.001901 
3744.093027 -0.000767 
3742.975870 -0.002282 
3741.858713 -0.001630 
3740.741556 -0.000815 
3739.624399 0.000092 
3738.507242 0.000781 
3737.390085 0.001236 
3736.272928 0.001485 
3735.155771 -0.000117 
3734.038614 -0.001510 
3732.921457 -0.001095 
3731.804299 -0.000891 
3730.687142 -0.001241 
3729.569985 -0.001113 
3728.452828 -0.000286 
3727.335671 0.000194 
3726.218514 -0.000212 
3725.101357 -0.000876 
3723.984200 -0.000773 
3722.867043 -0.000328 
3721.749886 -0.000496 
3720.632729 -0.000438 
3719.515571 -0.000408 
3718.398414 -0.001166 
3717.281257 -0.001179 
3716.164100 -0.000577 
3715.046943 -0.000378 
3713.929786 0.000690 
3712.812629 0.001290 
3711.695472 0.000106 
3710.578315 -0.000308 
3709.461158 -0.000491 
3708.344001 -0.001335 
3707.226844 -0.001274 
3706.109686 -0.000672 
3704.992529 -0.000494 
3703.875372 -0.000172 
3702.758215 0.000337 
3701.641058 0.000146 
3700.523901 -0.000161 
3699.406744 -0.000105 
3698.289587 -0.000190 
3697.172430 -0.000404 
3696.055273 -0.000142 
3694.938116 0.000087 
3693.820959 0.000035 
3692.703801 0.000892 
3691.586644 0.001181 
3690.469487 0.000635 
3689.352330 0.000430 
3688.235173 -0.000633 
3687.118016 -0.001639 
3686.000859 -0.001389 
3684.883702 -0.001074 
3683.766545 -0.000910 
3682.649388 -0.000724 
3681.532231 -0.000300 
3680.415073 0.000335 
3679.297916 0.000353 
3678.180759 0.000219 
3677.063602 0.000767 
3675.946445 0.000806 
3674.829288 -0.000497 
3673.712131 -0.001671 
3672.594974 -0.000056 
3671.477817 0.001425 
3670.360660 0.000942 
3669.243503 0.000073 
3668.126346 -0.000119 
3667.009188 0.000334 
3665.892031 0.000774 
3664.774874 0.000800 
3663.657717 0.000461 
3662.540560 0.000149 
3661.423403 0.000540 
3660.306246 0.001157 
3659.189089 0.001077 
3658.071932 0.001327 
3656.954775 0.001707 
3655.837618 0.001040 
3654.720461 0.000865 
3653.603303 0.002109 
3652.486146 0.003844 
3651.368989 0.004873 
3650.251832 0.003637 
3649.134675 0.002120 
3648.017518 0.001393 
3646.900361 0.001140 
3645.783204 0.000922 
3644.666047 0.001267 
3643.548890 0.001885 
3642.431733 0.002421 
3641.314575 0.002354 
3640.197418 0.002074 
3639.080261 0.002488 
3637.963104 0.002928 
3636.845947 0.002895 
3635.728790 0.003243 
3634.611633 0.004126 
3633.494476 0.004370 
3632.377319 0.004247 
3631.260162 0.005320 
3630.143005 0.006681 
3629.025848 0.005811 
3627.908690 0.004480 
3626.791533 0.004978 
3625.674376 0.005801 
3624.557219 0.006481 
3623.440062 0.007319 
3622.322905 0.008225 
3621.205748 0.009344 
3620.088591 0.010149 
3618.971434 0.010319 
3617.854277 0.010042 
3616.737120 0.010385 
3615.619963 0.011407 
3614.502805 0.012480 
3613.385648 0.013237 
3612.268491 0.013213 
3611.151334 0.014066 
3610.034177 0.015256 
3608.917020 0.015911 
3607.799863 0.016859 
3606.682706 0.017627 
3605.565549 0.018329 
3604.448392 0.019518 
3603.331235 0.020464 
3602.214077 0.021438 
3601.096920 0.022836 
3599.979763 0.024105 
3598.862606 0.024826 
3597.745449 0.026033 
3596.628292 0.027967 
3595.511135 0.029465 
3594.393978 0.030524 
3593.276821 0.031835 
3592.159664 0.033019 
3591.042507 0.035231 
3589.925350 0.038287 
3588.808192 0.040394 
3587.691035 0.041064 
3586.573878 0.041379 
3585.456721 0.042181 
3584.339564 0.043827 
3583.222407 0.045392 
3582.105250 0.046866 
3580.988093 0.048199 
3579.870936 0.049230 
3578.753779 0.050494 
3577.636622 0.051680 
3576.519465 0.052456 
3575.402307 0.053074 
3574.285150 0.053378 
3573.167993 0.053710 
3572.050836 0.054174 
3570.933679 0.054961 
3569.816522 0.056662 
3568.699365 0.057818 
3567.582208 0.057164 
3566.465051 0.055234 
3565.347894 0.053495 
3564.230737 0.053115 
3563.113579 0.053167 
3561.996422 0.052969 
3560.879265 0.052348 
3559.762108 0.051101 
3558.644951 0.049918 
3557.527794 0.048978 
3556.410637 0.048149 
3555.293480 0.047368 
3554.176323 0.046223 
3553.059166 0.044693 
3551.942009 0.043048 
3550.824852 0.041366 
3549.707694 0.040061 
3548.590537 0.039359 
3547.473380 0.038655 
3546.356223 0.037351 
3545.239066 0.035655 
3544.121909 0.034146 
3543.004752 0.033021 
3541.887595 0.031874 
3540.770438 0.030765 
3539.653281 0.029657 
3538.536124 0.028719 
3537.418967 0.028069 
3536.301809 0.027316 
3535.184652 0.026565 
3534.067495 0.026022 
3532.950338 0.025598 
3531.833181 0.025258 
3530.716024 0.025123 
3529.598867 0.025182 
3528.481710 0.025086 
3527.364553 0.024702 
3526.247396 0.024637 
3525.130239 0.025268 
3524.013081 0.026073 
3522.895924 0.026228 
3521.778767 0.026040 
3520.661610 0.026632 
3519.544453 0.027549 
3518.427296 0.028042 
3517.310139 0.028445 
3516.192982 0.029017 
3515.075825 0.029498 
3513.958668 0.030158 
3512.841511 0.030912 
3511.724354 0.031684 
3510.607196 0.032489 
3509.490039 0.032707 
3508.372882 0.032708 
3507.255725 0.033130 
3506.138568 0.033539 
3505.021411 0.033887 
3503.904254 0.034180 
3502.787097 0.033768 
3501.669940 0.032995 
3500.552783 0.032517 
3499.435626 0.032267 
3498.318469 0.031941 
3497.201311 0.031300 
3496.084154 0.030517 
3494.966997 0.029828 
3493.849840 0.028905 
3492.732683 0.027873 
3491.615526 0.027230 
3490.498369 0.026477 
3489.381212 0.025287 
3488.264055 0.023941 
3487.146898 0.022618 
3486.029741 0.021167 
3484.912583 0.019689 
3483.795426 0.018583 
3482.678269 0.017814 
3481.561112 0.016827 
3480.443955 0.015773 
3479.326798 0.014937 
3478.209641 0.014018 
3477.092484 0.013023 
3475.975327 0.012377 
3474.858170 0.011690 
3473.741013 0.010772 
3472.623856 0.009880 
3471.506698 0.009078 
3470.389541 0.008453 
3469.272384 0.008223 
3468.155227 0.008063 
3467.038070 0.007473 
3465.920913 0.006646 
3464.803756 0.006128 
3463.686599 0.006040 
3462.569442 0.006050 
3461.452285 0.005771 
3460.335128 0.005367 
3459.217971 0.005101 
3458.100813 0.004889 
3456.983656 0.004708 
3455.866499 0.004503 
3454.749342 0.004356 
3453.632185 0.004450 
3452.515028 0.004418 
3451.397871 0.004270 
3450.280714 0.004145 
3449.163557 0.004062 
3448.046400 0.003911 
3446.929243 0.003795 
3445.812085 0.003768 
3444.694928 0.003737 
3443.577771 0.003686 
3442.460614 0.003724 
3441.343457 0.003853 
3440.226300 0.004010 
3439.109143 0.004102 
3437.991986 0.004038 
3436.874829 0.003828 
3435.757672 0.003727 
3434.640515 0.003727 
3433.523358 0.003684 
3432.406200 0.003769 
3431.289043 0.003892 
3430.171886 0.003740 
3429.054729 0.003545 
3427.937572 0.003580 
3426.820415 0.003621 
3425.703258 0.003508 
3424.586101 0.003527 
3423.468944 0.003673 
3422.351787 0.003630 
3421.234630 0.003417 
3420.117473 0.003237 
3419.000315 0.003142 
3417.883158 0.003143 
3416.766001 0.003191 
3415.648844 0.003304 
3414.531687 0.003387 
3413.414530 0.003397 
3412.297373 0.003294 
3411.180216 0.003109 
3410.063059 0.002874 
3408.945902 0.002916 
3407.828745 0.003166 
3406.711587 0.003294 
3405.594430 0.003454 
3404.477273 0.003707 
3403.360116 0.003775 
3402.242959 0.003745 
3401.125802 0.003921 
3400.008645 0.004151 
3398.891488 0.004263 
3397.774331 0.004434 
3396.657174 0.004560 
3395.540017 0.004622 
3394.422860 0.004731 
3393.305702 0.004950 
3392.188545 0.005218 
3391.071388 0.005265 
3389.954231 0.005040 
3388.837074 0.004876 
3387.719917 0.004863 
3386.602760 0.004810 
3385.485603 0.004623 
3384.368446 0.004387 
3383.251289 0.004017 
3382.134132 0.003505 
3381.016975 0.003294 
3379.899817 0.003204 
3378.782660 0.002744 
3377.665503 0.002226 
3376.548346 0.001893 
3375.431189 0.001615 
3374.314032 0.001295 
3373.196875 0.001050 
3372.079718 0.000958 
3370.962561 0.000979 
3369.845404 0.000907 
3368.728247 0.000676 
3367.611089 0.000575 
3366.493932 0.000535 
3365.376775 0.000500 
3364.259618 0.000659 
3363.142461 0.000714 
3362.025304 0.000459 
3360.908147 0.000295 
3359.790990 0.000265 
3358.673833 0.000157 
3357.556676 0.000338 
3356.439519 0.000538 
3355.322362 0.000420 
3354.205204 0.000153 
3353.088047 0.000128 
3351.970890 0.000388 
3350.853733 0.000391 
3349.736576 0.000108 
3348.619419 -0.000017 
3347.502262 0.000129 
3346.385105 0.000085 
3345.267948 -0.000030 
3344.150791 0.000011 
3343.033634 0.000087 
3341.916477 0.000092 
3340.799319 0.000232 
3339.682162 0.000554 
3338.565005 0.000824 
3337.447848 0.000875 
3336.330691 0.000932 
3335.213534 0.001296 
3334.096377 0.001660 
3332.979220 0.001900 
3331.862063 0.002075 
3330.744906 0.002189 
3329.627749 0.002399 
3328.510591 0.002383 
3327.393434 0.002238 
3326.276277 0.002226 
3325.159120 0.002121 
3324.041963 0.001914 
3322.924806 0.001830 
3321.807649 0.001650 
3320.690492 0.001234 
3319.573335 0.000941 
3318.456178 0.000858 
3317.339021 0.000710 
3316.221864 0.000469 
3315.104706 0.000294 
3313.987549 0.000234 
3312.870392 0.000163 
3311.753235 -0.000077 
3310.636078 -0.000211 
3309.518921 -0.000026 
3308.401764 0.000150 
3307.284607 0.000117 
3306.167450 0.000087 
3305.050293 0.000175 
3303.933136 0.000395 
3302.815979 0.000578 
3301.698821 0.000711 
3300.581664 0.000811 
3299.464507 0.000800 
3298.347350 0.000704 
3297.230193 0.000879 
3296.113036 0.001038 
3294.995879 0.001002 
3293.878722 0.001035 
3292.761565 0.001098 
3291.644408 0.001010 
3290.527251 0.000836 
3289.410093 0.000901 
3288.292936 0.001045 
3287.175779 0.000890 
3286.058622 0.000787 
3284.941465 0.001145 
3283.824308 0.001367 
3282.707151 0.001188 
3281.589994 0.001000 
3280.472837 0.000945 
3279.355680 0.000829 
3278.238523 0.000690 
3277.121366 0.000787 
3276.004208 0.000929 
3274.887051 0.000820 
3273.769894 0.000604 
3272.652737 0.000481 
3271.535580 0.000430 
3270.418423 0.000552 
3269.301266 0.000807 
3268.184109 0.000748 
3267.066952 0.000542 
3265.949795 0.000476 
3264.832638 0.000450 
3263.715481 0.000521 
3262.598323 0.000570 
3261.481166 0.000502 
3260.364009 0.000489 
3259.246852 0.000628 
3258.129695 0.000694 
3257.012538 0.000445 
3255.895381 0.000248 
3254.778224 0.000294 
3253.661067 0.000304 
3252.543910 0.000224 
3251.426753 0.000256 
3250.309595 0.000303 
3249.192438 0.000348 
3248.075281 0.000323 
3246.958124 0.000138 
3245.840967 -0.000028 
3244.723810 -0.000116 
3243.606653 -0.000041 
3242.489496 -0.000054 
3241.372339 -0.000351 
3240.255182 -0.000417 
3239.138025 -0.000152 
3238.020868 -0.000096 
3236.903710 -0.000192 
3235.786553 -0.000164 
3234.669396 -0.000114 
3233.552239 -0.000179 
3232.435082 -0.000222 
3231.317925 -0.000185 
3230.200768 -0.000179 
3229.083611 -0.000147 
3227.966454 -0.000089 
3226.849297 -0.000258 
3225.732140 -0.000352 
3224.614983 -0.000100 
3223.497825 0.000128 
3222.380668 0.000133 
3221.263511 0.000244 
3220.146354 0.000415 
3219.029197 0.000458 
3217.912040 0.000657 
3216.794883 0.001129 
3215.677726 0.001599 
3214.560569 0.002101 
3213.443412 0.002732 
3212.326255 0.003312 
3211.209097 0.003983 
3210.091940 0.004860 
3208.974783 0.005751 
3207.857626 0.006540 
3206.740469 0.007372 
3205.623312 0.008300 
3204.506155 0.009157 
3203.388998 0.010000 
3202.271841 0.010866 
3201.154684 0.011414 
3200.037527 0.011399 
3198.920370 0.011111 
3197.803212 0.010829 
3196.686055 0.010400 
3195.568898 0.009753 
3194.451741 0.009062 
3193.334584 0.008290 
3192.217427 0.007463 
3191.100270 0.006671 
3189.983113 0.005838 
3188.865956 0.005024 
3187.748799 0.004324 
3186.631642 0.003581 
3185.514485 0.002897 
3184.397327 0.002544 
3183.280170 0.002442 
3182.163013 0.002501 
3181.045856 0.002689 
3179.928699 0.003033 
3178.811542 0.003512 
3177.694385 0.004113 
3176.577228 0.005164 
3175.460071 0.006744 
3174.342914 0.008541 
3173.225757 0.010571 
3172.108599 0.013209 
3170.991442 0.016254 
3169.874285 0.019447 
3168.757128 0.022757 
3167.639971 0.025909 
3166.522814 0.028388 
3165.405657 0.030342 
3164.288500 0.031665 
3163.171343 0.031800 
3162.054186 0.030713 
3160.937029 0.028905 
3159.819872 0.026547 
3158.702714 0.023579 
3157.585557 0.020172 
3156.468400 0.016941 
3155.351243 0.014003 
3154.234086 0.011209 
3153.116929 0.009119 
3151.999772 0.007888 
3150.882615 0.006993 
3149.765458 0.006111 
3148.648301 0.005353 
3147.531144 0.005025 
3146.413987 0.005096 
3145.296829 0.005090 
3144.179672 0.004965 
3143.062515 0.005038 
3141.945358 0.005257 
3140.828201 0.005521 
3139.711044 0.005791 
3138.593887 0.006174 
3137.476730 0.006572 
3136.359573 0.006772 
3135.242416 0.006859 
3134.125259 0.006902 
3133.008102 0.006773 
3131.890944 0.006693 
3130.773787 0.006813 
3129.656630 0.006835 
3128.539473 0.006623 
3127.422316 0.006650 
3126.305159 0.007001 
3125.188002 0.007020 
3124.070845 0.006706 
3122.953688 0.006758 
3121.836531 0.007023 
3120.719374 0.007043 
3119.602216 0.007109 
3118.485059 0.007297 
3117.367902 0.007351 
3116.250745 0.007433 
3115.133588 0.007606 
3114.016431 0.007549 
3112.899274 0.007397 
3111.782117 0.007614 
3110.664960 0.007952 
3109.547803 0.007840 
3108.430646 0.007611 
3107.313489 0.007594 
3106.196331 0.007553 
3105.079174 0.007504 
3103.962017 0.007707 
3102.844860 0.007847 
3101.727703 0.007608 
3100.610546 0.007408 
3099.493389 0.007582 
3098.376232 0.007651 
3097.259075 0.007522 
3096.141918 0.007501 
3095.024761 0.007463 
3093.907604 0.007224 
3092.790446 0.007302 
3091.673289 0.007515 
3090.556132 0.007400 
3089.438975 0.007276 
3088.321818 0.007417 
3087.204661 0.007435 
3086.087504 0.007454 
3084.970347 0.007604 
3083.853190 0.007537 
3082.736033 0.007404 
3081.618876 0.007449 
3080.501718 0.007497 
3079.384561 0.007474 
3078.267404 0.007463 
3077.150247 0.007415 
3076.033090 0.007386 
3074.915933 0.007522 
3073.798776 0.007716 
3072.681619 0.007596 
3071.564462 0.007187 
3070.447305 0.007216 
3069.330148 0.007456 
3068.212991 0.007400 
3067.095833 0.007373 
3065.978676 0.007628 
3064.861519 0.007631 
3063.744362 0.007370 
3062.627205 0.007353 
3061.510048 0.007458 
3060.392891 0.007201 
3059.275734 0.007068 
3058.158577 0.007214 
3057.041420 0.007138 
3055.924263 0.006925 
3054.807106 0.007025 
3053.689948 0.006989 
3052.572791 0.006656 
3051.455634 0.006492 
3050.338477 0.006455 
3049.221320 0.006164 
3048.104163 0.005990 
3046.987006 0.006059 
3045.869849 0.005993 
3044.752692 0.005959 
3043.635535 0.006143 
3042.518378 0.006074 
3041.401220 0.005814 
3040.284063 0.005748 
3039.166906 0.005771 
3038.049749 0.005634 
3036.932592 0.005773 
3035.815435 0.006140 
3034.698278 0.006205 
3033.581121 0.006073 
3032.463964 0.006370 
3031.346807 0.006924 
3030.229650 0.007490 
3029.112493 0.008355 
3027.995335 0.009500 
3026.878178 0.010733 
3025.761021 0.012530 
3024.643864 0.015275 
3023.526707 0.018827 
3022.409550 0.023165 
3021.292393 0.028817 
3020.175236 0.035795 
3019.058079 0.043927 
3017.940922 0.053570 
3016.823765 0.064891 
3015.706608 0.077445 
3014.589450 0.091430 
3013.472293 0.106939 
3012.355136 0.123263 
3011.237979 0.139773 
3010.120822 0.156347 
3009.003665 0.172253 
3007.886508 0.186700 
3006.769351 0.199980 
3005.652194 0.211989 
3004.535037 0.221382 
3003.417880 0.227301 
3002.300722 0.229878 
3001.183565 0.228694 
3000.066408 0.223895 
2998.949251 0.216014 
2997.832094 0.204274 
2996.714937 0.188651 
2995.597780 0.170313 
2994.480623 0.150732 
2993.363466 0.130566 
2992.246309 0.110144 
2991.129152 0.090513 
2990.011995 0.072591 
2988.894837 0.056732 
2987.777680 0.043277 
2986.660523 0.032731 
2985.543366 0.024408 
2984.426209 0.017809 
2983.309052 0.013015 
2982.191895 0.009813 
2981.074738 0.007468 
2979.957581 0.005662 
2978.840424 0.004408 
2977.723267 0.003382 
2976.606110 0.002574 
2975.488952 0.002174 
2974.371795 0.001786 
2973.254638 0.001424 
2972.137481 0.001399 
2971.020324 0.001388 
2969.903167 0.001115 
2968.786010 0.001001 
2967.668853 0.001108 
2966.551696 0.001079 
2965.434539 0.001053 
2964.317382 0.001217 
2963.200224 0.001209 
2962.083067 0.001160 
2960.965910 0.001464 
2959.848753 0.001853 
2958.731596 0.001910 
2957.614439 0.002252 
2956.497282 0.003378 
2955.380125 0.005163 
2954.262968 0.007867 
2953.145811 0.012640 
2952.028654 0.019633 
2950.911497 0.029344 
2949.794339 0.042400 
2948.677182 0.058683 
2947.560025 0.077404 
2946.442868 0.097238 
2945.325711 0.116837 
2944.208554 0.133598 
2943.091397 0.145143 
2941.974240 0.148961 
2940.857083 0.144926 
2939.739926 0.132865 
2938.622769 0.114290 
2937.505612 0.092076 
2936.388454 0.069684 
2935.271297 0.050259 
2934.154140 0.035292 
2933.036983 0.024487 
2931.919826 0.016920 
2930.802669 0.012221 
2929.685512 0.009125 
2928.568355 0.006884 
2927.451198 0.005374 
2926.334041 0.004453 
2925.216884 0.003718 
2924.099726 0.003204 
2922.982569 0.003081 
2921.865412 0.003041 
2920.748255 0.002892 
2919.631098 0.003006 
2918.513941 0.003237 
2917.396784 0.003276 
2916.279627 0.003330 
2915.162470 0.003438 
2914.045313 0.003238 
2912.928156 0.002818 
2911.810999 0.002520 
2910.693841 0.002318 
2909.576684 0.002166 
2908.459527 0.002252 
2907.342370 0.002555 
2906.225213 0.002562 
2905.108056 0.002164 
2903.990899 0.001953 
2902.873742 0.002179 
2901.756585 0.002326 
2900.639428 0.002399 
2899.522271 0.002588 
2898.405114 0.002648 
2897.287956 0.002400 
2896.170799 0.002203 
2895.053642 0.002190 
2893.936485 0.002233 
2892.819328 0.002475 
2891.702171 0.002783 
2890.585014 0.002748 
2889.467857 0.002652 
2888.350700 0.002767 
2887.233543 0.002940 
2886.116386 0.003127 
2884.999228 0.003458 
2883.882071 0.003691 
2882.764914 0.003682 
2881.647757 0.003795 
2880.530600 0.004102 
2879.413443 0.004301 
2878.296286 0.004279 
2877.179129 0.004293 
2876.061972 0.004362 
2874.944815 0.004114 
2873.827658 0.003773 
2872.710501 0.003495 
2871.593343 0.003251 
2870.476186 0.003299 
2869.359029 0.003503 
2868.241872 0.003324 
2867.124715 0.003083 
2866.007558 0.003115 
2864.890401 0.003072 
2863.773244 0.002720 
2862.656087 0.002425 
2861.538930 0.002336 
2860.421773 0.002275 
2859.304616 0.002197 
2858.187458 0.002096 
2857.070301 0.001866 
2855.953144 0.001697 
2854.835987 0.001756 
2853.718830 0.001819 
2852.601673 0.001671 
2851.484516 0.001742 
2850.367359 0.001908 
2849.250202 0.001760 
2848.133045 0.001476 
2847.015888 0.001505 
2845.898730 0.001561 
2844.781573 0.001464 
2843.664416 0.001533 
2842.547259 0.001725 
2841.430102 0.001738 
2840.312945 0.001519 
2839.195788 0.001163 
2838.078631 0.000878 
2836.961474 0.000796 
2835.844317 0.000806 
2834.727160 0.000656 
2833.610003 0.000447 
2832.492845 0.000327 
2831.375688 0.000304 
2830.258531 0.000260 
2829.141374 0.000161 
2828.024217 0.000176 
2826.907060 0.000238 
2825.789903 0.000130 
2824.672746 0.000015 
2823.555589 0.000030 
2822.438432 -0.000048 
2821.321275 -0.000077 
2820.204118 0.000032 
2819.086960 -0.000044 
2817.969803 -0.000201 
2816.852646 -0.000099 
2815.735489 -0.000037 
2814.618332 -0.000114 
2813.501175 0.000051 
2812.384018 0.000210 
2811.266861 0.000080 
2810.149704 -0.000049 
2809.032547 0.000010 
2807.915390 0.000094 
2806.798232 0.000183 
2805.681075 0.000360 
2804.563918 0.000303 
2803.446761 0.000084 
2802.329604 0.000239 
2801.212447 0.000576 
2800.095290 0.000485 
2798.978133 0.000230 
2797.860976 0.000288 
2796.743819 0.000400 
2795.626662 0.000319 
2794.509505 0.000287 
2793.392347 0.000288 
2792.275190 0.000294 
2791.158033 0.000553 
2790.040876 0.000812 
2788.923719 0.000758 
2787.806562 0.000614 
2786.689405 0.000622 
2785.572248 0.000656 
2784.455091 0.000556 
2783.337934 0.000605 
2782.220777 0.000670 
2781.103620 0.000496 
2779.986462 0.000429 
2778.869305 0.000527 
2777.752148 0.000447 
2776.634991 0.000278 
2775.517834 0.000268 
2774.400677 0.000366 
2773.283520 0.000275 
2772.166363 0.000112 
2771.049206 0.000013 
2769.932049 -0.000155 
2768.814892 -0.000329 
2767.697734 -0.000250 
2766.580577 -0.000316 
2765.463420 -0.000585 
2764.346263 -0.000728 
2763.229106 -0.000711 
2762.111949 -0.000699 
2760.994792 -0.000657 
2759.877635 -0.000529 
2758.760478 -0.000458 
2757.643321 -0.000465 
2756.526164 -0.000389 
2755.409007 -0.000326 
2754.291849 -0.000290 
2753.174692 -0.000066 
2752.057535 0.000255 
2750.940378 0.000357 
2749.823221 0.000371 
2748.706064 0.000279 
2747.588907 0.000131 
2746.471750 0.000239 
2745.354593 0.000601 
2744.237436 0.000935 
2743.120279 0.001107 
2742.003122 0.001247 
2740.885964 0.001512 
2739.768807 0.001810 
2738.651650 0.002039 
2737.534493 0.002316 
2736.417336 0.002455 
2735.300179 0.002408 
2734.183022 0.002497 
2733.065865 0.002652 
2731.948708 0.002712 
2730.831551 0.002772 
2729.714394 0.002934 
2728.597236 0.003004 
2727.480079 0.002857 
2726.362922 0.002730 
2725.245765 0.002719 
2724.128608 0.002663 
2723.011451 0.002508 
2721.894294 0.002432 
2720.777137 0.002245 
2719.659980 0.001945 
2718.542823 0.001830 
2717.425666 0.001796 
2716.308509 0.001654 
2715.191351 0.001641 
2714.074194 0.001658 
2712.957037 0.001373 
2711.839880 0.001112 
2710.722723 0.001099 
2709.605566 0.001025 
2708.488409 0.000888 
2707.371252 0.000955 
2706.254095 0.001058 
2705.136938 0.000767 
2704.019781 0.000482 
2702.902624 0.000474 
2701.785466 0.000416 
2700.668309 0.000248 
2699.551152 0.000279 
2698.433995 0.000327 
2697.316838 0.000237 
2696.199681 0.000235 
2695.082524 0.000335 
2693.965367 0.000286 
2692.848210 0.000182 
2691.731053 0.000276 
2690.613896 0.000341 
2689.496738 0.000191 
2688.379581 0.000194 
2687.262424 0.000237 
2686.145267 0.000168 
2685.028110 0.000185 
2683.910953 0.000402 
2682.793796 0.000497 
2681.676639 0.000637 
2680.559482 0.000870 
2679.442325 0.000961 
2678.325168 0.000819 
2677.208011 0.000604 
2676.090853 0.000601 
2674.973696 0.000652 
2673.856539 0.000616 
2672.739382 0.000629 
2671.622225 0.000646 
2670.505068 0.000609 
2669.387911 0.000566 
2668.270754 0.000468 
2667.153597 0.000280 
2666.036440 0.000298 
2664.919283 0.000394 
2663.802126 0.000340 
2662.684968 0.000182 
2661.567811 0.000178 
2660.450654 0.000239 
2659.333497 0.000173 
2658.216340 0.000188 
2657.099183 0.000370 
2655.982026 0.000446 
2654.864869 0.000247 
2653.747712 0.000194 
2652.630555 0.000298 
2651.513398 0.000365 
2650.396240 0.000433 
2649.279083 0.000575 
2648.161926 0.000791 
2647.044769 0.001063 
2645.927612 0.001377 
2644.810455 0.001531 
2643.693298 0.001773 
2642.576141 0.002366 
2641.458984 0.003073 
2640.341827 0.003778 
2639.224670 0.004551 
2638.107513 0.005373 
2636.990355 0.006113 
2635.873198 0.006984 
2634.756041 0.007823 
2633.638884 0.008339 
2632.521727 0.008698 
2631.404570 0.008935 
2630.287413 0.008774 
2629.170256 0.008077 
2628.053099 0.007169 
2626.935942 0.006001 
2625.818785 0.004641 
2624.701628 0.003357 
2623.584470 0.002373 
2622.467313 0.001673 
2621.350156 0.001138 
2620.232999 0.000889 
2619.115842 0.000826 
2617.998685 0.000687 
2616.881528 0.000419 
2615.764371 0.000349 
2614.647214 0.000352 
2613.530057 0.000270 
2612.412900 0.000301 
2611.295742 0.000369 
2610.178585 0.000381 
2609.061428 0.000358 
2607.944271 0.000444 
2606.827114 0.000470 
2605.709957 0.000399 
2604.592800 0.000363 
2603.475643 0.000341 
2602.358486 0.000302 
2601.241329 0.000333 
2600.124172 0.000487 
2599.007015 0.000467 
2597.889857 0.000513 
2596.772700 0.000546 
2595.655543 0.000494 
2594.538386 0.000496 
2593.421229 0.000493 
2592.304072 0.000374 
2591.186915 0.000181 
2590.069758 0.000156 
2588.952601 0.000257 
2587.835444 0.000254 
2586.718287 0.000092 
2585.601130 0.000069 
2584.483972 0.000132 
2583.366815 0.000045 
2582.249658 0.000091 
2581.132501 0.000190 
2580.015344 0.000171 
2578.898187 0.000034 
2577.781030 0.000038 
2576.663873 0.000185 
2575.546716 0.000241 
2574.429559 0.000191 
2573.312402 0.000151 
2572.195244 0.000039 
2571.078087 -0.000119 
2569.960930 0.000058 
2568.843773 0.000230 
2567.726616 0.000241 
2566.609459 0.000312 
2565.492302 0.000370 
2564.375145 0.000321 
2563.257988 0.000309 
2562.140831 0.000391 
2561.023674 0.000361 
2559.906517 0.000331 
2558.789359 0.000301 
2557.672202 0.000402 
2556.555045 0.000484 
2555.437888 0.000379 
2554.320731 0.000365 
2553.203574 0.000309 
2552.086417 0.000217 
2550.969260 0.000250 
2549.852103 0.000389 
2548.734946 0.000333 
2547.617789 0.000284 
2546.500632 0.000240 
2545.383474 0.000164 
2544.266317 0.000148 
2543.149160 0.000092 
2542.032003 0.000088 
2540.914846 -0.000004 
2539.797689 -0.000047 
2538.680532 0.000051 
2537.563375 0.000132 
2536.446218 0.000144 
2535.329061 0.000211 
2534.211904 0.000305 
2533.094746 0.000282 
2531.977589 0.000301 
2530.860432 0.000260 
2529.743275 0.000288 
2528.626118 0.000290 
2527.508961 0.000109 
2526.391804 -0.000013 
2525.274647 0.000036 
2524.157490 0.000181 
2523.040333 0.000265 
2521.923176 0.000312 
2520.806019 0.000352 
2519.688861 0.000458 
2518.571704 0.000463 
2517.454547 0.000475 
2516.337390 0.000620 
2515.220233 0.000636 
2514.103076 0.000730 
2512.985919 0.000877 
2511.868762 0.000979 
2510.751605 0.001055 
2509.634448 0.001281 
2508.517291 0.001498 
2507.400134 0.001605 
2506.282976 0.001841 
2505.165819 0.002171 
2504.048662 0.002324 
2502.931505 0.002319 
2501.814348 0.002535 
2500.697191 0.002798 
2499.580034 0.002984 
2498.462877 0.003242 
2497.345720 0.003529 
2496.228563 0.003667 
2495.111406 0.003730 
2493.994248 0.003962 
2492.877091 0.004103 
2491.759934 0.004141 
2490.642777 0.004282 
2489.525620 0.004479 
2488.408463 0.004528 
2487.291306 0.004643 
2486.174149 0.004887 
2485.056992 0.004932 
2483.939835 0.004975 
2482.822678 0.005088 
2481.705521 0.005123 
2480.588363 0.005008 
2479.471206 0.004974 
2478.354049 0.004983 
2477.236892 0.004793 
2476.119735 0.004592 
2475.002578 0.004494 
2473.885421 0.004355 
2472.768264 0.003983 
2471.651107 0.003738 
2470.533950 0.003771 
2469.416793 0.003651 
2468.299636 0.003486 
2467.182478 0.003380 
2466.065321 0.003140 
2464.948164 0.002968 
2463.831007 0.003210 
2462.713850 0.003374 
2461.596693 0.003439 
2460.479536 0.003618 
2459.362379 0.003820 
2458.245222 0.003853 
2457.128065 0.003849 
2456.010908 0.004162 
2454.893750 0.004495 
2453.776593 0.004643 
2452.659436 0.004951 
2451.542279 0.005497 
2450.425122 0.005930 
2449.307965 0.006211 
2448.190808 0.006508 
2447.073651 0.006547 
2445.956494 0.006411 
2444.839337 0.006280 
2443.722180 0.006092 
2442.605023 0.005648 
2441.487865 0.005114 
2440.370708 0.004730 
2439.253551 0.004383 
2438.136394 0.004035 
2437.019237 0.003865 
2435.902080 0.003976 
2434.784923 0.004123 
2433.667766 0.004535 
2432.550609 0.005070 
2431.433452 0.005330 
2430.316295 0.005827 
2429.199138 0.006721 
2428.081980 0.007524 
2426.964823 0.008155 
2425.847666 0.009057 
2424.730509 0.010179 
2423.613352 0.011107 
2422.496195 0.011995 
2421.379038 0.013021 
2420.261881 0.013892 
2419.144724 0.014390 
2418.027567 0.015011 
2416.910410 0.015696 
2415.793252 0.016277 
2414.676095 0.016861 
2413.558938 0.017131 
2412.441781 0.016984 
2411.324624 0.016863 
2410.207467 0.016895 
2409.090310 0.016613 
2407.973153 0.016061 
2406.855996 0.015634 
2405.738839 0.015043 
2404.621682 0.014080 
2403.504525 0.013248 
2402.387367 0.012582 
2401.270210 0.011540 
2400.153053 0.010496 
2399.035896 0.009623 
2397.918739 0.008584 
2396.801582 0.007434 
2395.684425 0.006544 
2394.567268 0.005756 
2393.450111 0.004867 
2392.332954 0.004119 
2391.215797 0.003475 
2390.098640 0.002681 
2388.981482 0.001960 
2387.864325 0.001589 
2386.747168 0.001281 
2385.630011 0.000826 
2384.512854 0.000544 
2383.395697 0.000331 
2382.278540 -0.000017 
2381.161383 -0.000327 
2380.044226 -0.000282 
2378.927069 -0.000354 
2377.809912 -0.000494 
2376.692754 -0.000370 
2375.575597 -0.000384 
2374.458440 -0.000795 
2373.341283 -0.001070 
2372.224126 -0.001046 
2371.106969 -0.001101 
2369.989812 -0.001356 
2368.872655 -0.001511 
2367.755498 -0.001600 
2366.638341 -0.001879 
2365.521184 -0.002028 
2364.404027 -0.001838 
2363.286869 -0.001954 
2362.169712 -0.002097 
2361.052555 -0.001797 
2359.935398 -0.001382 
2358.818241 -0.001317 
2357.701084 -0.001248 
2356.583927 -0.000896 
2355.466770 -0.000576 
2354.349613 -0.000144 
2353.232456 0.000208 
2352.115299 0.000352 
2350.998142 0.000916 
2349.880984 0.001901 
2348.763827 0.002324 
2347.646670 0.001966 
2346.529513 0.001834 
2345.412356 0.001991 
2344.295199 0.002078 
2343.178042 0.001919 
2342.060885 0.001548 
2340.943728 0.000948 
2339.826571 0.000481 
2338.709414 0.000465 
2337.592256 0.000412 
2336.475099 -0.000021 
2335.357942 -0.000414 
2334.240785 -0.000343 
2333.123628 -0.000403 
2332.006471 -0.000547 
2330.889314 -0.000501 
2329.772157 -0.000621 
2328.655000 -0.000807 
2327.537843 -0.000786 
2326.420686 -0.000856 
2325.303529 -0.001251 
2324.186371 -0.001173 
2323.069214 -0.001052 
2321.952057 -0.001340 
2320.834900 -0.001467 
2319.717743 -0.001165 
2318.600586 -0.000940 
2317.483429 -0.001015 
2316.366272 -0.000780 
2315.249115 -0.000568 
2314.131958 -0.000639 
2313.014801 -0.000461 
2311.897644 0.000359 
2310.780486 0.001210 
2309.663329 0.002215 
2308.546172 0.003949 
2307.429015 0.006034 
2306.311858 0.008504 
2305.194701 0.011880 
2304.077544 0.016409 
2302.960387 0.021630 
2301.843230 0.027696 
2300.726073 0.035112 
2299.608916 0.043182 
2298.491758 0.051557 
2297.374601 0.060519 
2296.257444 0.069853 
2295.140287 0.078422 
2294.023130 0.086396 
2292.905973 0.093733 
2291.788816 0.099796 
2290.671659 0.104056 
2289.554502 0.106327 
2288.437345 0.106457 
2287.320188 0.103991 
2286.203031 0.099464 
2285.085873 0.092898 
2283.968716 0.084087 
2282.851559 0.073890 
2281.734402 0.063334 
2280.617245 0.052610 
2279.500088 0.041862 
2278.382931 0.032459 
2277.265774 0.024603 
2276.148617 0.018160 
2275.031460 0.013230 
2273.914303 0.010000 
2272.797146 0.007943 
2271.679988 0.006617 
2270.562831 0.006389 
2269.445674 0.006789 
2268.328517 0.007297 
2267.211360 0.008359 
2266.094203 0.010516 
2264.977046 0.013222 
2263.859889 0.017047 
2262.742732 0.024227 
2261.625575 0.038496 
2260.508418 0.064313 
2259.391260 0.107784 
2258.274103 0.173254 
2257.156946 0.259824 
2256.039789 0.360245 
2254.922632 0.456026 
2253.805475 0.527245 
2252.688318 0.556840 
2251.571161 0.536680 
2250.454004 0.468305 
2249.336847 0.374450 
2248.219690 0.274394 
2247.102533 0.184038 
2245.985375 0.113189 
2244.868218 0.067068 
2243.751061 0.039100 
2242.633904 0.023169 
2241.516747 0.014363 
2240.399590 0.009870 
2239.282433 0.007469 
2238.165276 0.005777 
2237.048119 0.004698 
2235.930962 0.004265 
2234.813805 0.003854 
2233.696648 0.003281 
2232.579490 0.003312 
2231.462333 0.003516 
2230.345176 0.003493 
2229.228019 0.003708 
2228.110862 0.004466 
2226.993705 0.004635 
2225.876548 0.004519 
2224.759391 0.004531 
2223.642234 0.004112 
2222.525077 0.003350 
2221.407920 0.002857 
2220.290762 0.002621 
2219.173605 0.002191 
2218.056448 0.001992 
2216.939291 0.002184 
2215.822134 0.002030 
2214.704977 0.001634 
2213.587820 0.001705 
2212.470663 0.002026 
2211.353506 0.002003 
2210.236349 0.002455 
2209.119192 0.003295 
2208.002035 0.004138 
2206.884877 0.005295 
2205.767720 0.007074 
2204.650563 0.008526 
2203.533406 0.009294 
2202.416249 0.009690 
2201.299092 0.009221 
2200.181935 0.007709 
2199.064778 0.005970 
2197.947621 0.004553 
2196.830464 0.003146 
2195.713307 0.001955 
2194.596150 0.001688 
2193.478992 0.001457 
2192.361835 0.000991 
2191.244678 0.000855 
2190.127521 0.000994 
2189.010364 0.000718 
2187.893207 0.000688 
2186.776050 0.000907 
2185.658893 0.000813 
2184.541736 0.000570 
2183.424579 0.000573 
2182.307422 0.000664 
2181.190264 0.000489 
2180.073107 0.000487 
2178.955950 0.000591 
2177.838793 0.000416 
2176.721636 0.000303 
2175.604479 0.000479 
2174.487322 0.000447 
2173.370165 0.000088 
2172.253008 0.000177 
2171.135851 0.000227 
2170.018694 0.000024 
2168.901537 -0.000027 
2167.784379 0.000218 
2166.667222 0.000184 
2165.550065 -0.000137 
2164.432908 -0.000121 
2163.315751 -0.000034 
2162.198594 -0.000138 
2161.081437 -0.000094 
2159.964280 0.000136 
2158.847123 0.000030 
2157.729966 -0.000020 
2156.612809 0.000198 
2155.495652 0.000050 
2154.378494 -0.000235 
2153.261337 -0.000184 
2152.144180 0.000078 
2151.027023 0.000024 
2149.909866 -0.000025 
2148.792709 0.000111 
2147.675552 0.000121 
2146.558395 0.000063 
2145.441238 0.000189 
2144.324081 0.000354 
2143.206924 0.000178 
2142.089766 0.000105 
2140.972609 0.000152 
2139.855452 0.000116 
2138.738295 0.000161 
2137.621138 0.000381 
2136.503981 0.000387 
2135.386824 0.000261 
2134.269667 0.000391 
2133.152510 0.000359 
2132.035353 0.000122 
2130.918196 0.000126 
2129.801039 0.000392 
2128.683881 0.000382 
2127.566724 0.000246 
2126.449567 0.000502 
2125.332410 0.000591 
2124.215253 0.000426 
2123.098096 0.000494 
2121.980939 0.000758 
2120.863782 0.000622 
2119.746625 0.000572 
2118.629468 0.000787 
2117.512311 0.000751 
2116.395154 0.000572 
2115.277996 0.000737 
2114.160839 0.000996 
2113.043682 0.000905 
2111.926525 0.000847 
2110.809368 0.000991 
2109.692211 0.000912 
2108.575054 0.000774 
2107.457897 0.000903 
2106.340740 0.001040 
2105.223583 0.000930 
2104.106426 0.001011 
2102.989268 0.001095 
2101.872111 0.001074 
2100.754954 0.001147 
2099.637797 0.001331 
2098.520640 0.001346 
2097.403483 0.001335 
2096.286326 0.001511 
2095.169169 0.001440 
2094.052012 0.001136 
2092.934855 0.001308 
2091.817698 0.001684 
2090.700541 0.001667 
2089.583383 0.001634 
2088.466226 0.001887 
2087.349069 0.001934 
2086.231912 0.001954 
2085.114755 0.002249 
2083.997598 0.002555 
2082.880441 0.002520 
2081.763284 0.002685 
2080.646127 0.002989 
2079.528970 0.002959 
2078.411813 0.002908 
2077.294656 0.003232 
2076.177498 0.003532 
2075.060341 0.003428 
2073.943184 0.003422 
2072.826027 0.003570 
2071.708870 0.003523 
2070.591713 0.003558 
2069.474556 0.003774 
2068.357399 0.003781 
2067.240242 0.003577 
2066.123085 0.003558 
2065.005928 0.003454 
2063.888770 0.003134 
2062.771613 0.002850 
2061.654456 0.002592 
2060.537299 0.002106 
2059.420142 0.001583 
2058.302985 0.001367 
2057.185828 0.001033 
2056.068671 0.000564 
2054.951514 0.000408 
2053.834357 0.000428 
2052.717200 0.000271 
2051.600043 0.000256 
2050.482885 0.000423 
2049.365728 0.000278 
2048.248571 0.000023 
2047.131414 0.000046 
2046.014257 0.000098 
2044.897100 -0.000054 
2043.779943 -0.000073 
2042.662786 0.000006 
2041.545629 -0.000187 
2040.428472 -0.000195 
2039.311315 0.000080 
2038.194158 0.000106 
2037.077000 -0.000089 
2035.959843 -0.000037 
2034.842686 -0.000026 
2033.725529 -0.000209 
2032.608372 -0.000199 
2031.491215 -0.000000 
2030.374058 -0.000042 
2029.256901 -0.000247 
2028.139744 -0.000213 
2027.022587 -0.000221 
2025.905430 -0.000455 
2024.788272 -0.000384 
2023.671115 -0.000252 
2022.553958 -0.000403 
2021.436801 -0.000460 
2020.319644 -0.000190 
2019.202487 -0.000307 
2018.085330 -0.000681 
2016.968173 -0.000693 
2015.851016 -0.000585 
2014.733859 -0.000687 
2013.616702 -0.000597 
2012.499545 -0.000348 
2011.382387 -0.000372 
2010.265230 -0.000567 
2009.148073 -0.000587 
2008.030916 -0.000603 
2006.913759 -0.000724 
2005.796602 -0.000612 
2004.679445 -0.000409 
2003.562288 -0.000697 
2002.445131 -0.000844 
2001.327974 -0.000684 
2000.210817 -0.000704 
1999.093660 -0.000862 
1997.976502 -0.000774 
1996.859345 -0.000705 
1995.742188 -0.000779 
1994.625031 -0.000587 
1993.507874 -0.000435 
1992.390717 -0.000692 
1991.273560 -0.000814 
1990.156403 -0.000652 
1989.039246 -0.000696 
1987.922089 -0.000803 
1986.804932 -0.000619 
1985.687774 -0.000588 
1984.570617 -0.000750 
1983.453460 -0.000742 
1982.336303 -0.000603 
1981.219146 -0.000796 
1980.101989 -0.000867 
1978.984832 -0.000656 
1977.867675 -0.000609 
1976.750518 -0.000746 
1975.633361 -0.000765 
1974.516204 -0.000658 
1973.399047 -0.000706 
1972.281889 -0.000656 
1971.164732 -0.000431 
1970.047575 -0.000391 
1968.930418 -0.000581 
1967.813261 -0.000674 
1966.696104 -0.000595 
1965.578947 -0.000593 
1964.461790 -0.000441 
1963.344633 -0.000232 
1962.227476 -0.000314 
1961.110319 -0.000502 
1959.993162 -0.000414 
1958.876004 -0.000330 
1957.758847 -0.000542 
1956.641690 -0.000463 
1955.524533 -0.000259 
1954.407376 -0.000281 
1953.290219 -0.000356 
1952.173062 -0.000321 
1951.055905 -0.000486 
1949.938748 -0.000626 
1948.821591 -0.000430 
1947.704434 -0.000477 
1946.587276 -0.000661 
1945.470119 -0.000489 
1944.352962 -0.000265 
1943.235805 -0.000605 
1942.118648 -0.000760 
1941.001491 -0.000307 
1939.884334 -0.000298 
1938.767177 -0.000569 
1937.650020 -0.000495 
1936.532863 -0.000268 
1935.415706 -0.000482 
1934.298549 -0.000597 
1933.181391 -0.000552 
1932.064234 -0.000669 
1930.947077 -0.000742 
1929.829920 -0.000566 
1928.712763 -0.000357 
1927.595606 -0.000349 
1926.478449 -0.000140 
1925.361292 0.000046 
1924.244135 -0.000418 
1923.126978 -0.000848 
1922.009821 -0.000506 
1920.892664 0.000050 
1919.775506 -0.000234 
1918.658349 -0.000780 
1917.541192 -0.000883 
1916.424035 -0.000653 
1915.306878 -0.000518 
1914.189721 -0.000396 
1913.072564 -0.000365 
1911.955407 -0.000387 
1910.838250 -0.000236 
1909.721093 -0.000154 
1908.603936 -0.000190 
1907.486778 -0.000172 
1906.369621 -0.000027 
1905.252464 -0.000184 
1904.135307 -0.000215 
1903.018150 0.000074 
1901.900993 -0.000120 
1900.783836 -0.000376 
1899.666679 -0.000251 
1898.549522 -0.000040 
1897.432365 -0.000183 
1896.315208 -0.000195 
1895.198051 -0.000088 
1894.080893 -0.000083 
1892.963736 0.000125 
1891.846579 0.000507 
1890.729422 0.000199 
1889.612265 -0.000388 
1888.495108 -0.000146 
1887.377951 0.000224 
1886.260794 0.000051 
1885.143637 -0.000046 
1884.026480 0.000152 
1882.909323 0.000071 
1881.792166 -0.000178 
1880.675008 0.000039 
1879.557851 0.000137 
1878.440694 0.000126 
1877.323537 0.000218 
1876.206380 0.000327 
1875.089223 0.000127 
1873.972066 -0.000049 
1872.854909 0.000268 
1871.737752 0.000399 
1870.620595 -0.000062 
1869.503438 -0.000546 
1868.386280 -0.000440 
1867.269123 -0.000450 
1866.151966 -0.000225 
1865.034809 0.000151 
1863.917652 0.000045 
1862.800495 -0.000078 
1861.683338 -0.000011 
1860.566181 -0.000006 
1859.449024 -0.000180 
1858.331867 0.000020 
1857.214710 0.000311 
1856.097553 0.000408 
1854.980395 0.000642 
1853.863238 0.000972 
1852.746081 0.001106 
1851.628924 0.001044 
1850.511767 0.001601 
1849.394610 0.002049 
1848.277453 0.002192 
1847.160296 0.003001 
1846.043139 0.003521 
1844.925982 0.002702 
1843.808825 0.002343 
1842.691668 0.003238 
1841.574510 0.003790 
1840.457353 0.003859 
1839.340196 0.003985 
1838.223039 0.004091 
1837.105882 0.003891 
1835.988725 0.003730 
1834.871568 0.003924 
1833.754411 0.004051 
1832.637254 0.004469 
1831.520097 0.004538 
1830.402940 0.003714 
1829.285782 0.003248 
1828.168625 0.004165 
1827.051468 0.004349 
1825.934311 0.003166 
1824.817154 0.002459 
1823.699997 0.002586 
1822.582840 0.002276 
1821.465683 0.001613 
1820.348526 0.001273 
1819.231369 0.000950 
1818.114212 0.000380 
1816.997055 0.000171 
1815.879897 0.000319 
1814.762740 0.000334 
1813.645583 0.000308 
1812.528426 0.000440 
1811.411269 0.000096 
1810.294112 -0.000075 
1809.176955 0.000160 
1808.059798 0.000351 
1806.942641 0.000407 
1805.825484 0.000484 
1804.708327 0.000850 
1803.591170 0.000914 
1802.474012 0.000830 
1801.356855 0.000812 
1800.239698 0.000699 
1799.122541 0.000869 
1798.005384 0.001550 
1796.888227 0.001910 
1795.771070 0.002086 
1794.653913 0.002390 
1793.536756 0.001947 
1792.419599 0.001329 
1791.302442 0.001415 
1790.185284 0.002070 
1789.068127 0.002433 
1787.950970 0.002270 
1786.833813 0.002022 
1785.716656 0.001554 
1784.599499 0.001150 
1783.482342 0.001195 
1782.365185 0.001175 
1781.248028 0.000636 
1780.130871 0.000119 
1779.013714 0.000229 
1777.896557 0.000273 
1776.779399 -0.000229 
1775.662242 -0.000244 
1774.545085 0.000272 
1773.427928 -0.000782 
1772.310771 -0.002016 
1771.193614 -0.001118 
1770.076457 0.000141 
1768.959300 -0.000409 
1767.842143 -0.001229 
1766.724986 -0.000646 
1765.607829 -0.000295 
1764.490672 0.000182 
1763.373514 0.000063 
1762.256357 -0.000963 
1761.139200 -0.000981 
1760.022043 0.000190 
1758.904886 0.000756 
1757.787729 0.000168 
1756.670572 -0.000362 
1755.553415 0.000000 
1754.436258 0.000848 
1753.319101 0.001158 
1752.201944 0.000380 
1751.084786 -0.000080 
1749.967629 0.000277 
1748.850472 0.000191 
1747.733315 0.000116 
1746.616158 0.000495 
1745.499001 0.000786 
1744.381844 0.000337 
1743.264687 0.000325 
1742.147530 0.001163 
1741.030373 0.000768 
1739.913216 -0.000326 
1738.796059 0.000192 
1737.678901 0.001619 
1736.561744 0.002799 
1735.444587 0.001522 
1734.327430 -0.000851 
1733.210273 -0.000190 
1732.093116 0.001392 
1730.975959 0.001009 
1729.858802 0.000576 
1728.741645 0.001219 
1727.624488 0.001151 
1726.507331 0.000932 
1725.390174 0.000814 
1724.273016 0.000384 
1723.155859 0.000017 
1722.038702 0.000466 
1720.921545 0.001571 
1719.804388 0.001770 
1718.687231 -0.000168 
1717.570074 -0.001299 
1716.452917 -0.000095 
1715.335760 0.000254 
1714.218603 0.000450 
1713.101446 0.001335 
1711.984288 0.001840 
1710.867131 0.001966 
1709.749974 0.002386 
1708.632817 0.002870 
1707.515660 0.002721 
1706.398503 0.002309 
1705.281346 0.001545 
1704.164189 0.001395 
1703.047032 0.003013 
1701.929875 0.002403 
1700.812718 -0.001336 
1699.695561 -0.001850 
1698.578403 0.001377 
1697.461246 0.000852 
1696.344089 -0.002150 
1695.226932 -0.002485 
1694.109775 -0.000343 
1692.992618 0.000314 
1691.875461 0.000413 
1690.758304 0.000115 
1689.641147 -0.000556 
1688.523990 -0.000322 
1687.406833 0.001101 
1686.289676 0.001535 
1685.172518 -0.000773 
1684.055361 -0.002663 
1682.938204 -0.000961 
1681.821047 0.000281 
1680.703890 -0.000040 
1679.586733 -0.000328 
1678.469576 0.000470 
1677.352419 0.001372 
1676.235262 0.000140 
1675.118105 -0.000764 
1674.000948 0.000723 
1672.883790 0.001849 
1671.766633 0.001830 
1670.649476 0.001529 
1669.532319 0.001389 
1668.415162 0.002241 
1667.298005 0.003565 
1666.180848 0.004503 
1665.063691 0.005398 
1663.946534 0.005122 
1662.829377 0.004822 
1661.712220 0.005895 
1660.595063 0.007123 
1659.477905 0.007840 
1658.360748 0.008680 
1657.243591 0.009851 
1656.126434 0.011141 
1655.009277 0.010865 
1653.892120 0.007978 
1652.774963 0.006811 
1651.657806 0.008958 
1650.540649 0.011469 
1649.423492 0.012148 
1648.306335 0.011670 
1647.189178 0.010846 
1646.072020 0.010351 
1644.954863 0.010694 
1643.837706 0.011126 
1642.720549 0.010992 
1641.603392 0.010593 
1640.486235 0.010477 
1639.369078 0.010933 
1638.251921 0.011364 
1637.134764 0.010462 
1636.017607 0.008339 
1634.900450 0.007583 
1633.783292 0.008263 
1632.666135 0.008052 
1631.548978 0.007915 
1630.431821 0.007851 
1629.314664 0.007080 
1628.197507 0.006202 
1627.080350 0.006433 
1625.963193 0.006935 
1624.846036 0.006388 
1623.728879 0.005476 
1622.611722 0.005199 
1621.494565 0.005426 
1620.377407 0.005848 
1619.260250 0.006682 
1618.143093 0.006162 
1617.025936 0.004581 
1615.908779 0.004285 
1614.791622 0.005000 
1613.674465 0.005083 
1612.557308 0.005320 
1611.440151 0.005324 
1610.322994 0.004829 
1609.205837 0.005070 
1608.088680 0.005423 
1606.971522 0.005268 
1605.854365 0.005216 
1604.737208 0.005412 
1603.620051 0.005150 
1602.502894 0.004913 
1601.385737 0.005207 
1600.268580 0.005375 
1599.151423 0.005192 
1598.034266 0.005216 
1596.917109 0.005376 
1595.799952 0.004977 
1594.682794 0.004665 
1593.565637 0.005021 
1592.448480 0.004929 
1591.331323 0.004515 
1590.214166 0.004631 
1589.097009 0.004990 
1587.979852 0.004824 
1586.862695 0.004932 
1585.745538 0.005199 
1584.628381 0.005054 
1583.511224 0.005053 
1582.394067 0.005609 
1581.276909 0.005820 
1580.159752 0.005476 
1579.042595 0.006231 
1577.925438 0.006886 
1576.808281 0.005389 
1575.691124 0.004813 
1574.573967 0.006162 
1573.456810 0.006716 
1572.339653 0.006892 
1571.222496 0.007142 
1570.105339 0.006117 
1568.988182 0.005739 
1567.871024 0.006760 
1566.753867 0.007544 
1565.636710 0.007072 
1564.519553 0.006584 
1563.402396 0.007582 
1562.285239 0.009049 
1561.168082 0.009232 
1560.050925 0.007364 
1558.933768 0.004536 
1557.816611 0.003893 
1556.699454 0.006040 
1555.582296 0.007132 
1554.465139 0.005656 
1553.347982 0.005488 
1552.230825 0.006635 
1551.113668 0.006334 
1549.996511 0.005112 
1548.879354 0.005437 
1547.762197 0.006655 
1546.645040 0.006459 
1545.527883 0.005850 
1544.410726 0.006248 
1543.293569 0.006337 
1542.176411 0.005542 
1541.059254 0.005272 
1539.942097 0.004053 
1538.824940 0.003028 
1537.707783 0.004231 
1536.590626 0.005804 
1535.473469 0.006064 
1534.356312 0.004990 
1533.239155 0.004366 
1532.121998 0.004491 
1531.004841 0.004965 
1529.887684 0.005440 
1528.770526 0.005455 
1527.653369 0.004899 
1526.536212 0.004232 
1525.419055 0.004437 
1524.301898 0.004997 
1523.184741 0.004843 
1522.067584 0.003497 
1520.950427 0.002413 
1519.833270 0.002974 
1518.716113 0.003973 
1517.598956 0.003870 
1516.481798 0.002917 
1515.364641 0.002767 
1514.247484 0.003479 
1513.130327 0.003424 
1512.013170 0.002655 
1510.896013 0.002941 
1509.778856 0.003889 
1508.661699 0.004003 
1507.544542 0.002178 
1506.427385 0.000239 
1505.310228 0.000376 
1504.193071 0.001399 
1503.075913 0.002044 
1501.958756 0.002388 
1500.841599 0.002419 
1499.724442 0.002142 
1498.607285 0.002018 
1497.490128 0.001531 
1496.372971 0.000624 
1495.255814 0.000790 
1494.138657 0.001195 
1493.021500 0.001394 
1491.904343 0.001517 
1490.787186 0.000647 
1489.670028 -0.000200 
1488.552871 0.000003 
1487.435714 0.000399 
1486.318557 0.000061 
1485.201400 -0.000090 
1484.084243 0.000193 
1482.967086 0.000199 
1481.849929 -0.000340 
1480.732772 -0.000287 
1479.615615 0.000160 
1478.498458 0.000080 
1477.381301 -0.000342 
1476.264143 -0.000247 
1475.146986 0.000540 
1474.029829 0.000262 
1472.912672 0.000056 
1471.795515 0.000694 
1470.678358 0.001575 
1469.561201 0.003071 
1468.444044 0.005639 
1467.326887 0.009007 
1466.209730 0.014514 
1465.092573 0.023767 
1463.975415 0.036426 
1462.858258 0.052108 
1461.741101 0.070717 
1460.623944 0.090788 
1459.506787 0.111042 
1458.389630 0.134961 
1457.272473 0.166216 
1456.155316 0.196677 
1455.038159 0.221410 
1453.921002 0.244816 
1452.803845 0.268262 
1451.686688 0.288955 
1450.569530 0.305544 
1449.452373 0.320019 
1448.335216 0.330465 
1447.218059 0.332725 
1446.100902 0.328306 
1444.983745 0.319277 
1443.866588 0.302666 
1442.749431 0.279135 
1441.632274 0.249055 
1440.515117 0.215096 
1439.397960 0.184210 
1438.280803 0.159437 
1437.163645 0.134656 
1436.046488 0.111104 
1434.929331 0.099353 
1433.812174 0.095183 
1432.695017 0.093555 
1431.577860 0.094822 
1430.460703 0.097943 
1429.343546 0.100709 
1428.226389 0.103396 
1427.109232 0.106860 
1425.992075 0.109725 
1424.874917 0.113102 
1423.757760 0.118105 
1422.640603 0.123436 
1421.523446 0.128912 
1420.406289 0.138805 
1419.289132 0.151496 
1418.171975 0.163315 
1417.054818 0.175947 
1415.937661 0.190426 
1414.820504 0.204392 
1413.703347 0.217403 
1412.586190 0.229681 
1411.469032 0.239347 
1410.351875 0.244589 
1409.234718 0.245672 
1408.117561 0.241526 
1407.000404 0.230784 
1405.883247 0.211993 
1404.766090 0.184958 
1403.648933 0.152783 
1402.531776 0.119867 
1401.414619 0.090994 
1400.297462 0.065661 
1399.180305 0.042828 
1398.063147 0.025907 
1396.945990 0.017019 
1395.828833 0.011301 
1394.711676 0.006649 
1393.594519 0.004443 
1392.477362 0.003975 
1391.360205 0.003819 
1390.243048 0.004793 
1389.125891 0.007765 
1388.008734 0.012524 
1386.891577 0.019605 
1385.774419 0.029830 
1384.657262 0.043108 
1383.540105 0.059428 
1382.422948 0.079447 
1381.305791 0.101961 
1380.188634 0.124577 
1379.071477 0.146775 
1377.954320 0.166690 
1376.837163 0.181961 
1375.720006 0.192992 
1374.602849 0.200066 
1373.485692 0.199881 
1372.368534 0.193843 
1371.251377 0.184985 
1370.134220 0.173423 
1369.017063 0.157863 
1367.899906 0.139759 
1366.782749 0.122044 
1365.665592 0.105092 
1364.548435 0.088533 
1363.431278 0.072459 
1362.314121 0.057116 
1361.196964 0.043549 
1360.079807 0.032628 
1358.962649 0.024433 
1357.845492 0.017330 
1356.728335 0.011719 
1355.611178 0.008262 
1354.494021 0.005739 
1353.376864 0.003397 
1352.259707 0.002032 
1351.142550 0.001803 
1350.025393 0.000993 
1348.908236 0.000231 
1347.791079 0.000282 
1346.673921 0.000167 
1345.556764 -0.000289 
1344.439607 -0.000105 
1343.322450 0.000277 
1342.205293 -0.000059 
1341.088136 -0.000274 
1339.970979 0.000026 
1338.853822 -0.000178 
1337.736665 -0.000471 
1336.619508 0.000000 
1335.502351 0.000320 
1334.385194 -0.000209 
1333.268036 -0.000156 
1332.150879 0.000179 
1331.033722 -0.000127 
1329.916565 -0.000389 
1328.799408 0.000044 
1327.682251 -0.000002 
1326.565094 -0.000341 
1325.447937 -0.000002 
1324.330780 0.000247 
1323.213623 -0.000223 
1322.096466 -0.000268 
1320.979309 0.000102 
1319.862151 -0.000249 
1318.744994 -0.000691 
1317.627837 -0.000073 
1316.510680 0.000150 
1315.393523 -0.000242 
1314.276366 -0.000104 
1313.159209 0.000277 
1312.042052 -0.000133 
1310.924895 -0.000235 
1309.807738 0.000269 
1308.690581 0.000260 
1307.573423 -0.000117 
1306.456266 0.000109 
1305.339109 0.000274 
1304.221952 -0.000081 
1303.104795 -0.000012 
1301.987638 0.000416 
1300.870481 0.000073 
1299.753324 -0.000221 
1298.636167 0.000055 
1297.519010 -0.000067 
1296.401853 -0.000508 
1295.284696 -0.000080 
1294.167538 0.000275 
1293.050381 -0.000085 
1291.933224 -0.000092 
1290.816067 0.000350 
1289.698910 0.000019 
1288.581753 -0.000393 
1287.464596 0.000044 
1286.347439 0.000176 
1285.230282 -0.000379 
1284.113125 -0.000231 
1282.995968 0.000239 
1281.878811 -0.000037 
1280.761653 -0.000246 
1279.644496 0.000246 
1278.527339 0.000220 
1277.410182 -0.000171 
1276.293025 0.000124 
1275.175868 0.000383 
1274.058711 -0.000041 
1272.941554 -0.000051 
1271.824397 0.000411 
1270.707240 0.000150 
1269.590083 -0.000122 
1268.472925 0.000372 
1267.355768 0.000428 
1266.238611 -0.000151 
1265.121454 -0.000012 
1264.004297 0.000299 
1262.887140 -0.000155 
1261.769983 -0.000169 
1260.652826 0.000419 
1259.535669 0.000260 
1258.418512 -0.000179 
1257.301355 0.000110 
1256.184198 0.000234 
1255.067040 -0.000287 
1253.949883 -0.000146 
1252.832726 0.000212 
1251.715569 -0.000223 
1250.598412 -0.000505 
1249.481255 0.000050 
1248.364098 0.000002 
1247.246941 -0.000389 
1246.129784 0.000082 
1245.012627 0.000442 
1243.895470 0.000061 
1242.778313 0.000232 
1241.661155 0.000866 
1240.543998 0.000717 
1239.426841 0.000442 
1238.309684 0.001095 
1237.192527 0.001295 
1236.075370 0.000897 
1234.958213 0.001194 
1233.841056 0.001891 
1232.723899 0.001693 
1231.606742 0.001751 
1230.489585 0.002283 
1229.372427 0.001986 
1228.255270 0.001310 
1227.138113 0.001491 
1226.020956 0.001498 
1224.903799 0.000826 
1223.786642 0.000794 
1222.669485 0.001249 
1221.552328 0.000832 
1220.435171 0.000559 
1219.318014 0.000996 
1218.200857 0.000862 
1217.083700 0.000169 
1215.966542 0.000643 
1214.849385 0.000905 
1213.732228 0.000335 
1212.615071 0.000370 
1211.497914 0.001010 
1210.380757 0.000705 
1209.263600 0.000360 
1208.146443 0.000922 
1207.029286 0.001025 
1205.912129 0.000443 
1204.794972 0.000747 
1203.677815 0.001268 
1202.560657 0.000862 
1201.443500 0.000665 
1200.326343 0.001364 
1199.209186 0.001204 
1198.092029 0.000888 
1196.974872 0.001367 
1195.857715 0.001580 
1194.740558 0.000928 
1193.623401 0.001113 
1192.506244 0.001725 
1191.389087 0.001439 
1190.271929 0.001208 
1189.154772 0.001758 
1188.037615 0.001764 
1186.920458 0.001129 
1185.803301 0.001370 
1184.686144 0.001730 
1183.568987 0.001067 
1182.451830 0.001046 
1181.334673 0.001601 
1180.217516 0.001366 
1179.100359 0.000979 
1177.983202 0.001604 
1176.866044 0.001550 
1175.748887 0.000860 
1174.631730 0.001038 
1173.514573 0.001472 
1172.397416 0.001043 
1171.280259 0.000841 
1170.163102 0.001569 
1169.045945 0.001448 
1167.928788 0.000909 
1166.811631 0.001435 
1165.694474 0.001740 
1164.577317 0.001124 
1163.460159 0.001207 
1162.343002 0.001832 
1161.225845 0.001344 
1160.108688 0.001040 
1158.991531 0.001599 
1157.874374 0.001704 
1156.757217 0.001195 
1155.640060 0.001369 
1154.522903 0.001767 
1153.405746 0.001171 
1152.288589 0.001142 
1151.171431 0.001695 
1150.054274 0.001352 
1148.937117 0.000747 
1147.819960 0.001281 
1146.702803 0.001416 
1145.585646 0.000779 
1144.468489 0.001080 
1143.351332 0.001515 
1142.234175 0.001067 
1141.117018 0.000806 
1139.999861 0.001363 
1138.882704 0.001214 
1137.765546 0.000503 
1136.648389 0.000944 
1135.531232 0.001226 
1134.414075 0.000631 
1133.296918 0.000558 
1132.179761 0.001267 
1131.062604 0.000761 
1129.945447 0.000406 
1128.828290 0.001069 
1127.711133 0.001011 
1126.593976 0.000341 
1125.476819 0.000540 
1124.359661 0.000953 
1123.242504 0.000436 
1122.125347 0.000343 
1121.008190 0.000990 
1119.891033 0.000745 
1118.773876 0.000281 
1117.656719 0.000762 
1116.539562 0.001032 
1115.422405 0.000137 
1114.305248 0.000424 
1113.188091 0.000951 
1112.070933 0.000442 
1110.953776 0.000221 
1109.836619 0.000886 
1108.719462 0.000699 
1107.602305 -0.000009 
1106.485148 0.000363 
1105.367991 0.000617 
1104.250834 -0.000031 
1103.133677 -0.000046 
1102.016520 0.000660 
1100.899363 0.000372 
1099.782206 -0.000184 
1098.665048 0.000639 
1097.547891 0.000626 
1096.430734 0.000052 
1095.313577 0.000336 
1094.196420 0.000746 
1093.079263 0.000035 
1091.962106 -0.000090 
1090.844949 0.000593 
1089.727792 0.000282 
1088.610635 -0.000291 
1087.493478 0.000123 
1086.376321 0.000363 
1085.259163 -0.000349 
1084.142006 -0.000182 
1083.024849 0.000492 
1081.907692 -0.000195 
1080.790535 -0.000460 
1079.673378 0.000167 
1078.556221 0.000112 
1077.439064 -0.000557 
1076.321907 0.000008 
1075.204750 0.000303 
1074.087593 -0.000328 
1072.970435 -0.000282 
1071.853278 0.000337 
1070.736121 0.000087 
1069.618964 -0.000525 
1068.501807 0.000095 
1067.384650 0.000230 
1066.267493 -0.000428 
1065.150336 0.000059 
1064.033179 0.000869 
1062.916022 0.000883 
1061.798865 0.001673 
1060.681708 0.004196 
1059.564550 0.006910 
1058.447393 0.011101 
1057.330236 0.018242 
1056.213079 0.027493 
1055.095922 0.038317 
1053.978765 0.051989 
1052.861608 0.068362 
1051.744451 0.084765 
1050.627294 0.101787 
1049.510137 0.119779 
1048.392980 0.136688 
1047.275823 0.151571 
1046.158665 0.165907 
1045.041508 0.178782 
1043.924351 0.189107 
1042.807194 0.198324 
1041.690037 0.206112 
1040.572880 0.211060 
1039.455723 0.213035 
1038.338566 0.212273 
1037.221409 0.206997 
1036.104252 0.195811 
1034.987095 0.180982 
1033.869937 0.162446 
1032.752780 0.139857 
1031.635623 0.115472 
1030.518466 0.092003 
1029.401309 0.068913 
1028.284152 0.048363 
1027.166995 0.032863 
1026.049838 0.021158 
1024.932681 0.012758 
1023.815524 0.007971 
1022.698367 0.005631 
1021.581210 0.003302 
1020.464052 0.001757 
1019.346895 0.002051 
1018.229738 0.001609 
1017.112581 0.000649 
1015.995424 0.000833 
1014.878267 0.001273 
1013.761110 0.000221 
1012.643953 0.000125 
1011.526796 0.000761 
1010.409639 0.000292 
1009.292482 -0.000170 
1008.175325 0.000472 
1007.058167 0.000563 
1005.941010 -0.000190 
1004.823853 0.000135 
1003.706696 0.000798 
1002.589539 0.000068 
1001.472382 -0.000080 
1000.355225 0.000653 
999.238068 0.000377 
998.120911 -0.000566 
997.003754 0.000164 
995.886597 0.000382 
994.769439 -0.000326 
993.652282 -0.000168 
992.535125 0.000473 
991.417968 -0.000089 
990.300811 -0.000542 
989.183654 0.000094 
988.066497 -0.000023 
986.949340 -0.000761 
985.832183 -0.000284 
984.715026 0.000032 
983.597869 -0.000711 
982.480712 -0.000690 
981.363554 0.000328 
980.246397 -0.000226 
979.129240 -0.000749 
978.012083 -0.000207 
976.894926 -0.000184 
975.777769 -0.000935 
974.660612 -0.000543 
973.543455 0.000026 
972.426298 -0.000651 
971.309141 -0.000859 
970.191984 -0.000106 
969.074827 -0.000257 
967.957669 -0.000777 
966.840512 -0.000221 
965.723355 -0.000047 
964.606198 -0.001030 
963.489041 -0.000757 
962.371884 -0.000119 
961.254727 -0.000603 
960.137570 -0.000868 
959.020413 0.000014 
957.903256 0.000018 
956.786099 -0.000786 
955.668941 -0.000466 
954.551784 -0.000128 
953.434627 -0.000876 
952.317470 -0.000974 
951.200313 -0.000166 
950.083156 -0.000393 
948.965999 -0.000834 
947.848842 -0.000142 
946.731685 -0.000073 
945.614528 -0.000606 
944.497371 -0.000324 
943.380214 0.000072 
942.263056 -0.000471 
941.145899 -0.000550 
940.028742 0.000157 
938.911585 -0.000048 
937.794428 -0.000532 
936.677271 -0.000040 
935.560114 0.000177 
934.442957 -0.000479 
933.325800 -0.000242 
932.208643 0.000391 
931.091486 0.000059 
929.974329 0.000468 
928.857171 0.002620 
927.740014 0.005862 
926.622857 0.012040 
925.505700 0.024337 
924.388543 0.043453 
923.271386 0.067547 
922.154229 0.095115 
921.037072 0.120903 
919.919915 0.137229 
918.802758 0.138403 
917.685601 0.123862 
916.568443 0.096579 
915.451286 0.063848 
914.334129 0.035378 
913.216972 0.016242 
912.099815 0.005741 
910.982658 0.001656 
909.865501 0.000952 
908.748344 0.000283 
907.631187 -0.000393 
906.514030 0.000208 
905.396873 0.000362 
904.279716 0.000055 
903.162558 0.000690 
902.045401 0.001220 
900.928244 0.000349 
899.811087 -0.000100 
898.693930 0.000173 
897.576773 -0.000408 
896.459616 -0.000969 
895.342459 -0.000461 
894.225302 -0.000342 
893.108145 -0.000996 
891.990988 -0.000770 
890.873831 0.000110 
889.756673 -0.000302 
888.639516 -0.000447 
887.522359 0.000036 
886.405202 -0.000186 
885.288045 -0.000701 
884.170888 -0.000150 
883.053731 0.000211 
881.936574 -0.000175 
880.819417 0.000070 
879.702260 0.000486 
878.585103 0.000054 
877.467945 -0.000290 
876.350788 0.000184 
875.233631 0.000229 
874.116474 -0.000526 
872.999317 -0.000274 
871.882160 -0.000066 
870.765003 -0.000439 
869.647846 -0.000452 
868.530689 0.000004 
867.413532 -0.000243 
866.296375 -0.000496 
865.179218 -0.000064 
864.062060 -0.000193 
862.944903 -0.000665 
861.827746 -0.000441 
860.710589 0.000020 
859.593432 -0.000283 
858.476275 -0.000392 
857.359118 0.000197 
856.241961 -0.000263 
855.124804 -0.000496 
854.007647 -0.000210 
852.890490 -0.000373 
851.773333 -0.000941 
850.656175 -0.000808 
849.539018 -0.000647 
848.421861 -0.001040 
847.304704 -0.000798 
846.187547 -0.000396 
845.070390 -0.000755 
843.953233 -0.001277 
842.836076 -0.000883 
841.718919 -0.000732 
840.601762 -0.001427 
839.484605 -0.000935 
838.367447 -0.000634 
837.250290 -0.000996 
836.133133 -0.001007 
835.015976 -0.000387 
833.898819 -0.000463 
832.781662 -0.000746 
831.664505 -0.000250 
830.547348 -0.000066 
829.430191 -0.000309 
828.313034 -0.000113 
827.195877 0.000532 
826.078720 0.000225 
824.961562 -0.000123 
823.844405 0.000440 
822.727248 0.000084 
821.610091 0.000186 
820.492934 0.000716 
819.375777 0.000763 
818.258620 0.000351 
817.141463 0.000420 
816.024306 0.000705 
814.907149 0.000471 
813.789992 0.000530 
812.672835 0.000744 
811.555677 0.000719 
810.438520 0.000401 
809.321363 0.000736 
808.204206 0.000896 
807.087049 0.000227 
805.969892 0.000622 
804.852735 0.000671 
803.735578 0.000427 
802.618421 0.000528 
801.501264 0.000932 
800.384107 0.000868 
799.266949 0.000626 
798.149792 0.001057 
797.032635 0.001036 
795.915478 0.000841 
794.798321 0.001248 
793.681164 0.001841 
792.564007 0.001483 
791.446850 0.001517 
790.329693 0.002656 
789.212536 0.002423 
788.095379 0.002608 
786.978222 0.003393 
785.861064 0.003879 
784.743907 0.004071 
783.626750 0.004884 
782.509593 0.006005 
781.392436 0.006193 
780.275279 0.006807 
779.158122 0.007882 
778.040965 0.008677 
776.923808 0.009313 
775.806651 0.010649 
774.689494 0.011862 
773.572337 0.012338 
772.455179 0.014074 
771.338022 0.015672 
770.220865 0.016999 
769.103708 0.018440 
767.986551 0.020343 
766.869394 0.022475 
765.752237 0.024239 
764.635080 0.026440 
763.517923 0.028098 
762.400766 0.029200 
761.283609 0.030229 
760.166451 0.030582 
759.049294 0.029619 
757.932137 0.028260 
756.814980 0.026962 
755.697823 0.023748 
754.580666 0.020725 
753.463509 0.018018 
752.346352 0.015085 
751.229195 0.012258 
750.112038 0.009993 
748.994881 0.008393 
747.877724 0.006077 
746.760566 0.004594 
745.643409 0.003997 
744.526252 0.002966 
743.409095 0.002196 
742.291938 0.002324 
741.174781 0.002164 
740.057624 0.001421 
738.940467 0.001966 
737.823310 0.001645 
736.706153 0.000904 
735.588996 0.000952 
734.471839 0.001277 
733.354681 0.001766 
732.237524 0.001792 
731.120367 0.002031 
730.003210 0.001518 
728.886053 0.001089 
727.768896 0.001481 
726.651739 0.001148 
725.534582 0.000919 
724.417425 0.001077 
723.300268 0.000681 
722.183111 -0.000580 
721.065953 -0.000128 
719.948796 0.000669 
718.831639 0.000305 
717.714482 0.000101 
716.597325 0.000658 
715.480168 0.001309 
714.363011 0.000703 
713.245854 0.001022 
712.128697 0.001717 
711.011540 0.001006 
709.894383 0.001320 
708.777226 0.002080 
707.660068 0.001873 
706.542911 0.001245 
705.425754 0.001549 
704.308597 0.001591 
703.191440 0.001576 
702.074283 0.002079 
700.957126 0.002015 
699.839969 0.001721 
698.722812 0.001524 
697.605655 0.001633 
696.488498 0.001554 
695.371341 0.001939 
694.254183 0.002501 
693.137026 0.001556 
692.019869 0.001330 
690.902712 0.001428 
689.785555 0.001471 
688.668398 0.001608 
687.551241 0.001634 
686.434084 0.001714 
685.316927 0.001313 
684.199770 0.001697 
683.082613 0.002739 
681.965455 0.002040 
680.848298 0.000300 
679.731141 0.000452 
678.613984 0.001226 
677.496827 0.000128 
676.379670 0.000840 
675.262513 0.002094 
674.145356 0.002065 
673.028199 0.002010 
671.911042 0.002554 
670.793885 0.002446 
669.676728 0.000917 
668.559570 -0.000692 
667.442413 -0.000798 
666.325256 0.000057 
665.208099 0.000581 
664.090942 0.000545 
662.973785 0.000022 
661.856628 0.000439 
660.739471 0.001946 
659.622314 0.000991 
658.505157 -0.000289 
657.388000 -0.000173 
656.270843 -0.000112 
655.153685 -0.000008 
654.036528 0.000104 
652.919371 -0.000824 
651.802214 -0.001486 
650.685057 -0.000115 
649.567900 0.001409 
