4000.123240 0.000431 
3998.956128 0.000383 
3997.789017 0.000755 
3996.621905 0.000780 
3995.454793 0.000805 
3994.287681 0.001046 
3993.120570 0.001232 
3991.953458 0.001436 
3990.786346 0.001494 
3989.619234 0.001384 
3988.452123 0.001320 
3987.285011 0.001572 
3986.117899 0.001555 
3984.950787 0.001449 
3983.783676 0.001518 
3982.616564 0.001652 
3981.449452 0.001772 
3980.282340 0.001786 
3979.115229 0.001534 
3977.948117 0.001470 
3976.781005 0.001311 
3975.613894 0.001202 
3974.446782 0.001225 
3973.279670 0.001123 
3972.112558 0.000928 
3970.945447 0.000923 
3969.778335 0.000822 
3968.611223 0.000633 
3967.444111 0.000553 
3966.277000 0.000490 
3965.109888 0.000490 
3963.942776 0.000383 
3962.775664 0.000214 
3961.608553 0.000252 
3960.441441 0.000276 
3959.274329 0.000149 
3958.107217 0.000047 
3956.940106 -0.000025 
3955.772994 0.000115 
3954.605882 -0.000018 
3953.438771 -0.000269 
3952.271659 -0.000322 
3951.104547 -0.000296 
3949.937435 -0.000170 
3948.770324 -0.000069 
3947.603212 -0.000020 
3946.436100 -0.000185 
3945.268988 -0.000101 
3944.101877 -0.000092 
3942.934765 -0.000042 
3941.767653 -0.000148 
3940.600541 -0.000216 
3939.433430 -0.000029 
3938.266318 0.000048 
3937.099206 -0.000175 
3935.932094 -0.000332 
3934.764983 -0.000304 
3933.597871 -0.000190 
3932.430759 -0.000599 
3931.263648 -0.000377 
3930.096536 -0.000672 
3928.929424 -0.000806 
3927.762312 -0.000678 
3926.595201 -0.000755 
3925.428089 -0.000740 
3924.260977 -0.000851 
3923.093865 -0.001010 
3921.926754 -0.001038 
3920.759642 -0.001152 
3919.592530 -0.001152 
3918.425418 -0.001259 
3917.258307 -0.001290 
3916.091195 -0.001329 
3914.924083 -0.001204 
3913.756971 -0.001125 
3912.589860 -0.001384 
3911.422748 -0.001341 
3910.255636 -0.001538 
3909.088524 -0.001432 
3907.921413 -0.001332 
3906.754301 -0.001353 
3905.587189 -0.001256 
3904.420078 -0.001195 
3903.252966 -0.001307 
3902.085854 -0.001275 
3900.918742 -0.001120 
3899.751631 -0.001085 
3898.584519 -0.000941 
3897.417407 -0.001000 
3896.250295 -0.000986 
3895.083184 -0.000802 
3893.916072 -0.000666 
3892.748960 -0.000457 
3891.581848 -0.000534 
3890.414737 -0.000538 
3889.247625 -0.000496 
3888.080513 -0.000223 
3886.913401 -0.000232 
3885.746290 -0.000034 
3884.579178 0.000021 
3883.412066 0.000000 
3882.244955 -0.000172 
3881.077843 -0.000146 
3879.910731 0.000027 
3878.743619 0.000015 
3877.576508 0.000058 
3876.409396 0.000221 
3875.242284 0.000287 
3874.075172 0.000139 
3872.908061 0.000053 
3871.740949 -0.000100 
3870.573837 0.000033 
3869.406725 0.000043 
3868.239614 0.000115 
3867.072502 0.000056 
3865.905390 0.000043 
3864.738278 0.000286 
3863.571167 0.000407 
3862.404055 0.000169 
3861.236943 0.000221 
3860.069832 0.000205 
3858.902720 0.000381 
3857.735608 0.000312 
3856.568496 0.000310 
3855.401385 0.000407 
3854.234273 0.000445 
3853.067161 0.000557 
3851.900049 0.000585 
3850.732938 0.000548 
3849.565826 0.000540 
3848.398714 0.000465 
3847.231602 0.000392 
3846.064491 0.000337 
3844.897379 0.000305 
3843.730267 0.000350 
3842.563155 0.000363 
3841.396044 0.000154 
3840.228932 0.000083 
3839.061820 -0.000033 
3837.894709 0.000126 
3836.727597 0.000217 
3835.560485 -0.000001 
3834.393373 0.000005 
3833.226262 -0.000057 
3832.059150 -0.000075 
3830.892038 -0.000086 
3829.724926 -0.000148 
3828.557815 -0.000267 
3827.390703 -0.000142 
3826.223591 -0.000132 
3825.056479 -0.000157 
3823.889368 -0.000021 
3822.722256 -0.000040 
3821.555144 0.000071 
3820.388032 0.000210 
3819.220921 0.000392 
3818.053809 0.000143 
3816.886697 -0.000127 
3815.719586 0.000066 
3814.552474 0.000145 
3813.385362 0.000100 
3812.218250 -0.000011 
3811.051139 0.000066 
3809.884027 0.000236 
3808.716915 0.000322 
3807.549803 0.000361 
3806.382692 0.000343 
3805.215580 0.000245 
3804.048468 0.000380 
3802.881356 0.000204 
3801.714245 0.000287 
3800.547133 0.000207 
3799.380021 0.000381 
3798.212909 0.000416 
3797.045798 0.000350 
3795.878686 0.000341 
3794.711574 0.000238 
3793.544463 0.000277 
3792.377351 0.000082 
3791.210239 0.000022 
3790.043127 -0.000174 
3788.876016 -0.000098 
3787.708904 -0.000060 
3786.541792 -0.000028 
3785.374680 -0.000074 
3784.207569 -0.000033 
3783.040457 0.000025 
3781.873345 0.000100 
3780.706233 0.000181 
3779.539122 0.000074 
3778.372010 -0.000004 
3777.204898 -0.000067 
3776.037786 -0.000021 
3774.870675 -0.000175 
3773.703563 -0.000091 
3772.536451 -0.000126 
3771.369339 -0.000070 
3770.202228 -0.000129 
3769.035116 -0.000378 
3767.868004 -0.000335 
3766.700893 -0.000212 
3765.533781 -0.000276 
3764.366669 -0.000202 
3763.199557 -0.000128 
3762.032446 -0.000197 
3760.865334 -0.000207 
3759.698222 -0.000322 
3758.531110 -0.000219 
3757.363999 -0.000171 
3756.196887 -0.000260 
3755.029775 -0.000369 
3753.862663 -0.000290 
3752.695552 -0.000255 
3751.528440 -0.000294 
3750.361328 -0.000235 
3749.194216 -0.000093 
3748.027105 -0.000116 
3746.859993 -0.000134 
3745.692881 0.000005 
3744.525770 -0.000057 
3743.358658 0.000029 
3742.191546 0.000042 
3741.024434 0.000014 
3739.857323 0.000094 
3738.690211 0.000165 
3737.523099 0.000151 
3736.355987 0.000267 
3735.188876 0.000232 
3734.021764 0.000208 
3732.854652 0.000405 
3731.687540 0.000235 
3730.520429 -0.000074 
3729.353317 -0.000030 
3728.186205 -0.000090 
3727.019093 -0.000257 
3725.851982 -0.000149 
3724.684870 -0.000271 
3723.517758 -0.000460 
3722.350647 -0.000507 
3721.183535 -0.000491 
3720.016423 -0.000529 
3718.849311 -0.000484 
3717.682200 -0.000554 
3716.515088 -0.000535 
3715.347976 -0.000749 
3714.180864 -0.000659 
3713.013753 -0.000578 
3711.846641 -0.000581 
3710.679529 -0.000697 
3709.512417 -0.000679 
3708.345306 -0.000819 
3707.178194 -0.000900 
3706.011082 -0.000911 
3704.843970 -0.000885 
3703.676859 -0.000723 
3702.509747 -0.000675 
3701.342635 -0.000663 
3700.175524 -0.000540 
3699.008412 -0.000639 
3697.841300 -0.000593 
3696.674188 -0.000403 
3695.507077 -0.000406 
3694.339965 -0.000351 
3693.172853 -0.000351 
3692.005741 -0.000279 
3690.838630 -0.000164 
3689.671518 -0.000285 
3688.504406 -0.000303 
3687.337294 -0.000126 
3686.170183 -0.000078 
3685.003071 0.000018 
3683.835959 0.000070 
3682.668847 0.000014 
3681.501736 -0.000071 
3680.334624 -0.000138 
3679.167512 -0.000092 
3678.000401 -0.000218 
3676.833289 -0.000329 
3675.666177 -0.000317 
3674.499065 -0.000374 
3673.331954 -0.000480 
3672.164842 -0.000440 
3670.997730 -0.000264 
3669.830618 -0.000398 
3668.663507 -0.000511 
3667.496395 -0.000494 
3666.329283 -0.000425 
3665.162171 -0.000534 
3663.995060 -0.000504 
3662.827948 -0.000509 
3661.660836 -0.000416 
3660.493724 -0.000322 
3659.326613 -0.000214 
3658.159501 -0.000252 
3656.992389 -0.000201 
3655.825278 -0.000087 
3654.658166 -0.000107 
3653.491054 -0.000182 
3652.323942 -0.000093 
3651.156831 0.000160 
3649.989719 0.000027 
3648.822607 -0.000032 
3647.655495 -0.000064 
3646.488384 -0.000047 
3645.321272 0.000016 
3644.154160 0.000051 
3642.987048 0.000154 
3641.819937 0.000186 
3640.652825 0.000101 
3639.485713 0.000184 
3638.318601 0.000322 
3637.151490 0.000318 
3635.984378 0.000270 
3634.817266 0.000372 
3633.650155 0.000506 
3632.483043 0.000485 
3631.315931 0.000544 
3630.148819 0.000590 
3628.981708 0.000695 
3627.814596 0.000713 
3626.647484 0.000788 
3625.480372 0.000760 
3624.313261 0.000848 
3623.146149 0.000831 
3621.979037 0.001060 
3620.811925 0.001148 
3619.644814 0.001187 
3618.477702 0.001338 
3617.310590 0.001479 
3616.143478 0.001510 
3614.976367 0.001732 
3613.809255 0.001800 
3612.642143 0.002042 
3611.475031 0.002375 
3610.307920 0.002618 
3609.140808 0.002631 
3607.973696 0.002777 
3606.806585 0.002977 
3605.639473 0.003070 
3604.472361 0.003156 
3603.305249 0.003303 
3602.138138 0.003489 
3600.971026 0.003667 
3599.803914 0.003850 
3598.636802 0.004083 
3597.469691 0.004254 
3596.302579 0.004394 
3595.135467 0.004623 
3593.968355 0.004862 
3592.801244 0.005046 
3591.634132 0.005190 
3590.467020 0.005084 
3589.299908 0.005444 
3588.132797 0.005778 
3586.965685 0.005957 
3585.798573 0.006179 
3584.631462 0.006423 
3583.464350 0.006489 
3582.297238 0.006684 
3581.130126 0.007106 
3579.963015 0.007150 
3578.795903 0.007337 
3577.628791 0.007587 
3576.461679 0.007933 
3575.294568 0.008333 
3574.127456 0.008645 
3572.960344 0.008762 
3571.793232 0.009102 
3570.626121 0.009509 
3569.459009 0.009981 
3568.291897 0.010203 
3567.124785 0.010530 
3565.957674 0.010993 
3564.790562 0.011316 
3563.623450 0.011623 
3562.456339 0.011864 
3561.289227 0.012241 
3560.122115 0.012632 
3558.955003 0.012825 
3557.787892 0.012994 
3556.620780 0.013355 
3555.453668 0.013579 
3554.286556 0.013945 
3553.119445 0.014115 
3551.952333 0.014473 
3550.785221 0.014501 
3549.618109 0.014706 
3548.450998 0.014951 
3547.283886 0.015035 
3546.116774 0.015064 
3544.949662 0.015199 
3543.782551 0.015109 
3542.615439 0.015207 
3541.448327 0.015249 
3540.281216 0.015086 
3539.114104 0.015022 
3537.946992 0.015079 
3536.779880 0.014992 
3535.612769 0.014593 
3534.445657 0.014544 
3533.278545 0.014358 
3532.111433 0.014078 
3530.944322 0.013978 
3529.777210 0.013832 
3528.610098 0.013359 
3527.442986 0.013122 
3526.275875 0.012865 
3525.108763 0.012680 
3523.941651 0.012266 
3522.774539 0.011842 
3521.607428 0.011698 
3520.440316 0.011397 
3519.273204 0.010956 
3518.106093 0.010585 
3516.938981 0.010153 
3515.771869 0.009678 
3514.604757 0.009327 
3513.437646 0.008769 
3512.270534 0.008367 
3511.103422 0.007971 
3509.936310 0.007756 
3508.769199 0.007526 
3507.602087 0.007229 
3506.434975 0.007030 
3505.267863 0.006867 
3504.100752 0.006805 
3502.933640 0.006732 
3501.766528 0.006792 
3500.599416 0.007067 
3499.432305 0.007042 
3498.265193 0.007055 
3497.098081 0.007405 
3495.930970 0.007477 
3494.763858 0.007723 
3493.596746 0.008048 
3492.429634 0.008274 
3491.262523 0.008517 
3490.095411 0.008676 
3488.928299 0.008960 
3487.761187 0.009333 
3486.594076 0.009676 
3485.426964 0.009731 
3484.259852 0.009949 
3483.092740 0.010233 
3481.925629 0.010432 
3480.758517 0.010319 
3479.591405 0.010338 
3478.424293 0.010487 
3477.257182 0.010657 
3476.090070 0.010750 
3474.922958 0.010647 
3473.755847 0.010779 
3472.588735 0.010848 
3471.421623 0.011025 
3470.254511 0.011123 
3469.087400 0.011385 
3467.920288 0.011653 
3466.753176 0.011697 
3465.586064 0.011584 
3464.418953 0.011368 
3463.251841 0.011110 
3462.084729 0.010701 
3460.917617 0.010339 
3459.750506 0.010020 
3458.583394 0.009682 
3457.416282 0.009462 
3456.249170 0.009272 
3455.082059 0.009269 
3453.914947 0.009066 
3452.747835 0.008950 
3451.580723 0.009080 
3450.413612 0.009078 
3449.246500 0.009083 
3448.079388 0.009256 
3446.912277 0.009649 
3445.745165 0.009862 
3444.578053 0.010533 
3443.410941 0.011179 
3442.243830 0.011878 
3441.076718 0.012715 
3439.909606 0.013685 
3438.742494 0.014634 
3437.575383 0.015962 
3436.408271 0.017435 
3435.241159 0.019019 
3434.074047 0.020577 
3432.906936 0.022726 
3431.739824 0.025036 
3430.572712 0.027357 
3429.405600 0.029971 
3428.238489 0.032724 
3427.071377 0.035797 
3425.904265 0.038888 
3424.737154 0.042083 
3423.570042 0.045191 
3422.402930 0.048101 
3421.235818 0.050614 
3420.068707 0.052764 
3418.901595 0.054168 
3417.734483 0.054609 
3416.567371 0.054251 
3415.400260 0.052920 
3414.233148 0.050531 
3413.066036 0.047408 
3411.898924 0.043468 
3410.731813 0.039166 
3409.564701 0.034629 
3408.397589 0.029968 
3407.230477 0.025634 
3406.063366 0.021385 
3404.896254 0.017780 
3403.729142 0.014439 
3402.562031 0.011639 
3401.394919 0.009295 
3400.227807 0.007311 
3399.060695 0.005532 
3397.893584 0.004303 
3396.726472 0.003354 
3395.559360 0.002507 
3394.392248 0.001896 
3393.225137 0.001380 
3392.058025 0.000878 
3390.890913 0.000671 
3389.723801 0.000602 
3388.556690 0.000467 
3387.389578 0.000377 
3386.222466 0.000048 
3385.055354 -0.000082 
3383.888243 -0.000027 
3382.721131 0.000026 
3381.554019 0.000059 
3380.386908 -0.000035 
3379.219796 -0.000118 
3378.052684 -0.000041 
3376.885572 -0.000017 
3375.718461 -0.000047 
3374.551349 0.000195 
3373.384237 0.000274 
3372.217125 0.000256 
3371.050014 0.000246 
3369.882902 0.000428 
3368.715790 0.000474 
3367.548678 0.000561 
3366.381567 0.000634 
3365.214455 0.000755 
3364.047343 0.000667 
3362.880231 0.000794 
3361.713120 0.000956 
3360.546008 0.001132 
3359.378896 0.001169 
3358.211785 0.001081 
3357.044673 0.001169 
3355.877561 0.001266 
3354.710449 0.001152 
3353.543338 0.001101 
3352.376226 0.001245 
3351.209114 0.001350 
3350.042002 0.001386 
3348.874891 0.001316 
3347.707779 0.001367 
3346.540667 0.001393 
3345.373555 0.001316 
3344.206444 0.001195 
3343.039332 0.001170 
3341.872220 0.001247 
3340.705108 0.001240 
3339.537997 0.001148 
3338.370885 0.000993 
3337.203773 0.000939 
3336.036662 0.000798 
3334.869550 0.000672 
3333.702438 0.000557 
3332.535326 0.000637 
3331.368215 0.000429 
3330.201103 0.000473 
3329.033991 0.000282 
3327.866879 0.000303 
3326.699768 0.000362 
3325.532656 0.000110 
3324.365544 0.000018 
3323.198432 0.000229 
3322.031321 0.000205 
3320.864209 0.000146 
3319.697097 0.000134 
3318.529985 -0.000023 
3317.362874 -0.000012 
3316.195762 0.000053 
3315.028650 0.000069 
3313.861538 0.000081 
3312.694427 0.000131 
3311.527315 0.000042 
3310.360203 0.000074 
3309.193092 0.000100 
3308.025980 0.000151 
3306.858868 0.000113 
3305.691756 0.000178 
3304.524645 0.000138 
3303.357533 0.000283 
3302.190421 0.000220 
3301.023309 0.000163 
3299.856198 0.000293 
3298.689086 0.000163 
3297.521974 0.000187 
3296.354862 0.000163 
3295.187751 0.000276 
3294.020639 0.000289 
3292.853527 0.000289 
3291.686415 0.000378 
3290.519304 0.000377 
3289.352192 0.000348 
3288.185080 0.000357 
3287.017969 0.000428 
3285.850857 0.000482 
3284.683745 0.000456 
3283.516633 0.000383 
3282.349522 0.000248 
3281.182410 0.000327 
3280.015298 0.000404 
3278.848186 0.000344 
3277.681075 0.000308 
3276.513963 0.000378 
3275.346851 0.000352 
3274.179739 0.000341 
3273.012628 0.000374 
3271.845516 0.000197 
3270.678404 0.000224 
3269.511292 0.000248 
3268.344181 0.000255 
3267.177069 0.000225 
3266.009957 0.000263 
3264.842846 0.000257 
3263.675734 0.000221 
3262.508622 0.000018 
3261.341510 -0.000005 
3260.174399 0.000005 
3259.007287 -0.000041 
3257.840175 -0.000104 
3256.673063 -0.000246 
3255.505952 -0.000230 
3254.338840 -0.000167 
3253.171728 -0.000198 
3252.004616 -0.000250 
3250.837505 -0.000212 
3249.670393 -0.000232 
3248.503281 -0.000281 
3247.336169 -0.000321 
3246.169058 -0.000366 
3245.001946 -0.000342 
3243.834834 -0.000397 
3242.667723 -0.000379 
3241.500611 -0.000299 
3240.333499 -0.000260 
3239.166387 -0.000315 
3237.999276 -0.000407 
3236.832164 -0.000380 
3235.665052 -0.000263 
3234.497940 -0.000291 
3233.330829 -0.000409 
3232.163717 -0.000380 
3230.996605 -0.000229 
3229.829493 -0.000267 
3228.662382 -0.000315 
3227.495270 -0.000373 
3226.328158 -0.000314 
3225.161046 -0.000187 
3223.993935 -0.000307 
3222.826823 -0.000278 
3221.659711 -0.000175 
3220.492600 -0.000036 
3219.325488 -0.000204 
3218.158376 -0.000082 
3216.991264 -0.000129 
3215.824153 -0.000190 
3214.657041 -0.000041 
3213.489929 0.000005 
3212.322817 0.000014 
3211.155706 -0.000040 
3209.988594 -0.000110 
3208.821482 -0.000065 
3207.654370 0.000056 
3206.487259 0.000007 
3205.320147 0.000060 
3204.153035 0.000010 
3202.985923 0.000028 
3201.818812 -0.000035 
3200.651700 -0.000003 
3199.484588 -0.000129 
3198.317477 -0.000028 
3197.150365 0.000107 
3195.983253 0.000139 
3194.816141 0.000059 
3193.649030 0.000050 
3192.481918 -0.000142 
3191.314806 -0.000117 
3190.147694 -0.000036 
3188.980583 -0.000029 
3187.813471 -0.000035 
3186.646359 -0.000045 
3185.479247 -0.000015 
3184.312136 0.000065 
3183.145024 0.000018 
3181.977912 -0.000018 
3180.810800 0.000049 
3179.643689 -0.000066 
3178.476577 -0.000012 
3177.309465 0.000056 
3176.142354 0.000210 
3174.975242 0.000011 
3173.808130 0.000077 
3172.641018 0.000130 
3171.473907 -0.000077 
3170.306795 0.000084 
3169.139683 0.000128 
3167.972571 0.000143 
3166.805460 0.000203 
3165.638348 0.000265 
3164.471236 0.000295 
3163.304124 0.000322 
3162.137013 0.000359 
3160.969901 0.000312 
3159.802789 0.000198 
3158.635677 0.000335 
3157.468566 0.000336 
3156.301454 0.000349 
3155.134342 0.000355 
3153.967230 0.000319 
3152.800119 0.000281 
3151.633007 0.000194 
3150.465895 0.000126 
3149.298784 0.000177 
3148.131672 0.000251 
3146.964560 0.000145 
3145.797448 0.000001 
3144.630337 -0.000050 
3143.463225 0.000021 
3142.296113 -0.000044 
3141.129001 -0.000104 
3139.961890 0.000066 
3138.794778 0.000143 
3137.627666 0.000162 
3136.460554 0.000324 
3135.293443 0.000540 
3134.126331 0.000774 
3132.959219 0.001099 
3131.792107 0.001390 
3130.624996 0.001760 
3129.457884 0.002207 
3128.290772 0.002645 
3127.123661 0.003060 
3125.956549 0.003444 
3124.789437 0.003781 
3123.622325 0.003981 
3122.455214 0.004178 
3121.288102 0.004311 
3120.120990 0.004303 
3118.953878 0.004247 
3117.786767 0.004004 
3116.619655 0.003725 
3115.452543 0.003522 
3114.285431 0.003149 
3113.118320 0.002722 
3111.951208 0.002304 
3110.784096 0.002190 
3109.616984 0.001891 
3108.449873 0.001665 
3107.282761 0.001504 
3106.115649 0.001233 
3104.948538 0.000966 
3103.781426 0.001022 
3102.614314 0.000965 
3101.447202 0.000821 
3100.280091 0.000719 
3099.112979 0.000542 
3097.945867 0.000335 
3096.778755 0.000123 
3095.611644 -0.000083 
3094.444532 -0.000192 
3093.277420 -0.000266 
3092.110308 -0.000581 
3090.943197 -0.000825 
3089.776085 -0.001007 
3088.608973 -0.001129 
3087.441861 -0.001149 
3086.274750 -0.001244 
3085.107638 -0.001361 
3083.940526 -0.001303 
3082.773415 -0.001222 
3081.606303 -0.001251 
3080.439191 -0.001344 
3079.272079 -0.001259 
3078.104968 -0.001163 
3076.937856 -0.001057 
3075.770744 -0.000956 
3074.603632 -0.000966 
3073.436521 -0.000821 
3072.269409 -0.000618 
3071.102297 -0.000401 
3069.935185 -0.000306 
3068.768074 -0.000143 
3067.600962 -0.000058 
3066.433850 -0.000146 
3065.266738 -0.000011 
3064.099627 0.000093 
3062.932515 0.000157 
3061.765403 0.000131 
3060.598292 0.000173 
3059.431180 0.000231 
3058.264068 0.000171 
3057.096956 0.000041 
3055.929845 -0.000007 
3054.762733 -0.000083 
3053.595621 -0.000092 
3052.428509 -0.000275 
3051.261398 -0.000196 
3050.094286 -0.000288 
3048.927174 -0.000443 
3047.760062 -0.000500 
3046.592951 -0.000465 
3045.425839 -0.000455 
3044.258727 -0.000477 
3043.091615 -0.000551 
3041.924504 -0.000528 
3040.757392 -0.000441 
3039.590280 -0.000395 
3038.423169 -0.000373 
3037.256057 -0.000300 
3036.088945 -0.000341 
3034.921833 -0.000302 
3033.754722 -0.000211 
3032.587610 -0.000154 
3031.420498 -0.000125 
3030.253386 0.000055 
3029.086275 0.000225 
3027.919163 0.000467 
3026.752051 0.000811 
3025.584939 0.001284 
3024.417828 0.001890 
3023.250716 0.002927 
3022.083604 0.004104 
3020.916492 0.005822 
3019.749381 0.008127 
3018.582269 0.010948 
3017.415157 0.014801 
3016.248046 0.019651 
3015.080934 0.025784 
3013.913822 0.033281 
3012.746710 0.041751 
3011.579599 0.051644 
3010.412487 0.062663 
3009.245375 0.074609 
3008.078263 0.086932 
3006.911152 0.099043 
3005.744040 0.109719 
3004.576928 0.117684 
3003.409816 0.121687 
3002.242705 0.121279 
3001.075593 0.116529 
2999.908481 0.108321 
2998.741369 0.097788 
2997.574258 0.085724 
2996.407146 0.072953 
2995.240034 0.060597 
2994.072922 0.049198 
2992.905811 0.039167 
2991.738699 0.030638 
2990.571587 0.023555 
2989.404476 0.018056 
2988.237364 0.014135 
2987.070252 0.011267 
2985.903140 0.009253 
2984.736029 0.008070 
2983.568917 0.007697 
2982.401805 0.007559 
2981.234693 0.008134 
2980.067582 0.009119 
2978.900470 0.010426 
2977.733358 0.012144 
2976.566246 0.014195 
2975.399135 0.016708 
2974.232023 0.019689 
2973.064911 0.022922 
2971.897799 0.026197 
2970.730688 0.029443 
2969.563576 0.032521 
2968.396464 0.035313 
2967.229353 0.037478 
2966.062241 0.038846 
2964.895129 0.039485 
2963.728017 0.039331 
2962.560906 0.038394 
2961.393794 0.036842 
2960.226682 0.034700 
2959.059570 0.031946 
2957.892459 0.028704 
2956.725347 0.025536 
2955.558235 0.022228 
2954.391123 0.018872 
2953.224012 0.015743 
2952.056900 0.012940 
2950.889788 0.010335 
2949.722676 0.008124 
2948.555565 0.006307 
2947.388453 0.004751 
2946.221341 0.003406 
2945.054230 0.002441 
2943.887118 0.001812 
2942.720006 0.001202 
2941.552894 0.000752 
2940.385783 0.000383 
2939.218671 0.000118 
2938.051559 -0.000130 
2936.884447 -0.000209 
2935.717336 -0.000167 
2934.550224 -0.000148 
2933.383112 0.000199 
2932.216000 0.000696 
2931.048889 0.001556 
2929.881777 0.002887 
2928.714665 0.004884 
2927.547553 0.007797 
2926.380442 0.011865 
2925.213330 0.017227 
2924.046218 0.023943 
2922.879107 0.031760 
2921.711995 0.039968 
2920.544883 0.047749 
2919.377771 0.054415 
2918.210660 0.058901 
2917.043548 0.060686 
2915.876436 0.059819 
2914.709324 0.056303 
2913.542213 0.050876 
2912.375101 0.044503 
2911.207989 0.037509 
2910.040877 0.030771 
2908.873766 0.024623 
2907.706654 0.019416 
2906.539542 0.015454 
2905.372430 0.012607 
2904.205319 0.010859 
2903.038207 0.010033 
2901.871095 0.009968 
2900.703984 0.010560 
2899.536872 0.011476 
2898.369760 0.013126 
2897.202648 0.015200 
2896.035537 0.017778 
2894.868425 0.020781 
2893.701313 0.024363 
2892.534201 0.028453 
2891.367090 0.033186 
2890.199978 0.038486 
2889.032866 0.044443 
2887.865754 0.051023 
2886.698643 0.058134 
2885.531531 0.066071 
2884.364419 0.074522 
2883.197307 0.083479 
2882.030196 0.092977 
2880.863084 0.103088 
2879.695972 0.113568 
2878.528861 0.124625 
2877.361749 0.135758 
2876.194637 0.147296 
2875.027525 0.158917 
2873.860414 0.170765 
2872.693302 0.182523 
2871.526190 0.194253 
2870.359078 0.205927 
2869.191967 0.217451 
2868.024855 0.228498 
2866.857743 0.238953 
2865.690631 0.248705 
2864.523520 0.257874 
2863.356408 0.265919 
2862.189296 0.272761 
2861.022184 0.278019 
2859.855073 0.281492 
2858.687961 0.283407 
2857.520849 0.283340 
2856.353737 0.280963 
2855.186626 0.276531 
2854.019514 0.270076 
2852.852402 0.261710 
2851.685291 0.251895 
2850.518179 0.240476 
2849.351067 0.228291 
2848.183955 0.215640 
2847.016844 0.203078 
2845.849732 0.190854 
2844.682620 0.179343 
2843.515508 0.169306 
2842.348397 0.160612 
2841.181285 0.153446 
2840.014173 0.147668 
2838.847061 0.143154 
2837.679950 0.139798 
2836.512838 0.137222 
2835.345726 0.135040 
2834.178614 0.133136 
2833.011503 0.131343 
2831.844391 0.129471 
2830.677279 0.127523 
2829.510168 0.125084 
2828.343056 0.122401 
2827.175944 0.119434 
2826.008832 0.116062 
2824.841721 0.112238 
2823.674609 0.107997 
2822.507497 0.103228 
2821.340385 0.098246 
2820.173274 0.092745 
2819.006162 0.087250 
2817.839050 0.081487 
2816.671938 0.075824 
2815.504827 0.070324 
2814.337715 0.065217 
2813.170603 0.060434 
2812.003491 0.056213 
2810.836380 0.052361 
2809.669268 0.048942 
2808.502156 0.046002 
2807.335045 0.043582 
2806.167933 0.041467 
2805.000821 0.039767 
2803.833709 0.038480 
2802.666598 0.037468 
2801.499486 0.036698 
2800.332374 0.036009 
2799.165262 0.035498 
2797.998151 0.035143 
2796.831039 0.034886 
2795.663927 0.034733 
2794.496815 0.034743 
2793.329704 0.034758 
2792.162592 0.035021 
2790.995480 0.035520 
2789.828368 0.036248 
2788.661257 0.037477 
2787.494145 0.038984 
2786.327033 0.040998 
2785.159922 0.043477 
2783.992810 0.046384 
2782.825698 0.050003 
2781.658586 0.054305 
2780.491475 0.059311 
2779.324363 0.064839 
2778.157251 0.071113 
2776.990139 0.077917 
2775.823028 0.085703 
2774.655916 0.094169 
2773.488804 0.103100 
2772.321692 0.112669 
2771.154581 0.122718 
2769.987469 0.132978 
2768.820357 0.143339 
2767.653245 0.153647 
2766.486134 0.163508 
2765.319022 0.172752 
2764.151910 0.181061 
2762.984799 0.188128 
2761.817687 0.193546 
2760.650575 0.197085 
2759.483463 0.198728 
2758.316352 0.198129 
2757.149240 0.195651 
2755.982128 0.191207 
2754.815016 0.185227 
2753.647905 0.178004 
2752.480793 0.170263 
2751.313681 0.162372 
2750.146569 0.154703 
2748.979458 0.147806 
2747.812346 0.141693 
2746.645234 0.136467 
2745.478122 0.132137 
2744.311011 0.128731 
2743.143899 0.125985 
2741.976787 0.123649 
2740.809676 0.121607 
2739.642564 0.119574 
2738.475452 0.117597 
2737.308340 0.115519 
2736.141229 0.113112 
2734.974117 0.110280 
2733.807005 0.107164 
2732.639893 0.103316 
2731.472782 0.098710 
2730.305670 0.093313 
2729.138558 0.087137 
2727.971446 0.079806 
2726.804335 0.071969 
2725.637223 0.063565 
2724.470111 0.054985 
2723.302999 0.046622 
2722.135888 0.038853 
2720.968776 0.031792 
2719.801664 0.025777 
2718.634553 0.020669 
2717.467441 0.016752 
2716.300329 0.013688 
2715.133217 0.011308 
2713.966106 0.009555 
2712.798994 0.008368 
2711.631882 0.007446 
2710.464770 0.006772 
2709.297659 0.006292 
2708.130547 0.005938 
2706.963435 0.005752 
2705.796323 0.005603 
2704.629212 0.005372 
2703.462100 0.005250 
2702.294988 0.005192 
2701.127876 0.005100 
2699.960765 0.005077 
2698.793653 0.005000 
2697.626541 0.004916 
2696.459429 0.005031 
2695.292318 0.005045 
2694.125206 0.005066 
2692.958094 0.005190 
2691.790983 0.005141 
2690.623871 0.005137 
2689.456759 0.005227 
2688.289647 0.005329 
2687.122536 0.005412 
2685.955424 0.005360 
2684.788312 0.005343 
2683.621200 0.005327 
2682.454089 0.005246 
2681.286977 0.005190 
2680.119865 0.005046 
2678.952753 0.004902 
2677.785642 0.004672 
2676.618530 0.004408 
2675.451418 0.004289 
2674.284306 0.004065 
2673.117195 0.003746 
2671.950083 0.003490 
2670.782971 0.003296 
2669.615860 0.003022 
2668.448748 0.002826 
2667.281636 0.002732 
2666.114524 0.002591 
2664.947413 0.002446 
2663.780301 0.002329 
2662.613189 0.002138 
2661.446077 0.002100 
2660.278966 0.002004 
2659.111854 0.001905 
2657.944742 0.001872 
2656.777630 0.001766 
2655.610519 0.001627 
2654.443407 0.001624 
2653.276295 0.001487 
2652.109183 0.001399 
2650.942072 0.001375 
2649.774960 0.001251 
2648.607848 0.001097 
2647.440737 0.001066 
2646.273625 0.000969 
2645.106513 0.000823 
2643.939401 0.000710 
2642.772290 0.000607 
2641.605178 0.000545 
2640.438066 0.000473 
2639.270954 0.000500 
2638.103843 0.000323 
2636.936731 0.000146 
2635.769619 0.000105 
2634.602507 0.000038 
2633.435396 -0.000039 
2632.268284 -0.000115 
2631.101172 -0.000146 
2629.934060 -0.000097 
2628.766949 -0.000026 
2627.599837 -0.000050 
2626.432725 -0.000006 
2625.265614 0.000015 
2624.098502 -0.000014 
2622.931390 -0.000004 
2621.764278 0.000122 
2620.597167 0.000211 
2619.430055 0.000378 
2618.262943 0.000527 
2617.095831 0.000675 
2615.928720 0.000759 
2614.761608 0.000961 
2613.594496 0.001200 
2612.427384 0.001497 
2611.260273 0.001814 
2610.093161 0.002073 
2608.926049 0.002298 
2607.758937 0.002623 
2606.591826 0.002970 
2605.424714 0.003426 
2604.257602 0.003808 
2603.090491 0.004186 
2601.923379 0.004623 
2600.756267 0.005022 
2599.589155 0.005356 
2598.422044 0.005671 
2597.254932 0.005969 
2596.087820 0.006198 
2594.920708 0.006307 
2593.753597 0.006349 
2592.586485 0.006196 
2591.419373 0.005813 
2590.252261 0.005556 
2589.085150 0.005134 
2587.918038 0.004508 
2586.750926 0.003929 
2585.583814 0.003185 
2584.416703 0.002619 
2583.249591 0.002006 
2582.082479 0.001501 
2580.915368 0.001008 
2579.748256 0.000581 
2578.581144 0.000210 
2577.414032 -0.000021 
2576.246921 -0.000223 
2575.079809 -0.000302 
2573.912697 -0.000263 
2572.745585 -0.000185 
2571.578474 -0.000256 
2570.411362 -0.000213 
2569.244250 -0.000103 
2568.077138 -0.000048 
2566.910027 0.000185 
2565.742915 0.000340 
2564.575803 0.000572 
2563.408691 0.000781 
2562.241580 0.001058 
2561.074468 0.001273 
2559.907356 0.001521 
2558.740245 0.001823 
2557.573133 0.002021 
2556.406021 0.002265 
2555.238909 0.002545 
2554.071798 0.002764 
2552.904686 0.002992 
2551.737574 0.003190 
2550.570462 0.003408 
2549.403351 0.003541 
2548.236239 0.003565 
2547.069127 0.003588 
2545.902015 0.003633 
2544.734904 0.003660 
2543.567792 0.003532 
2542.400680 0.003421 
2541.233568 0.003330 
2540.066457 0.003221 
2538.899345 0.003174 
2537.732233 0.003130 
2536.565121 0.003116 
2535.398010 0.003047 
2534.230898 0.003031 
2533.063786 0.003030 
2531.896675 0.003074 
2530.729563 0.002974 
2529.562451 0.002815 
2528.395339 0.002674 
2527.228228 0.002545 
2526.061116 0.002327 
2524.894004 0.002051 
2523.726892 0.001821 
2522.559781 0.001603 
2521.392669 0.001362 
2520.225557 0.001092 
2519.058445 0.000900 
2517.891334 0.000744 
2516.724222 0.000498 
2515.557110 0.000282 
2514.389998 0.000260 
2513.222887 0.000149 
2512.055775 0.000042 
2510.888663 -0.000121 
2509.721552 -0.000100 
2508.554440 -0.000086 
2507.387328 0.000023 
2506.220216 0.000003 
2505.053105 0.000064 
2503.885993 0.000188 
2502.718881 0.000253 
2501.551769 0.000387 
2500.384658 0.000540 
2499.217546 0.000704 
2498.050434 0.000869 
2496.883322 0.001020 
2495.716211 0.001172 
2494.549099 0.001354 
2493.381987 0.001393 
2492.214875 0.001538 
2491.047764 0.001642 
2489.880652 0.001696 
2488.713540 0.001856 
2487.546429 0.001914 
2486.379317 0.001956 
2485.212205 0.002075 
2484.045093 0.002257 
2482.877982 0.002464 
2481.710870 0.002653 
2480.543758 0.002859 
2479.376646 0.003157 
2478.209535 0.003537 
2477.042423 0.003946 
2475.875311 0.004412 
2474.708199 0.004999 
2473.541088 0.005524 
2472.373976 0.006129 
2471.206864 0.006684 
2470.039752 0.007202 
2468.872641 0.007690 
2467.705529 0.008158 
2466.538417 0.008473 
2465.371306 0.008749 
2464.204194 0.008883 
2463.037082 0.008910 
2461.869970 0.008850 
2460.702859 0.008585 
2459.535747 0.008256 
2458.368635 0.007727 
2457.201523 0.007160 
2456.034412 0.006444 
2454.867300 0.005715 
2453.700188 0.005016 
2452.533076 0.004323 
2451.365965 0.003626 
2450.198853 0.003115 
2449.031741 0.002540 
2447.864629 0.002156 
2446.697518 0.001797 
2445.530406 0.001402 
2444.363294 0.001057 
2443.196183 0.000783 
2442.029071 0.000559 
2440.861959 0.000365 
2439.694847 0.000242 
2438.527736 0.000125 
2437.360624 0.000032 
2436.193512 -0.000037 
2435.026400 -0.000126 
2433.859289 -0.000092 
2432.692177 -0.000066 
2431.525065 -0.000111 
2430.357953 -0.000097 
2429.190842 -0.000076 
2428.023730 -0.000001 
2426.856618 -0.000027 
2425.689506 -0.000045 
2424.522395 -0.000020 
2423.355283 -0.000072 
2422.188171 -0.000078 
2421.021060 -0.000004 
2419.853948 -0.000036 
2418.686836 -0.000009 
2417.519724 0.000071 
2416.352613 0.000094 
2415.185501 0.000054 
2414.018389 0.000011 
2412.851277 0.000029 
2411.684166 0.000035 
2410.517054 0.000014 
2409.349942 0.000102 
2408.182830 0.000103 
2407.015719 0.000079 
2405.848607 0.000069 
2404.681495 0.000034 
2403.514383 -0.000029 
2402.347272 -0.000023 
2401.180160 0.000039 
2400.013048 0.000067 
2398.845936 0.000015 
2397.678825 -0.000047 
2396.511713 0.000024 
2395.344601 -0.000006 
2394.177490 -0.000060 
2393.010378 0.000004 
2391.843266 -0.000023 
2390.676154 -0.000001 
2389.509043 -0.000023 
2388.341931 -0.000040 
2387.174819 0.000020 
2386.007707 -0.000083 
2384.840596 -0.000116 
2383.673484 -0.000098 
2382.506372 -0.000090 
2381.339260 -0.000152 
2380.172149 -0.000157 
2379.005037 -0.000134 
2377.837925 -0.000143 
2376.670813 -0.000162 
2375.503702 -0.000228 
2374.336590 -0.000307 
2373.169478 -0.000257 
2372.002367 -0.000370 
2370.835255 -0.000483 
2369.668143 -0.000503 
2368.501031 -0.000513 
2367.333920 -0.000438 
2366.166808 -0.000538 
2364.999696 -0.000653 
2363.832584 -0.000662 
2362.665473 -0.000619 
2361.498361 -0.000641 
2360.331249 -0.000589 
2359.164137 -0.000606 
2357.997026 -0.000586 
2356.829914 -0.000578 
2355.662802 -0.000538 
2354.495690 -0.000449 
2353.328579 -0.000486 
2352.161467 -0.000365 
2350.994355 -0.000396 
2349.827244 -0.000250 
2348.660132 -0.000167 
2347.493020 0.000037 
2346.325908 0.000652 
2345.158797 0.002227 
2343.991685 0.004773 
2342.824573 0.007410 
2341.657461 0.008496 
2340.490350 0.007007 
2339.323238 0.004156 
2338.156126 0.001760 
2336.989014 0.000507 
2335.821903 0.000015 
2334.654791 -0.000015 
2333.487679 0.000001 
2332.320567 0.000117 
2331.153456 0.000129 
2329.986344 0.000214 
2328.819232 0.000596 
2327.652121 0.001515 
2326.485009 0.002033 
2325.317897 0.001570 
2324.150785 0.000930 
2322.983674 0.000601 
2321.816562 0.000545 
2320.649450 0.000523 
2319.482338 0.000593 
2318.315227 0.000534 
2317.148115 0.000504 
2315.981003 0.000525 
2314.813891 0.000569 
2313.646780 0.000585 
2312.479668 0.000547 
2311.312556 0.000521 
2310.145444 0.000543 
2308.978333 0.000463 
2307.811221 0.000401 
2306.644109 0.000357 
2305.476998 0.000317 
2304.309886 0.000330 
2303.142774 0.000249 
2301.975662 0.000276 
2300.808551 0.000206 
2299.641439 0.000243 
2298.474327 0.000190 
2297.307215 0.000222 
2296.140104 0.000132 
2294.972992 0.000140 
2293.805880 0.000063 
2292.638768 0.000079 
2291.471657 0.000070 
2290.304545 0.000039 
2289.137433 -0.000001 
2287.970321 -0.000048 
2286.803210 -0.000052 
2285.636098 -0.000067 
2284.468986 -0.000046 
2283.301875 -0.000084 
2282.134763 -0.000123 
2280.967651 -0.000215 
2279.800539 -0.000199 
2278.633428 -0.000147 
2277.466316 -0.000037 
2276.299204 -0.000121 
2275.132092 -0.000106 
2273.964981 -0.000185 
2272.797869 -0.000157 
2271.630757 -0.000089 
2270.463645 -0.000054 
2269.296534 -0.000095 
2268.129422 0.000041 
2266.962310 0.000206 
2265.795198 0.000234 
2264.628087 0.000426 
2263.460975 0.000620 
2262.293863 0.000825 
2261.126752 0.001100 
2259.959640 0.001431 
2258.792528 0.001728 
2257.625416 0.002104 
2256.458305 0.002430 
2255.291193 0.002794 
2254.124081 0.003221 
2252.956969 0.003760 
2251.789858 0.004234 
2250.622746 0.004805 
2249.455634 0.005479 
2248.288522 0.006186 
2247.121411 0.006978 
2245.954299 0.007815 
2244.787187 0.008701 
2243.620075 0.009596 
2242.452964 0.010500 
2241.285852 0.011288 
2240.118740 0.012213 
2238.951628 0.012959 
2237.784517 0.013568 
2236.617405 0.014083 
2235.450293 0.014533 
2234.283182 0.014698 
2233.116070 0.014742 
2231.948958 0.014513 
2230.781846 0.014045 
2229.614735 0.013402 
2228.447623 0.012610 
2227.280511 0.011788 
2226.113399 0.010931 
2224.946288 0.010020 
2223.779176 0.009003 
2222.612064 0.008054 
2221.444952 0.007121 
2220.277841 0.006394 
2219.110729 0.005624 
2217.943617 0.005084 
2216.776505 0.004492 
2215.609394 0.003929 
2214.442282 0.003547 
2213.275170 0.003334 
2212.108059 0.003149 
2210.940947 0.002982 
2209.773835 0.002844 
2208.606723 0.002677 
2207.439612 0.002394 
2206.272500 0.002185 
2205.105388 0.002138 
2203.938276 0.002069 
2202.771165 0.001926 
2201.604053 0.001745 
2200.436941 0.001706 
2199.269829 0.001563 
2198.102718 0.001558 
2196.935606 0.001424 
2195.768494 0.001258 
2194.601382 0.001130 
2193.434271 0.001084 
2192.267159 0.001113 
2191.100047 0.001009 
2189.932936 0.000882 
2188.765824 0.000793 
2187.598712 0.000781 
2186.431600 0.000657 
2185.264489 0.000590 
2184.097377 0.000496 
2182.930265 0.000487 
2181.763153 0.000468 
2180.596042 0.000477 
2179.428930 0.000330 
2178.261818 0.000211 
2177.094706 0.000252 
2175.927595 0.000224 
2174.760483 0.000197 
2173.593371 0.000146 
2172.426259 0.000082 
2171.259148 0.000027 
2170.092036 0.000047 
2168.924924 0.000000 
2167.757813 0.000017 
2166.590701 -0.000018 
2165.423589 -0.000048 
2164.256477 -0.000081 
2163.089366 -0.000055 
2161.922254 -0.000095 
2160.755142 -0.000188 
2159.588030 -0.000206 
2158.420919 -0.000182 
2157.253807 -0.000205 
2156.086695 -0.000186 
2154.919583 -0.000224 
2153.752472 -0.000170 
2152.585360 -0.000108 
2151.418248 -0.000150 
2150.251136 -0.000112 
2149.084025 -0.000092 
2147.916913 -0.000122 
2146.749801 -0.000115 
2145.582690 -0.000008 
2144.415578 -0.000034 
2143.248466 0.000198 
2142.081354 0.000520 
2140.914243 0.000863 
2139.747131 0.001354 
2138.580019 0.001842 
2137.412907 0.002231 
2136.245796 0.002491 
2135.078684 0.002526 
2133.911572 0.002438 
2132.744460 0.002357 
2131.577349 0.002284 
2130.410237 0.002180 
2129.243125 0.002159 
2128.076013 0.002150 
2126.908902 0.002194 
2125.741790 0.002270 
2124.574678 0.002304 
2123.407567 0.002373 
2122.240455 0.002352 
2121.073343 0.002365 
2119.906231 0.002349 
2118.739120 0.002266 
2117.572008 0.002170 
2116.404896 0.002095 
2115.237784 0.001924 
2114.070673 0.001749 
2112.903561 0.001628 
2111.736449 0.001488 
2110.569337 0.001318 
2109.402226 0.001083 
2108.235114 0.000928 
2107.068002 0.000790 
2105.900890 0.000675 
2104.733779 0.000606 
2103.566667 0.000565 
2102.399555 0.000441 
2101.232444 0.000384 
2100.065332 0.000447 
2098.898220 0.000292 
2097.731108 0.000245 
2096.563997 0.000158 
2095.396885 0.000258 
2094.229773 0.000202 
2093.062661 0.000202 
2091.895550 0.000224 
2090.728438 0.000272 
2089.561326 0.000211 
2088.394214 0.000255 
2087.227103 0.000244 
2086.059991 0.000322 
2084.892879 0.000296 
2083.725767 0.000198 
2082.558656 0.000203 
2081.391544 0.000141 
2080.224432 0.000187 
2079.057320 0.000128 
2077.890209 0.000169 
2076.723097 0.000156 
2075.555985 0.000228 
2074.388874 0.000141 
2073.221762 0.000138 
2072.054650 0.000071 
2070.887538 0.000144 
2069.720427 0.000021 
2068.553315 0.000001 
2067.386203 0.000022 
2066.219091 0.000035 
2065.051980 0.000035 
2063.884868 -0.000034 
2062.717756 0.000035 
2061.550644 -0.000023 
2060.383533 -0.000072 
2059.216421 -0.000153 
2058.049309 -0.000112 
2056.882197 -0.000206 
2055.715086 -0.000172 
2054.547974 -0.000137 
2053.380862 -0.000141 
2052.213751 -0.000173 
2051.046639 -0.000109 
2049.879527 -0.000145 
2048.712415 -0.000156 
2047.545304 -0.000103 
2046.378192 -0.000048 
2045.211080 -0.000003 
2044.043968 -0.000007 
2042.876857 0.000031 
2041.709745 0.000033 
2040.542633 0.000140 
2039.375521 0.000224 
2038.208410 0.000418 
2037.041298 0.000449 
2035.874186 0.000561 
2034.707074 0.000711 
2033.539963 0.000851 
2032.372851 0.001018 
2031.205739 0.001261 
2030.038628 0.001479 
2028.871516 0.001679 
2027.704404 0.001923 
2026.537292 0.002289 
2025.370181 0.002721 
2024.203069 0.003048 
2023.035957 0.003553 
2021.868845 0.004089 
2020.701734 0.004662 
2019.534622 0.005303 
2018.367510 0.006024 
2017.200398 0.006754 
2016.033287 0.007528 
2014.866175 0.008240 
2013.699063 0.008936 
2012.531951 0.009781 
2011.364840 0.010555 
2010.197728 0.011253 
2009.030616 0.011951 
2007.863505 0.012587 
2006.696393 0.012969 
2005.529281 0.013331 
2004.362169 0.013555 
2003.195058 0.013660 
2002.027946 0.013515 
2000.860834 0.013264 
1999.693722 0.012770 
1998.526611 0.012198 
1997.359499 0.011356 
1996.192387 0.010515 
1995.025275 0.009638 
1993.858164 0.008621 
1992.691052 0.007698 
1991.523940 0.006794 
1990.356828 0.005931 
1989.189717 0.005102 
1988.022605 0.004343 
1986.855493 0.003603 
1985.688382 0.003117 
1984.521270 0.002587 
1983.354158 0.002183 
1982.187046 0.001905 
1981.019935 0.001551 
1979.852823 0.001257 
1978.685711 0.001083 
1977.518599 0.000890 
1976.351488 0.000791 
1975.184376 0.000695 
1974.017264 0.000621 
1972.850152 0.000564 
1971.683041 0.000463 
1970.515929 0.000401 
1969.348817 0.000394 
1968.181705 0.000442 
1967.014594 0.000481 
1965.847482 0.000568 
1964.680370 0.000508 
1963.513259 0.000587 
1962.346147 0.000599 
1961.179035 0.000647 
1960.011923 0.000583 
1958.844812 0.000606 
1957.677700 0.000532 
1956.510588 0.000592 
1955.343476 0.000552 
1954.176365 0.000516 
1953.009253 0.000402 
1951.842141 0.000289 
1950.675029 0.000302 
1949.507918 0.000126 
1948.340806 0.000062 
1947.173694 0.000008 
1946.006582 -0.000010 
1944.839471 -0.000151 
1943.672359 -0.000192 
1942.505247 -0.000264 
1941.338135 -0.000256 
1940.171024 -0.000377 
1939.003912 -0.000415 
1937.836800 -0.000413 
1936.669689 -0.000425 
1935.502577 -0.000447 
1934.335465 -0.000440 
1933.168353 -0.000467 
1932.001242 -0.000451 
1930.834130 -0.000338 
1929.667018 -0.000401 
1928.499906 -0.000297 
1927.332795 -0.000266 
1926.165683 -0.000282 
1924.998571 -0.000195 
1923.831459 -0.000147 
1922.664348 -0.000150 
1921.497236 -0.000113 
1920.330124 -0.000114 
1919.163012 -0.000119 
1917.995901 -0.000084 
1916.828789 -0.000146 
1915.661677 -0.000165 
1914.494566 -0.000296 
1913.327454 -0.000249 
1912.160342 -0.000298 
1910.993230 -0.000252 
1909.826119 -0.000280 
1908.659007 -0.000279 
1907.491895 -0.000322 
1906.324783 -0.000257 
1905.157672 -0.000224 
1903.990560 -0.000227 
1902.823448 -0.000276 
1901.656336 -0.000196 
1900.489225 -0.000183 
1899.322113 -0.000166 
1898.155001 -0.000075 
1896.987889 -0.000118 
1895.820778 -0.000158 
1894.653666 -0.000137 
1893.486554 -0.000006 
1892.319443 -0.000035 
1891.152331 -0.000003 
1889.985219 0.000005 
1888.818107 0.000009 
1887.650996 -0.000027 
1886.483884 0.000054 
1885.316772 0.000021 
1884.149660 0.000105 
1882.982549 0.000126 
1881.815437 0.000122 
1880.648325 0.000122 
1879.481213 0.000143 
1878.314102 0.000185 
1877.146990 0.000146 
1875.979878 0.000283 
1874.812766 0.000329 
1873.645655 0.000463 
1872.478543 0.000468 
1871.311431 0.000521 
1870.144320 0.000529 
1868.977208 0.000659 
1867.810096 0.000620 
1866.642984 0.000627 
1865.475873 0.000603 
1864.308761 0.000613 
1863.141649 0.000601 
1861.974537 0.000569 
1860.807426 0.000489 
1859.640314 0.000301 
1858.473202 0.000288 
1857.306090 0.000113 
1856.138979 -0.000046 
1854.971867 -0.000246 
1853.804755 -0.000294 
1852.637643 -0.000437 
1851.470532 -0.000492 
1850.303420 -0.000561 
1849.136308 -0.000540 
1847.969197 -0.000537 
1846.802085 -0.000486 
1845.634973 -0.000472 
1844.467861 -0.000441 
1843.300750 -0.000416 
1842.133638 -0.000410 
1840.966526 -0.000352 
1839.799414 -0.000357 
1838.632303 -0.000286 
1837.465191 -0.000260 
1836.298079 -0.000200 
1835.130967 -0.000219 
1833.963856 -0.000169 
1832.796744 -0.000139 
1831.629632 -0.000001 
1830.462520 0.000009 
1829.295409 0.000067 
1828.128297 0.000120 
1826.961185 0.000206 
1825.794074 0.000328 
1824.626962 0.000411 
1823.459850 0.000462 
1822.292738 0.000529 
1821.125627 0.000645 
1819.958515 0.000734 
1818.791403 0.000829 
1817.624291 0.000898 
1816.457180 0.001090 
1815.290068 0.001248 
1814.122956 0.001559 
1812.955844 0.001849 
1811.788733 0.002232 
1810.621621 0.002627 
1809.454509 0.003112 
1808.287397 0.003662 
1807.120286 0.004308 
1805.953174 0.005077 
1804.786062 0.005853 
1803.618951 0.006841 
1802.451839 0.007940 
1801.284727 0.009274 
1800.117615 0.010639 
1798.950504 0.012253 
1797.783392 0.014095 
1796.616280 0.016255 
1795.449168 0.018601 
1794.282057 0.021347 
1793.114945 0.024400 
1791.947833 0.027847 
1790.780721 0.031598 
1789.613610 0.035665 
1788.446498 0.040334 
1787.279386 0.045410 
1786.112274 0.050953 
1784.945163 0.056879 
1783.778051 0.063280 
1782.610939 0.070008 
1781.443827 0.076985 
1780.276716 0.084032 
1779.109604 0.091239 
1777.942492 0.098301 
1776.775381 0.105087 
1775.608269 0.111394 
1774.441157 0.117079 
1773.274045 0.121873 
1772.106934 0.125541 
1770.939822 0.128013 
1769.772710 0.129196 
1768.605598 0.129121 
1767.438487 0.127566 
1766.271375 0.124801 
1765.104263 0.120667 
1763.937151 0.115570 
1762.770040 0.109588 
1761.602928 0.103091 
1760.435816 0.096021 
1759.268704 0.088986 
1758.101593 0.082027 
1756.934481 0.075412 
1755.767369 0.069127 
1754.600258 0.063319 
1753.433146 0.058168 
1752.266034 0.053670 
1751.098922 0.049862 
1749.931811 0.046674 
1748.764699 0.044274 
1747.597587 0.042522 
1746.430475 0.041521 
1745.263364 0.041350 
1744.096252 0.042284 
1742.929140 0.044333 
1741.762028 0.048088 
1740.594917 0.054043 
1739.427805 0.063328 
1738.260693 0.077971 
1737.093581 0.102396 
1735.926470 0.149940 
1734.759358 0.249961 
1733.592246 0.459206 
1732.425135 0.811889 
1731.258023 1.251908 
1730.090911 1.679349 
1728.923799 2.039948 
1727.756688 2.309173 
1726.589576 2.484239 
1725.422464 2.571136 
1724.255352 2.619381 
1723.088241 2.626462 
1721.921129 2.619145 
1720.754017 2.584731 
1719.586905 2.515204 
1718.419794 2.422595 
1717.252682 2.302493 
1716.085570 2.147785 
1714.918458 1.962345 
1713.751347 1.754206 
1712.584235 1.536209 
1711.417123 1.321211 
1710.250012 1.114949 
1709.082900 0.918822 
1707.915788 0.735187 
1706.748676 0.562639 
1705.581565 0.405350 
1704.414453 0.272735 
1703.247341 0.177033 
1702.080229 0.120844 
1700.913118 0.091001 
1699.746006 0.075430 
1698.578894 0.066005 
1697.411782 0.059738 
1696.244671 0.055197 
1695.077559 0.051752 
1693.910447 0.049374 
1692.743335 0.047892 
1691.576224 0.047393 
1690.409112 0.047659 
1689.242000 0.048804 
1688.074889 0.050738 
1686.907777 0.053472 
1685.740665 0.057056 
1684.573553 0.061545 
1683.406442 0.065875 
1682.239330 0.069621 
1681.072218 0.071882 
1679.905106 0.071904 
1678.737995 0.069212 
1677.570883 0.063908 
1676.403771 0.056801 
1675.236659 0.048821 
1674.069548 0.041019 
1672.902436 0.034185 
1671.735324 0.028826 
1670.568212 0.024849 
1669.401101 0.022318 
1668.233989 0.020580 
1667.066877 0.019529 
1665.899766 0.018803 
1664.732654 0.018526 
1663.565542 0.018303 
1662.398430 0.018196 
1661.231319 0.018159 
1660.064207 0.018232 
1658.897095 0.018468 
1657.729983 0.018768 
1656.562872 0.019374 
1655.395760 0.020102 
1654.228648 0.021009 
1653.061536 0.022079 
1651.894425 0.023252 
1650.727313 0.024450 
1649.560201 0.025938 
1648.393089 0.027492 
1647.225978 0.029146 
1646.058866 0.030807 
1644.891754 0.032385 
1643.724643 0.033798 
1642.557531 0.035185 
1641.390419 0.036382 
1640.223307 0.037255 
1639.056196 0.037808 
1637.889084 0.038057 
1636.721972 0.037961 
1635.554860 0.037427 
1634.387749 0.036353 
1633.220637 0.034747 
1632.053525 0.032799 
1630.886413 0.030492 
1629.719302 0.027925 
1628.552190 0.025155 
1627.385078 0.022539 
1626.217966 0.020026 
1625.050855 0.017896 
1623.883743 0.015913 
1622.716631 0.014139 
1621.549519 0.012698 
1620.382408 0.011368 
1619.215296 0.010317 
1618.048184 0.009286 
1616.881073 0.008557 
1615.713961 0.007691 
1614.546849 0.007050 
1613.379737 0.006448 
1612.212626 0.005907 
1611.045514 0.005342 
1609.878402 0.004857 
1608.711290 0.004470 
1607.544179 0.004083 
1606.377067 0.003694 
1605.209955 0.003371 
1604.042843 0.003018 
1602.875732 0.002669 
1601.708620 0.002372 
1600.541508 0.002055 
1599.374396 0.001828 
1598.207285 0.001549 
1597.040173 0.001376 
1595.873061 0.001087 
1594.705950 0.000932 
1593.538838 0.000739 
1592.371726 0.000582 
1591.204614 0.000391 
1590.037503 0.000298 
1588.870391 0.000191 
1587.703279 0.000053 
1586.536167 0.000008 
1585.369056 -0.000018 
1584.201944 -0.000067 
1583.034832 -0.000093 
1581.867720 -0.000002 
1580.700609 0.000046 
1579.533497 0.000194 
1578.366385 0.000284 
1577.199273 0.000564 
1576.032162 0.000917 
1574.865050 0.001258 
1573.697938 0.001559 
1572.530827 0.002030 
1571.363715 0.002556 
1570.196603 0.003301 
1569.029491 0.003972 
1567.862380 0.004728 
1566.695268 0.005625 
1565.528156 0.006543 
1564.361044 0.007681 
1563.193933 0.008698 
1562.026821 0.009739 
1560.859709 0.010843 
1559.692597 0.012066 
1558.525486 0.013061 
1557.358374 0.014050 
1556.191262 0.014838 
1555.024150 0.015649 
1553.857039 0.016403 
1552.689927 0.017002 
1551.522815 0.017479 
1550.355704 0.017806 
1549.188592 0.017928 
1548.021480 0.017827 
1546.854368 0.017519 
1545.687257 0.016942 
1544.520145 0.016330 
1543.353033 0.015505 
1542.185921 0.014623 
1541.018810 0.013463 
1539.851698 0.012466 
1538.684586 0.011487 
1537.517474 0.010577 
1536.350363 0.009547 
1535.183251 0.008523 
1534.016139 0.007564 
1532.849027 0.006654 
1531.681916 0.005728 
1530.514804 0.004838 
1529.347692 0.004116 
1528.180581 0.003407 
1527.013469 0.002748 
1525.846357 0.002117 
1524.679245 0.001670 
1523.512134 0.001258 
1522.345022 0.001060 
1521.177910 0.000802 
1520.010798 0.000644 
1518.843687 0.000372 
1517.676575 0.000274 
1516.509463 0.000114 
1515.342351 0.000005 
1514.175240 -0.000064 
1513.008128 -0.000153 
1511.841016 -0.000219 
1510.673904 -0.000241 
1509.506793 -0.000180 
1508.339681 -0.000186 
1507.172569 -0.000125 
1506.005458 -0.000124 
1504.838346 -0.000149 
1503.671234 -0.000247 
1502.504122 -0.000130 
1501.337011 -0.000157 
1500.169899 -0.000106 
1499.002787 -0.000119 
1497.835675 -0.000010 
1496.668564 -0.000056 
1495.501452 -0.000079 
1494.334340 -0.000080 
1493.167228 -0.000081 
1492.000117 -0.000013 
1490.833005 0.000026 
1489.665893 0.000003 
1488.498781 0.000036 
1487.331670 0.000068 
1486.164558 -0.000001 
1484.997446 0.000078 
1483.830334 -0.000001 
1482.663223 0.000041 
1481.496111 -0.000018 
1480.328999 0.000018 
1479.161888 -0.000006 
1477.994776 -0.000001 
1476.827664 0.000040 
1475.660552 0.000059 
1474.493441 0.000000 
1473.326329 -0.000019 
1472.159217 -0.000006 
1470.992105 0.000020 
1469.824994 0.000060 
1468.657882 0.000073 
1467.490770 0.000219 
1466.323658 0.000307 
1465.156547 0.000548 
1463.989435 0.000755 
1462.822323 0.001049 
1461.655211 0.001404 
1460.488100 0.001882 
1459.320988 0.002494 
1458.153876 0.003367 
1456.986765 0.004613 
1455.819653 0.006302 
1454.652541 0.008906 
1453.485429 0.012968 
1452.318318 0.019302 
1451.151206 0.028675 
1449.984094 0.042649 
1448.816982 0.061647 
1447.649871 0.086455 
1446.482759 0.116333 
1445.315647 0.150836 
1444.148535 0.188767 
1442.981424 0.229147 
1441.814312 0.270874 
1440.647200 0.313296 
1439.480088 0.355735 
1438.312977 0.397427 
1437.145865 0.437201 
1435.978753 0.473591 
1434.811642 0.505317 
1433.644530 0.531022 
1432.477418 0.551013 
1431.310306 0.564774 
1430.143195 0.572120 
1428.976083 0.572684 
1427.808971 0.566038 
1426.641859 0.552023 
1425.474748 0.530219 
1424.307636 0.500740 
1423.140524 0.463888 
1421.973412 0.420078 
1420.806301 0.371592 
1419.639189 0.321765 
1418.472077 0.275911 
1417.304965 0.239965 
1416.137854 0.216564 
1414.970742 0.204516 
1413.803630 0.201073 
1412.636519 0.202178 
1411.469407 0.204893 
1410.302295 0.207524 
1409.135183 0.208639 
1407.968072 0.207589 
1406.800960 0.204060 
1405.633848 0.198145 
1404.466736 0.190229 
1403.299625 0.181204 
1402.132513 0.172446 
1400.965401 0.165484 
1399.798289 0.161726 
1398.631178 0.161818 
1397.464066 0.165723 
1396.296954 0.172324 
1395.129842 0.180259 
1393.962731 0.187467 
1392.795619 0.192438 
1391.628507 0.193438 
1390.461396 0.189396 
1389.294284 0.179567 
1388.127172 0.164440 
1386.960060 0.144667 
1385.792949 0.122186 
1384.625837 0.098956 
1383.458725 0.077073 
1382.291613 0.058081 
1381.124502 0.042870 
1379.957390 0.031520 
1378.790278 0.023180 
1377.623166 0.017361 
1376.456055 0.013062 
1375.288943 0.010085 
1374.121831 0.007769 
1372.954719 0.006106 
1371.787608 0.004761 
1370.620496 0.003843 
1369.453384 0.003185 
1368.286273 0.002966 
1367.119161 0.003306 
1365.952049 0.005066 
1364.784937 0.009446 
1363.617826 0.018420 
1362.450714 0.033889 
1361.283602 0.058308 
1360.116490 0.092550 
1358.949379 0.137938 
1357.782267 0.194476 
1356.615155 0.260823 
1355.448043 0.336097 
1354.280932 0.417497 
1353.113820 0.503153 
1351.946708 0.589620 
1350.779596 0.673958 
1349.612485 0.751697 
1348.445373 0.818781 
1347.278261 0.862751 
1346.111150 0.873161 
1344.944038 0.841452 
1343.776926 0.771416 
1342.609814 0.669088 
1341.442703 0.545827 
1340.275591 0.416144 
1339.108479 0.295585 
1337.941367 0.194978 
1336.774256 0.120842 
1335.607144 0.071790 
1334.440032 0.042443 
1333.272920 0.026594 
1332.105809 0.017872 
1330.938697 0.013096 
1329.771585 0.009987 
1328.604473 0.007924 
1327.437362 0.006439 
1326.270250 0.005508 
1325.103138 0.004882 
1323.936026 0.004419 
1322.768915 0.004210 
1321.601803 0.004007 
1320.434691 0.003972 
1319.267580 0.003976 
1318.100468 0.004070 
1316.933356 0.003996 
1315.766244 0.004037 
1314.599133 0.004079 
1313.432021 0.004177 
1312.264909 0.004293 
1311.097797 0.004482 
1309.930686 0.004695 
1308.763574 0.004987 
1307.596462 0.005198 
1306.429350 0.005406 
1305.262239 0.005601 
1304.095127 0.005657 
1302.928015 0.005595 
1301.760903 0.005505 
1300.593792 0.005467 
1299.426680 0.005293 
1298.259568 0.005120 
1297.092457 0.004853 
1295.925345 0.004699 
1294.758233 0.004497 
1293.591121 0.004434 
1292.424010 0.004309 
1291.256898 0.004093 
1290.089786 0.003837 
1288.922674 0.003686 
1287.755563 0.003463 
1286.588451 0.003211 
1285.421339 0.002968 
1284.254227 0.002607 
1283.087116 0.002320 
1281.920004 0.002023 
1280.752892 0.001738 
1279.585780 0.001469 
1278.418669 0.001291 
1277.251557 0.001007 
1276.084445 0.000861 
1274.917334 0.000666 
1273.750222 0.000498 
1272.583110 0.000399 
1271.415998 0.000274 
1270.248887 0.000172 
1269.081775 0.000151 
1267.914663 0.000137 
1266.747551 0.000015 
1265.580440 0.000022 
1264.413328 -0.000030 
1263.246216 0.000010 
1262.079104 -0.000043 
1260.911993 -0.000049 
1259.744881 -0.000123 
1258.577769 -0.000076 
1257.410657 -0.000078 
1256.243546 0.000003 
1255.076434 0.000056 
1253.909322 0.000104 
1252.742211 0.000129 
1251.575099 0.000096 
1250.407987 0.000111 
1249.240875 0.000200 
1248.073764 0.000267 
1246.906652 0.000248 
1245.739540 0.000312 
1244.572428 0.000290 
1243.405317 0.000288 
1242.238205 0.000265 
1241.071093 0.000345 
1239.903981 0.000194 
1238.736870 0.000135 
1237.569758 0.000064 
1236.402646 0.000107 
1235.235534 -0.000013 
1234.068423 -0.000037 
1232.901311 0.000032 
1231.734199 0.000017 
1230.567088 0.000057 
1229.399976 0.000049 
1228.232864 0.000108 
1227.065752 0.000049 
1225.898641 -0.000048 
1224.731529 -0.000197 
1223.564417 -0.000113 
1222.397305 -0.000152 
1221.230194 -0.000135 
1220.063082 -0.000198 
1218.895970 -0.000126 
1217.728858 -0.000130 
1216.561747 -0.000113 
1215.394635 -0.000106 
1214.227523 -0.000045 
1213.060411 -0.000043 
1211.893300 -0.000098 
1210.726188 -0.000028 
1209.559076 -0.000022 
1208.391965 0.000049 
1207.224853 -0.000009 
1206.057741 0.000062 
1204.890629 0.000032 
1203.723518 0.000103 
1202.556406 0.000087 
1201.389294 0.000131 
1200.222182 0.000111 
1199.055071 0.000205 
1197.887959 0.000264 
1196.720847 0.000278 
1195.553735 0.000251 
1194.386624 0.000220 
1193.219512 0.000298 
1192.052400 0.000202 
1190.885288 0.000263 
1189.718177 0.000283 
1188.551065 0.000387 
1187.383953 0.000461 
1186.216842 0.000574 
1185.049730 0.000656 
1183.882618 0.000758 
1182.715506 0.000750 
1181.548395 0.000856 
1180.381283 0.000837 
1179.214171 0.000929 
1178.047059 0.000931 
1176.879948 0.000902 
1175.712836 0.000962 
1174.545724 0.001056 
1173.378612 0.001182 
1172.211501 0.001170 
1171.044389 0.001247 
1169.877277 0.000971 
1168.710165 0.000786 
1167.543054 0.000642 
1166.375942 0.000490 
1165.208830 0.000441 
1164.041718 0.000312 
1162.874607 0.000206 
1161.707495 0.000273 
1160.540383 0.000360 
1159.373272 0.000303 
1158.206160 0.000232 
1157.039048 0.000206 
1155.871936 0.000088 
1154.704825 -0.000003 
1153.537713 -0.000050 
1152.370601 -0.000131 
1151.203489 -0.000165 
1150.036378 -0.000240 
1148.869266 -0.000261 
1147.702154 -0.000437 
1146.535042 -0.000500 
1145.367931 -0.000605 
1144.200819 -0.000581 
1143.033707 -0.000725 
1141.866595 -0.000672 
1140.699484 -0.000528 
1139.532372 -0.000037 
1138.365260 0.001196 
1137.198149 0.003671 
1136.031037 0.009207 
1134.863925 0.020411 
1133.696813 0.042056 
1132.529702 0.077703 
1131.362590 0.130809 
1130.195478 0.198228 
1129.028366 0.274951 
1127.861255 0.353406 
1126.694143 0.427664 
1125.527031 0.492626 
1124.359919 0.544386 
1123.192808 0.575363 
1122.025696 0.580685 
1120.858584 0.561306 
1119.691472 0.520703 
1118.524361 0.462821 
1117.357249 0.391541 
1116.190137 0.317872 
1115.023026 0.256749 
1113.855914 0.216111 
1112.688802 0.191798 
1111.521690 0.176666 
1110.354579 0.163857 
1109.187467 0.150845 
1108.020355 0.135869 
1106.853243 0.118851 
1105.686132 0.100527 
1104.519020 0.081654 
1103.351908 0.064073 
1102.184796 0.048769 
1101.017685 0.036648 
1099.850573 0.027831 
1098.683461 0.021962 
1097.516349 0.017823 
1096.349238 0.015032 
1095.182126 0.013109 
1094.015014 0.011850 
1092.847903 0.010755 
1091.680791 0.009971 
1090.513679 0.009356 
1089.346567 0.008852 
1088.179456 0.008410 
1087.012344 0.008077 
1085.845232 0.007757 
1084.678120 0.007505 
1083.511009 0.007214 
1082.343897 0.006948 
1081.176785 0.006788 
1080.009673 0.006586 
1078.842562 0.006339 
1077.675450 0.006112 
1076.508338 0.006118 
1075.341226 0.005903 
1074.174115 0.005724 
1073.007003 0.005532 
1071.839891 0.005363 
1070.672780 0.005168 
1069.505668 0.005029 
1068.338556 0.004962 
1067.171444 0.004906 
1066.004333 0.004772 
1064.837221 0.004707 
1063.670109 0.004530 
1062.502997 0.004393 
1061.335886 0.004382 
1060.168774 0.004299 
1059.001662 0.004260 
1057.834550 0.004194 
1056.667439 0.004193 
1055.500327 0.004265 
1054.333215 0.004296 
1053.166103 0.004333 
1051.998992 0.004459 
1050.831880 0.004552 
1049.664768 0.004750 
1048.497657 0.004848 
1047.330545 0.005074 
1046.163433 0.005377 
1044.996321 0.005593 
1043.829210 0.005907 
1042.662098 0.006152 
1041.494986 0.006482 
1040.327874 0.006542 
1039.160763 0.006755 
1037.993651 0.006781 
1036.826539 0.007001 
1035.659427 0.006986 
1034.492316 0.006796 
1033.325204 0.006717 
1032.158092 0.006413 
1030.990980 0.005976 
1029.823869 0.005492 
1028.656757 0.004878 
1027.489645 0.004241 
1026.322533 0.003678 
1025.155422 0.003002 
1023.988310 0.002498 
1022.821198 0.001990 
1021.654087 0.001566 
1020.486975 0.001174 
1019.319863 0.001070 
1018.152751 0.000816 
1016.985640 0.000784 
1015.818528 0.000645 
1014.651416 0.000516 
1013.484304 0.000486 
1012.317193 0.000309 
1011.150081 0.000249 
1009.982969 0.000295 
1008.815857 0.000216 
1007.648746 0.000061 
1006.481634 0.000094 
1005.314522 0.000005 
1004.147410 -0.000068 
1002.980299 -0.000009 
1001.813187 0.000068 
1000.646075 0.000017 
999.478964 -0.000000 
998.311852 -0.000032 
997.144740 -0.000044 
995.977628 -0.000079 
994.810517 -0.000066 
993.643405 -0.000019 
992.476293 -0.000036 
991.309181 -0.000012 
990.142070 -0.000171 
988.974958 -0.000271 
987.807846 -0.000241 
986.640734 -0.000255 
985.473623 -0.000330 
984.306511 -0.000308 
983.139399 -0.000349 
981.972287 -0.000339 
980.805176 -0.000367 
979.638064 -0.000314 
978.470952 -0.000238 
977.303841 -0.000169 
976.136729 -0.000215 
974.969617 -0.000121 
973.802505 -0.000021 
972.635394 -0.000109 
971.468282 -0.000052 
970.301170 -0.000050 
969.134058 -0.000040 
967.966947 -0.000027 
966.799835 -0.000004 
965.632723 -0.000065 
964.465611 0.000103 
963.298500 -0.000020 
962.131388 0.000015 
960.964276 0.000055 
959.797164 0.000156 
958.630053 0.000010 
957.462941 -0.000026 
956.295829 -0.000053 
955.128718 -0.000180 
953.961606 -0.000254 
952.794494 -0.000232 
951.627382 -0.000118 
950.460271 -0.000222 
949.293159 -0.000375 
948.126047 -0.000463 
946.958935 -0.000353 
945.791824 -0.000452 
944.624712 -0.000530 
943.457600 -0.000660 
942.290488 -0.000716 
941.123377 -0.000781 
939.956265 -0.000877 
938.789153 -0.000958 
937.622041 -0.001018 
936.454930 -0.001024 
935.287818 -0.001090 
934.120706 -0.000955 
932.953595 -0.000917 
931.786483 -0.000895 
930.619371 -0.000795 
929.452259 -0.000508 
928.285148 -0.000418 
927.118036 -0.000224 
925.950924 -0.000087 
924.783812 0.000275 
923.616701 0.000515 
922.449589 0.000820 
921.282477 0.001166 
920.115365 0.001516 
918.948254 0.001876 
917.781142 0.002310 
916.614030 0.002902 
915.446918 0.003540 
914.279807 0.004305 
913.112695 0.004951 
911.945583 0.005846 
910.778472 0.006894 
909.611360 0.008025 
908.444248 0.009070 
907.277136 0.010386 
906.110025 0.012062 
904.942913 0.013984 
903.775801 0.016083 
902.608689 0.018651 
901.441578 0.021462 
900.274466 0.024815 
899.107354 0.028605 
897.940242 0.032989 
896.773131 0.038065 
895.606019 0.043769 
894.438907 0.050054 
893.271795 0.056696 
892.104684 0.063714 
890.937572 0.070702 
889.770460 0.077096 
888.603349 0.082426 
887.436237 0.086303 
886.269125 0.088065 
885.102013 0.087553 
883.934902 0.084437 
882.767790 0.079407 
881.600678 0.072451 
880.433566 0.064257 
879.266455 0.055915 
878.099343 0.047790 
876.932231 0.040545 
875.765119 0.034250 
874.598008 0.028969 
873.430896 0.024683 
872.263784 0.021223 
871.096672 0.018358 
869.929561 0.016120 
868.762449 0.014203 
867.595337 0.012625 
866.428225 0.011275 
865.261114 0.010161 
864.094002 0.009223 
862.926890 0.008477 
861.759779 0.007836 
860.592667 0.007249 
859.425555 0.006785 
858.258443 0.006313 
857.091332 0.005954 
855.924220 0.005642 
854.757108 0.005405 
853.589996 0.005166 
852.422885 0.004898 
851.255773 0.004596 
850.088661 0.004365 
848.921549 0.004235 
847.754438 0.004062 
846.587326 0.003850 
845.420214 0.003736 
844.253102 0.003620 
843.085991 0.003513 
841.918879 0.003343 
840.751767 0.003288 
839.584656 0.003295 
838.417544 0.003201 
837.250432 0.003036 
836.083320 0.002800 
834.916209 0.002709 
833.749097 0.002643 
832.581985 0.002575 
831.414873 0.002515 
830.247762 0.002476 
829.080650 0.002313 
827.913538 0.002265 
826.746426 0.002115 
825.579315 0.002008 
824.412203 0.001940 
823.245091 0.001924 
822.077979 0.001797 
820.910868 0.001700 
819.743756 0.001833 
818.576644 0.001728 
817.409533 0.001537 
816.242421 0.001401 
815.075309 0.001542 
813.908197 0.001350 
812.741086 0.001122 
811.573974 0.001089 
810.406862 0.001005 
809.239750 0.000865 
808.072639 0.000675 
806.905527 0.000540 
805.738415 0.000587 
804.571303 0.000486 
803.404192 0.000257 
802.237080 0.000198 
801.069968 0.000054 
799.902856 0.000048 
798.735745 0.000009 
797.568633 0.000088 
796.401521 -0.000043 
795.234410 0.000217 
794.067298 0.000549 
792.900186 0.001149 
791.733074 0.002153 
790.565963 0.003624 
789.398851 0.005860 
788.231739 0.008913 
787.064627 0.013196 
785.897516 0.018904 
784.730404 0.026036 
783.563292 0.034687 
782.396180 0.044615 
781.229069 0.055488 
780.061957 0.067291 
778.894845 0.079029 
777.727733 0.089935 
776.560622 0.099620 
775.393510 0.107427 
774.226398 0.112553 
773.059287 0.114787 
771.892175 0.113644 
770.725063 0.109269 
769.557951 0.101687 
768.390840 0.091239 
767.223728 0.079111 
766.056616 0.066050 
764.889504 0.053485 
763.722393 0.042100 
762.555281 0.032639 
761.388169 0.024779 
760.221057 0.018743 
759.053946 0.013968 
757.886834 0.010528 
756.719722 0.008122 
755.552610 0.006375 
754.385499 0.005080 
753.218387 0.004170 
752.051275 0.003463 
750.884164 0.002994 
749.717052 0.002577 
748.549940 0.002104 
747.382828 0.001811 
746.215717 0.001581 
745.048605 0.001302 
743.881493 0.001082 
742.714381 0.001087 
741.547270 0.000919 
740.380158 0.000855 
739.213046 0.000661 
738.045934 0.000510 
736.878823 0.000340 
735.711711 0.000311 
734.544599 0.000320 
733.377487 0.000180 
732.210376 0.000049 
731.043264 -0.000044 
729.876152 0.000016 
728.709041 0.000017 
727.541929 -0.000168 
726.374817 -0.000267 
725.207705 -0.000224 
724.040594 -0.000314 
722.873482 -0.000305 
721.706370 -0.000370 
720.539258 -0.000427 
719.372147 -0.000337 
718.205035 -0.000172 
717.037923 -0.000203 
715.870811 -0.000339 
714.703700 -0.000381 
713.536588 -0.000284 
712.369476 -0.000265 
711.202364 -0.000358 
710.035253 -0.000262 
708.868141 -0.000262 
707.701029 -0.000237 
706.533917 -0.000328 
705.366806 -0.000189 
704.199694 -0.000091 
703.032582 -0.000164 
701.865471 -0.000116 
700.698359 0.000003 
699.531247 -0.000024 
698.364135 -0.000148 
697.197024 -0.000245 
696.029912 0.000026 
694.862800 0.000013 
693.695688 -0.000148 
692.528577 0.000041 
691.361465 -0.000002 
690.194353 0.000019 
689.027241 0.000002 
687.860130 0.000283 
686.693018 0.000387 
685.525906 0.000299 
684.358794 0.000154 
683.191683 0.000278 
682.024571 0.000138 
680.857459 0.000057 
679.690348 0.000083 
678.523236 0.000209 
677.356124 0.000147 
676.189012 -0.000198 
675.021901 -0.000067 
673.854789 -0.000208 
672.687677 -0.000149 
671.520565 -0.000023 
670.353454 -0.000233 
669.186342 -0.001263 
668.019230 -0.001209 
666.852118 -0.000179 
665.685007 -0.000062 
664.517895 -0.000251 
663.350783 -0.000105 
662.183671 -0.000087 
661.016560 -0.000033 
659.849448 0.000165 
658.682336 0.000250 
657.515225 0.000151 
656.348113 0.000008 
655.181001 -0.000097 
654.013889 -0.000130 
652.846778 -0.000231 
651.679666 -0.000298 
650.512554 -0.000331 
649.345442 -0.000314 
648.178331 -0.000194 
647.011219 -0.000074 
645.844107 0.000056 
644.676995 -0.000073 
643.509884 -0.000196 
642.342772 -0.000387 
641.175660 -0.000665 
640.008548 -0.000971 
638.841437 -0.001036 
637.674325 -0.001284 
636.507213 -0.001437 
635.340102 -0.001536 
634.172990 -0.001592 
633.005878 -0.001482 
631.838766 -0.001735 
630.671655 -0.001600 
629.504543 -0.001483 
628.337431 -0.001242 
627.170319 -0.001079 
626.003208 -0.000923 
624.836096 -0.000904 
623.668984 -0.000605 
622.501872 -0.000404 
621.334761 -0.000333 
620.167649 -0.000480 
619.000537 -0.000464 
617.833425 -0.000050 
616.666314 0.000131 
615.499202 -0.000009 
614.332090 0.000059 
613.164979 0.000081 
611.997867 0.000190 
610.830755 0.000227 
609.663643 -0.000001 
608.496532 0.000125 
607.329420 -0.000110 
606.162308 -0.000246 
604.995196 -0.000195 
603.828085 0.000170 
602.660973 0.000347 
601.493861 -0.000114 
600.326749 -0.000068 
599.159638 -0.000165 
597.992526 -0.000171 
596.825414 0.000135 
595.658302 0.000174 
594.491191 0.000194 
593.324079 0.000397 
592.156967 0.000152 
590.989856 -0.000214 
589.822744 -0.000450 
588.655632 -0.000210 
587.488520 0.000152 
586.321409 -0.000126 
585.154297 0.000186 
583.987185 0.000147 
582.820073 0.000531 
581.652962 0.000835 
580.485850 0.000503 
579.318738 -0.000111 
578.151626 0.000479 
576.984515 -0.000747 
575.817403 -0.000911 
574.650291 0.000873 
573.483179 0.000904 
572.316068 0.001182 
571.148956 0.001423 
569.981844 0.001530 
568.814732 0.000682 
567.647621 0.001141 
566.480509 0.001221 
565.313397 0.000346 
564.146286 0.000499 
562.979174 0.000535 
561.812062 0.001630 
560.644950 0.000755 
559.477839 0.000154 
558.310727 0.001980 
557.143615 0.001171 
555.976503 0.000980 
554.809392 0.001586 
553.642280 0.001396 
552.475168 0.001407 
551.308056 0.001129 
550.140945 -0.000353 
548.973833 0.000655 
547.806721 0.001310 
546.639609 0.001235 
545.472498 -0.000086 
544.305386 -0.000273 
543.138274 -0.001437 
541.971163 -0.000001 
540.804051 0.001607 
539.636939 0.002426 
538.469827 0.003556 
537.302716 0.005184 
536.135604 0.006622 
534.968492 0.008640 
533.801380 0.012844 
532.634269 0.015698 
531.467157 0.021634 
530.300045 0.033056 
529.132933 0.049495 
527.965822 0.075289 
526.798710 0.111381 
525.631598 0.156722 
524.464486 0.212017 
523.297375 0.270269 
522.130263 0.326303 
520.963151 0.380342 
519.796040 0.431008 
518.628928 0.468286 
517.461816 0.490569 
516.294704 0.489808 
515.127593 0.461074 
513.960481 0.401513 
512.793369 0.310362 
511.626257 0.203784 
510.459146 0.105254 
509.292034 0.040824 
508.124922 0.010286 
506.957810 -0.002590 
505.790699 -0.008525 
504.623587 -0.013282 
503.456475 -0.012955 
502.289363 -0.014293 
501.122252 -0.016338 
499.955140 -0.015910 
