4000.123240 0.001190 
3998.956128 0.001266 
3997.789017 0.001116 
3996.621905 0.000941 
3995.454793 0.001202 
3994.287681 0.001265 
3993.120570 0.001313 
3991.953458 0.001307 
3990.786346 0.001300 
3989.619234 0.001582 
3988.452123 0.001823 
3987.285011 0.002158 
3986.117899 0.002375 
3984.950787 0.002680 
3983.783676 0.002971 
3982.616564 0.003164 
3981.449452 0.003646 
3980.282340 0.004038 
3979.115229 0.003997 
3977.948117 0.004150 
3976.781005 0.003986 
3975.613894 0.004119 
3974.446782 0.003928 
3973.279670 0.003461 
3972.112558 0.003138 
3970.945447 0.002786 
3969.778335 0.002436 
3968.611223 0.002047 
3967.444111 0.001575 
3966.277000 0.001312 
3965.109888 0.001318 
3963.942776 0.001198 
3962.775664 0.001077 
3961.608553 0.001084 
3960.441441 0.001056 
3959.274329 0.000932 
3958.107217 0.001236 
3956.940106 0.001294 
3955.772994 0.001120 
3954.605882 0.001192 
3953.438771 0.001123 
3952.271659 0.001213 
3951.104547 0.001052 
3949.937435 0.000833 
3948.770324 0.000713 
3947.603212 0.000590 
3946.436100 0.000573 
3945.268988 0.000368 
3944.101877 0.000402 
3942.934765 0.000281 
3941.767653 0.000073 
3940.600541 0.000090 
3939.433430 -0.000080 
3938.266318 0.000040 
3937.099206 0.000121 
3935.932094 0.000026 
3934.764983 0.000031 
3933.597871 -0.000016 
3932.430759 0.000084 
3931.263648 0.000270 
3930.096536 0.000220 
3928.929424 0.000240 
3927.762312 0.000430 
3926.595201 0.000469 
3925.428089 0.000620 
3924.260977 0.000856 
3923.093865 0.000918 
3921.926754 0.001039 
3920.759642 0.001330 
3919.592530 0.001512 
3918.425418 0.001775 
3917.258307 0.002037 
3916.091195 0.002461 
3914.924083 0.002879 
3913.756971 0.003215 
3912.589860 0.003582 
3911.422748 0.003918 
3910.255636 0.004214 
3909.088524 0.004549 
3907.921413 0.004730 
3906.754301 0.004737 
3905.587189 0.004785 
3904.420078 0.004449 
3903.252966 0.003855 
3902.085854 0.003497 
3900.918742 0.003001 
3899.751631 0.002510 
3898.584519 0.002068 
3897.417407 0.001572 
3896.250295 0.001115 
3895.083184 0.000807 
3893.916072 0.000582 
3892.748960 0.000504 
3891.581848 0.000430 
3890.414737 0.000433 
3889.247625 0.000360 
3888.080513 0.000327 
3886.913401 0.000146 
3885.746290 -0.000109 
3884.579178 -0.000114 
3883.412066 0.000062 
3882.244955 0.000193 
3881.077843 0.000215 
3879.910731 0.000229 
3878.743619 0.000151 
3877.576508 0.000004 
3876.409396 0.000013 
3875.242284 0.000064 
3874.075172 0.000098 
3872.908061 0.000080 
3871.740949 0.000224 
3870.573837 0.000144 
3869.406725 0.000093 
3868.239614 0.000298 
3867.072502 0.000208 
3865.905390 0.000122 
3864.738278 0.000224 
3863.571167 0.000305 
3862.404055 0.000302 
3861.236943 0.000398 
3860.069832 0.000319 
3858.902720 0.000149 
3857.735608 0.000204 
3856.568496 0.000286 
3855.401385 0.000479 
3854.234273 0.000327 
3853.067161 0.000254 
3851.900049 0.000267 
3850.732938 0.000238 
3849.565826 0.000118 
3848.398714 0.000245 
3847.231602 0.000289 
3846.064491 0.000185 
3844.897379 0.000124 
3843.730267 0.000186 
3842.563155 0.000177 
3841.396044 0.000057 
3840.228932 0.000075 
3839.061820 0.000042 
3837.894709 0.000028 
3836.727597 -0.000179 
3835.560485 -0.000300 
3834.393373 -0.000257 
3833.226262 -0.000440 
3832.059150 -0.000406 
3830.892038 -0.000548 
3829.724926 -0.000617 
3828.557815 -0.000776 
3827.390703 -0.000833 
3826.223591 -0.000828 
3825.056479 -0.000768 
3823.889368 -0.000791 
3822.722256 -0.000806 
3821.555144 -0.000823 
3820.388032 -0.000885 
3819.220921 -0.000851 
3818.053809 -0.000803 
3816.886697 -0.000705 
3815.719586 -0.000727 
3814.552474 -0.000536 
3813.385362 -0.000526 
3812.218250 -0.000549 
3811.051139 -0.000397 
3809.884027 -0.000293 
3808.716915 -0.000334 
3807.549803 -0.000134 
3806.382692 -0.000188 
3805.215580 -0.000112 
3804.048468 -0.000004 
3802.881356 -0.000051 
3801.714245 -0.000467 
3800.547133 -0.000648 
3799.380021 -0.000530 
3798.212909 -0.000270 
3797.045798 -0.000481 
3795.878686 -0.000679 
3794.711574 -0.000571 
3793.544463 -0.000500 
3792.377351 -0.000728 
3791.210239 -0.000669 
3790.043127 -0.000572 
3788.876016 -0.000576 
3787.708904 -0.000525 
3786.541792 -0.000255 
3785.374680 -0.000178 
3784.207569 -0.000100 
3783.040457 -0.000199 
3781.873345 -0.000236 
3780.706233 -0.000178 
3779.539122 -0.000073 
3778.372010 -0.000064 
3777.204898 -0.000060 
3776.037786 0.000015 
3774.870675 -0.000056 
3773.703563 -0.000060 
3772.536451 -0.000014 
3771.369339 0.000032 
3770.202228 0.000146 
3769.035116 0.000195 
3767.868004 0.000251 
3766.700893 0.000219 
3765.533781 0.000198 
3764.366669 0.000373 
3763.199557 0.000378 
3762.032446 0.000373 
3760.865334 0.000321 
3759.698222 0.000418 
3758.531110 0.000371 
3757.363999 0.000314 
3756.196887 0.000398 
3755.029775 0.000478 
3753.862663 0.000428 
3752.695552 0.000319 
3751.528440 0.000526 
3750.361328 0.000571 
3749.194216 0.000690 
3748.027105 0.000847 
3746.859993 0.000809 
3745.692881 0.001063 
3744.525770 0.001231 
3743.358658 0.001385 
3742.191546 0.001720 
3741.024434 0.002061 
3739.857323 0.002206 
3738.690211 0.002413 
3737.523099 0.002524 
3736.355987 0.002615 
3735.188876 0.002367 
3734.021764 0.002221 
3732.854652 0.002104 
3731.687540 0.001905 
3730.520429 0.001758 
3729.353317 0.001616 
3728.186205 0.001253 
3727.019093 0.000977 
3725.851982 0.000697 
3724.684870 0.000576 
3723.517758 0.000537 
3722.350647 0.000487 
3721.183535 0.000390 
3720.016423 0.000397 
3718.849311 0.000277 
3717.682200 0.000205 
3716.515088 0.000134 
3715.347976 0.000210 
3714.180864 0.000127 
3713.013753 0.000185 
3711.846641 0.000209 
3710.679529 0.000162 
3709.512417 0.000119 
3708.345306 0.000131 
3707.178194 0.000051 
3706.011082 -0.000120 
3704.843970 -0.000085 
3703.676859 0.000006 
3702.509747 0.000021 
3701.342635 -0.000042 
3700.175524 -0.000037 
3699.008412 -0.000006 
3697.841300 -0.000047 
3696.674188 -0.000111 
3695.507077 -0.000005 
3694.339965 0.000045 
3693.172853 0.000089 
3692.005741 0.000051 
3690.838630 0.000163 
3689.671518 0.000124 
3688.504406 0.000050 
3687.337294 0.000084 
3686.170183 0.000146 
3685.003071 0.000171 
3683.835959 0.000080 
3682.668847 0.000088 
3681.501736 0.000159 
3680.334624 0.000002 
3679.167512 0.000028 
3678.000401 -0.000030 
3676.833289 -0.000048 
3675.666177 -0.000076 
3674.499065 0.000030 
3673.331954 -0.000005 
3672.164842 -0.000028 
3670.997730 0.000139 
3669.830618 0.000039 
3668.663507 -0.000029 
3667.496395 -0.000023 
3666.329283 0.000128 
3665.162171 0.000040 
3663.995060 0.000057 
3662.827948 -0.000078 
3661.660836 -0.000098 
3660.493724 -0.000060 
3659.326613 0.000011 
3658.159501 -0.000005 
3656.992389 -0.000135 
3655.825278 -0.000113 
3654.658166 -0.000136 
3653.491054 -0.000099 
3652.323942 0.000004 
3651.156831 0.000079 
3649.989719 -0.000024 
3648.822607 -0.000103 
3647.655495 -0.000085 
3646.488384 -0.000056 
3645.321272 0.000116 
3644.154160 0.000121 
3642.987048 0.000031 
3641.819937 -0.000049 
3640.652825 0.000033 
3639.485713 0.000018 
3638.318601 0.000051 
3637.151490 0.000106 
3635.984378 0.000175 
3634.817266 0.000116 
3633.650155 0.000194 
3632.483043 0.000149 
3631.315931 0.000164 
3630.148819 0.000253 
3628.981708 0.000247 
3627.814596 0.000249 
3626.647484 0.000268 
3625.480372 0.000252 
3624.313261 0.000286 
3623.146149 0.000265 
3621.979037 0.000225 
3620.811925 0.000098 
3619.644814 0.000051 
3618.477702 0.000232 
3617.310590 0.000258 
3616.143478 0.000244 
3614.976367 0.000370 
3613.809255 0.000262 
3612.642143 0.000280 
3611.475031 0.000250 
3610.307920 0.000265 
3609.140808 0.000191 
3607.973696 0.000138 
3606.806585 0.000239 
3605.639473 0.000247 
3604.472361 0.000093 
3603.305249 0.000085 
3602.138138 0.000144 
3600.971026 0.000137 
3599.803914 0.000173 
3598.636802 0.000228 
3597.469691 0.000132 
3596.302579 0.000024 
3595.135467 0.000032 
3593.968355 0.000026 
3592.801244 -0.000037 
3591.634132 -0.000146 
3590.467020 -0.000145 
3589.299908 0.000060 
3588.132797 -0.000136 
3586.965685 -0.000193 
3585.798573 -0.000211 
3584.631462 -0.000167 
3583.464350 -0.000095 
3582.297238 -0.000026 
3581.130126 -0.000152 
3579.963015 -0.000091 
3578.795903 -0.000004 
3577.628791 -0.000113 
3576.461679 -0.000028 
3575.294568 0.000033 
3574.127456 0.000047 
3572.960344 0.000071 
3571.793232 0.000002 
3570.626121 -0.000112 
3569.459009 -0.000011 
3568.291897 0.000121 
3567.124785 0.000011 
3565.957674 -0.000061 
3564.790562 -0.000040 
3563.623450 -0.000110 
3562.456339 -0.000029 
3561.289227 0.000011 
3560.122115 -0.000035 
3558.955003 -0.000084 
3557.787892 -0.000062 
3556.620780 -0.000046 
3555.453668 -0.000130 
3554.286556 -0.000034 
3553.119445 0.000013 
3551.952333 0.000024 
3550.785221 0.000156 
3549.618109 0.000079 
3548.450998 -0.000040 
3547.283886 -0.000053 
3546.116774 0.000043 
3544.949662 0.000080 
3543.782551 0.000134 
3542.615439 0.000068 
3541.448327 0.000102 
3540.281216 0.000036 
3539.114104 -0.000037 
3537.946992 -0.000066 
3536.779880 0.000172 
3535.612769 0.000136 
3534.445657 0.000028 
3533.278545 0.000029 
3532.111433 0.000026 
3530.944322 -0.000008 
3529.777210 0.000012 
3528.610098 0.000119 
3527.442986 -0.000043 
3526.275875 -0.000179 
3525.108763 -0.000237 
3523.941651 -0.000245 
3522.774539 -0.000283 
3521.607428 -0.000223 
3520.440316 -0.000154 
3519.273204 -0.000123 
3518.106093 -0.000104 
3516.938981 -0.000179 
3515.771869 -0.000127 
3514.604757 -0.000133 
3513.437646 -0.000060 
3512.270534 -0.000041 
3511.103422 -0.000012 
3509.936310 -0.000027 
3508.769199 0.000022 
3507.602087 0.000033 
3506.434975 -0.000011 
3505.267863 -0.000051 
3504.100752 -0.000011 
3502.933640 0.000013 
3501.766528 0.000059 
3500.599416 -0.000013 
3499.432305 0.000017 
3498.265193 0.000030 
3497.098081 0.000019 
3495.930970 -0.000062 
3494.763858 -0.000132 
3493.596746 0.000030 
3492.429634 -0.000013 
3491.262523 -0.000006 
3490.095411 0.000118 
3488.928299 0.000095 
3487.761187 0.000035 
3486.594076 0.000018 
3485.426964 0.000066 
3484.259852 0.000066 
3483.092740 0.000028 
3481.925629 0.000008 
3480.758517 0.000002 
3479.591405 0.000040 
3478.424293 0.000020 
3477.257182 0.000029 
3476.090070 0.000001 
3474.922958 0.000054 
3473.755847 -0.000011 
3472.588735 0.000046 
3471.421623 0.000042 
3470.254511 0.000202 
3469.087400 0.000071 
3467.920288 -0.000020 
3466.753176 0.000016 
3465.586064 -0.000111 
3464.418953 0.000084 
3463.251841 0.000048 
3462.084729 0.000001 
3460.917617 0.000032 
3459.750506 0.000062 
3458.583394 0.000049 
3457.416282 0.000050 
3456.249170 0.000049 
3455.082059 -0.000036 
3453.914947 0.000036 
3452.747835 0.000112 
3451.580723 0.000144 
3450.413612 -0.000010 
3449.246500 -0.000042 
3448.079388 0.000049 
3446.912277 -0.000008 
3445.745165 0.000048 
3444.578053 0.000073 
3443.410941 0.000042 
3442.243830 -0.000008 
3441.076718 -0.000018 
3439.909606 -0.000175 
3438.742494 -0.000152 
3437.575383 -0.000034 
3436.408271 0.000054 
3435.241159 0.000083 
3434.074047 0.000083 
3432.906936 0.000050 
3431.739824 0.000021 
3430.572712 0.000008 
3429.405600 0.000071 
3428.238489 -0.000016 
3427.071377 0.000046 
3425.904265 0.000169 
3424.737154 0.000192 
3423.570042 0.000096 
3422.402930 0.000086 
3421.235818 0.000224 
3420.068707 0.000185 
3418.901595 0.000134 
3417.734483 0.000072 
3416.567371 0.000075 
3415.400260 0.000049 
3414.233148 0.000096 
3413.066036 0.000105 
3411.898924 0.000029 
3410.731813 0.000010 
3409.564701 0.000067 
3408.397589 0.000091 
3407.230477 0.000037 
3406.063366 0.000015 
3404.896254 -0.000022 
3403.729142 -0.000005 
3402.562031 0.000014 
3401.394919 0.000018 
3400.227807 -0.000125 
3399.060695 -0.000078 
3397.893584 -0.000029 
3396.726472 -0.000018 
3395.559360 0.000034 
3394.392248 0.000047 
3393.225137 0.000028 
3392.058025 -0.000032 
3390.890913 -0.000038 
3389.723801 -0.000048 
3388.556690 -0.000099 
3387.389578 0.000012 
3386.222466 0.000098 
3385.055354 0.000088 
3383.888243 -0.000039 
3382.721131 -0.000023 
3381.554019 0.000058 
3380.386908 -0.000076 
3379.219796 -0.000009 
3378.052684 0.000076 
3376.885572 -0.000047 
3375.718461 -0.000068 
3374.551349 -0.000006 
3373.384237 0.000023 
3372.217125 -0.000043 
3371.050014 -0.000028 
3369.882902 -0.000168 
3368.715790 -0.000053 
3367.548678 0.000083 
3366.381567 -0.000030 
3365.214455 -0.000050 
3364.047343 -0.000019 
3362.880231 0.000028 
3361.713120 0.000034 
3360.546008 0.000025 
3359.378896 0.000006 
3358.211785 -0.000029 
3357.044673 0.000109 
3355.877561 -0.000042 
3354.710449 -0.000146 
3353.543338 -0.000198 
3352.376226 -0.000115 
3351.209114 0.000010 
3350.042002 0.000029 
3348.874891 0.000040 
3347.707779 0.000017 
3346.540667 0.000022 
3345.373555 -0.000018 
3344.206444 0.000028 
3343.039332 -0.000044 
3341.872220 -0.000010 
3340.705108 0.000071 
3339.537997 0.000016 
3338.370885 -0.000019 
3337.203773 0.000111 
3336.036662 0.000051 
3334.869550 0.000025 
3333.702438 -0.000097 
3332.535326 -0.000101 
3331.368215 -0.000064 
3330.201103 -0.000034 
3329.033991 0.000069 
3327.866879 0.000057 
3326.699768 0.000018 
3325.532656 0.000138 
3324.365544 0.000038 
3323.198432 -0.000085 
3322.031321 -0.000020 
3320.864209 0.000075 
3319.697097 0.000139 
3318.529985 0.000076 
3317.362874 0.000183 
3316.195762 0.000075 
3315.028650 0.000182 
3313.861538 0.000245 
3312.694427 0.000163 
3311.527315 0.000210 
3310.360203 0.000058 
3309.193092 0.000058 
3308.025980 0.000031 
3306.858868 -0.000021 
3305.691756 0.000011 
3304.524645 -0.000029 
3303.357533 -0.000098 
3302.190421 -0.000137 
3301.023309 -0.000063 
3299.856198 0.000059 
3298.689086 -0.000012 
3297.521974 -0.000086 
3296.354862 -0.000149 
3295.187751 -0.000193 
3294.020639 -0.000191 
3292.853527 -0.000058 
3291.686415 -0.000071 
3290.519304 -0.000233 
3289.352192 -0.000125 
3288.185080 -0.000013 
3287.017969 -0.000062 
3285.850857 -0.000090 
3284.683745 0.000033 
3283.516633 0.000007 
3282.349522 0.000001 
3281.182410 0.000047 
3280.015298 -0.000012 
3278.848186 0.000043 
3277.681075 0.000096 
3276.513963 0.000077 
3275.346851 0.000027 
3274.179739 -0.000024 
3273.012628 -0.000018 
3271.845516 -0.000013 
3270.678404 0.000043 
3269.511292 0.000168 
3268.344181 0.000104 
3267.177069 0.000024 
3266.009957 0.000129 
3264.842846 0.000109 
3263.675734 -0.000008 
3262.508622 0.000000 
3261.341510 0.000073 
3260.174399 0.000013 
3259.007287 -0.000118 
3257.840175 -0.000097 
3256.673063 -0.000201 
3255.505952 -0.000182 
3254.338840 -0.000197 
3253.171728 -0.000185 
3252.004616 -0.000219 
3250.837505 -0.000201 
3249.670393 -0.000191 
3248.503281 -0.000233 
3247.336169 -0.000119 
3246.169058 -0.000138 
3245.001946 -0.000149 
3243.834834 -0.000101 
3242.667723 -0.000094 
3241.500611 -0.000055 
3240.333499 -0.000001 
3239.166387 0.000044 
3237.999276 0.000054 
3236.832164 0.000017 
3235.665052 0.000040 
3234.497940 0.000041 
3233.330829 0.000056 
3232.163717 0.000108 
3230.996605 0.000054 
3229.829493 0.000002 
3228.662382 -0.000069 
3227.495270 -0.000135 
3226.328158 -0.000094 
3225.161046 -0.000085 
3223.993935 -0.000143 
3222.826823 -0.000102 
3221.659711 -0.000059 
3220.492600 -0.000004 
3219.325488 0.000008 
3218.158376 0.000009 
3216.991264 -0.000062 
3215.824153 -0.000051 
3214.657041 -0.000050 
3213.489929 -0.000018 
3212.322817 0.000007 
3211.155706 0.000011 
3209.988594 0.000061 
3208.821482 -0.000018 
3207.654370 -0.000023 
3206.487259 0.000076 
3205.320147 0.000103 
3204.153035 0.000123 
3202.985923 -0.000034 
3201.818812 0.000097 
3200.651700 0.000095 
3199.484588 0.000112 
3198.317477 0.000139 
3197.150365 0.000114 
3195.983253 0.000035 
3194.816141 0.000036 
3193.649030 0.000079 
3192.481918 0.000088 
3191.314806 0.000041 
3190.147694 0.000071 
3188.980583 0.000098 
3187.813471 0.000040 
3186.646359 -0.000057 
3185.479247 0.000008 
3184.312136 0.000048 
3183.145024 -0.000047 
3181.977912 -0.000048 
3180.810800 0.000003 
3179.643689 -0.000081 
3178.476577 -0.000098 
3177.309465 -0.000037 
3176.142354 -0.000067 
3174.975242 -0.000165 
3173.808130 -0.000145 
3172.641018 -0.000179 
3171.473907 -0.000202 
3170.306795 -0.000252 
3169.139683 -0.000168 
3167.972571 -0.000161 
3166.805460 -0.000206 
3165.638348 -0.000208 
3164.471236 -0.000188 
3163.304124 -0.000144 
3162.137013 -0.000008 
3160.969901 -0.000037 
3159.802789 -0.000052 
3158.635677 0.000027 
3157.468566 -0.000006 
3156.301454 0.000056 
3155.134342 0.000026 
3153.967230 0.000083 
3152.800119 0.000010 
3151.633007 0.000030 
3150.465895 0.000052 
3149.298784 -0.000040 
3148.131672 -0.000085 
3146.964560 -0.000006 
3145.797448 0.000066 
3144.630337 -0.000046 
3143.463225 -0.000162 
3142.296113 -0.000082 
3141.129001 -0.000037 
3139.961890 -0.000084 
3138.794778 -0.000021 
3137.627666 -0.000055 
3136.460554 -0.000006 
3135.293443 -0.000082 
3134.126331 -0.000125 
3132.959219 -0.000014 
3131.792107 0.000044 
3130.624996 -0.000009 
3129.457884 -0.000067 
3128.290772 0.000013 
3127.123661 0.000066 
3125.956549 0.000095 
3124.789437 0.000082 
3123.622325 0.000135 
3122.455214 0.000089 
3121.288102 0.000053 
3120.120990 0.000047 
3118.953878 0.000058 
3117.786767 0.000054 
3116.619655 -0.000026 
3115.452543 -0.000117 
3114.285431 -0.000054 
3113.118320 -0.000058 
3111.951208 -0.000065 
3110.784096 -0.000056 
3109.616984 0.000006 
3108.449873 -0.000107 
3107.282761 -0.000162 
3106.115649 -0.000097 
3104.948538 -0.000077 
3103.781426 -0.000124 
3102.614314 -0.000092 
3101.447202 -0.000073 
3100.280091 -0.000108 
3099.112979 -0.000091 
3097.945867 -0.000153 
3096.778755 -0.000052 
3095.611644 0.000044 
3094.444532 0.000060 
3093.277420 -0.000015 
3092.110308 -0.000008 
3090.943197 -0.000029 
3089.776085 -0.000053 
3088.608973 -0.000056 
3087.441861 -0.000079 
3086.274750 -0.000028 
3085.107638 -0.000092 
3083.940526 -0.000080 
3082.773415 -0.000034 
3081.606303 -0.000042 
3080.439191 -0.000100 
3079.272079 -0.000117 
3078.104968 -0.000078 
3076.937856 -0.000033 
3075.770744 -0.000024 
3074.603632 -0.000036 
3073.436521 -0.000007 
3072.269409 -0.000063 
3071.102297 -0.000115 
3069.935185 -0.000103 
3068.768074 -0.000076 
3067.600962 -0.000034 
3066.433850 -0.000020 
3065.266738 0.000026 
3064.099627 0.000082 
3062.932515 0.000135 
3061.765403 0.000136 
3060.598292 0.000162 
3059.431180 0.000256 
3058.264068 0.000297 
3057.096956 0.000390 
3055.929845 0.000356 
3054.762733 0.000419 
3053.595621 0.000559 
3052.428509 0.000652 
3051.261398 0.000643 
3050.094286 0.000821 
3048.927174 0.000926 
3047.760062 0.000996 
3046.592951 0.001132 
3045.425839 0.001214 
3044.258727 0.001292 
3043.091615 0.001421 
3041.924504 0.001503 
3040.757392 0.001676 
3039.590280 0.001689 
3038.423169 0.001900 
3037.256057 0.001923 
3036.088945 0.002035 
3034.921833 0.002130 
3033.754722 0.002270 
3032.587610 0.002340 
3031.420498 0.002399 
3030.253386 0.002602 
3029.086275 0.002776 
3027.919163 0.002923 
3026.752051 0.003185 
3025.584939 0.003390 
3024.417828 0.003623 
3023.250716 0.003944 
3022.083604 0.004334 
3020.916492 0.004791 
3019.749381 0.005344 
3018.582269 0.006077 
3017.415157 0.007053 
3016.248046 0.008332 
3015.080934 0.009811 
3013.913822 0.011735 
3012.746710 0.014203 
3011.579599 0.017227 
3010.412487 0.021081 
3009.245375 0.025912 
3008.078263 0.031786 
3006.911152 0.038699 
3005.744040 0.046840 
3004.576928 0.056356 
3003.409816 0.067374 
3002.242705 0.079786 
3001.075593 0.093508 
2999.908481 0.108423 
2998.741369 0.124334 
2997.574258 0.140845 
2996.407146 0.157493 
2995.240034 0.173710 
2994.072922 0.188950 
2992.905811 0.202449 
2991.738699 0.213346 
2990.571587 0.221244 
2989.404476 0.225142 
2988.237364 0.225168 
2987.070252 0.220918 
2985.903140 0.212503 
2984.736029 0.200411 
2983.568917 0.184921 
2982.401805 0.167098 
2981.234693 0.147911 
2980.067582 0.128206 
2978.900470 0.108956 
2977.733358 0.091213 
2976.566246 0.075626 
2975.399135 0.062568 
2974.232023 0.052086 
2973.064911 0.044137 
2971.897799 0.038492 
2970.730688 0.034891 
2969.563576 0.032938 
2968.396464 0.032291 
2967.229353 0.032841 
2966.062241 0.034211 
2964.895129 0.036273 
2963.728017 0.039096 
2962.560906 0.042518 
2961.393794 0.046345 
2960.226682 0.050666 
2959.059570 0.055405 
2957.892459 0.060617 
2956.725347 0.065935 
2955.558235 0.071481 
2954.391123 0.077071 
2953.224012 0.082764 
2952.056900 0.088572 
2950.889788 0.094670 
2949.722676 0.101138 
2948.555565 0.107961 
2947.388453 0.115420 
2946.221341 0.123342 
2945.054230 0.131558 
2943.887118 0.139923 
2942.720006 0.148534 
2941.552894 0.156661 
2940.385783 0.164390 
2939.218671 0.171498 
2938.051559 0.178077 
2936.884447 0.184391 
2935.717336 0.190742 
2934.550224 0.197081 
2933.383112 0.204121 
2932.216000 0.211945 
2931.048889 0.220792 
2929.881777 0.230689 
2928.714665 0.241729 
2927.547553 0.253423 
2926.380442 0.265378 
2925.213330 0.276692 
2924.046218 0.286529 
2922.879107 0.293587 
2921.711995 0.297221 
2920.544883 0.296891 
2919.377771 0.292729 
2918.210660 0.284994 
2917.043548 0.274438 
2915.876436 0.262256 
2914.709324 0.249100 
2913.542213 0.235981 
2912.375101 0.223093 
2911.207989 0.210716 
2910.040877 0.199169 
2908.873766 0.188641 
2907.706654 0.179355 
2906.539542 0.171379 
2905.372430 0.164948 
2904.205319 0.160323 
2903.038207 0.157888 
2901.871095 0.157844 
2900.703984 0.160274 
2899.536872 0.165574 
2898.369760 0.173918 
2897.202648 0.185392 
2896.035537 0.199976 
2894.868425 0.217864 
2893.701313 0.239059 
2892.534201 0.263386 
2891.367090 0.290093 
2890.199978 0.318011 
2889.032866 0.345303 
2887.865754 0.369553 
2886.698643 0.387181 
2885.531531 0.395507 
2884.364419 0.391374 
2883.197307 0.375216 
2882.030196 0.348817 
2880.863084 0.315365 
2879.695972 0.279860 
2878.528861 0.246594 
2877.361749 0.218721 
2876.194637 0.198642 
2875.027525 0.187072 
2873.860414 0.183664 
2872.693302 0.187289 
2871.526190 0.195350 
2870.359078 0.204775 
2869.191967 0.211677 
2868.024855 0.212334 
2866.857743 0.204657 
2865.690631 0.188995 
2864.523520 0.167219 
2863.356408 0.143190 
2862.189296 0.119760 
2861.022184 0.098401 
2859.855073 0.079841 
2858.687961 0.064202 
2857.520849 0.051142 
2856.353737 0.040572 
2855.186626 0.032192 
2854.019514 0.025740 
2852.852402 0.020722 
2851.685291 0.016895 
2850.518179 0.014050 
2849.351067 0.011878 
2848.183955 0.010121 
2847.016844 0.008749 
2845.849732 0.007708 
2844.682620 0.007130 
2843.515508 0.007122 
2842.348397 0.007374 
2841.181285 0.007642 
2840.014173 0.008008 
2838.847061 0.008468 
2837.679950 0.009112 
2836.512838 0.010081 
2835.345726 0.011400 
2834.178614 0.013271 
2833.011503 0.016053 
2831.844391 0.020352 
2830.677279 0.026994 
2829.510168 0.037261 
2828.343056 0.053082 
2827.175944 0.076286 
2826.008832 0.109714 
2824.841721 0.155187 
2823.674609 0.214182 
2822.507497 0.286834 
2821.340385 0.370055 
2820.173274 0.458258 
2819.006162 0.541772 
2817.839050 0.607274 
2816.671938 0.643603 
2815.504827 0.643381 
2814.337715 0.604814 
2813.170603 0.535085 
2812.003491 0.444262 
2810.836380 0.346833 
2809.669268 0.254171 
2808.502156 0.174729 
2807.335045 0.112516 
2806.167933 0.068709 
2805.000821 0.039627 
2803.833709 0.022398 
2802.666598 0.012641 
2801.499486 0.007370 
2800.332374 0.004642 
2799.165262 0.003145 
2797.998151 0.002225 
2796.831039 0.001641 
2795.663927 0.001262 
2794.496815 0.000963 
2793.329704 0.000729 
2792.162592 0.000607 
2790.995480 0.000436 
2789.828368 0.000329 
2788.661257 0.000285 
2787.494145 0.000168 
2786.327033 0.000139 
2785.159922 0.000117 
2783.992810 0.000087 
2782.825698 0.000035 
2781.658586 0.000095 
2780.491475 0.000027 
2779.324363 -0.000006 
2778.157251 -0.000011 
2776.990139 0.000008 
2775.823028 -0.000000 
2774.655916 0.000001 
2773.488804 0.000027 
2772.321692 0.000011 
2771.154581 0.000008 
2769.987469 0.000061 
2768.820357 0.000144 
2767.653245 0.000184 
2766.486134 0.000195 
2765.319022 0.000236 
2764.151910 0.000218 
2762.984799 0.000346 
2761.817687 0.000330 
2760.650575 0.000394 
2759.483463 0.000438 
2758.316352 0.000460 
2757.149240 0.000565 
2755.982128 0.000597 
2754.815016 0.000560 
2753.647905 0.000618 
2752.480793 0.000647 
2751.313681 0.000600 
2750.146569 0.000618 
2748.979458 0.000685 
2747.812346 0.000585 
2746.645234 0.000680 
2745.478122 0.000722 
2744.311011 0.000626 
2743.143899 0.000666 
2741.976787 0.000689 
2740.809676 0.000747 
2739.642564 0.000869 
2738.475452 0.000944 
2737.308340 0.001013 
2736.141229 0.001174 
2734.974117 0.001252 
2733.807005 0.001309 
2732.639893 0.001410 
2731.472782 0.001493 
2730.305670 0.001662 
2729.138558 0.001690 
2727.971446 0.001790 
2726.804335 0.001905 
2725.637223 0.001985 
2724.470111 0.001960 
2723.302999 0.002035 
2722.135888 0.002183 
2720.968776 0.002306 
2719.801664 0.002460 
2718.634553 0.002624 
2717.467441 0.002812 
2716.300329 0.003104 
2715.133217 0.003390 
2713.966106 0.003764 
2712.798994 0.004055 
2711.631882 0.004334 
2710.464770 0.004589 
2709.297659 0.004869 
2708.130547 0.005107 
2706.963435 0.005330 
2705.796323 0.005480 
2704.629212 0.005662 
2703.462100 0.005645 
2702.294988 0.005573 
2701.127876 0.005458 
2699.960765 0.005135 
2698.793653 0.004838 
2697.626541 0.004539 
2696.459429 0.004171 
2695.292318 0.003668 
2694.125206 0.003220 
2692.958094 0.002848 
2691.790983 0.002392 
2690.623871 0.002025 
2689.456759 0.001568 
2688.289647 0.001301 
2687.122536 0.001015 
2685.955424 0.000658 
2684.788312 0.000483 
2683.621200 0.000283 
2682.454089 0.000094 
2681.286977 0.000004 
2680.119865 -0.000095 
2678.952753 -0.000127 
2677.785642 -0.000152 
2676.618530 -0.000212 
2675.451418 -0.000165 
2674.284306 -0.000096 
2673.117195 -0.000188 
2671.950083 -0.000242 
2670.782971 -0.000344 
2669.615860 -0.000346 
2668.448748 -0.000358 
2667.281636 -0.000481 
2666.114524 -0.000423 
2664.947413 -0.000459 
2663.780301 -0.000503 
2662.613189 -0.000413 
2661.446077 -0.000366 
2660.278966 -0.000267 
2659.111854 -0.000190 
2657.944742 -0.000094 
2656.777630 0.000048 
2655.610519 0.000189 
2654.443407 0.000315 
2653.276295 0.000449 
2652.109183 0.000576 
2650.942072 0.000652 
2649.774960 0.000758 
2648.607848 0.000819 
2647.440737 0.000776 
2646.273625 0.000851 
2645.106513 0.000831 
2643.939401 0.000713 
2642.772290 0.000638 
2641.605178 0.000577 
2640.438066 0.000478 
2639.270954 0.000454 
2638.103843 0.000478 
2636.936731 0.000464 
2635.769619 0.000453 
2634.602507 0.000496 
2633.435396 0.000611 
2632.268284 0.000659 
2631.101172 0.000672 
2629.934060 0.000706 
2628.766949 0.000688 
2627.599837 0.000753 
2626.432725 0.000726 
2625.265614 0.000729 
2624.098502 0.000711 
2622.931390 0.000666 
2621.764278 0.000602 
2620.597167 0.000461 
2619.430055 0.000351 
2618.262943 0.000240 
2617.095831 0.000175 
2615.928720 0.000028 
2614.761608 -0.000181 
2613.594496 -0.000341 
2612.427384 -0.000482 
2611.260273 -0.000587 
2610.093161 -0.000682 
2608.926049 -0.000726 
2607.758937 -0.000724 
2606.591826 -0.000621 
2605.424714 -0.000552 
2604.257602 -0.000554 
2603.090491 -0.000550 
2601.923379 -0.000406 
2600.756267 -0.000382 
2599.589155 -0.000442 
2598.422044 -0.000431 
2597.254932 -0.000438 
2596.087820 -0.000390 
2594.920708 -0.000403 
2593.753597 -0.000420 
2592.586485 -0.000515 
2591.419373 -0.000614 
2590.252261 -0.000760 
2589.085150 -0.001031 
2587.918038 -0.001207 
2586.750926 -0.001354 
2585.583814 -0.001531 
2584.416703 -0.001666 
2583.249591 -0.001747 
2582.082479 -0.001709 
2580.915368 -0.001595 
2579.748256 -0.001490 
2578.581144 -0.001260 
2577.414032 -0.000999 
2576.246921 -0.000697 
2575.079809 -0.000361 
2573.912697 -0.000028 
2572.745585 0.000255 
2571.578474 0.000396 
2570.411362 0.000426 
2569.244250 0.000453 
2568.077138 0.000425 
2566.910027 0.000271 
2565.742915 0.000021 
2564.575803 -0.000206 
2563.408691 -0.000382 
2562.241580 -0.000593 
2561.074468 -0.000755 
2559.907356 -0.000935 
2558.740245 -0.000931 
2557.573133 -0.001014 
2556.406021 -0.001086 
2555.238909 -0.001062 
2554.071798 -0.000993 
2552.904686 -0.000907 
2551.737574 -0.000763 
2550.570462 -0.000573 
2549.403351 -0.000418 
2548.236239 -0.000262 
2547.069127 -0.000092 
2545.902015 0.000129 
2544.734904 0.000324 
2543.567792 0.000434 
2542.400680 0.000622 
2541.233568 0.000717 
2540.066457 0.000681 
2538.899345 0.000776 
2537.732233 0.000810 
2536.565121 0.000702 
2535.398010 0.000531 
2534.230898 0.000390 
2533.063786 0.000263 
2531.896675 0.000084 
2530.729563 -0.000006 
2529.562451 -0.000107 
2528.395339 -0.000227 
2527.228228 -0.000355 
2526.061116 -0.000317 
2524.894004 -0.000235 
2523.726892 -0.000238 
2522.559781 -0.000212 
2521.392669 -0.000114 
2520.225557 -0.000039 
2519.058445 -0.000039 
2517.891334 -0.000073 
2516.724222 -0.000037 
2515.557110 0.000023 
2514.389998 0.000044 
2513.222887 0.000052 
2512.055775 0.000086 
2510.888663 0.000143 
2509.721552 0.000135 
2508.554440 0.000198 
2507.387328 0.000293 
2506.220216 0.000359 
2505.053105 0.000505 
2503.885993 0.000521 
2502.718881 0.000669 
2501.551769 0.000834 
2500.384658 0.000881 
2499.217546 0.000896 
2498.050434 0.000974 
2496.883322 0.000991 
2495.716211 0.000991 
2494.549099 0.000998 
2493.381987 0.001070 
2492.214875 0.001063 
2491.047764 0.001010 
2489.880652 0.000999 
2488.713540 0.000949 
2487.546429 0.000900 
2486.379317 0.000810 
2485.212205 0.000764 
2484.045093 0.000691 
2482.877982 0.000614 
2481.710870 0.000569 
2480.543758 0.000512 
2479.376646 0.000399 
2478.209535 0.000349 
2477.042423 0.000356 
2475.875311 0.000362 
2474.708199 0.000243 
2473.541088 0.000249 
2472.373976 0.000247 
2471.206864 0.000268 
2470.039752 0.000225 
2468.872641 0.000164 
2467.705529 0.000183 
2466.538417 0.000162 
2465.371306 0.000100 
2464.204194 0.000106 
2463.037082 0.000091 
2461.869970 0.000049 
2460.702859 0.000033 
2459.535747 0.000060 
2458.368635 0.000035 
2457.201523 0.000009 
2456.034412 -0.000015 
2454.867300 -0.000000 
2453.700188 0.000022 
2452.533076 0.000070 
2451.365965 0.000010 
2450.198853 -0.000007 
2449.031741 0.000028 
2447.864629 -0.000026 
2446.697518 -0.000018 
2445.530406 0.000022 
2444.363294 0.000012 
2443.196183 0.000033 
2442.029071 0.000048 
2440.861959 0.000020 
2439.694847 -0.000020 
2438.527736 0.000052 
2437.360624 0.000082 
2436.193512 0.000162 
2435.026400 0.000199 
2433.859289 0.000251 
2432.692177 0.000315 
2431.525065 0.000335 
2430.357953 0.000415 
2429.190842 0.000510 
2428.023730 0.000635 
2426.856618 0.000750 
2425.689506 0.000877 
2424.522395 0.000970 
2423.355283 0.001101 
2422.188171 0.001323 
2421.021060 0.001579 
2419.853948 0.002007 
2418.686836 0.002381 
2417.519724 0.002860 
2416.352613 0.003539 
2415.185501 0.004198 
2414.018389 0.004949 
2412.851277 0.005740 
2411.684166 0.006294 
2410.517054 0.006645 
2409.349942 0.006852 
2408.182830 0.006781 
2407.015719 0.006506 
2405.848607 0.006011 
2404.681495 0.005469 
2403.514383 0.004817 
2402.347272 0.004106 
2401.180160 0.003444 
2400.013048 0.002770 
2398.845936 0.002207 
2397.678825 0.001724 
2396.511713 0.001315 
2395.344601 0.000988 
2394.177490 0.000733 
2393.010378 0.000636 
2391.843266 0.000483 
2390.676154 0.000443 
2389.509043 0.000343 
2388.341931 0.000371 
2387.174819 0.000368 
2386.007707 0.000354 
2384.840596 0.000296 
2383.673484 0.000325 
2382.506372 0.000374 
2381.339260 0.000371 
2380.172149 0.000300 
2379.005037 0.000279 
2377.837925 0.000290 
2376.670813 0.000189 
2375.503702 0.000162 
2374.336590 0.000067 
2373.169478 -0.000009 
2372.002367 -0.000100 
2370.835255 -0.000183 
2369.668143 -0.000284 
2368.501031 -0.000354 
2367.333920 -0.000416 
2366.166808 -0.000433 
2364.999696 -0.000481 
2363.832584 -0.000476 
2362.665473 -0.000459 
2361.498361 -0.000419 
2360.331249 -0.000299 
2359.164137 -0.000197 
2357.997026 -0.000059 
2356.829914 0.000129 
2355.662802 0.000357 
2354.495690 0.000665 
2353.328579 0.001008 
2352.161467 0.001285 
2350.994355 0.001624 
2349.827244 0.001903 
2348.660132 0.002282 
2347.493020 0.002429 
2346.325908 0.002501 
2345.158797 0.002628 
2343.991685 0.002666 
2342.824573 0.002737 
2341.657461 0.003221 
2340.490350 0.003777 
2339.323238 0.004092 
2338.156126 0.003981 
2336.989014 0.003297 
2335.821903 0.002672 
2334.654791 0.002431 
2333.487679 0.002201 
2332.320567 0.001973 
2331.153456 0.001887 
2329.986344 0.001710 
2328.819232 0.001740 
2327.652121 0.002245 
2326.485009 0.003110 
2325.317897 0.003381 
2324.150785 0.002611 
2322.983674 0.001947 
2321.816562 0.001852 
2320.649450 0.001792 
2319.482338 0.001842 
2318.315227 0.001750 
2317.148115 0.001712 
2315.981003 0.001741 
2314.813891 0.001637 
2313.646780 0.001545 
2312.479668 0.001410 
2311.312556 0.001296 
2310.145444 0.001180 
2308.978333 0.001065 
2307.811221 0.001027 
2306.644109 0.000906 
2305.476998 0.000806 
2304.309886 0.000628 
2303.142774 0.000552 
2301.975662 0.000446 
2300.808551 0.000322 
2299.641439 0.000275 
2298.474327 0.000220 
2297.307215 0.000204 
2296.140104 0.000181 
2294.972992 0.000142 
2293.805880 0.000073 
2292.638768 0.000098 
2291.471657 0.000088 
2290.304545 0.000041 
2289.137433 -0.000006 
2287.970321 -0.000020 
2286.803210 -0.000062 
2285.636098 -0.000084 
2284.468986 -0.000126 
2283.301875 -0.000139 
2282.134763 -0.000190 
2280.967651 -0.000177 
2279.800539 -0.000156 
2278.633428 -0.000178 
2277.466316 -0.000251 
2276.299204 -0.000351 
2275.132092 -0.000415 
2273.964981 -0.000321 
2272.797869 -0.000274 
2271.630757 -0.000289 
2270.463645 -0.000291 
2269.296534 -0.000313 
2268.129422 -0.000340 
2266.962310 -0.000339 
2265.795198 -0.000227 
2264.628087 -0.000108 
2263.460975 -0.000121 
2262.293863 -0.000081 
2261.126752 0.000011 
2259.959640 0.000117 
2258.792528 0.000218 
2257.625416 0.000392 
2256.458305 0.000553 
2255.291193 0.000788 
2254.124081 0.001113 
2252.956969 0.001346 
2251.789858 0.001488 
2250.622746 0.001584 
2249.455634 0.001638 
2248.288522 0.001614 
2247.121411 0.001559 
2245.954299 0.001462 
2244.787187 0.001230 
2243.620075 0.001029 
2242.452964 0.000696 
2241.285852 0.000536 
2240.118740 0.000434 
2238.951628 0.000353 
2237.784517 0.000183 
2236.617405 0.000066 
2235.450293 0.000026 
2234.283182 -0.000032 
2233.116070 -0.000051 
2231.948958 -0.000071 
2230.781846 -0.000105 
2229.614735 -0.000158 
2228.447623 -0.000222 
2227.280511 -0.000253 
2226.113399 -0.000323 
2224.946288 -0.000308 
2223.779176 -0.000352 
2222.612064 -0.000395 
2221.444952 -0.000413 
2220.277841 -0.000424 
2219.110729 -0.000505 
2217.943617 -0.000536 
2216.776505 -0.000526 
2215.609394 -0.000495 
2214.442282 -0.000527 
2213.275170 -0.000591 
2212.108059 -0.000642 
2210.940947 -0.000688 
2209.773835 -0.000804 
2208.606723 -0.000843 
2207.439612 -0.000893 
2206.272500 -0.000890 
2205.105388 -0.000730 
2203.938276 -0.000548 
2202.771165 -0.000386 
2201.604053 -0.000209 
2200.436941 -0.000084 
2199.269829 0.000071 
2198.102718 0.000213 
2196.935606 0.000334 
2195.768494 0.000468 
2194.601382 0.000601 
2193.434271 0.000695 
2192.267159 0.000786 
2191.100047 0.000864 
2189.932936 0.000965 
2188.765824 0.001101 
2187.598712 0.001145 
2186.431600 0.001276 
2185.264489 0.001435 
2184.097377 0.001553 
2182.930265 0.001576 
2181.763153 0.001652 
2180.596042 0.001661 
2179.428930 0.001676 
2178.261818 0.001656 
2177.094706 0.001726 
2175.927595 0.001764 
2174.760483 0.001830 
2173.593371 0.002021 
2172.426259 0.002229 
2171.259148 0.002555 
2170.092036 0.002969 
2168.924924 0.003472 
2167.757813 0.004033 
2166.590701 0.004551 
2165.423589 0.004861 
2164.256477 0.005047 
2163.089366 0.005036 
2161.922254 0.004812 
2160.755142 0.004326 
2159.588030 0.003741 
2158.420919 0.003112 
2157.253807 0.002479 
2156.086695 0.001755 
2154.919583 0.001240 
2153.752472 0.000872 
2152.585360 0.000543 
2151.418248 0.000336 
2150.251136 0.000216 
2149.084025 0.000094 
2147.916913 0.000026 
2146.749801 0.000036 
2145.582690 0.000003 
2144.415578 0.000010 
2143.248466 0.000025 
2142.081354 0.000006 
2140.914243 0.000058 
2139.747131 0.000178 
2138.580019 0.000336 
2137.412907 0.000622 
2136.245796 0.000971 
2135.078684 0.001181 
2133.911572 0.001270 
2132.744460 0.001101 
2131.577349 0.000832 
2130.410237 0.000594 
2129.243125 0.000395 
2128.076013 0.000201 
2126.908902 0.000114 
2125.741790 0.000055 
2124.574678 0.000004 
2123.407567 0.000000 
2122.240455 0.000003 
2121.073343 -0.000024 
2119.906231 -0.000029 
2118.739120 -0.000046 
2117.572008 0.000002 
2116.404896 0.000011 
2115.237784 0.000070 
2114.070673 0.000057 
2112.903561 0.000100 
2111.736449 0.000136 
2110.569337 0.000149 
2109.402226 0.000138 
2108.235114 0.000213 
2107.068002 0.000253 
2105.900890 0.000366 
2104.733779 0.000533 
2103.566667 0.000737 
2102.399555 0.001007 
2101.232444 0.001311 
2100.065332 0.001674 
2098.898220 0.002189 
2097.731108 0.002741 
2096.563997 0.003444 
2095.396885 0.004130 
2094.229773 0.004843 
2093.062661 0.005580 
2091.895550 0.006275 
2090.728438 0.006891 
2089.561326 0.007557 
2088.394214 0.008387 
2087.227103 0.009420 
2086.059991 0.010763 
2084.892879 0.012514 
2083.725767 0.014578 
2082.558656 0.016833 
2081.391544 0.019064 
2080.224432 0.021084 
2079.057320 0.022545 
2077.890209 0.023210 
2076.723097 0.022883 
2075.555985 0.021760 
2074.388874 0.019955 
2073.221762 0.017593 
2072.054650 0.014802 
2070.887538 0.011953 
2069.720427 0.009265 
2068.553315 0.007024 
2067.386203 0.005106 
2066.219091 0.003730 
2065.051980 0.002658 
2063.884868 0.001924 
2062.717756 0.001444 
2061.550644 0.001115 
2060.383533 0.000898 
2059.216421 0.000690 
2058.049309 0.000456 
2056.882197 0.000222 
2055.715086 0.000234 
2054.547974 0.000207 
2053.380862 0.000079 
2052.213751 0.000055 
2051.046639 -0.000026 
2049.879527 0.000004 
2048.712415 -0.000058 
2047.545304 -0.000039 
2046.378192 -0.000056 
2045.211080 -0.000043 
2044.043968 0.000007 
2042.876857 -0.000055 
2041.709745 -0.000067 
2040.542633 -0.000026 
2039.375521 0.000007 
2038.208410 -0.000007 
2037.041298 -0.000101 
2035.874186 -0.000067 
2034.707074 -0.000020 
2033.539963 -0.000019 
2032.372851 0.000018 
2031.205739 -0.000019 
2030.038628 0.000025 
2028.871516 0.000129 
2027.704404 0.000252 
2026.537292 0.000362 
2025.370181 0.000509 
2024.203069 0.000804 
2023.035957 0.001149 
2021.868845 0.001510 
2020.701734 0.001921 
2019.534622 0.002522 
2018.367510 0.003265 
2017.200398 0.004228 
2016.033287 0.005452 
2014.866175 0.007003 
2013.699063 0.008874 
2012.531951 0.011056 
2011.364840 0.013374 
2010.197728 0.015791 
2009.030616 0.018143 
2007.863505 0.020198 
2006.696393 0.021737 
2005.529281 0.022511 
2004.362169 0.022445 
2003.195058 0.021300 
2002.027946 0.019400 
2000.860834 0.016766 
1999.693722 0.013834 
1998.526611 0.010859 
1997.359499 0.008097 
1996.192387 0.005719 
1995.025275 0.003888 
1993.858164 0.002498 
1992.691052 0.001631 
1991.523940 0.001093 
1990.356828 0.000754 
1989.189717 0.000644 
1988.022605 0.000583 
1986.855493 0.000538 
1985.688382 0.000462 
1984.521270 0.000439 
1983.354158 0.000378 
1982.187046 0.000332 
1981.019935 0.000255 
1979.852823 0.000216 
1978.685711 0.000092 
1977.518599 0.000018 
1976.351488 -0.000023 
1975.184376 -0.000004 
1974.017264 0.000032 
1972.850152 0.000063 
1971.683041 0.000009 
1970.515929 -0.000014 
1969.348817 -0.000039 
1968.181705 -0.000061 
1967.014594 -0.000036 
1965.847482 0.000031 
1964.680370 -0.000013 
1963.513259 -0.000056 
1962.346147 -0.000028 
1961.179035 -0.000019 
1960.011923 -0.000000 
1958.844812 -0.000014 
1957.677700 -0.000067 
1956.510588 -0.000093 
1955.343476 -0.000073 
1954.176365 0.000053 
1953.009253 0.000017 
1951.842141 -0.000032 
1950.675029 0.000001 
1949.507918 -0.000000 
1948.340806 -0.000029 
1947.173694 -0.000016 
1946.006582 0.000008 
1944.839471 0.000033 
1943.672359 0.000028 
1942.505247 0.000040 
1941.338135 0.000063 
1940.171024 0.000089 
1939.003912 0.000065 
1937.836800 0.000009 
1936.669689 0.000038 
1935.502577 0.000049 
1934.335465 -0.000028 
1933.168353 0.000005 
1932.001242 0.000014 
1930.834130 -0.000032 
1929.667018 0.000019 
1928.499906 -0.000007 
1927.332795 0.000017 
1926.165683 -0.000006 
1924.998571 0.000019 
1923.831459 0.000022 
1922.664348 -0.000038 
1921.497236 -0.000041 
1920.330124 -0.000040 
1919.163012 0.000020 
1917.995901 0.000001 
1916.828789 -0.000011 
1915.661677 -0.000050 
1914.494566 -0.000015 
1913.327454 -0.000012 
1912.160342 -0.000020 
1910.993230 0.000019 
1909.826119 0.000033 
1908.659007 -0.000005 
1907.491895 -0.000040 
1906.324783 -0.000024 
1905.157672 0.000032 
1903.990560 -0.000004 
1902.823448 -0.000005 
1901.656336 0.000043 
1900.489225 -0.000002 
1899.322113 0.000010 
1898.155001 -0.000001 
1896.987889 0.000015 
1895.820778 0.000048 
1894.653666 0.000044 
1893.486554 0.000035 
1892.319443 0.000069 
1891.152331 0.000116 
1889.985219 0.000119 
1888.818107 0.000120 
1887.650996 0.000124 
1886.483884 0.000157 
1885.316772 0.000071 
1884.149660 0.000154 
1882.982549 0.000132 
1881.815437 0.000101 
1880.648325 0.000092 
1879.481213 0.000107 
1878.314102 0.000097 
1877.146990 0.000162 
1875.979878 0.000104 
1874.812766 0.000059 
1873.645655 0.000061 
1872.478543 0.000056 
1871.311431 0.000052 
1870.144320 0.000006 
1868.977208 0.000013 
1867.810096 0.000031 
1866.642984 0.000093 
1865.475873 0.000103 
1864.308761 0.000029 
1863.141649 -0.000075 
1861.974537 -0.000042 
1860.807426 -0.000058 
1859.640314 -0.000115 
1858.473202 -0.000129 
1857.306090 -0.000137 
1856.138979 -0.000088 
1854.971867 0.000060 
1853.804755 0.000261 
1852.637643 0.000467 
1851.470532 0.000698 
1850.303420 0.000814 
1849.136308 0.001015 
1847.969197 0.001227 
1846.802085 0.001397 
1845.634973 0.001583 
1844.467861 0.001835 
1843.300750 0.002075 
1842.133638 0.002349 
1840.966526 0.002639 
1839.799414 0.002967 
1838.632303 0.003207 
1837.465191 0.003378 
1836.298079 0.003471 
1835.130967 0.003626 
1833.963856 0.003659 
1832.796744 0.003567 
1831.629632 0.003423 
1830.462520 0.003119 
1829.295409 0.002866 
1828.128297 0.002406 
1826.961185 0.001979 
1825.794074 0.001557 
1824.626962 0.001248 
1823.459850 0.000924 
1822.292738 0.000691 
1821.125627 0.000513 
1819.958515 0.000455 
1818.791403 0.000410 
1817.624291 0.000359 
1816.457180 0.000346 
1815.290068 0.000308 
1814.122956 0.000277 
1812.955844 0.000267 
1811.788733 0.000246 
1810.621621 0.000238 
1809.454509 0.000195 
1808.287397 0.000211 
1807.120286 0.000182 
1805.953174 0.000128 
1804.786062 0.000105 
1803.618951 0.000101 
1802.451839 0.000116 
1801.284727 0.000065 
1800.117615 0.000036 
1798.950504 0.000023 
1797.783392 0.000024 
1796.616280 -0.000028 
1795.449168 0.000000 
1794.282057 0.000007 
1793.114945 0.000021 
1791.947833 -0.000020 
1790.780721 -0.000028 
1789.613610 0.000016 
1788.446498 0.000009 
1787.279386 0.000040 
1786.112274 -0.000019 
1784.945163 -0.000011 
1783.778051 -0.000041 
1782.610939 0.000016 
1781.443827 -0.000019 
1780.276716 -0.000055 
1779.109604 -0.000058 
1777.942492 -0.000023 
1776.775381 -0.000036 
1775.608269 -0.000046 
1774.441157 0.000025 
1773.274045 -0.000017 
1772.106934 -0.000027 
1770.939822 -0.000007 
1769.772710 0.000002 
1768.605598 -0.000024 
1767.438487 -0.000055 
1766.271375 -0.000016 
1765.104263 -0.000003 
1763.937151 0.000010 
1762.770040 0.000060 
1761.602928 0.000038 
1760.435816 0.000034 
1759.268704 0.000082 
1758.101593 0.000098 
1756.934481 0.000093 
1755.767369 0.000096 
1754.600258 0.000089 
1753.433146 0.000133 
1752.266034 0.000180 
1751.098922 0.000214 
1749.931811 0.000269 
1748.764699 0.000255 
1747.597587 0.000345 
1746.430475 0.000350 
1745.263364 0.000397 
1744.096252 0.000452 
1742.929140 0.000508 
1741.762028 0.000551 
1740.594917 0.000604 
1739.427805 0.000601 
1738.260693 0.000668 
1737.093581 0.000674 
1735.926470 0.000695 
1734.759358 0.000745 
1733.592246 0.000776 
1732.425135 0.000865 
1731.258023 0.000889 
1730.090911 0.000935 
1728.923799 0.000983 
1727.756688 0.001066 
1726.589576 0.001097 
1725.422464 0.001105 
1724.255352 0.001044 
1723.088241 0.001070 
1721.921129 0.001124 
1720.754017 0.001095 
1719.586905 0.001057 
1718.419794 0.001026 
1717.252682 0.000993 
1716.085570 0.001002 
1714.918458 0.000963 
1713.751347 0.000935 
1712.584235 0.000923 
1711.417123 0.000893 
1710.250012 0.000898 
1709.082900 0.000846 
1707.915788 0.000811 
1706.748676 0.000765 
1705.581565 0.000769 
1704.414453 0.000754 
1703.247341 0.000703 
1702.080229 0.000723 
1700.913118 0.000707 
1699.746006 0.000725 
1698.578894 0.000789 
1697.411782 0.000766 
1696.244671 0.000762 
1695.077559 0.000771 
1693.910447 0.000808 
1692.743335 0.000829 
1691.576224 0.000855 
1690.409112 0.000874 
1689.242000 0.000886 
1688.074889 0.000909 
1686.907777 0.000952 
1685.740665 0.000960 
1684.573553 0.000954 
1683.406442 0.001010 
1682.239330 0.001010 
1681.072218 0.001066 
1679.905106 0.001141 
1678.737995 0.001120 
1677.570883 0.001164 
1676.403771 0.001188 
1675.236659 0.001270 
1674.069548 0.001280 
1672.902436 0.001412 
1671.735324 0.001455 
1670.568212 0.001548 
1669.401101 0.001564 
1668.233989 0.001653 
1667.066877 0.001740 
1665.899766 0.001822 
1664.732654 0.001849 
1663.565542 0.001772 
1662.398430 0.001749 
1661.231319 0.001672 
1660.064207 0.001558 
1658.897095 0.001517 
1657.729983 0.001442 
1656.562872 0.001291 
1655.395760 0.001156 
1654.228648 0.001019 
1653.061536 0.000891 
1651.894425 0.000847 
1650.727313 0.000813 
1649.560201 0.000787 
1648.393089 0.000766 
1647.225978 0.000694 
1646.058866 0.000715 
1644.891754 0.000690 
1643.724643 0.000605 
1642.557531 0.000606 
1641.390419 0.000632 
1640.223307 0.000565 
1639.056196 0.000566 
1637.889084 0.000605 
1636.721972 0.000576 
1635.554860 0.000528 
1634.387749 0.000459 
1633.220637 0.000544 
1632.053525 0.000566 
1630.886413 0.000447 
1629.719302 0.000446 
1628.552190 0.000441 
1627.385078 0.000413 
1626.217966 0.000425 
1625.050855 0.000420 
1623.883743 0.000419 
1622.716631 0.000461 
1621.549519 0.000462 
1620.382408 0.000463 
1619.215296 0.000502 
1618.048184 0.000537 
1616.881073 0.000558 
1615.713961 0.000627 
1614.546849 0.000667 
1613.379737 0.000753 
1612.212626 0.000822 
1611.045514 0.000874 
1609.878402 0.000973 
1608.711290 0.001119 
1607.544179 0.001246 
1606.377067 0.001405 
1605.209955 0.001585 
1604.042843 0.001746 
1602.875732 0.001970 
1601.708620 0.002193 
1600.541508 0.002421 
1599.374396 0.002746 
1598.207285 0.003122 
1597.040173 0.003382 
1595.873061 0.003777 
1594.705950 0.004142 
1593.538838 0.004499 
1592.371726 0.004795 
1591.204614 0.005059 
1590.037503 0.005248 
1588.870391 0.005372 
1587.703279 0.005390 
1586.536167 0.005329 
1585.369056 0.005185 
1584.201944 0.004869 
1583.034832 0.004526 
1581.867720 0.004183 
1580.700609 0.003833 
1579.533497 0.003462 
1578.366385 0.003154 
1577.199273 0.002813 
1576.032162 0.002539 
1574.865050 0.002354 
1573.697938 0.002227 
1572.530827 0.002058 
1571.363715 0.001922 
1570.196603 0.001875 
1569.029491 0.001785 
1567.862380 0.001790 
1566.695268 0.001701 
1565.528156 0.001666 
1564.361044 0.001698 
1563.193933 0.001667 
1562.026821 0.001621 
1560.859709 0.001605 
1559.692597 0.001522 
1558.525486 0.001537 
1557.358374 0.001562 
1556.191262 0.001573 
1555.024150 0.001450 
1553.857039 0.001360 
1552.689927 0.001374 
1551.522815 0.001381 
1550.355704 0.001446 
1549.188592 0.001534 
1548.021480 0.001570 
1546.854368 0.001493 
1545.687257 0.001440 
1544.520145 0.001395 
1543.353033 0.001298 
1542.185921 0.001185 
1541.018810 0.001054 
1539.851698 0.001013 
1538.684586 0.001188 
1537.517474 0.001468 
1536.350363 0.001616 
1535.183251 0.001665 
1534.016139 0.001698 
1532.849027 0.001835 
1531.681916 0.001880 
1530.514804 0.001931 
1529.347692 0.002017 
1528.180581 0.002053 
1527.013469 0.002053 
1525.846357 0.002072 
1524.679245 0.002157 
1523.512134 0.002317 
1522.345022 0.002456 
1521.177910 0.002669 
1520.010798 0.002839 
1518.843687 0.002915 
1517.676575 0.003013 
1516.509463 0.003134 
1515.342351 0.003198 
1514.175240 0.003233 
1513.008128 0.003240 
1511.841016 0.003258 
1510.673904 0.003389 
1509.506793 0.003450 
1508.339681 0.003514 
1507.172569 0.003565 
1506.005458 0.003613 
1504.838346 0.003691 
1503.671234 0.003812 
1502.504122 0.003876 
1501.337011 0.004046 
1500.169899 0.004219 
1499.002787 0.004405 
1497.835675 0.004698 
1496.668564 0.005156 
1495.501452 0.005853 
1494.334340 0.007239 
1493.167228 0.009740 
1492.000117 0.013744 
1490.833005 0.019361 
1489.665893 0.026030 
1488.498781 0.033105 
1487.331670 0.040162 
1486.164558 0.046992 
1484.997446 0.053394 
1483.830334 0.059284 
1482.663223 0.064438 
1481.496111 0.069102 
1480.328999 0.073774 
1479.161888 0.078415 
1477.994776 0.081924 
1476.827664 0.083007 
1475.660552 0.080570 
1474.493441 0.075716 
1473.326329 0.074308 
1472.159217 0.083548 
1470.992105 0.100869 
1469.824994 0.119778 
1468.657882 0.136790 
1467.490770 0.151389 
1466.323658 0.164038 
1465.156547 0.175287 
1463.989435 0.185449 
1462.822323 0.194367 
1461.655211 0.201281 
1460.488100 0.205216 
1459.320988 0.205761 
1458.153876 0.203404 
1456.986765 0.198527 
1455.819653 0.190905 
1454.652541 0.180031 
1453.485429 0.164732 
1452.318318 0.144412 
1451.151206 0.120359 
1449.984094 0.096618 
1448.816982 0.077485 
1447.649871 0.064146 
1446.482759 0.054769 
1445.315647 0.047409 
1444.148535 0.040913 
1442.981424 0.034423 
1441.814312 0.027564 
1440.647200 0.020278 
1439.480088 0.013139 
1438.312977 0.007327 
1437.145865 0.003634 
1435.978753 0.002097 
1434.811642 0.002079 
1433.644530 0.003173 
1432.477418 0.004676 
1431.310306 0.006212 
1430.143195 0.007562 
1428.976083 0.008990 
1427.808971 0.010217 
1426.641859 0.010755 
1425.474748 0.009756 
1424.307636 0.007532 
1423.140524 0.005164 
1421.973412 0.003239 
1420.806301 0.001948 
1419.639189 0.001051 
1418.472077 0.000544 
1417.304965 0.000251 
1416.137854 0.000153 
1414.970742 0.000101 
1413.803630 0.000053 
1412.636519 -0.000058 
1411.469407 -0.000095 
1410.302295 -0.000047 
1409.135183 -0.000013 
1407.968072 -0.000006 
1406.800960 0.000062 
1405.633848 0.000053 
1404.466736 0.000067 
1403.299625 0.000060 
1402.132513 0.000013 
1400.965401 0.000036 
1399.798289 -0.000011 
1398.631178 -0.000062 
1397.464066 -0.000116 
1396.296954 -0.000125 
1395.129842 -0.000145 
1393.962731 -0.000125 
1392.795619 -0.000061 
1391.628507 0.000002 
1390.461396 0.000066 
1389.294284 0.000127 
1388.127172 0.000074 
1386.960060 0.000071 
1385.792949 0.000128 
1384.625837 0.000115 
1383.458725 0.000081 
1382.291613 0.000017 
1381.124502 0.000053 
1379.957390 0.000019 
1378.790278 0.000005 
1377.623166 -0.000034 
1376.456055 0.000014 
1375.288943 -0.000023 
1374.121831 0.000032 
1372.954719 -0.000003 
1371.787608 -0.000009 
1370.620496 -0.000004 
1369.453384 -0.000007 
1368.286273 0.000019 
1367.119161 0.000037 
1365.952049 0.000100 
1364.784937 0.000132 
1363.617826 0.000116 
1362.450714 0.000118 
1361.283602 0.000194 
1360.116490 0.000244 
1358.949379 0.000254 
1357.782267 0.000337 
1356.615155 0.000332 
1355.448043 0.000373 
1354.280932 0.000459 
1353.113820 0.000527 
1351.946708 0.000562 
1350.779596 0.000663 
1349.612485 0.000727 
1348.445373 0.000827 
1347.278261 0.000902 
1346.111150 0.000987 
1344.944038 0.001017 
1343.776926 0.001125 
1342.609814 0.001245 
1341.442703 0.001290 
1340.275591 0.001331 
1339.108479 0.001439 
1337.941367 0.001477 
1336.774256 0.001530 
1335.607144 0.001537 
1334.440032 0.001591 
1333.272920 0.001626 
1332.105809 0.001621 
1330.938697 0.001655 
1329.771585 0.001680 
1328.604473 0.001772 
1327.437362 0.001754 
1326.270250 0.001812 
1325.103138 0.001860 
1323.936026 0.001918 
1322.768915 0.001967 
1321.601803 0.001998 
1320.434691 0.002062 
1319.267580 0.002180 
1318.100468 0.002140 
1316.933356 0.002187 
1315.766244 0.002303 
1314.599133 0.002410 
1313.432021 0.002424 
1312.264909 0.002471 
1311.097797 0.002506 
1309.930686 0.002618 
1308.763574 0.002715 
1307.596462 0.002708 
1306.429350 0.002741 
1305.262239 0.002813 
1304.095127 0.002859 
1302.928015 0.002845 
1301.760903 0.002852 
1300.593792 0.002873 
1299.426680 0.002903 
1298.259568 0.002918 
1297.092457 0.003000 
1295.925345 0.003030 
1294.758233 0.003100 
1293.591121 0.003137 
1292.424010 0.003211 
1291.256898 0.003291 
1290.089786 0.003385 
1288.922674 0.003491 
1287.755563 0.003550 
1286.588451 0.003649 
1285.421339 0.003708 
1284.254227 0.003807 
1283.087116 0.003892 
1281.920004 0.004001 
1280.752892 0.004099 
1279.585780 0.004244 
1278.418669 0.004350 
1277.251557 0.004435 
1276.084445 0.004607 
1274.917334 0.004709 
1273.750222 0.004860 
1272.583110 0.004976 
1271.415998 0.005149 
1270.248887 0.005266 
1269.081775 0.005452 
1267.914663 0.005608 
1266.747551 0.005812 
1265.580440 0.006035 
1264.413328 0.006331 
1263.246216 0.006631 
1262.079104 0.007016 
1260.911993 0.007541 
1259.744881 0.008302 
1258.577769 0.009601 
1257.410657 0.012147 
1256.243546 0.016962 
1255.076434 0.025372 
1253.909322 0.038077 
1252.742211 0.054021 
1251.575099 0.070162 
1250.407987 0.082936 
1249.240875 0.090593 
1248.073764 0.091945 
1246.906652 0.087261 
1245.739540 0.077610 
1244.572428 0.064387 
1243.405317 0.049990 
1242.238205 0.036680 
1241.071093 0.025927 
1239.903981 0.018436 
1238.736870 0.013838 
1237.569758 0.011297 
1236.402646 0.009923 
1235.235534 0.009184 
1234.068423 0.008839 
1232.901311 0.008653 
1231.734199 0.008696 
1230.567088 0.008720 
1229.399976 0.008820 
1228.232864 0.008973 
1227.065752 0.009143 
1225.898641 0.009238 
1224.731529 0.009421 
1223.564417 0.009688 
1222.397305 0.009846 
1221.230194 0.010094 
1220.063082 0.010360 
1218.895970 0.010634 
1217.728858 0.010904 
1216.561747 0.011227 
1215.394635 0.011587 
1214.227523 0.011921 
1213.060411 0.012205 
1211.893300 0.012557 
1210.726188 0.012842 
1209.559076 0.013241 
1208.391965 0.013587 
1207.224853 0.013998 
1206.057741 0.014414 
1204.890629 0.014885 
1203.723518 0.015433 
1202.556406 0.015905 
1201.389294 0.016504 
1200.222182 0.017079 
1199.055071 0.017760 
1197.887959 0.018534 
1196.720847 0.019350 
1195.553735 0.020294 
1194.386624 0.021249 
1193.219512 0.022291 
1192.052400 0.023550 
1190.885288 0.024927 
1189.718177 0.026656 
1188.551065 0.028826 
1187.383953 0.031751 
1186.216842 0.036028 
1185.049730 0.042588 
1183.882618 0.052942 
1182.715506 0.068080 
1181.548395 0.088403 
1180.381283 0.112744 
1179.214171 0.138909 
1178.047059 0.164106 
1176.879948 0.186753 
1175.712836 0.205520 
1174.545724 0.220464 
1173.378612 0.233500 
1172.211501 0.256279 
1171.044389 0.315697 
1169.877277 0.441416 
1168.710165 0.615301 
1167.543054 0.793837 
1166.375942 0.942866 
1165.208830 1.042867 
1164.041718 1.073542 
1162.874607 1.026836 
1161.707495 0.897090 
1160.540383 0.712525 
1159.373272 0.508139 
1158.206160 0.323533 
1157.039048 0.184172 
1155.871936 0.098495 
1154.704825 0.052789 
1153.537713 0.032593 
1152.370601 0.024171 
1151.203489 0.020768 
1150.036378 0.019033 
1148.869266 0.017479 
1147.702154 0.015766 
1146.535042 0.013791 
1145.367931 0.011690 
1144.200819 0.009647 
1143.033707 0.007771 
1141.866595 0.006098 
1140.699484 0.004584 
1139.532372 0.003367 
1138.365260 0.002393 
1137.198149 0.001816 
1136.031037 0.001594 
1134.863925 0.001592 
1133.696813 0.001750 
1132.529702 0.002175 
1131.362590 0.002585 
1130.195478 0.003073 
1129.028366 0.003734 
1127.861255 0.004408 
1126.694143 0.005049 
1125.527031 0.005868 
1124.359919 0.006665 
1123.192808 0.007378 
1122.025696 0.008032 
1120.858584 0.008679 
1119.691472 0.009469 
1118.524361 0.010320 
1117.357249 0.011243 
1116.190137 0.012425 
1115.023026 0.013688 
1113.855914 0.015222 
1112.688802 0.017115 
1111.521690 0.019272 
1110.354579 0.021751 
1109.187467 0.024988 
1108.020355 0.029005 
1106.853243 0.034586 
1105.686132 0.043382 
1104.519020 0.061047 
1103.351908 0.106689 
1102.184796 0.202870 
1101.017685 0.346407 
1099.850573 0.499332 
1098.683461 0.640143 
1097.516349 0.764608 
1096.349238 0.866491 
1095.182126 0.932300 
1094.015014 0.951629 
1092.847903 0.915966 
1091.680791 0.825719 
1090.513679 0.688145 
1089.346567 0.517755 
1088.179456 0.343684 
1087.012344 0.199035 
1085.845232 0.103766 
1084.678120 0.053722 
1083.511009 0.029248 
1082.343897 0.014874 
1081.176785 0.005472 
1080.009673 -0.000261 
1078.842562 -0.002787 
1077.675450 -0.003412 
1076.508338 -0.003267 
1075.341226 -0.003126 
1074.174115 -0.003443 
1073.007003 -0.004153 
1071.839891 -0.004867 
1070.672780 -0.005392 
1069.505668 -0.005655 
1068.338556 -0.005635 
1067.171444 -0.005431 
1066.004333 -0.005159 
1064.837221 -0.005007 
1063.670109 -0.004770 
1062.502997 -0.004520 
1061.335886 -0.004329 
1060.168774 -0.004089 
1059.001662 -0.003908 
1057.834550 -0.003689 
1056.667439 -0.003588 
1055.500327 -0.003425 
1054.333215 -0.003236 
1053.166103 -0.003003 
1051.998992 -0.002805 
1050.831880 -0.002599 
1049.664768 -0.002474 
1048.497657 -0.002355 
1047.330545 -0.002132 
1046.163433 -0.001996 
1044.996321 -0.001816 
1043.829210 -0.001638 
1042.662098 -0.001484 
1041.494986 -0.001363 
1040.327874 -0.001185 
1039.160763 -0.001111 
1037.993651 -0.000961 
1036.826539 -0.000853 
1035.659427 -0.000702 
1034.492316 -0.000606 
1033.325204 -0.000513 
1032.158092 -0.000399 
1030.990980 -0.000257 
1029.823869 -0.000139 
1028.656757 -0.000080 
1027.489645 0.000063 
1026.322533 0.000132 
1025.155422 0.000253 
1023.988310 0.000380 
1022.821198 0.000493 
1021.654087 0.000597 
1020.486975 0.000722 
1019.319863 0.000808 
1018.152751 0.000876 
1016.985640 0.000972 
1015.818528 0.001160 
1014.651416 0.001248 
1013.484304 0.001322 
1012.317193 0.001547 
1011.150081 0.001684 
1009.982969 0.001753 
1008.815857 0.001856 
1007.648746 0.001987 
1006.481634 0.002034 
1005.314522 0.002084 
1004.147410 0.002126 
1002.980299 0.002219 
1001.813187 0.002242 
1000.646075 0.002359 
999.478964 0.002455 
998.311852 0.002579 
997.144740 0.002632 
995.977628 0.002725 
994.810517 0.002825 
993.643405 0.002920 
992.476293 0.002977 
991.309181 0.003072 
990.142070 0.003228 
988.974958 0.003354 
987.807846 0.003405 
986.640734 0.003541 
985.473623 0.003716 
984.306511 0.003845 
983.139399 0.003931 
981.972287 0.004064 
980.805176 0.004179 
979.638064 0.004303 
978.470952 0.004458 
977.303841 0.004583 
976.136729 0.004772 
974.969617 0.004852 
973.802505 0.004892 
972.635394 0.004986 
971.468282 0.005249 
970.301170 0.005371 
969.134058 0.005500 
967.966947 0.005733 
966.799835 0.005867 
965.632723 0.006067 
964.465611 0.006211 
963.298500 0.006423 
962.131388 0.006715 
960.964276 0.006857 
959.797164 0.007082 
958.630053 0.007375 
957.462941 0.007645 
956.295829 0.007892 
955.128718 0.008174 
953.961606 0.008441 
952.794494 0.008791 
951.627382 0.009222 
950.460271 0.009560 
949.293159 0.009898 
948.126047 0.010464 
946.958935 0.010954 
945.791824 0.011503 
944.624712 0.011971 
943.457600 0.012635 
942.290488 0.013385 
941.123377 0.014315 
939.956265 0.015239 
938.789153 0.016291 
937.622041 0.017790 
936.454930 0.019358 
935.287818 0.021278 
934.120706 0.023885 
932.953595 0.027295 
931.786483 0.032496 
930.619371 0.042566 
929.452259 0.068091 
928.285148 0.133326 
927.118036 0.246338 
925.950924 0.369655 
924.783812 0.467428 
923.616701 0.532203 
922.449589 0.565083 
921.282477 0.567676 
920.115365 0.540693 
918.948254 0.488071 
917.781142 0.412837 
916.614030 0.323098 
915.446918 0.227135 
914.279807 0.137154 
913.112695 0.066983 
911.945583 0.029053 
910.778472 0.015955 
909.611360 0.012726 
908.444248 0.009643 
907.277136 0.005190 
906.110025 0.000395 
904.942913 -0.003195 
903.775801 -0.005158 
902.608689 -0.006115 
901.441578 -0.006420 
900.274466 -0.006300 
899.107354 -0.006078 
897.940242 -0.005704 
896.773131 -0.005400 
895.606019 -0.005011 
894.438907 -0.004751 
893.271795 -0.004519 
892.104684 -0.004249 
890.937572 -0.004058 
889.770460 -0.003893 
888.603349 -0.003675 
887.436237 -0.003407 
886.269125 -0.003230 
885.102013 -0.003021 
883.934902 -0.002909 
882.767790 -0.002732 
881.600678 -0.002676 
880.433566 -0.002498 
879.266455 -0.002383 
878.099343 -0.002158 
876.932231 -0.001988 
875.765119 -0.001935 
874.598008 -0.001940 
873.430896 -0.001796 
872.263784 -0.001584 
871.096672 -0.001540 
869.929561 -0.001508 
868.762449 -0.001570 
867.595337 -0.001471 
866.428225 -0.001258 
865.261114 -0.001174 
864.094002 -0.001149 
862.926890 -0.000993 
861.759779 -0.000927 
860.592667 -0.000815 
859.425555 -0.000684 
858.258443 -0.000630 
857.091332 -0.000582 
855.924220 -0.000475 
854.757108 -0.000359 
853.589996 -0.000401 
852.422885 -0.000183 
851.255773 -0.000200 
850.088661 -0.000253 
848.921549 -0.000335 
847.754438 -0.000193 
846.587326 -0.000179 
845.420214 -0.000135 
844.253102 -0.000202 
843.085991 -0.000248 
841.918879 -0.000175 
840.751767 -0.000129 
839.584656 -0.000115 
838.417544 -0.000064 
837.250432 0.000010 
836.083320 -0.000025 
834.916209 0.000108 
833.749097 0.000130 
832.581985 0.000019 
831.414873 0.000113 
830.247762 0.000147 
829.080650 0.000195 
827.913538 0.000327 
826.746426 0.000291 
825.579315 0.000273 
824.412203 0.000227 
823.245091 0.000218 
822.077979 0.000253 
820.910868 0.000185 
819.743756 0.000213 
818.576644 0.000301 
817.409533 0.000397 
816.242421 0.000353 
815.075309 0.000283 
813.908197 0.000225 
812.741086 0.000258 
811.573974 0.000294 
810.406862 0.000236 
809.239750 0.000295 
808.072639 0.000243 
806.905527 0.000166 
805.738415 0.000371 
804.571303 0.000301 
803.404192 0.000263 
802.237080 0.000204 
801.069968 0.000266 
799.902856 0.000383 
798.735745 0.000222 
797.568633 0.000185 
796.401521 0.000158 
795.234410 0.000177 
794.067298 0.000185 
792.900186 0.000215 
791.733074 0.000196 
790.565963 0.000228 
789.398851 0.000126 
788.231739 0.000064 
787.064627 0.000069 
785.897516 0.000111 
784.730404 0.000110 
783.563292 0.000250 
782.396180 0.000131 
781.229069 0.000069 
780.061957 -0.000010 
778.894845 -0.000015 
777.727733 0.000061 
776.560622 0.000087 
775.393510 0.000079 
774.226398 0.000005 
773.059287 -0.000037 
771.892175 -0.000047 
770.725063 -0.000126 
769.557951 -0.000097 
768.390840 0.000045 
767.223728 0.000049 
766.056616 -0.000131 
764.889504 -0.000179 
763.722393 -0.000098 
762.555281 0.000072 
761.388169 -0.000061 
760.221057 -0.000155 
759.053946 -0.000119 
757.886834 0.000019 
756.719722 -0.000007 
755.552610 0.000002 
754.385499 -0.000104 
753.218387 -0.000164 
752.051275 -0.000202 
750.884164 -0.000007 
749.717052 -0.000108 
748.549940 -0.000113 
747.382828 -0.000160 
746.215717 -0.000153 
745.048605 -0.000314 
743.881493 -0.000185 
742.714381 -0.000235 
741.547270 -0.000212 
740.380158 -0.000184 
739.213046 -0.000128 
738.045934 -0.000187 
736.878823 -0.000303 
735.711711 -0.000187 
734.544599 -0.000166 
733.377487 -0.000094 
732.210376 -0.000235 
731.043264 -0.000242 
729.876152 -0.000169 
728.709041 -0.000220 
727.541929 -0.000271 
726.374817 -0.000154 
725.207705 -0.000204 
724.040594 -0.000284 
722.873482 -0.000246 
721.706370 -0.000076 
720.539258 -0.000133 
719.372147 -0.000216 
718.205035 -0.000063 
717.037923 0.000004 
715.870811 -0.000044 
714.703700 -0.000095 
713.536588 -0.000169 
712.369476 -0.000127 
711.202364 -0.000057 
710.035253 -0.000059 
708.868141 -0.000083 
707.701029 -0.000055 
706.533917 -0.000130 
705.366806 -0.000130 
704.199694 -0.000024 
703.032582 0.000128 
701.865471 0.000127 
700.698359 0.000011 
699.531247 -0.000007 
698.364135 0.000095 
697.197024 0.000112 
696.029912 0.000117 
694.862800 0.000023 
693.695688 0.000120 
692.528577 0.000048 
691.361465 -0.000002 
690.194353 -0.000038 
689.027241 -0.000058 
687.860130 0.000020 
686.693018 0.000122 
685.525906 0.000281 
684.358794 0.000439 
683.191683 0.000420 
682.024571 0.000220 
680.857459 0.000047 
679.690348 0.000031 
678.523236 0.000254 
677.356124 0.000259 
676.189012 0.000218 
675.021901 0.000345 
673.854789 0.000181 
672.687677 0.000144 
671.520565 0.000415 
670.353454 0.000239 
669.186342 -0.000394 
668.019230 -0.001301 
666.852118 -0.000844 
665.685007 -0.000415 
664.517895 -0.000367 
663.350783 -0.000242 
662.183671 -0.000153 
661.016560 -0.000141 
659.849448 0.000041 
658.682336 0.000061 
657.515225 -0.000102 
656.348113 -0.000098 
655.181001 -0.000130 
654.013889 -0.000153 
652.846778 -0.000168 
651.679666 -0.000233 
650.512554 -0.000367 
649.345442 -0.000203 
648.178331 -0.000192 
647.011219 -0.000303 
645.844107 -0.000172 
644.676995 -0.000039 
643.509884 -0.000026 
642.342772 -0.000139 
641.175660 -0.000032 
640.008548 -0.000072 
638.841437 -0.000178 
637.674325 -0.000125 
636.507213 -0.000553 
635.340102 -0.000636 
634.172990 -0.000630 
633.005878 -0.000711 
631.838766 -0.000430 
630.671655 -0.000413 
629.504543 -0.000387 
628.337431 -0.000210 
627.170319 0.000041 
626.003208 0.000045 
624.836096 0.000024 
623.668984 0.000208 
622.501872 0.000170 
621.334761 0.000065 
620.167649 0.000343 
619.000537 0.000367 
617.833425 0.000131 
616.666314 0.000286 
615.499202 0.000402 
614.332090 0.000454 
613.164979 0.000714 
611.997867 0.000617 
610.830755 0.000365 
609.663643 0.000441 
608.496532 0.000547 
607.329420 0.000593 
606.162308 0.000612 
604.995196 0.000455 
603.828085 0.000445 
602.660973 0.000469 
601.493861 0.000254 
600.326749 0.000333 
599.159638 0.000400 
597.992526 0.000530 
596.825414 0.000364 
595.658302 0.000232 
594.491191 0.000284 
593.324079 0.000218 
592.156967 0.000166 
590.989856 0.000171 
589.822744 0.000099 
588.655632 0.000021 
587.488520 0.000132 
586.321409 0.000069 
585.154297 -0.000045 
583.987185 0.000154 
582.820073 -0.000036 
581.652962 -0.000241 
580.485850 -0.000026 
579.318738 0.000186 
578.151626 0.000293 
576.984515 0.000211 
575.817403 0.000183 
574.650291 0.000217 
573.483179 0.000203 
572.316068 0.000307 
571.148956 -0.000011 
569.981844 -0.000182 
568.814732 -0.000078 
567.647621 0.000018 
566.480509 0.000154 
565.313397 -0.000048 
564.146286 0.000266 
562.979174 0.000429 
561.812062 0.000376 
560.644950 0.000769 
559.477839 0.000513 
558.310727 -0.000003 
557.143615 0.000352 
555.976503 -0.000141 
554.809392 -0.000290 
553.642280 0.000107 
552.475168 -0.000170 
551.308056 -0.000973 
550.140945 -0.000384 
548.973833 0.000702 
547.806721 -0.000021 
546.639609 -0.000097 
545.472498 0.000694 
544.305386 0.000433 
543.138274 -0.000288 
541.971163 0.000013 
540.804051 0.000144 
539.636939 0.000383 
538.469827 0.000350 
537.302716 0.000577 
536.135604 0.000492 
534.968492 0.000810 
533.801380 0.000788 
532.634269 0.000667 
531.467157 0.000735 
530.300045 0.001024 
529.132933 0.000659 
527.965822 -0.000205 
526.798710 -0.000014 
525.631598 0.000250 
524.464486 0.001318 
523.297375 0.000851 
522.130263 0.000478 
520.963151 0.001201 
519.796040 0.001039 
518.628928 0.000884 
517.461816 0.000993 
516.294704 0.000959 
515.127593 0.001025 
513.960481 0.000555 
512.793369 0.000719 
511.626257 0.000779 
510.459146 0.000988 
509.292034 0.000837 
508.124922 0.000543 
506.957810 0.000575 
505.790699 0.000438 
504.623587 0.000629 
503.456475 0.001212 
502.289363 0.000646 
501.122252 -0.000108 
499.955140 0.000408 
