4000.000000 0.000044 
3990.019960 -0.000000 
3980.089597 -0.000131 
3970.208540 -0.000028 
3960.376424 -0.000170 
3950.592885 -0.000125 
3940.857565 -0.000101 
3931.170108 -0.000146 
3921.530162 -0.000136 
3911.937378 -0.000169 
3902.391410 -0.000222 
3892.891918 -0.000272 
3883.438562 -0.000205 
3874.031008 -0.000201 
3864.668922 -0.000132 
3855.351977 -0.000107 
3846.079846 -0.000173 
3836.852207 -0.000135 
3827.668741 -0.000129 
3818.529131 -0.000049 
3809.433063 -0.000043 
3800.380228 -0.000005 
3791.370318 0.000001 
3782.403027 -0.000008 
3773.478056 -0.000005 
3764.595104 0.000036 
3755.753875 0.000974 
3746.954077 0.001982 
3738.195418 0.002974 
3729.477612 0.004292 
3720.800372 0.005937 
3712.163417 0.010916 
3703.566466 0.059176 
3695.009242 0.011211 
3686.491471 0.004964 
3678.012879 0.005757 
3669.573199 0.006260 
3661.172161 0.005221 
3652.809502 0.005965 
3644.484959 0.014224 
3636.198272 0.024331 
3627.949183 0.020521 
3619.737438 0.012203 
3611.562782 0.007516 
3603.424966 0.007138 
3595.323741 0.025794 
3587.258860 0.004275 
3579.230081 0.001290 
3571.237159 0.000635 
3563.279857 0.000741 
3555.357937 0.000839 
3547.471162 0.000942 
3539.619301 0.001185 
3531.802120 0.001470 
3524.019392 0.001849 
3516.270888 0.002373 
3508.556384 0.002980 
3500.875657 0.003645 
3493.228484 0.004535 
3485.614647 0.005636 
3478.033928 0.006851 
3470.486111 0.008076 
3462.970983 0.009342 
3455.488332 0.010495 
3448.037947 0.011511 
3440.619621 0.012365 
3433.233147 0.013145 
3425.878320 0.013714 
3418.554938 0.013923 
3411.262799 0.013815 
3404.001703 0.013483 
3396.771453 0.013091 
3389.571852 0.012712 
3382.402707 0.012273 
3375.263824 0.011960 
3368.155013 0.011681 
3361.076082 0.011379 
3354.026846 0.011105 
3347.007116 0.010733 
3340.016708 0.010267 
3333.055440 0.009791 
3326.123128 0.009253 
3319.219593 0.008673 
3312.344656 0.008047 
3305.498140 0.007377 
3298.679868 0.006740 
3291.889667 0.006106 
3285.127362 0.005582 
3278.392784 0.005082 
3271.685761 0.004709 
3265.006125 0.004370 
3258.353708 0.004166 
3251.728345 0.003918 
3245.129870 0.003698 
3238.558121 0.003421 
3232.012935 0.003071 
3225.494151 0.002717 
3219.001610 0.002350 
3212.535155 0.002003 
3206.094627 0.001681 
3199.679872 0.001394 
3193.290735 0.001141 
3186.927063 0.000959 
3180.588703 0.000788 
3174.275506 0.000648 
3167.987322 0.000531 
3161.724002 0.000451 
3155.485399 0.000358 
3149.271367 0.000275 
3143.081761 0.000270 
3136.916438 0.000266 
3130.775255 0.000221 
3124.658070 0.000239 
3118.564743 0.000275 
3112.495134 0.000289 
3106.449106 0.000337 
3100.426522 0.000349 
3094.427245 0.000412 
3088.451139 0.000414 
3082.498072 0.000430 
3076.567911 0.000484 
3070.660522 0.000482 
3064.775776 0.000531 
3058.913542 0.000518 
3053.073692 0.000550 
3047.256098 0.000522 
3041.460631 0.000564 
3035.687168 0.000665 
3029.935582 0.000885 
3024.205749 0.001380 
3018.497546 0.002259 
3012.810852 0.003375 
3007.145543 0.004500 
3001.501502 0.005312 
2995.878606 0.005506 
2990.276739 0.005259 
2984.695782 0.005267 
2979.135618 0.005766 
2973.596132 0.006738 
2968.077209 0.008090 
2962.578733 0.009314 
2957.100592 0.009016 
2951.642673 0.006415 
2946.204864 0.004006 
2940.787054 0.003923 
2935.389134 0.005616 
2930.010993 0.006916 
2924.652524 0.005994 
2919.313618 0.005340 
2913.994169 0.005431 
2908.694071 0.004234 
2903.413217 0.002994 
2898.151504 0.001864 
2892.908828 0.001306 
2887.685085 0.001057 
2882.480173 0.000930 
2877.293991 0.000871 
2872.126437 0.000783 
2866.977411 0.000830 
2861.846815 0.001174 
2856.734548 0.002531 
2851.640514 0.005052 
2846.564614 0.006215 
2841.506752 0.004623 
2836.466832 0.003838 
2831.444759 0.003280 
2826.440438 0.002601 
2821.453776 0.002060 
2816.484678 0.001652 
2811.533052 0.001391 
2806.598807 0.001174 
2801.681850 0.000994 
2796.782092 0.000837 
2791.899441 0.000737 
2787.033810 0.000685 
2782.185108 0.000545 
2777.353248 0.000384 
2772.538141 0.000215 
2767.739702 0.000146 
2762.957844 0.000092 
2758.192480 0.000080 
2753.443526 -0.000009 
2748.710897 -0.000038 
2743.994509 0.000148 
2739.294279 -0.000110 
2734.610123 -0.000153 
2729.941960 0.000028 
2725.289707 0.000016 
2720.653283 0.000008 
2716.032609 -0.000022 
2711.427603 0.000019 
2706.838186 0.000073 
2702.264278 0.000112 
2697.705803 0.000137 
2693.162681 0.000190 
2688.634835 0.000249 
2684.122189 0.000321 
2679.624665 0.000370 
2675.142188 0.000388 
2670.674683 0.000413 
2666.222074 0.000425 
2661.784288 0.000429 
2657.361250 0.000402 
2652.952887 0.000415 
2648.559126 0.000447 
2644.179894 0.000459 
2639.815121 0.000526 
2635.464733 0.000578 
2631.128661 0.000649 
2626.806833 0.000738 
2622.499180 0.000815 
2618.205632 0.000901 
2613.926120 0.001001 
2609.660574 0.001073 
2605.408928 0.001154 
2601.171113 0.001247 
2596.947061 0.001337 
2592.736706 0.001417 
2588.539981 0.001495 
2584.356820 0.001532 
2580.187157 0.001604 
2576.030928 0.001662 
2571.888067 0.001712 
2567.758510 0.001842 
2563.642193 0.001954 
2559.539052 0.002087 
2555.449025 0.002252 
2551.372049 0.002384 
2547.308060 0.002523 
2543.256997 0.002672 
2539.218800 0.002831 
2535.193405 0.003009 
2531.180753 0.003217 
2527.180784 0.003430 
2523.193436 0.003629 
2519.218652 0.003834 
2515.256370 0.004047 
2511.306533 0.004307 
2507.369081 0.004586 
2503.443957 0.004893 
2499.531103 0.005209 
2495.630462 0.005575 
2491.741976 0.005969 
2487.865588 0.006444 
2484.001243 0.006960 
2480.148883 0.007526 
2476.308455 0.008146 
2472.479901 0.008775 
2468.663168 0.009436 
2464.858200 0.010149 
2461.064943 0.010853 
2457.283344 0.011526 
2453.513348 0.012252 
2449.754902 0.012990 
2446.007954 0.013743 
2442.272450 0.014521 
2438.548338 0.015345 
2434.835566 0.016269 
2431.134083 0.017275 
2427.443837 0.018386 
2423.764777 0.019700 
2420.096852 0.021148 
2416.440012 0.022812 
2412.794206 0.024745 
2409.159385 0.026985 
2405.535499 0.029684 
2401.922499 0.032972 
2398.320336 0.037019 
2394.728961 0.042020 
2391.148325 0.048367 
2387.578382 0.056707 
2384.019082 0.068380 
2380.470378 0.088017 
2376.932224 0.152171 
2373.404571 0.224839 
2369.887374 0.287141 
2366.380586 0.355949 
2362.884161 0.431345 
2359.398053 0.512459 
2355.922216 0.599558 
2352.456605 0.691397 
2349.001175 0.783171 
2345.555881 0.865465 
2342.120680 0.928942 
2338.695525 0.973017 
2335.280374 0.999665 
2331.875182 0.997931 
2328.479907 0.902562 
2325.094504 0.504221 
2321.718931 0.155130 
2318.353146 0.091905 
2314.997105 0.064111 
2311.650766 0.049370 
2308.314088 0.039429 
2304.987028 0.032094 
2301.669545 0.026404 
2298.361598 0.021749 
2295.063146 0.017817 
2291.774147 0.014530 
2288.494562 0.012847 
2285.224350 0.021058 
2281.963470 0.050737 
2278.711884 0.066826 
2275.469550 0.038523 
2272.236431 0.013977 
2269.012486 0.008307 
2265.797676 0.006879 
2262.591964 0.006104 
2259.395309 0.005372 
2256.207675 0.004737 
2253.029022 0.004260 
2249.859313 0.003861 
2246.698511 0.003481 
2243.546577 0.003147 
2240.403474 0.002839 
2237.269166 0.002559 
2234.143616 0.002324 
2231.026786 0.002147 
2227.918640 0.001962 
2224.819143 0.001804 
2221.728258 0.001678 
2218.645949 0.001548 
2215.572181 0.001439 
2212.506918 0.001311 
2209.450124 0.001184 
2206.401766 0.001068 
2203.361808 0.000999 
2200.330215 0.000903 
2197.306952 0.000838 
2194.291987 0.000780 
2191.285284 0.000741 
2188.286809 0.000690 
2185.296529 0.000647 
2182.314410 0.000609 
2179.340420 0.000584 
2176.374524 0.000550 
2173.416689 0.000556 
2170.466884 0.000534 
2167.525075 0.000536 
2164.591229 0.000549 
2161.665315 0.000530 
2158.747300 0.000532 
2155.837153 0.000532 
2152.934841 0.000530 
2150.040333 0.000527 
2147.153598 0.000484 
2144.274604 0.000449 
2141.403321 0.000424 
2138.539717 0.000417 
2135.683761 0.000395 
2132.835423 0.000373 
2129.994672 0.000364 
2127.161479 0.000312 
2124.335813 0.000311 
2121.517644 0.000302 
2118.706942 0.000283 
2115.903678 0.000245 
2113.107822 0.000238 
2110.319345 0.000251 
2107.538218 0.000248 
2104.764412 0.000238 
2101.997897 0.000248 
2099.238645 0.000251 
2096.486628 0.000231 
2093.741817 0.000229 
2091.004184 0.000247 
2088.273701 0.000241 
2085.550339 0.000221 
2082.834071 0.000231 
2080.124870 0.000252 
2077.422707 0.000249 
2074.727556 0.000263 
2072.039388 0.000266 
2069.358178 0.000305 
2066.683898 0.000293 
2064.016520 0.000288 
2061.356020 0.000300 
2058.702369 0.000334 
2056.055541 0.000372 
2053.415511 0.000439 
2050.782252 0.000504 
2048.155738 0.000589 
2045.535943 0.000682 
2042.922841 0.000720 
2040.316407 0.000722 
2037.716616 0.000653 
2035.123441 0.000570 
2032.536858 0.000513 
2029.956842 0.000491 
2027.383367 0.000489 
2024.816409 0.000459 
2022.255943 0.000442 
2019.701945 0.000420 
2017.154390 0.000377 
2014.613253 0.000346 
2012.078510 0.000323 
2009.550138 0.000276 
2007.028112 0.000252 
2004.512409 0.000217 
2002.003005 0.000176 
1999.499875 0.000164 
1997.002997 0.000135 
1994.512347 0.000125 
1992.027902 0.000122 
1989.549639 0.000107 
1987.077535 0.000093 
1984.611566 0.000077 
1982.151710 0.000058 
1979.697945 0.000069 
1977.250247 0.000066 
1974.808595 0.000056 
1972.372965 0.000053 
1969.943336 0.000028 
1967.519685 0.000024 
1965.101991 0.000043 
1962.690231 0.000029 
1960.284383 0.000016 
1957.884427 0.000023 
1955.490340 0.000030 
1953.102101 0.000016 
1950.719688 0.000033 
1948.343080 0.000022 
1945.972256 0.000021 
1943.607195 0.000054 
1941.247876 0.000057 
1938.894277 0.000057 
1936.546379 0.000084 
1934.204161 0.000076 
1931.867601 0.000071 
1929.536680 0.000051 
1927.211376 0.000027 
1924.891671 0.000025 
1922.577543 0.000029 
1920.268972 0.000036 
1917.965939 0.000045 
1915.668424 0.000048 
1913.376406 0.000032 
1911.089866 0.000029 
1908.808785 0.000030 
1906.533143 0.000053 
1904.262920 0.000024 
1901.998097 0.000039 
1899.738655 0.000047 
1897.484575 0.000051 
1895.235838 0.000051 
1892.992424 0.000069 
1890.754315 0.000079 
1888.521493 0.000080 
1886.293937 0.000074 
1884.071631 0.000077 
1881.854554 0.000081 
1879.642689 0.000096 
1877.436018 0.000095 
1875.234522 0.000113 
1873.038182 0.000109 
1870.846982 0.000082 
1868.660902 0.000110 
1866.479925 0.000105 
1864.304034 0.000112 
1862.133209 0.000109 
1859.967434 0.000121 
1857.806691 0.000129 
1855.650963 0.000128 
1853.500232 0.000109 
1851.354480 0.000102 
1849.213691 0.000112 
1847.077847 0.000117 
1844.946931 0.000129 
1842.820926 0.000126 
1840.699816 0.000123 
1838.583582 0.000126 
1836.472209 0.000113 
1834.365680 0.000125 
1832.263978 0.000110 
1830.167086 0.000105 
1828.074989 0.000105 
1825.987668 0.000129 
1823.905109 0.000106 
1821.827296 0.000114 
1819.754210 0.000132 
1817.685838 0.000131 
1815.622162 0.000119 
1813.563166 0.000108 
1811.508836 0.000128 
1809.459154 0.000130 
1807.414105 0.000134 
1805.373674 0.000121 
1803.337844 0.000127 
1801.306601 0.000144 
1799.279928 0.000165 
1797.257811 0.000144 
1795.240233 0.000146 
1793.227181 0.000142 
1791.218638 0.000142 
1789.214589 0.000132 
1787.215020 0.000156 
1785.219915 0.000148 
1783.229260 0.000148 
1781.243039 0.000169 
1779.261237 0.000150 
1777.283841 0.000166 
1775.310835 0.000160 
1773.342204 0.000193 
1771.377935 0.000197 
1769.418013 0.000195 
1767.462423 0.000194 
1765.511150 0.000192 
1763.564182 0.000206 
1761.621503 0.000199 
1759.683099 0.000208 
1757.748956 0.000218 
1755.819060 0.000212 
1753.893398 0.000208 
1751.971954 0.000211 
1750.054717 0.000220 
1748.141670 0.000238 
1746.232802 0.000238 
1744.328098 0.000261 
1742.427544 0.000252 
1740.531128 0.000251 
1738.638835 0.000266 
1736.750652 0.000269 
1734.866565 0.000296 
1732.986563 0.000295 
1731.110630 0.000260 
1729.238754 0.000251 
1727.370922 0.000256 
1725.507121 0.000264 
1723.647338 0.000266 
1721.791559 0.000254 
1719.939772 0.000262 
1718.091964 0.000280 
1716.248122 0.000267 
1714.408233 0.000263 
1712.572285 0.000260 
1710.740265 0.000251 
1708.912161 0.000264 
1707.087959 0.000265 
1705.267648 0.000270 
1703.451214 0.000268 
1701.638647 0.000301 
1699.829932 0.000333 
1698.025058 0.000299 
1696.224014 0.000335 
1694.426785 0.000323 
1692.633362 0.000313 
1690.843730 0.000330 
1689.057879 0.000348 
1687.275797 0.000370 
1685.497470 0.000417 
1683.722889 0.000420 
1681.952040 0.000415 
1680.184913 0.000439 
1678.421495 0.000463 
1676.661774 0.000479 
1674.905739 0.000528 
1673.153379 0.000549 
1671.404682 0.000583 
1669.659637 0.000616 
1667.918231 0.000639 
1666.180454 0.000677 
1664.446295 0.000753 
1662.715741 0.000845 
1660.988783 0.000929 
1659.265408 0.001029 
1657.545605 0.001168 
1655.829364 0.001319 
1654.116674 0.001515 
1652.407522 0.001678 
1650.701899 0.001835 
1648.999794 0.002023 
1647.301195 0.002221 
1645.606092 0.002388 
1643.914474 0.002509 
1642.226330 0.002621 
1640.541650 0.002687 
1638.860422 0.002735 
1637.182637 0.002748 
1635.508284 0.002709 
1633.837352 0.002600 
1632.169831 0.002502 
1630.505710 0.002390 
1628.844979 0.002292 
1627.187627 0.002228 
1625.533645 0.002201 
1623.883022 0.002257 
1622.235748 0.002414 
1620.591812 0.002639 
1618.951205 0.002974 
1617.313916 0.003356 
1615.679935 0.003690 
1614.049253 0.003978 
1612.421859 0.004171 
1610.797744 0.004228 
1609.176897 0.004165 
1607.559308 0.003950 
1605.944969 0.003618 
1604.333868 0.003198 
1602.725997 0.002728 
1601.121346 0.002250 
1599.519904 0.001806 
1597.921663 0.001412 
1596.326612 0.001101 
1594.734743 0.000871 
1593.146045 0.000700 
1591.560510 0.000578 
1589.978127 0.000489 
1588.398888 0.000442 
1586.822782 0.000407 
1585.249802 0.000387 
1583.679937 0.000381 
1582.113178 0.000376 
1580.549516 0.000366 
1578.988942 0.000363 
1577.431446 0.000384 
1575.877020 0.000388 
1574.325655 0.000373 
1572.777341 0.000383 
1571.232069 0.000388 
1569.689831 0.000386 
1568.150618 0.000366 
1566.614420 0.000377 
1565.081229 0.000379 
1563.551036 0.000370 
1562.023833 0.000389 
1560.499610 0.000435 
1558.978358 0.000439 
1557.460070 0.000407 
1555.944736 0.000385 
1554.432348 0.000376 
1552.922898 0.000372 
1551.416376 0.000384 
1549.912774 0.000375 
1548.412084 0.000371 
1546.914297 0.000375 
1545.419405 0.000395 
1543.927399 0.000389 
1542.438272 0.000407 
1540.952014 0.000425 
1539.468618 0.000426 
1537.988075 0.000402 
1536.510377 0.000389 
1535.035515 0.000390 
1533.563483 0.000405 
1532.094271 0.000401 
1530.627871 0.000387 
1529.164276 0.000384 
1527.703477 0.000399 
1526.245467 0.000406 
1524.790236 0.000397 
1523.337779 0.000411 
1521.888085 0.000437 
1520.441149 0.000419 
1518.996960 0.000410 
1517.555513 0.000440 
1516.116799 0.000425 
1514.680811 0.000409 
1513.247540 0.000411 
1511.816979 0.000427 
1510.389120 0.000441 
1508.963955 0.000469 
1507.541478 0.000505 
1506.121680 0.000499 
1504.704554 0.000492 
1503.290092 0.000490 
1501.878287 0.000507 
1500.469131 0.000529 
1499.062617 0.000548 
1497.658738 0.000585 
1496.257485 0.000644 
1494.858852 0.000716 
1493.462832 0.000812 
1492.069416 0.000954 
1490.678598 0.001164 
1489.290371 0.001436 
1487.904726 0.001804 
1486.521658 0.002305 
1485.141159 0.002979 
1483.763221 0.003774 
1482.387838 0.004718 
1481.015003 0.005749 
1479.644708 0.006749 
1478.276946 0.007612 
1476.911710 0.008162 
1475.548994 0.008184 
1474.188791 0.007574 
1472.831092 0.006398 
1471.475893 0.005178 
1470.123184 0.004459 
1468.772961 0.004431 
1467.425216 0.004826 
1466.079941 0.005289 
1464.737131 0.005529 
1463.396779 0.005363 
1462.058877 0.004721 
1460.723420 0.003794 
1459.390400 0.002834 
1458.059810 0.002059 
1456.731645 0.001611 
1455.405897 0.001464 
1454.082560 0.001509 
1452.761628 0.001673 
1451.443093 0.001850 
1450.126950 0.001983 
1448.813191 0.002053 
1447.501810 0.002061 
1446.192802 0.002002 
1444.886158 0.001892 
1443.581874 0.001747 
1442.279942 0.001578 
1440.980357 0.001431 
1439.683111 0.001375 
1438.388199 0.001394 
1437.095615 0.001445 
1435.805351 0.001489 
1434.517402 0.001553 
1433.231762 0.001627 
1431.948424 0.001691 
1430.667382 0.001750 
1429.388631 0.001796 
1428.112163 0.001845 
1426.837973 0.001892 
1425.566055 0.001945 
1424.296402 0.001992 
1423.029009 0.002016 
1421.763869 0.002033 
1420.500977 0.002069 
1419.240327 0.002072 
1417.981912 0.002078 
1416.725726 0.002089 
1415.471765 0.002081 
1414.220021 0.002080 
1412.970489 0.002050 
1411.723164 0.001999 
1410.478038 0.001967 
1409.235108 0.001926 
1407.994365 0.001885 
1406.755806 0.001842 
1405.519423 0.001788 
1404.285213 0.001727 
1403.053167 0.001673 
1401.823282 0.001634 
1400.595551 0.001566 
1399.369968 0.001491 
1398.146529 0.001427 
1396.925227 0.001359 
1395.706057 0.001302 
1394.489013 0.001243 
1393.274090 0.001176 
1392.061281 0.001124 
1390.850583 0.001083 
1389.641988 0.001052 
1388.435492 0.001048 
1387.231090 0.001107 
1386.028774 0.001393 
1384.828542 0.002188 
1383.630386 0.003012 
1382.434302 0.002861 
1381.240283 0.002025 
1380.048326 0.001375 
1378.858424 0.001021 
1377.670572 0.000845 
1376.484765 0.000763 
1375.300998 0.000732 
1374.119264 0.000705 
1372.939560 0.000682 
1371.761880 0.000672 
1370.586219 0.000676 
1369.412571 0.000698 
1368.240931 0.000739 
1367.071294 0.000758 
1365.903656 0.000798 
1364.738010 0.000886 
1363.574352 0.000997 
1362.412677 0.001121 
1361.252979 0.001326 
1360.095254 0.001550 
1358.939497 0.001848 
1357.785702 0.002194 
1356.633865 0.002613 
1355.483980 0.003087 
1354.336043 0.003656 
1353.190049 0.004230 
1352.045993 0.004869 
1350.903869 0.005553 
1349.763673 0.006259 
1348.625401 0.006952 
1347.489046 0.007596 
1346.354605 0.008120 
1345.222073 0.008470 
1344.091444 0.008638 
1342.962714 0.008615 
1341.835879 0.008384 
1340.710932 0.007926 
1339.587871 0.007263 
1338.466689 0.006465 
1337.347383 0.005607 
1336.229947 0.004715 
1335.114376 0.003865 
1334.000667 0.003105 
1332.888815 0.002461 
1331.778814 0.001932 
1330.670661 0.001508 
1329.564350 0.001176 
1328.459877 0.000924 
1327.357238 0.000734 
1326.256427 0.000595 
1325.157441 0.000522 
1324.060275 0.000463 
1322.964924 0.000405 
1321.871384 0.000391 
1320.779650 0.000390 
1319.689718 0.000356 
1318.601583 0.000329 
1317.515241 0.000322 
1316.430688 0.000334 
1315.347919 0.000352 
1314.266930 0.000349 
1313.187716 0.000327 
1312.110272 0.000308 
1311.034596 0.000330 
1309.960682 0.000304 
1308.888525 0.000266 
1307.818122 0.000219 
1306.749469 0.000182 
1305.682560 0.000173 
1304.617393 0.000173 
1303.553962 0.000146 
1302.492263 0.000141 
1301.432292 0.000136 
1300.374045 0.000132 
1299.317517 0.000142 
1298.262705 0.000142 
1297.209604 0.000138 
1296.158210 0.000145 
1295.108520 0.000160 
1294.060528 0.000158 
1293.014230 0.000151 
1291.969624 0.000151 
1290.926703 0.000148 
1289.885465 0.000155 
1288.845906 0.000163 
1287.808021 0.000156 
1286.771806 0.000136 
1285.737257 0.000146 
1284.704370 0.000174 
1283.673142 0.000179 
1282.643568 0.000177 
1281.615644 0.000187 
1280.589366 0.000225 
1279.564730 0.000300 
1278.541733 0.000422 
1277.520371 0.000752 
1276.500639 0.000910 
1275.482533 0.000755 
1274.466050 0.000484 
1273.451186 0.000326 
1272.437938 0.000285 
1271.426300 0.000279 
1270.416269 0.000249 
1269.407843 0.000224 
1268.401015 0.000199 
1267.395784 0.000181 
1266.392144 0.000181 
1265.390093 0.000167 
1264.389627 0.000179 
1263.390741 0.000190 
1262.393432 0.000194 
1261.397697 0.000192 
1260.403531 0.000194 
1259.410931 0.000212 
1258.419893 0.000195 
1257.430414 0.000178 
1256.442489 0.000172 
1255.456116 0.000175 
1254.471290 0.000171 
1253.488008 0.000168 
1252.506266 0.000169 
1251.526060 0.000162 
1250.547388 0.000155 
1249.570245 0.000163 
1248.594628 0.000175 
1247.620534 0.000180 
1246.647958 0.000170 
1245.676897 0.000164 
1244.707347 0.000175 
1243.739306 0.000196 
1242.772770 0.000216 
1241.807734 0.000208 
1240.844196 0.000190 
1239.882152 0.000181 
1238.921599 0.000192 
1237.962533 0.000197 
1237.004950 0.000207 
1236.048848 0.000212 
1235.094223 0.000207 
1234.141071 0.000189 
1233.189389 0.000191 
1232.239174 0.000206 
1231.290422 0.000231 
1230.343130 0.000258 
1229.397294 0.000253 
1228.452911 0.000233 
1227.509979 0.000218 
1226.568492 0.000206 
1225.628449 0.000195 
1224.689845 0.000191 
1223.752678 0.000196 
1222.816944 0.000205 
1221.882641 0.000216 
1220.949763 0.000219 
1220.018309 0.000216 
1219.088276 0.000210 
1218.159659 0.000208 
1217.232455 0.000221 
1216.306663 0.000242 
1215.382277 0.000238 
1214.459295 0.000240 
1213.537714 0.000257 
1212.617531 0.000251 
1211.698742 0.000240 
1210.781345 0.000228 
1209.865335 0.000226 
1208.950711 0.000249 
1208.037468 0.000238 
1207.125604 0.000241 
1206.215115 0.000251 
1205.305999 0.000253 
1204.398253 0.000241 
1203.491872 0.000242 
1202.586855 0.000250 
1201.683198 0.000255 
1200.780898 0.000239 
1199.879952 0.000244 
1198.980357 0.000256 
1198.082110 0.000263 
1197.185207 0.000251 
1196.289647 0.000253 
1195.395425 0.000267 
1194.502540 0.000287 
1193.610987 0.000266 
1192.720764 0.000246 
1191.831868 0.000237 
1190.944296 0.000256 
1190.058044 0.000263 
1189.173111 0.000263 
1188.289493 0.000264 
1187.407187 0.000288 
1186.526191 0.000301 
1185.646501 0.000307 
1184.768114 0.000307 
1183.891028 0.000300 
1183.015239 0.000289 
1182.140745 0.000283 
1181.267543 0.000288 
1180.395630 0.000289 
1179.525004 0.000291 
1178.655660 0.000297 
1177.787598 0.000312 
1176.920812 0.000319 
1176.055302 0.000328 
1175.191064 0.000338 
1174.328095 0.000338 
1173.466393 0.000326 
1172.605954 0.000313 
1171.746776 0.000311 
1170.888856 0.000330 
1170.032192 0.000349 
1169.176780 0.000366 
1168.322618 0.000377 
1167.469704 0.000405 
1166.618033 0.000433 
1165.767605 0.000442 
1164.918415 0.000469 
1164.070461 0.000505 
1163.223742 0.000548 
1162.378253 0.000580 
1161.533992 0.000621 
1160.690957 0.000662 
1159.849144 0.000680 
1159.008552 0.000678 
1158.169177 0.000666 
1157.331018 0.000647 
1156.494070 0.000639 
1155.658332 0.000620 
1154.823801 0.000586 
1153.990475 0.000530 
1153.158350 0.000494 
1152.327425 0.000471 
1151.497696 0.000456 
1150.669161 0.000438 
1149.841818 0.000422 
1149.015663 0.000420 
1148.190695 0.000410 
1147.366911 0.000395 
1146.544307 0.000376 
1145.722883 0.000389 
1144.902635 0.000406 
1144.083560 0.000420 
1143.265656 0.000432 
1142.448921 0.000449 
1141.633352 0.000469 
1140.818947 0.000471 
1140.005703 0.000486 
1139.193617 0.000514 
1138.382688 0.000543 
1137.572912 0.000569 
1136.764288 0.000594 
1135.956812 0.000637 
1135.150483 0.000696 
1134.345297 0.000762 
1133.541253 0.000816 
1132.738348 0.000869 
1131.936580 0.000922 
1131.135946 0.000979 
1130.336443 0.001038 
1129.538070 0.001101 
1128.740824 0.001187 
1127.944703 0.001265 
1127.149704 0.001340 
1126.355825 0.001433 
1125.563063 0.001510 
1124.771417 0.001577 
1123.980883 0.001656 
1123.191459 0.001727 
1122.403144 0.001793 
1121.615935 0.001852 
1120.829829 0.001907 
1120.044824 0.001959 
1119.260918 0.002005 
1118.478109 0.002051 
1117.696394 0.002096 
1116.915770 0.002142 
1116.136237 0.002192 
1115.357790 0.002251 
1114.580429 0.002276 
1113.804151 0.002300 
1113.028953 0.002332 
1112.254834 0.002350 
1111.481790 0.002356 
1110.709821 0.002337 
1109.938923 0.002297 
1109.169094 0.002243 
1108.400333 0.002160 
1107.632636 0.002077 
1106.866002 0.001994 
1106.100429 0.001893 
1105.335914 0.001793 
1104.572455 0.001698 
1103.810050 0.001582 
1103.048696 0.001472 
1102.288393 0.001396 
1101.529136 0.001324 
1100.770925 0.001253 
1100.013757 0.001165 
1099.257630 0.001089 
1098.502542 0.001026 
1097.748490 0.000982 
1096.995473 0.000946 
1096.243488 0.000925 
1095.492533 0.000925 
1094.742607 0.000934 
1093.993706 0.000940 
1093.245830 0.000956 
1092.498975 0.000982 
1091.753140 0.001032 
1091.008323 0.001110 
1090.264521 0.001246 
1089.521733 0.001391 
1088.779956 0.001541 
1088.039189 0.001720 
1087.299429 0.001944 
1086.560674 0.002227 
1085.822922 0.002510 
1085.086172 0.002797 
1084.350420 0.003103 
1083.615666 0.003426 
1082.881907 0.003762 
1082.149141 0.004098 
1081.417365 0.004432 
1080.686579 0.004760 
1079.956780 0.005038 
1079.227966 0.005287 
1078.500135 0.005452 
1077.773285 0.005570 
1077.047414 0.005600 
1076.322520 0.005523 
1075.598601 0.005392 
1074.875655 0.005121 
1074.153681 0.004802 
1073.432676 0.004400 
1072.712638 0.003964 
1071.993565 0.003515 
1071.275456 0.003067 
1070.558308 0.002634 
1069.842119 0.002228 
1069.126889 0.001876 
1068.412614 0.001549 
1067.699292 0.001305 
1066.986923 0.001088 
1066.275503 0.000924 
1065.565032 0.000808 
1064.855507 0.000718 
1064.146926 0.000678 
1063.439287 0.000642 
1062.732589 0.000608 
1062.026830 0.000589 
1061.322007 0.000583 
1060.618119 0.000590 
1059.915164 0.000599 
1059.213141 0.000609 
1058.512047 0.000612 
1057.811880 0.000609 
1057.112639 0.000630 
1056.414322 0.000661 
1055.716926 0.000703 
1055.020451 0.000744 
1054.324895 0.000784 
1053.630254 0.000858 
1052.936529 0.000961 
1052.243716 0.001018 
1051.551815 0.001071 
1050.860823 0.001197 
1050.170738 0.001349 
1049.481559 0.001550 
1048.793284 0.001796 
1048.105912 0.002071 
1047.419439 0.002458 
1046.733866 0.002874 
1046.049189 0.003382 
1045.365407 0.003931 
1044.682519 0.004557 
1044.000522 0.005263 
1043.319415 0.006023 
1042.639197 0.006891 
1041.959864 0.007786 
1041.281417 0.008763 
1040.603852 0.009758 
1039.927169 0.010795 
1039.251365 0.011828 
1038.576438 0.012857 
1037.902388 0.013859 
1037.229213 0.014852 
1036.556910 0.015773 
1035.885477 0.016681 
1035.214915 0.017541 
1034.545219 0.018370 
1033.876390 0.019150 
1033.208425 0.019899 
1032.541322 0.020627 
1031.875081 0.021341 
1031.209698 0.022051 
1030.545173 0.022803 
1029.881504 0.023558 
1029.218690 0.024325 
1028.556728 0.025096 
1027.895616 0.025872 
1027.235355 0.026681 
1026.575940 0.027516 
1025.917372 0.028333 
1025.259649 0.029145 
1024.602768 0.029880 
1023.946728 0.030596 
1023.291528 0.031179 
1022.637166 0.031705 
1021.983640 0.032054 
1021.330949 0.032276 
1020.679091 0.032314 
1020.028065 0.032177 
1019.377868 0.031906 
1018.728500 0.031390 
1018.079959 0.030779 
1017.432243 0.029884 
1016.785351 0.028942 
1016.139281 0.027770 
1015.494031 0.026575 
1014.849600 0.025260 
1014.205987 0.023918 
1013.563189 0.022510 
1012.921206 0.021110 
1012.280035 0.019722 
1011.639676 0.018370 
1011.000126 0.017049 
1010.361385 0.015794 
1009.723450 0.014572 
1009.086320 0.013440 
1008.449994 0.012331 
1007.814469 0.011346 
1007.179746 0.010374 
1006.545821 0.009493 
1005.912693 0.008624 
1005.280362 0.007845 
1004.648825 0.007093 
1004.018081 0.006436 
1003.388129 0.005804 
1002.758967 0.005222 
1002.130593 0.004680 
1001.503006 0.004194 
1000.876205 0.003744 
1000.250188 0.003332 
999.624953 0.002966 
999.000500 0.002633 
998.376826 0.002352 
997.753931 0.002098 
997.131812 0.001878 
996.510469 0.001671 
995.889899 0.001493 
995.270102 0.001323 
994.651076 0.001180 
994.032819 0.001041 
993.415331 0.000941 
992.798609 0.000845 
992.182653 0.000764 
991.567460 0.000683 
990.953030 0.000618 
990.339361 0.000554 
989.726451 0.000502 
989.114300 0.000452 
988.502905 0.000419 
987.892266 0.000387 
987.282381 0.000353 
986.673248 0.000322 
986.064866 0.000299 
985.457234 0.000280 
984.850351 0.000278 
984.244215 0.000273 
983.638824 0.000259 
983.034178 0.000242 
982.430274 0.000211 
981.827112 0.000188 
981.224690 0.000189 
980.623007 0.000189 
980.022062 0.000191 
979.421852 0.000195 
978.822377 0.000204 
978.223636 0.000212 
977.625627 0.000221 
977.028348 0.000228 
976.431799 0.000232 
975.835978 0.000230 
975.240883 0.000209 
974.646514 0.000193 
974.052869 0.000194 
973.459946 0.000196 
972.867745 0.000205 
972.276265 0.000212 
971.685502 0.000212 
971.095458 0.000213 
970.506129 0.000217 
969.917516 0.000221 
969.329616 0.000225 
968.742428 0.000228 
968.155951 0.000223 
967.570184 0.000217 
966.985125 0.000225 
966.400774 0.000233 
965.817128 0.000235 
965.234186 0.000236 
964.651948 0.000247 
964.070412 0.000259 
963.489577 0.000267 
962.909441 0.000274 
962.330004 0.000271 
961.751263 0.000265 
961.173218 0.000266 
960.595867 0.000271 
960.019210 0.000280 
959.443245 0.000292 
958.867970 0.000305 
958.293384 0.000321 
957.719487 0.000332 
957.146277 0.000337 
956.573753 0.000343 
956.001913 0.000350 
955.430756 0.000358 
954.860282 0.000364 
954.290488 0.000369 
953.721374 0.000374 
953.152938 0.000379 
952.585180 0.000370 
952.018097 0.000361 
951.451690 0.000359 
950.885956 0.000358 
950.320894 0.000363 
949.756503 0.000370 
949.192783 0.000374 
948.629731 0.000376 
948.067346 0.000380 
947.505629 0.000385 
946.944576 0.000390 
946.384187 0.000395 
945.824462 0.000397 
945.265398 0.000392 
944.706994 0.000388 
944.149250 0.000401 
943.592164 0.000414 
943.035735 0.000430 
942.479962 0.000445 
941.924844 0.000455 
941.370379 0.000463 
940.816567 0.000476 
940.263405 0.000493 
939.710894 0.000499 
939.159032 0.000493 
938.607818 0.000490 
938.057250 0.000494 
937.507328 0.000498 
936.958050 0.000502 
936.409416 0.000507 
935.861423 0.000512 
935.314072 0.000517 
934.767360 0.000526 
934.221288 0.000537 
933.675852 0.000535 
933.131054 0.000523 
932.586891 0.000516 
932.043362 0.000519 
931.500466 0.000521 
930.958202 0.000519 
930.416570 0.000516 
929.875567 0.000526 
929.335193 0.000538 
928.795447 0.000536 
928.256327 0.000529 
927.717833 0.000527 
927.179963 0.000532 
926.642716 0.000534 
926.106092 0.000527 
925.570089 0.000520 
925.034706 0.000524 
924.499942 0.000528 
923.965796 0.000533 
923.432267 0.000538 
922.899354 0.000544 
922.367055 0.000550 
921.835370 0.000557 
921.304298 0.000564 
920.773837 0.000572 
920.243987 0.000588 
919.714746 0.000604 
919.186113 0.000604 
918.658088 0.000597 
918.130669 0.000595 
917.603856 0.000600 
917.077647 0.000604 
916.552040 0.000606 
916.027036 0.000609 
915.502633 0.000611 
914.978831 0.000614 
914.455627 0.000621 
913.933021 0.000632 
913.411012 0.000639 
912.889599 0.000634 
912.368781 0.000630 
911.848557 0.000636 
911.328926 0.000643 
910.809887 0.000656 
910.291439 0.000672 
909.773581 0.000684 
909.256311 0.000690 
908.739630 0.000696 
908.223535 0.000691 
907.708026 0.000687 
907.193102 0.000689 
906.678762 0.000694 
906.165005 0.000704 
905.651829 0.000723 
905.139235 0.000741 
904.627220 0.000746 
904.115785 0.000751 
903.604927 0.000752 
903.094646 0.000750 
902.584942 0.000751 
902.075812 0.000757 
901.567257 0.000762 
901.059274 0.000769 
900.551864 0.000776 
900.045025 0.000781 
899.538756 0.000786 
899.033056 0.000791 
898.527924 0.000792 
898.023360 0.000793 
897.519362 0.000784 
897.015930 0.000772 
896.513062 0.000763 
896.010758 0.000755 
895.509016 0.000747 
895.007835 0.000753 
894.507216 0.000758 
894.007156 0.000778 
893.507654 0.000805 
893.008711 0.000825 
892.510325 0.000831 
892.012494 0.000837 
891.515219 0.000838 
891.018498 0.000838 
890.522330 0.000844 
890.026714 0.000856 
889.531650 0.000869 
889.037136 0.000876 
888.543171 0.000883 
888.049756 0.000875 
887.556888 0.000858 
887.064566 0.000844 
886.572791 0.000850 
886.081560 0.000855 
885.590874 0.000881 
885.100731 0.000915 
884.611130 0.000940 
884.122070 0.000941 
883.633551 0.000941 
883.145571 0.000939 
882.658130 0.000937 
882.171227 0.000936 
881.684861 0.000935 
881.199030 0.000935 
880.713735 0.000947 
880.228974 0.000962 
879.744746 0.000975 
879.261051 0.000985 
878.777888 0.000995 
878.295255 0.001019 
877.813152 0.001045 
877.331578 0.001057 
876.850532 0.001049 
876.370013 0.001041 
875.890021 0.001015 
875.410554 0.000988 
874.931612 0.000974 
874.453193 0.000979 
873.975298 0.000984 
873.497924 0.000980 
873.021072 0.000976 
872.544740 0.000981 
872.068928 0.000999 
871.593634 0.001018 
871.118858 0.001034 
870.644599 0.001050 
870.170856 0.001078 
869.697629 0.001129 
869.224916 0.001180 
868.752716 0.001180 
868.281029 0.001169 
867.809855 0.001159 
867.339191 0.001155 
866.869037 0.001151 
866.399393 0.001147 
865.930258 0.001143 
865.461630 0.001135 
864.993509 0.001104 
864.525895 0.001073 
864.058785 0.001078 
863.592181 0.001109 
863.126079 0.001141 
862.660481 0.001191 
862.195385 0.001242 
861.730790 0.001270 
861.266695 0.001270 
860.803100 0.001270 
860.340004 0.001260 
859.877406 0.001249 
859.415305 0.001239 
858.953701 0.001235 
858.492592 0.001231 
858.031978 0.001240 
857.571858 0.001255 
857.112231 0.001270 
856.653096 0.001274 
856.194453 0.001278 
855.736301 0.001282 
855.278639 0.001285 
854.821467 0.001289 
854.364783 0.001296 
853.908586 0.001304 
853.452877 0.001311 
852.997653 0.001314 
852.542915 0.001318 
852.088662 0.001330 
851.634892 0.001349 
851.181605 0.001368 
850.728801 0.001367 
850.276478 0.001363 
849.824636 0.001359 
849.373274 0.001355 
848.922391 0.001352 
848.471986 0.001348 
848.022060 0.001344 
847.572610 0.001340 
847.123636 0.001353 
846.675138 0.001368 
846.227114 0.001383 
845.779564 0.001398 
845.332488 0.001413 
844.885883 0.001428 
844.439751 0.001443 
843.994089 0.001458 
843.548898 0.001460 
843.104175 0.001460 
842.659922 0.001459 
842.216137 0.001456 
841.772818 0.001452 
841.329966 0.001453 
840.887580 0.001461 
840.445659 0.001468 
840.004202 0.001473 
839.563209 0.001476 
839.122678 0.001480 
838.682610 0.001476 
838.243002 0.001473 
837.803856 0.001478 
837.365169 0.001507 
836.926942 0.001536 
836.489173 0.001554 
836.051861 0.001561 
835.615007 0.001568 
835.178609 0.001579 
834.742666 0.001589 
834.307179 0.001600 
833.872145 0.001611 
833.437565 0.001622 
833.003438 0.001630 
832.569763 0.001630 
832.136539 0.001630 
831.703765 0.001630 
831.271442 0.001630 
830.839568 0.001630 
830.408142 0.001635 
829.977164 0.001642 
829.546633 0.001650 
829.116549 0.001657 
828.686911 0.001664 
828.257717 0.001672 
827.828968 0.001686 
827.400662 0.001701 
826.972800 0.001712 
826.545379 0.001720 
826.118401 0.001727 
825.691863 0.001730 
825.265765 0.001730 
824.840107 0.001730 
824.414888 0.001738 
823.990107 0.001748 
823.565764 0.001759 
823.141857 0.001766 
822.718387 0.001773 
822.295352 0.001781 
821.872752 0.001791 
821.450586 0.001802 
821.028853 0.001809 
820.607553 0.001806 
820.186686 0.001802 
819.766250 0.001801 
819.346244 0.001805 
818.926669 0.001808 
818.507524 0.001815 
818.088807 0.001826 
817.670518 0.001836 
817.252657 0.001840 
816.835223 0.001840 
816.418215 0.001840 
816.001633 0.001853 
815.585475 0.001870 
815.169742 0.001888 
814.754432 0.001899 
814.339546 0.001909 
813.925081 0.001920 
813.511039 0.001920 
813.097417 0.001920 
812.684216 0.001921 
812.271434 0.001942 
811.859072 0.001963 
811.447128 0.001982 
811.035602 0.001996 
810.624493 0.002010 
810.213801 0.002022 
809.803524 0.002028 
809.393663 0.002035 
808.984217 0.002043 
808.575185 0.002053 
808.166566 0.002064 
807.758359 0.002073 
807.350565 0.002079 
806.943183 0.002086 
806.536211 0.002093 
806.129650 0.002100 
805.723499 0.002106 
805.317756 0.002112 
804.912422 0.002115 
804.507496 0.002118 
804.102977 0.002129 
803.698864 0.002145 
803.295158 0.002162 
802.891857 0.002172 
802.488960 0.002175 
802.086468 0.002179 
801.684379 0.002173 
801.282694 0.002159 
800.881410 0.002146 
800.480529 0.002148 
800.080048 0.002161 
799.679968 0.002174 
799.280288 0.002197 
798.881007 0.002227 
798.482125 0.002257 
798.083641 0.002277 
797.685555 0.002291 
797.287865 0.002304 
796.890572 0.002308 
796.493675 0.002305 
796.097172 0.002302 
795.701065 0.002303 
795.305351 0.002310 
794.910031 0.002317 
794.515103 0.002328 
794.120568 0.002344 
793.726424 0.002361 
793.332672 0.002377 
792.939310 0.002394 
792.546338 0.002410 
792.153755 0.002421 
791.761561 0.002425 
791.369755 0.002428 
790.978336 0.002433 
790.587305 0.002443 
790.196660 0.002453 
789.806401 0.002465 
789.416527 0.002484 
789.027038 0.002504 
788.637933 0.002519 
788.249211 0.002516 
787.860873 0.002513 
787.472917 0.002510 
787.085343 0.002510 
786.698150 0.002510 
786.311338 0.002510 
785.924907 0.002529 
785.538855 0.002548 
785.153181 0.002567 
784.767887 0.002576 
784.382970 0.002582 
783.998431 0.002588 
783.614269 0.002597 
783.230483 0.002607 
782.847073 0.002616 
782.464038 0.002624 
782.081377 0.002630 
781.699091 0.002637 
781.317178 0.002645 
780.935638 0.002654 
780.554471 0.002664 
780.173675 0.002672 
779.793251 0.002678 
779.413198 0.002685 
779.033515 0.002692 
778.654202 0.002701 
778.275258 0.002711 
777.896683 0.002720 
777.518475 0.002723 
777.140636 0.002726 
776.763163 0.002729 
776.386057 0.002730 
776.009317 0.002730 
775.632942 0.002730 
775.256932 0.002744 
774.881287 0.002766 
774.506005 0.002788 
774.131087 0.002810 
773.756532 0.002832 
773.382339 0.002853 
773.008507 0.002871 
772.635037 0.002878 
772.261928 0.002884 
771.889178 0.002890 
771.516789 0.002887 
771.144758 0.002884 
770.773087 0.002881 
770.401773 0.002878 
770.030817 0.002874 
769.660218 0.002871 
769.289975 0.002873 
768.920088 0.002880 
768.550557 0.002886 
768.181381 0.002889 
767.812560 0.002886 
767.444093 0.002883 
767.075979 0.002881 
766.708217 0.002909 
766.340809 0.002936 
765.973752 0.002964 
765.607047 0.002982 
765.240693 0.002997 
764.874689 0.003012 
764.509035 0.003022 
764.143731 0.003025 
763.778775 0.003028 
763.414168 0.003029 
763.049909 0.003026 
762.685998 0.003023 
762.322433 0.003020 
761.959215 0.003017 
761.596343 0.003014 
761.233816 0.003011 
760.871634 0.003014 
760.509796 0.003020 
760.148303 0.003026 
759.787153 0.003034 
759.426346 0.003049 
759.065882 0.003064 
758.705760 0.003079 
758.345979 0.003086 
757.986539 0.003092 
757.627440 0.003098 
757.268681 0.003096 
756.910261 0.003090 
756.552181 0.003084 
756.194439 0.003084 
755.837036 0.003099 
755.479970 0.003114 
755.123241 0.003129 
754.766849 0.003135 
754.410793 0.003141 
754.055074 0.003147 
753.699689 0.003152 
753.344639 0.003155 
752.989924 0.003157 
752.635542 0.003162 
752.281494 0.003177 
751.927779 0.003192 
751.574396 0.003206 
751.221345 0.003206 
750.868626 0.003200 
750.516238 0.003194 
750.164181 0.003191 
749.812453 0.003194 
749.461055 0.003197 
749.109987 0.003200 
748.759247 0.003200 
748.408836 0.003200 
748.058752 0.003200 
747.708996 0.003206 
747.359566 0.003218 
747.010463 0.003229 
746.661686 0.003240 
746.313235 0.003240 
745.965109 0.003240 
745.617307 0.003240 
745.269829 0.003242 
744.922676 0.003245 
744.575845 0.003248 
744.229337 0.003251 
743.883152 0.003257 
743.537288 0.003262 
743.191746 0.003268 
742.846525 0.003282 
742.501625 0.003299 
742.157045 0.003316 
741.812784 0.003331 
741.468843 0.003337 
741.125220 0.003343 
740.781916 0.003348 
740.438930 0.003344 
740.096261 0.003335 
739.753909 0.003327 
739.411873 0.003320 
739.070154 0.003320 
738.728751 0.003320 
738.387663 0.003320 
738.046889 0.003336 
737.706430 0.003358 
737.366286 0.003381 
737.026454 0.003401 
736.686936 0.003407 
736.347730 0.003412 
736.008837 0.003418 
735.670255 0.003422 
735.331985 0.003425 
734.994025 0.003427 
734.656376 0.003430 
734.319038 0.003436 
733.982008 0.003442 
733.645289 0.003447 
733.308877 0.003450 
732.972775 0.003450 
732.636980 0.003450 
732.301493 0.003450 
731.966313 0.003460 
731.631439 0.003472 
731.296872 0.003483 
730.962611 0.003497 
730.628655 0.003516 
730.295004 0.003536 
729.961658 0.003555 
729.628616 0.003556 
729.295877 0.003550 
728.963442 0.003545 
728.631310 0.003541 
728.299481 0.003549 
727.967953 0.003558 
727.636728 0.003566 
727.305803 0.003571 
726.975180 0.003574 
726.644856 0.003577 
726.314833 0.003580 
725.985110 0.003587 
725.655686 0.003596 
725.326560 0.003604 
724.997733 0.003611 
724.669204 0.003617 
724.340973 0.003622 
724.013039 0.003628 
723.685401 0.003636 
723.358060 0.003647 
723.031015 0.003658 
722.704266 0.003669 
722.377812 0.003677 
722.051653 0.003686 
721.725788 0.003694 
721.400217 0.003703 
721.074939 0.003717 
720.749955 0.003730 
720.425264 0.003744 
720.100865 0.003746 
719.776758 0.003738 
719.452942 0.003729 
719.129418 0.003721 
718.806185 0.003718 
718.483242 0.003715 
718.160589 0.003712 
717.838226 0.003712 
717.516152 0.003725 
717.194367 0.003738 
716.872871 0.003752 
716.551662 0.003766 
716.230742 0.003782 
715.910108 0.003798 
715.589762 0.003814 
715.269702 0.003830 
714.949928 0.003846 
714.630441 0.003862 
714.311238 0.003878 
713.992321 0.003885 
713.673688 0.003890 
713.355339 0.003895 
713.037275 0.003901 
712.719494 0.003909 
712.401996 0.003917 
712.084780 0.003925 
711.767848 0.003932 
711.451197 0.003937 
711.134827 0.003942 
710.818739 0.003948 
710.502932 0.003960 
710.187406 0.003978 
709.872159 0.003997 
709.557192 0.004015 
709.242505 0.004022 
708.928096 0.004025 
708.613967 0.004027 
708.300115 0.004030 
707.986542 0.004025 
707.673245 0.004020 
707.360226 0.004015 
707.047484 0.004011 
706.735019 0.004024 
706.422829 0.004037 
706.110915 0.004050 
705.799276 0.004062 
705.487912 0.004073 
705.176823 0.004083 
704.866008 0.004093 
704.555467 0.004095 
704.245200 0.004082 
703.935206 0.004069 
703.625484 0.004057 
703.316035 0.004039 
703.006858 0.004015 
702.697952 0.003992 
702.389318 0.003969 
702.080955 0.003986 
701.772863 0.004030 
701.465041 0.004074 
701.157489 0.004117 
700.850206 0.004186 
700.543193 0.004265 
700.236448 0.004345 
699.929972 0.004424 
699.623764 0.004458 
699.317824 0.004481 
699.012151 0.004504 
698.706746 0.004527 
698.401607 0.004537 
698.096735 0.004544 
697.792128 0.004552 
697.487788 0.004559 
697.183713 0.004569 
696.879902 0.004580 
696.576357 0.004590 
696.273076 0.004600 
695.970058 0.004625 
695.667305 0.004650 
695.364814 0.004675 
695.062587 0.004700 
694.760622 0.004748 
694.458920 0.004796 
694.157479 0.004844 
693.856300 0.004891 
693.555382 0.004923 
693.254725 0.004956 
692.954329 0.004989 
692.654193 0.005021 
692.354316 0.005054 
692.054700 0.005086 
691.755342 0.005118 
691.456244 0.005151 
691.157403 0.005196 
690.858821 0.005241 
690.560497 0.005285 
690.262431 0.005330 
689.964622 0.005375 
689.667069 0.005419 
689.369773 0.005464 
689.072734 0.005509 
688.775950 0.005558 
688.479421 0.005607 
688.183148 0.005656 
687.887130 0.005706 
687.591366 0.005746 
687.295857 0.005785 
687.000601 0.005825 
686.705599 0.005864 
686.410851 0.005918 
686.116355 0.005974 
685.822112 0.006031 
685.528121 0.006087 
685.234382 0.006140 
684.940894 0.006191 
684.647658 0.006242 
684.354673 0.006294 
684.061939 0.006351 
683.769454 0.006412 
683.477220 0.006473 
683.185236 0.006534 
682.893501 0.006611 
682.602015 0.006701 
682.310777 0.006791 
682.019788 0.006881 
681.729048 0.006984 
681.438555 0.007105 
681.148309 0.007226 
680.858311 0.007347 
680.568559 0.007472 
680.279054 0.007607 
679.989795 0.007742 
679.700782 0.007877 
679.412015 0.008023 
679.123492 0.008224 
678.835215 0.008426 
678.547183 0.008628 
678.259394 0.008829 
677.971850 0.009123 
677.684550 0.009417 
677.397492 0.009712 
677.110678 0.010006 
676.824107 0.010535 
676.537778 0.011116 
676.251691 0.011698 
675.965847 0.012279 
675.680243 0.013604 
675.394881 0.015383 
675.109760 0.017162 
674.824880 0.018941 
674.540240 0.021067 
674.255839 0.023692 
673.971679 0.026316 
673.687758 0.028941 
673.404076 0.031494 
673.120633 0.033729 
672.837428 0.035965 
672.554462 0.038200 
672.271734 0.040436 
671.989243 0.042882 
671.706989 0.045339 
671.424973 0.047797 
671.143193 0.050255 
670.861649 0.053033 
670.580342 0.055955 
670.299271 0.058877 
670.018435 0.061799 
669.737834 0.064935 
669.457468 0.068370 
669.177337 0.071804 
668.897440 0.075238 
668.617777 0.078748 
668.338348 0.082753 
668.059153 0.086758 
667.780190 0.090764 
667.501461 0.094769 
667.222964 0.099282 
666.944699 0.103898 
666.666667 0.108515 
