4000.123242 -0.000651 
3998.956130 -0.000508 
3997.789019 -0.000762 
3996.621907 -0.000707 
3995.454795 -0.000530 
3994.287683 -0.000603 
3993.120572 -0.000610 
3991.953460 -0.000709 
3990.786348 -0.000484 
3989.619236 -0.000654 
3988.452125 -0.000647 
3987.285013 -0.000457 
3986.117901 -0.000346 
3984.950789 -0.000388 
3983.783678 -0.000528 
3982.616566 -0.000335 
3981.449454 -0.000422 
3980.282342 -0.000514 
3979.115231 -0.000296 
3977.948119 -0.000410 
3976.781007 -0.000362 
3975.613896 -0.000332 
3974.446784 -0.000375 
3973.279672 -0.000234 
3972.112560 -0.000247 
3970.945449 -0.000268 
3969.778337 -0.000297 
3968.611225 -0.000302 
3967.444113 -0.000387 
3966.277002 -0.000289 
3965.109890 -0.000255 
3963.942778 -0.000083 
3962.775666 -0.000277 
3961.608555 -0.000557 
3960.441443 -0.000384 
3959.274331 -0.000070 
3958.107219 0.000018 
3956.940108 -0.000097 
3955.772996 -0.000275 
3954.605884 -0.000060 
3953.438772 -0.000182 
3952.271661 -0.000372 
3951.104549 -0.000418 
3949.937437 -0.000285 
3948.770326 -0.000179 
3947.603214 -0.000388 
3946.436102 -0.000233 
3945.268990 -0.000213 
3944.101879 -0.000246 
3942.934767 -0.000337 
3941.767655 -0.000012 
3940.600543 0.000015 
3939.433432 -0.000166 
3938.266320 -0.000163 
3937.099208 -0.000185 
3935.932096 -0.000150 
3934.764985 -0.000238 
3933.597873 -0.000155 
3932.430761 -0.000090 
3931.263649 -0.000086 
3930.096538 -0.000072 
3928.929426 0.000029 
3927.762314 -0.000353 
3926.595203 -0.000315 
3925.428091 -0.000321 
3924.260979 -0.000253 
3923.093867 -0.000144 
3921.926756 -0.000281 
3920.759644 -0.000230 
3919.592532 -0.000208 
3918.425420 -0.000286 
3917.258309 -0.000385 
3916.091197 -0.000220 
3914.924085 -0.000318 
3913.756973 -0.000355 
3912.589862 -0.000108 
3911.422750 0.000035 
3910.255638 -0.000181 
3909.088526 -0.000094 
3907.921415 -0.000223 
3906.754303 -0.000066 
3905.587191 0.000011 
3904.420080 -0.000075 
3903.252968 -0.000208 
3902.085856 -0.000091 
3900.918744 -0.000050 
3899.751633 0.000023 
3898.584521 -0.000026 
3897.417409 -0.000068 
3896.250297 -0.000033 
3895.083186 -0.000079 
3893.916074 -0.000213 
3892.748962 -0.000244 
3891.581850 -0.000170 
3890.414739 -0.000116 
3889.247627 0.000210 
3888.080515 0.000116 
3886.913403 -0.000021 
3885.746292 -0.000038 
3884.579180 0.000043 
3883.412068 0.000163 
3882.244957 -0.000000 
3881.077845 0.000012 
3879.910733 -0.000101 
3878.743621 0.000089 
3877.576510 0.000116 
3876.409398 -0.000001 
3875.242286 0.000090 
3874.075174 0.000052 
3872.908063 -0.000010 
3871.740951 0.000027 
3870.573839 0.000060 
3869.406727 0.000096 
3868.239616 0.000071 
3867.072504 -0.000155 
3865.905392 -0.000014 
3864.738280 0.000127 
3863.571169 0.000182 
3862.404057 0.000072 
3861.236945 -0.000062 
3860.069833 0.000292 
3858.902722 0.000358 
3857.735610 0.000094 
3856.568498 0.000198 
3855.401387 0.000070 
3854.234275 0.000159 
3853.067163 0.000133 
3851.900051 -0.000009 
3850.732940 0.000135 
3849.565828 0.000217 
3848.398716 0.000142 
3847.231604 0.000165 
3846.064493 -0.000108 
3844.897381 0.000057 
3843.730269 0.000130 
3842.563157 -0.000004 
3841.396046 0.000031 
3840.228934 -0.000023 
3839.061822 0.000142 
3837.894710 0.000060 
3836.727599 -0.000086 
3835.560487 -0.000115 
3834.393375 0.000032 
3833.226264 0.000165 
3832.059152 0.000120 
3830.892040 0.000120 
3829.724928 0.000061 
3828.557817 0.000118 
3827.390705 -0.000007 
3826.223593 -0.000032 
3825.056481 -0.000135 
3823.889370 -0.000022 
3822.722258 0.000146 
3821.555146 0.000318 
3820.388034 0.000206 
3819.220923 0.000191 
3818.053811 -0.000081 
3816.886699 -0.000073 
3815.719587 -0.000132 
3814.552476 0.000147 
3813.385364 0.000147 
3812.218252 0.000124 
3811.051141 0.000200 
3809.884029 0.000340 
3808.716917 0.000069 
3807.549805 -0.000051 
3806.382694 -0.000064 
3805.215582 0.000126 
3804.048470 0.000309 
3802.881358 0.000140 
3801.714247 0.000010 
3800.547135 0.000067 
3799.380023 0.000262 
3798.212911 0.000264 
3797.045800 0.000217 
3795.878688 0.000243 
3794.711576 0.000267 
3793.544464 0.000354 
3792.377353 0.000414 
3791.210241 0.000354 
3790.043129 0.000403 
3788.876017 0.000342 
3787.708906 0.000161 
3786.541794 0.000405 
3785.374682 0.000422 
3784.207571 0.000338 
3783.040459 0.000366 
3781.873347 0.000523 
3780.706235 0.000434 
3779.539124 0.000377 
3778.372012 0.000305 
3777.204900 0.000382 
3776.037788 0.000278 
3774.870677 0.000355 
3773.703565 0.000458 
3772.536453 0.000389 
3771.369341 0.000480 
3770.202230 0.000462 
3769.035118 0.000478 
3767.868006 0.000402 
3766.700894 0.000419 
3765.533783 0.000222 
3764.366671 0.000235 
3763.199559 0.000133 
3762.032448 0.000292 
3760.865336 0.000173 
3759.698224 0.000059 
3758.531112 0.000057 
3757.364001 0.000181 
3756.196889 -0.000062 
3755.029777 -0.000105 
3753.862665 -0.000026 
3752.695554 -0.000389 
3751.528442 -0.000399 
3750.361330 -0.000449 
3749.194218 -0.000575 
3748.027107 -0.000504 
3746.859995 -0.000628 
3745.692883 -0.000686 
3744.525771 -0.000903 
3743.358660 -0.001194 
3742.191548 -0.001163 
3741.024436 -0.001347 
3739.857325 -0.001314 
3738.690213 -0.001474 
3737.523101 -0.001571 
3736.355989 -0.001681 
3735.188878 -0.001728 
3734.021766 -0.001888 
3732.854654 -0.001850 
3731.687542 -0.001815 
3730.520431 -0.002140 
3729.353319 -0.002139 
3728.186207 -0.002296 
3727.019095 -0.002039 
3725.851984 -0.001994 
3724.684872 -0.001863 
3723.517760 -0.001577 
3722.350648 -0.001216 
3721.183537 -0.000993 
3720.016425 -0.000757 
3718.849313 -0.000603 
3717.682202 -0.000641 
3716.515090 -0.000780 
3715.347978 -0.000754 
3714.180866 -0.000933 
3713.013755 -0.000928 
3711.846643 -0.000816 
3710.679531 -0.000891 
3709.512419 -0.000770 
3708.345308 -0.000666 
3707.178196 -0.000429 
3706.011084 -0.000349 
3704.843972 0.000078 
3703.676861 0.000631 
3702.509749 0.000875 
3701.342637 0.001265 
3700.175525 0.001474 
3699.008414 0.001739 
3697.841302 0.002042 
3696.674190 0.002219 
3695.507078 0.002092 
3694.339967 0.002112 
3693.172855 0.002098 
3692.005743 0.001964 
3690.838632 0.001839 
3689.671520 0.001642 
3688.504408 0.001303 
3687.337296 0.001129 
3686.170185 0.001090 
3685.003073 0.000960 
3683.835961 0.000874 
3682.668849 0.000716 
3681.501738 0.000479 
3680.334626 0.000241 
3679.167514 0.000209 
3678.000402 -0.000028 
3676.833291 0.000010 
3675.666179 -0.000026 
3674.499067 -0.000007 
3673.331955 -0.000105 
3672.164844 -0.000214 
3670.997732 -0.000191 
3669.830620 -0.000218 
3668.663509 -0.000222 
3667.496397 -0.000228 
3666.329285 -0.000227 
3665.162173 -0.000208 
3663.995062 -0.000120 
3662.827950 -0.000108 
3661.660838 -0.000350 
3660.493726 -0.000513 
3659.326615 -0.000512 
3658.159503 -0.000325 
3656.992391 -0.000138 
3655.825279 -0.000387 
3654.658168 -0.000267 
3653.491056 -0.000216 
3652.323944 -0.000306 
3651.156832 -0.000403 
3649.989721 -0.000390 
3648.822609 -0.000419 
3647.655497 -0.000277 
3646.488386 0.000035 
3645.321274 -0.000005 
3644.154162 -0.000003 
3642.987050 -0.000011 
3641.819939 0.000045 
3640.652827 0.000137 
3639.485715 0.000530 
3638.318603 0.000376 
3637.151492 0.000418 
3635.984380 0.000398 
3634.817268 0.000632 
3633.650156 0.000719 
3632.483045 0.000882 
3631.315933 0.001008 
3630.148821 0.001092 
3628.981709 0.001172 
3627.814598 0.001489 
3626.647486 0.001632 
3625.480374 0.001822 
3624.313262 0.001993 
3623.146151 0.002325 
3621.979039 0.002474 
3620.811927 0.002670 
3619.644816 0.002968 
3618.477704 0.003295 
3617.310592 0.003575 
3616.143480 0.003766 
3614.976369 0.004109 
3613.809257 0.004428 
3612.642145 0.004602 
3611.475033 0.004977 
3610.307922 0.005427 
3609.140810 0.005703 
3607.973698 0.005978 
3606.806586 0.006426 
3605.639475 0.006850 
3604.472363 0.007213 
3603.305251 0.007680 
3602.138139 0.008315 
3600.971028 0.008835 
3599.803916 0.009432 
3598.636804 0.009820 
3597.469693 0.010410 
3596.302581 0.010881 
3595.135469 0.011430 
3593.968357 0.012060 
3592.801246 0.012818 
3591.634134 0.013363 
3590.467022 0.013961 
3589.299910 0.014591 
3588.132799 0.015326 
3586.965687 0.015859 
3585.798575 0.016520 
3584.631463 0.017603 
3583.464352 0.018519 
3582.297240 0.019005 
3581.130128 0.019664 
3579.963016 0.020674 
3578.795905 0.021707 
3577.628793 0.022540 
3576.461681 0.023190 
3575.294570 0.024033 
3574.127458 0.024977 
3572.960346 0.026046 
3571.793234 0.027114 
3570.626123 0.028015 
3569.459011 0.028777 
3568.291899 0.029655 
3567.124787 0.030799 
3565.957676 0.031629 
3564.790564 0.032892 
3563.623452 0.034054 
3562.456340 0.035338 
3561.289229 0.036476 
3560.122117 0.037553 
3558.955005 0.038516 
3557.787893 0.039617 
3556.620782 0.040784 
3555.453670 0.042052 
3554.286558 0.043286 
3553.119447 0.044634 
3551.952335 0.045926 
3550.785223 0.047204 
3549.618111 0.048704 
3548.451000 0.050007 
3547.283888 0.051587 
3546.116776 0.053022 
3544.949664 0.054509 
3543.782553 0.056067 
3542.615441 0.057602 
3541.448329 0.059348 
3540.281217 0.061074 
3539.114106 0.062465 
3537.946994 0.064252 
3536.779882 0.065924 
3535.612770 0.067736 
3534.445659 0.069650 
3533.278547 0.071578 
3532.111435 0.073391 
3530.944323 0.075264 
3529.777212 0.077492 
3528.610100 0.079642 
3527.442988 0.081672 
3526.275877 0.083496 
3525.108765 0.085824 
3523.941653 0.087939 
3522.774541 0.090394 
3521.607430 0.092581 
3520.440318 0.095004 
3519.273206 0.097218 
3518.106094 0.099675 
3516.938983 0.102042 
3515.771871 0.104521 
3514.604759 0.107042 
3513.437647 0.109370 
3512.270536 0.112016 
3511.103424 0.114756 
3509.936312 0.117419 
3508.769200 0.119848 
3507.602089 0.122617 
3506.434977 0.125259 
3505.267865 0.128161 
3504.100754 0.130877 
3502.933642 0.133487 
3501.766530 0.136187 
3500.599418 0.139285 
3499.432307 0.142159 
3498.265195 0.145131 
3497.098083 0.148193 
3495.930971 0.150943 
3494.763860 0.153837 
3493.596748 0.156856 
3492.429636 0.159866 
3491.262524 0.162813 
3490.095413 0.166000 
3488.928301 0.169083 
3487.761189 0.172389 
3486.594077 0.175470 
3485.426966 0.178478 
3484.259854 0.181534 
3483.092742 0.184726 
3481.925631 0.188160 
3480.758519 0.191472 
3479.591407 0.194667 
3478.424295 0.197883 
3477.257184 0.201294 
3476.090072 0.204862 
3474.922960 0.208230 
3473.755848 0.211529 
3472.588737 0.214895 
3471.421625 0.218259 
3470.254513 0.221630 
3469.087401 0.225103 
3467.920290 0.228624 
3466.753178 0.232287 
3465.586066 0.235996 
3464.418954 0.239452 
3463.251843 0.243144 
3462.084731 0.246758 
3460.917619 0.250271 
3459.750508 0.253833 
3458.583396 0.257317 
3457.416284 0.261120 
3456.249172 0.264805 
3455.082061 0.268614 
3453.914949 0.272016 
3452.747837 0.275823 
3451.580725 0.279404 
3450.413614 0.283279 
3449.246502 0.286985 
3448.079390 0.290738 
3446.912278 0.294256 
3445.745167 0.298061 
3444.578055 0.301764 
3443.410943 0.305482 
3442.243831 0.309185 
3441.076720 0.313080 
3439.909608 0.316473 
3438.742496 0.320108 
3437.575384 0.324003 
3436.408273 0.327413 
3435.241161 0.331280 
3434.074049 0.334558 
3432.906938 0.338488 
3431.739826 0.342196 
3430.572714 0.345622 
3429.405602 0.348974 
3428.238491 0.352449 
3427.071379 0.355901 
3425.904267 0.359332 
3424.737155 0.362628 
3423.570044 0.366229 
3422.402932 0.369478 
3421.235820 0.372863 
3420.068708 0.375936 
3418.901597 0.379103 
3417.734485 0.382624 
3416.567373 0.385688 
3415.400261 0.388616 
3414.233150 0.392045 
3413.066038 0.394992 
3411.898926 0.398175 
3410.731815 0.401450 
3409.564703 0.404629 
3408.397591 0.407419 
3407.230479 0.409960 
3406.063368 0.412896 
3404.896256 0.415570 
3403.729144 0.418521 
3402.562032 0.421517 
3401.394921 0.424045 
3400.227809 0.426634 
3399.060697 0.429424 
3397.893585 0.431996 
3396.726474 0.434669 
3395.559362 0.437219 
3394.392250 0.439318 
3393.225138 0.441861 
3392.058027 0.444925 
3390.890915 0.447234 
3389.723803 0.449491 
3388.556692 0.451495 
3387.389580 0.454019 
3386.222468 0.456443 
3385.055356 0.458494 
3383.888245 0.460853 
3382.721133 0.463252 
3381.554021 0.465181 
3380.386909 0.467395 
3379.219798 0.469597 
3378.052686 0.472044 
3376.885574 0.473699 
3375.718462 0.475399 
3374.551351 0.477613 
3373.384239 0.479739 
3372.217127 0.481642 
3371.050015 0.483308 
3369.882904 0.485273 
3368.715792 0.487402 
3367.548680 0.489547 
3366.381568 0.491288 
3365.214457 0.492788 
3364.047345 0.494617 
3362.880233 0.496528 
3361.713122 0.498342 
3360.546010 0.500498 
3359.378898 0.501900 
3358.211786 0.503731 
3357.044675 0.505106 
3355.877563 0.506746 
3354.710451 0.508975 
3353.543339 0.510905 
3352.376228 0.512551 
3351.209116 0.514137 
3350.042004 0.515941 
3348.874892 0.517699 
3347.707781 0.519138 
3346.540669 0.520721 
3345.373557 0.522452 
3344.206445 0.524049 
3343.039334 0.525721 
3341.872222 0.527440 
3340.705110 0.529561 
3339.537999 0.531256 
3338.370887 0.532765 
3337.203775 0.534639 
3336.036663 0.536311 
3334.869552 0.537905 
3333.702440 0.539836 
3332.535328 0.541170 
3331.368216 0.542932 
3330.201105 0.545265 
3329.033993 0.546525 
3327.866881 0.548411 
3326.699769 0.549709 
3325.532658 0.551352 
3324.365546 0.553040 
3323.198434 0.555008 
3322.031322 0.556662 
3320.864211 0.558311 
3319.697099 0.559860 
3318.529987 0.562016 
3317.362876 0.563622 
3316.195764 0.565190 
3315.028652 0.567194 
3313.861540 0.568479 
3312.694429 0.569954 
3311.527317 0.572312 
3310.360205 0.574311 
3309.193093 0.575467 
3308.025982 0.577317 
3306.858870 0.578938 
3305.691758 0.580872 
3304.524646 0.582499 
3303.357535 0.583930 
3302.190423 0.585264 
3301.023311 0.587323 
3299.856199 0.589131 
3298.689088 0.590305 
3297.521976 0.591903 
3296.354864 0.593728 
3295.187753 0.594784 
3294.020641 0.595799 
3292.853529 0.597779 
3291.686417 0.599680 
3290.519306 0.600421 
3289.352194 0.601759 
3288.185082 0.603257 
3287.017970 0.604797 
3285.850859 0.606226 
3284.683747 0.606719 
3283.516635 0.607811 
3282.349523 0.609380 
3281.182412 0.610778 
3280.015300 0.612015 
3278.848188 0.613064 
3277.681076 0.613847 
3276.513965 0.614541 
3275.346853 0.615828 
3274.179741 0.616801 
3273.012629 0.617322 
3271.845518 0.618485 
3270.678406 0.619436 
3269.511294 0.619828 
3268.344183 0.620430 
3267.177071 0.621597 
3266.009959 0.621839 
3264.842847 0.622139 
3263.675736 0.622668 
3262.508624 0.622937 
3261.341512 0.623152 
3260.174400 0.623868 
3259.007289 0.624076 
3257.840177 0.624366 
3256.673065 0.624512 
3255.505953 0.624465 
3254.338842 0.624602 
3253.171730 0.624418 
3252.004618 0.623797 
3250.837506 0.623595 
3249.670395 0.623474 
3248.503283 0.623503 
3247.336171 0.623422 
3246.169060 0.623123 
3245.001948 0.622758 
3243.834836 0.622519 
3242.667724 0.621659 
3241.500613 0.621444 
3240.333501 0.620926 
3239.166389 0.619876 
3237.999277 0.619103 
3236.832166 0.618382 
3235.665054 0.618042 
3234.497942 0.617488 
3233.330830 0.616407 
3232.163719 0.615276 
3230.996607 0.614208 
3229.829495 0.612960 
3228.662383 0.611740 
3227.495272 0.610839 
3226.328160 0.610069 
3225.161048 0.608470 
3223.993937 0.607347 
3222.826825 0.606255 
3221.659713 0.604463 
3220.492601 0.603345 
3219.325490 0.602249 
3218.158378 0.600635 
3216.991266 0.599273 
3215.824154 0.597442 
3214.657043 0.596151 
3213.489931 0.594865 
3212.322819 0.593234 
3211.155707 0.591388 
3209.988596 0.589535 
3208.821484 0.587955 
3207.654372 0.586341 
3206.487260 0.584825 
3205.320149 0.583036 
3204.153037 0.580826 
3202.985925 0.578826 
3201.818813 0.576697 
3200.651702 0.574820 
3199.484590 0.572993 
3198.317478 0.571397 
3197.150367 0.568996 
3195.983255 0.566966 
3194.816143 0.564887 
3193.649031 0.562690 
3192.481920 0.560788 
3191.314808 0.558629 
3190.147696 0.556509 
3188.980584 0.554170 
3187.813473 0.551873 
3186.646361 0.549850 
3185.479249 0.547665 
3184.312137 0.545474 
3183.145026 0.542979 
3181.977914 0.540599 
3180.810802 0.538520 
3179.643690 0.536175 
3178.476579 0.533594 
3177.309467 0.531251 
3176.142355 0.528984 
3174.975244 0.526582 
3173.808132 0.524165 
3172.641020 0.521570 
3171.473908 0.519117 
3170.306797 0.516456 
3169.139685 0.514454 
3167.972573 0.511711 
3166.805461 0.508831 
3165.638350 0.506343 
3164.471238 0.503365 
3163.304126 0.500523 
3162.137014 0.498396 
3160.969903 0.495946 
3159.802791 0.492955 
3158.635679 0.490122 
3157.468567 0.487275 
3156.301456 0.484888 
3155.134344 0.482173 
3153.967232 0.479210 
3152.800121 0.476617 
3151.633009 0.473642 
3150.465897 0.470575 
3149.298785 0.467738 
3148.131674 0.464941 
3146.964562 0.461992 
3145.797450 0.459061 
3144.630338 0.456124 
3143.463227 0.452815 
3142.296115 0.449816 
3141.129003 0.446742 
3139.961891 0.443745 
3138.794780 0.440373 
3137.627668 0.436803 
3136.460556 0.434119 
3135.293444 0.431176 
3134.126333 0.427996 
3132.959221 0.424483 
3131.792109 0.421428 
3130.624998 0.417897 
3129.457886 0.414115 
3128.290774 0.410965 
3127.123662 0.407640 
3125.956551 0.404328 
3124.789439 0.400655 
3123.622327 0.397398 
3122.455215 0.393778 
3121.288104 0.390256 
3120.120992 0.386773 
3118.953880 0.383285 
3117.786768 0.379682 
3116.619657 0.376052 
3115.452545 0.372439 
3114.285433 0.368780 
3113.118321 0.365014 
3111.951210 0.361192 
3110.784098 0.357332 
3109.616986 0.353594 
3108.449874 0.350187 
3107.282763 0.346395 
3106.115651 0.342514 
3104.948539 0.338748 
3103.781428 0.334991 
3102.614316 0.330719 
3101.447204 0.326617 
3100.280092 0.322907 
3099.112981 0.318881 
3097.945869 0.314836 
3096.778757 0.311098 
3095.611645 0.307193 
3094.444534 0.303152 
3093.277422 0.299094 
3092.110310 0.295194 
3090.943198 0.291211 
3089.776087 0.287097 
3088.608975 0.283122 
3087.441863 0.279280 
3086.274751 0.275209 
3085.107640 0.271258 
3083.940528 0.267298 
3082.773416 0.263270 
3081.606305 0.259511 
3080.439193 0.255367 
3079.272081 0.251434 
3078.104969 0.247592 
3076.937858 0.243725 
3075.770746 0.239860 
3074.603634 0.235986 
3073.436522 0.232204 
3072.269411 0.228440 
3071.102299 0.224733 
3069.935187 0.220990 
3068.768075 0.217261 
3067.600964 0.213774 
3066.433852 0.210277 
3065.266740 0.206651 
3064.099628 0.203267 
3062.932517 0.200076 
3061.765405 0.196679 
3060.598293 0.193138 
3059.431182 0.190029 
3058.264070 0.186940 
3057.096958 0.183750 
3055.929846 0.180645 
3054.762735 0.177577 
3053.595623 0.174552 
3052.428511 0.171358 
3051.261399 0.168568 
3050.094288 0.165903 
3048.927176 0.163194 
3047.760064 0.160558 
3046.592952 0.157964 
3045.425841 0.155347 
3044.258729 0.152800 
3043.091617 0.150268 
3041.924505 0.147942 
3040.757394 0.145635 
3039.590282 0.143310 
3038.423170 0.140929 
3037.256058 0.138805 
3036.088947 0.136639 
3034.921835 0.134332 
3033.754723 0.132312 
3032.587612 0.130284 
3031.420500 0.128197 
3030.253388 0.126258 
3029.086276 0.124384 
3027.919165 0.122635 
3026.752053 0.120776 
3025.584941 0.118797 
3024.417829 0.117050 
3023.250718 0.115330 
3022.083606 0.113542 
3020.916494 0.111845 
3019.749382 0.110218 
3018.582271 0.108565 
3017.415159 0.106860 
3016.248047 0.105278 
3015.080935 0.103869 
3013.913824 0.102334 
3012.746712 0.100879 
3011.579600 0.099508 
3010.412489 0.098076 
3009.245377 0.096577 
3008.078265 0.095264 
3006.911153 0.094035 
3005.744042 0.092950 
3004.576930 0.091694 
3003.409818 0.090612 
3002.242706 0.089690 
3001.075595 0.088452 
2999.908483 0.087505 
2998.741371 0.086892 
2997.574259 0.086119 
2996.407148 0.085418 
2995.240036 0.084785 
2994.072924 0.084436 
2992.905812 0.084148 
2991.738701 0.084157 
2990.571589 0.084129 
2989.404477 0.084400 
2988.237366 0.084831 
2987.070254 0.085380 
2985.903142 0.085903 
2984.736030 0.086588 
2983.568919 0.087124 
2982.401807 0.087602 
2981.234695 0.087841 
2980.067583 0.087853 
2978.900472 0.087626 
2977.733360 0.086689 
2976.566248 0.085738 
2975.399136 0.084360 
2974.232025 0.082428 
2973.064913 0.080114 
2971.897801 0.077771 
2970.730689 0.075271 
2969.563578 0.072868 
2968.396466 0.070377 
2967.229354 0.068125 
2966.062243 0.066090 
2964.895131 0.064283 
2963.728019 0.062684 
2962.560907 0.061226 
2961.393796 0.060013 
2960.226684 0.058831 
2959.059572 0.058013 
2957.892460 0.057288 
2956.725349 0.056480 
2955.558237 0.055803 
2954.391125 0.055232 
2953.224013 0.054813 
2952.056902 0.054283 
2950.889790 0.053639 
2949.722678 0.053288 
2948.555566 0.052991 
2947.388455 0.052609 
2946.221343 0.052325 
2945.054231 0.051907 
2943.887119 0.051475 
2942.720008 0.051124 
2941.552896 0.050895 
2940.385784 0.050475 
2939.218673 0.050053 
2938.051561 0.049658 
2936.884449 0.049314 
2935.717337 0.048815 
2934.550226 0.048427 
2933.383114 0.047926 
2932.216002 0.047572 
2931.048890 0.047255 
2929.881779 0.046808 
2928.714667 0.046311 
2927.547555 0.045856 
2926.380443 0.045346 
2925.213332 0.044840 
2924.046220 0.044470 
2922.879108 0.044010 
2921.711996 0.043867 
2920.544885 0.043461 
2919.377773 0.043243 
2918.210661 0.042907 
2917.043550 0.042538 
2915.876438 0.042397 
2914.709326 0.042375 
2913.542214 0.042203 
2912.375103 0.042059 
2911.207991 0.042078 
2910.040879 0.041994 
2908.873767 0.041929 
2907.706656 0.041813 
2906.539544 0.041595 
2905.372432 0.041442 
2904.205320 0.041243 
2903.038209 0.040922 
2901.871097 0.040568 
2900.703985 0.040222 
2899.536873 0.039833 
2898.369762 0.039441 
2897.202650 0.038933 
2896.035538 0.038400 
2894.868427 0.037873 
2893.701315 0.037382 
2892.534203 0.036860 
2891.367091 0.036255 
2890.199980 0.035831 
2889.032868 0.035499 
2887.865756 0.035149 
2886.698644 0.034797 
2885.531533 0.034531 
2884.364421 0.034402 
2883.197309 0.034305 
2882.030197 0.034262 
2880.863086 0.034251 
2879.695974 0.034253 
2878.528862 0.034254 
2877.361750 0.034073 
2876.194639 0.033753 
2875.027527 0.033642 
2873.860415 0.033385 
2872.693303 0.033158 
2871.526192 0.033057 
2870.359080 0.032748 
2869.191968 0.032357 
2868.024857 0.032162 
2866.857745 0.031868 
2865.690633 0.031614 
2864.523521 0.031394 
2863.356410 0.030982 
2862.189298 0.030588 
2861.022186 0.030171 
2859.855074 0.029862 
2858.687963 0.029565 
2857.520851 0.029133 
2856.353739 0.028615 
2855.186627 0.028151 
2854.019516 0.027797 
2852.852404 0.027239 
2851.685292 0.026812 
2850.518180 0.026320 
2849.351069 0.025910 
2848.183957 0.025489 
2847.016845 0.025086 
2845.849734 0.024650 
2844.682622 0.024227 
2843.515510 0.023906 
2842.348398 0.023645 
2841.181287 0.023380 
2840.014175 0.023139 
2838.847063 0.022795 
2837.679951 0.022291 
2836.512840 0.021947 
2835.345728 0.021606 
2834.178616 0.021381 
2833.011504 0.020978 
2831.844393 0.020674 
2830.677281 0.020299 
2829.510169 0.020035 
2828.343057 0.019687 
2827.175946 0.019333 
2826.008834 0.019021 
2824.841722 0.018738 
2823.674611 0.018427 
2822.507499 0.018201 
2821.340387 0.017916 
2820.173275 0.017750 
2819.006164 0.017467 
2817.839052 0.017229 
2816.671940 0.017003 
2815.504828 0.016806 
2814.337717 0.016567 
2813.170605 0.016248 
2812.003493 0.016130 
2810.836381 0.015778 
2809.669270 0.015482 
2808.502158 0.015163 
2807.335046 0.015061 
2806.167934 0.014831 
2805.000823 0.014430 
2803.833711 0.014115 
2802.666599 0.013842 
2801.499488 0.013642 
2800.332376 0.013397 
2799.165264 0.013160 
2797.998152 0.012923 
2796.831041 0.012767 
2795.663929 0.012673 
2794.496817 0.012494 
2793.329705 0.012367 
2792.162594 0.012219 
2790.995482 0.012032 
2789.828370 0.011992 
2788.661258 0.011838 
2787.494147 0.011690 
2786.327035 0.011701 
2785.159923 0.011697 
2783.992811 0.011561 
2782.825700 0.011422 
2781.658588 0.011304 
2780.491476 0.011248 
2779.324364 0.011197 
2778.157253 0.011091 
2776.990141 0.011151 
2775.823029 0.010991 
2774.655918 0.010838 
2773.488806 0.010853 
2772.321694 0.011008 
2771.154582 0.010871 
2769.987471 0.010725 
2768.820359 0.010559 
2767.653247 0.010515 
2766.486135 0.010548 
2765.319024 0.010443 
2764.151912 0.010450 
2762.984800 0.010196 
2761.817688 0.010151 
2760.650577 0.010038 
2759.483465 0.009914 
2758.316353 0.009778 
2757.149241 0.009658 
2755.982130 0.009439 
2754.815018 0.009256 
2753.647906 0.009039 
2752.480795 0.008901 
2751.313683 0.008663 
2750.146571 0.008541 
2748.979459 0.008313 
2747.812348 0.008167 
2746.645236 0.008050 
2745.478124 0.007890 
2744.311012 0.007686 
2743.143901 0.007496 
2741.976789 0.007408 
2740.809677 0.007163 
2739.642565 0.007084 
2738.475454 0.006996 
2737.308342 0.006858 
2736.141230 0.006622 
2734.974118 0.006515 
2733.807007 0.006323 
2732.639895 0.006156 
2731.472783 0.006011 
2730.305672 0.005895 
2729.138560 0.005783 
2727.971448 0.005627 
2726.804336 0.005502 
2725.637225 0.005313 
2724.470113 0.005135 
2723.303001 0.004969 
2722.135889 0.004805 
2720.968778 0.004744 
2719.801666 0.004670 
2718.634554 0.004562 
2717.467442 0.004515 
2716.300331 0.004381 
2715.133219 0.004407 
2713.966107 0.004362 
2712.798995 0.004322 
2711.631884 0.004193 
2710.464772 0.003998 
2709.297660 0.004061 
2708.130548 0.003886 
2706.963437 0.003698 
2705.796325 0.003559 
2704.629213 0.003555 
2703.462102 0.003399 
2702.294990 0.003321 
2701.127878 0.003178 
2699.960766 0.003178 
2698.793655 0.003098 
2697.626543 0.002935 
2696.459431 0.002805 
2695.292319 0.002710 
2694.125208 0.002533 
2692.958096 0.002509 
2691.790984 0.002401 
2690.623872 0.002196 
2689.456761 0.002191 
2688.289649 0.002107 
2687.122537 0.002019 
2685.955425 0.001848 
2684.788314 0.001841 
2683.621202 0.001815 
2682.454090 0.001799 
2681.286979 0.001621 
2680.119867 0.001595 
2678.952755 0.001527 
2677.785643 0.001495 
2676.618532 0.001422 
2675.451420 0.001346 
2674.284308 0.001369 
2673.117196 0.001294 
2671.950085 0.001188 
2670.782973 0.001034 
2669.615861 0.001013 
2668.448749 0.000998 
2667.281638 0.001099 
2666.114526 0.001052 
2664.947414 0.001031 
2663.780302 0.000883 
2662.613191 0.000795 
2661.446079 0.000725 
2660.278967 0.000665 
2659.111856 0.000668 
2657.944744 0.000676 
2656.777632 0.000717 
2655.610520 0.000589 
2654.443409 0.000517 
2653.276297 0.000426 
2652.109185 0.000373 
2650.942073 0.000291 
2649.774962 0.000272 
2648.607850 0.000191 
2647.440738 0.000168 
2646.273626 0.000229 
2645.106515 0.000159 
2643.939403 0.000146 
2642.772291 0.000206 
2641.605179 0.000088 
2640.438068 0.000012 
2639.270956 0.000003 
2638.103844 -0.000045 
2636.936733 -0.000040 
2635.769621 0.000032 
2634.602509 0.000043 
2633.435397 -0.000088 
2632.268286 -0.000074 
2631.101174 -0.000089 
2629.934062 -0.000082 
2628.766950 -0.000164 
2627.599839 -0.000150 
2626.432727 -0.000198 
2625.265615 -0.000229 
2624.098503 -0.000109 
2622.931392 -0.000191 
2621.764280 -0.000277 
2620.597168 -0.000256 
2619.430056 -0.000217 
2618.262945 -0.000195 
2617.095833 -0.000188 
2615.928721 -0.000185 
2614.761609 -0.000172 
2613.594498 -0.000140 
2612.427386 -0.000178 
2611.260274 -0.000187 
2610.093163 -0.000091 
2608.926051 -0.000057 
2607.758939 -0.000032 
2606.591827 0.000057 
2605.424716 0.000008 
2604.257604 0.000006 
2603.090492 -0.000098 
2601.923380 0.000025 
2600.756269 0.000027 
2599.589157 0.000107 
2598.422045 -0.000016 
2597.254933 0.000055 
2596.087822 0.000021 
2594.920710 0.000067 
2593.753598 0.000012 
2592.586486 0.000140 
2591.419375 0.000135 
2590.252263 0.000048 
2589.085151 0.000078 
2587.918040 0.000047 
2586.750928 0.000059 
2585.583816 -0.000046 
2584.416704 -0.000044 
2583.249593 -0.000001 
2582.082481 0.000037 
2580.915369 -0.000091 
2579.748257 -0.000047 
2578.581146 -0.000117 
2577.414034 -0.000051 
2576.246922 -0.000115 
2575.079810 -0.000106 
2573.912699 -0.000087 
2572.745587 -0.000009 
2571.578475 0.000052 
2570.411363 0.000070 
2569.244252 0.000079 
2568.077140 -0.000002 
2566.910028 0.000145 
2565.742917 0.000168 
2564.575805 0.000044 
2563.408693 0.000015 
2562.241581 0.000188 
2561.074470 0.000154 
2559.907358 0.000221 
2558.740246 0.000212 
2557.573134 0.000327 
2556.406023 0.000269 
2555.238911 0.000272 
2554.071799 0.000163 
2552.904687 0.000227 
2551.737576 0.000297 
2550.570464 0.000301 
2549.403352 0.000263 
2548.236240 0.000247 
2547.069129 0.000167 
2545.902017 0.000140 
2544.734905 0.000177 
2543.567794 0.000018 
2542.400682 0.000018 
2541.233570 -0.000036 
2540.066458 -0.000098 
2538.899347 -0.000057 
2537.732235 -0.000040 
2536.565123 -0.000150 
2535.398011 -0.000214 
2534.230900 -0.000199 
2533.063788 -0.000125 
2531.896676 -0.000060 
2530.729564 -0.000111 
2529.562453 -0.000182 
2528.395341 -0.000098 
2527.228229 -0.000114 
2526.061117 -0.000144 
2524.894006 -0.000164 
2523.726894 -0.000069 
2522.559782 0.000004 
2521.392670 -0.000057 
2520.225559 -0.000024 
2519.058447 -0.000074 
2517.891335 -0.000145 
2516.724224 -0.000033 
2515.557112 -0.000062 
2514.390000 -0.000070 
2513.222888 -0.000108 
2512.055777 -0.000034 
2510.888665 -0.000046 
2509.721553 -0.000048 
2508.554441 -0.000058 
2507.387330 0.000016 
2506.220218 0.000026 
2505.053106 0.000050 
2503.885994 -0.000052 
2502.718883 -0.000045 
2501.551771 0.000055 
2500.384659 -0.000011 
2499.217547 -0.000090 
2498.050436 -0.000059 
2496.883324 0.000010 
2495.716212 0.000073 
2494.549101 0.000097 
2493.381989 0.000019 
2492.214877 0.000021 
2491.047765 0.000006 
2489.880654 -0.000001 
2488.713542 0.000021 
2487.546430 0.000072 
2486.379318 0.000021 
2485.212207 -0.000046 
2484.045095 -0.000031 
2482.877983 0.000051 
2481.710871 0.000042 
2480.543760 0.000016 
2479.376648 0.000032 
2478.209536 -0.000004 
2477.042424 0.000016 
2475.875313 0.000022 
2474.708201 -0.000009 
2473.541089 -0.000004 
2472.373978 0.000060 
2471.206866 0.000026 
2470.039754 -0.000033 
2468.872642 -0.000000 
2467.705531 -0.000010 
2466.538419 -0.000032 
2465.371307 -0.000017 
2464.204195 -0.000022 
2463.037084 0.000026 
2461.869972 0.000053 
2460.702860 -0.000006 
2459.535748 0.000058 
2458.368637 0.000000 
2457.201525 0.000025 
2456.034413 0.000056 
2454.867301 0.000101 
2453.700190 0.000006 
2452.533078 0.000060 
2451.365966 -0.000031 
2450.198854 -0.000077 
2449.031743 -0.000100 
2447.864631 0.000000 
2446.697519 0.000105 
2445.530408 0.000035 
2444.363296 -0.000009 
2443.196184 -0.000026 
2442.029072 -0.000075 
2440.861961 -0.000051 
2439.694849 -0.000037 
2438.527737 -0.000109 
2437.360625 0.000012 
2436.193514 -0.000023 
2435.026402 -0.000008 
2433.859290 0.000034 
2432.692178 0.000030 
2431.525067 0.000011 
2430.357955 0.000105 
2429.190843 0.000064 
2428.023731 0.000087 
2426.856620 0.000130 
2425.689508 0.000200 
2424.522396 0.000297 
2423.355285 0.000285 
2422.188173 0.000182 
2421.021061 0.000158 
2419.853949 0.000266 
2418.686838 0.000328 
2417.519726 0.000307 
2416.352614 0.000249 
2415.185502 0.000296 
2414.018391 0.000249 
2412.851279 0.000281 
2411.684167 0.000117 
2410.517055 0.000022 
2409.349944 0.000127 
2408.182832 0.000188 
2407.015720 0.000159 
2405.848608 0.000137 
2404.681497 0.000127 
2403.514385 0.000073 
2402.347273 0.000122 
2401.180162 0.000064 
2400.013050 0.000064 
2398.845938 0.000010 
2397.678826 0.000010 
2396.511715 -0.000002 
2395.344603 -0.000037 
2394.177491 -0.000095 
2393.010379 -0.000092 
2391.843268 -0.000064 
2390.676156 -0.000103 
2389.509044 -0.000054 
2388.341932 -0.000099 
2387.174821 -0.000057 
2386.007709 -0.000066 
2384.840597 -0.000007 
2383.673485 0.000020 
2382.506374 0.000024 
2381.339262 -0.000033 
2380.172150 0.000004 
2379.005039 -0.000070 
2377.837927 0.000045 
2376.670815 0.000052 
2375.503703 0.000085 
2374.336592 0.000099 
2373.169480 0.000170 
2372.002368 0.000261 
2370.835256 0.000298 
2369.668145 0.000328 
2368.501033 0.000396 
2367.333921 0.000534 
2366.166809 0.000509 
2364.999698 0.000585 
2363.832586 0.000594 
2362.665474 0.000542 
2361.498362 0.000620 
2360.331251 0.000771 
2359.164139 0.000736 
2357.997027 0.000729 
2356.829915 0.000681 
2355.662804 0.000756 
2354.495692 0.000747 
2353.328580 0.000720 
2352.161469 0.000729 
2350.994357 0.000826 
2349.827245 0.000828 
2348.660133 0.000802 
2347.493022 0.000878 
2346.325910 0.000956 
2345.158798 0.001070 
2343.991686 0.001230 
2342.824575 0.001357 
2341.657463 0.001446 
2340.490351 0.001586 
2339.323239 0.001584 
2338.156128 0.001582 
2336.989016 0.001654 
2335.821904 0.001776 
2334.654792 0.001862 
2333.487681 0.001737 
2332.320569 0.001753 
2331.153457 0.001876 
2329.986346 0.002063 
2328.819234 0.002054 
2327.652122 0.002112 
2326.485010 0.002135 
2325.317899 0.002202 
2324.150787 0.002365 
2322.983675 0.002400 
2321.816563 0.002354 
2320.649452 0.002512 
2319.482340 0.002632 
2318.315228 0.002696 
2317.148116 0.002793 
2315.981005 0.002920 
2314.813893 0.003051 
2313.646781 0.003011 
2312.479669 0.003216 
2311.312558 0.003339 
2310.145446 0.003425 
2308.978334 0.003496 
2307.811223 0.003685 
2306.644111 0.003736 
2305.476999 0.003876 
2304.309887 0.003840 
2303.142776 0.003985 
2301.975664 0.004056 
2300.808552 0.004147 
2299.641440 0.004309 
2298.474329 0.004447 
2297.307217 0.004579 
2296.140105 0.004730 
2294.972993 0.004815 
2293.805882 0.004903 
2292.638770 0.005150 
2291.471658 0.005246 
2290.304546 0.005451 
2289.137435 0.005509 
2287.970323 0.005623 
2286.803211 0.005720 
2285.636099 0.005918 
2284.468988 0.005979 
2283.301876 0.006192 
2282.134764 0.006416 
2280.967653 0.006507 
2279.800541 0.006552 
2278.633429 0.006702 
2277.466317 0.006900 
2276.299206 0.007048 
2275.132094 0.007259 
2273.964982 0.007336 
2272.797870 0.007543 
2271.630759 0.007618 
2270.463647 0.007847 
2269.296535 0.008003 
2268.129423 0.008178 
2266.962312 0.008377 
2265.795200 0.008506 
2264.628088 0.008644 
2263.460976 0.008838 
2262.293865 0.009043 
2261.126753 0.009201 
2259.959641 0.009388 
2258.792530 0.009478 
2257.625418 0.009684 
2256.458306 0.009720 
2255.291194 0.009917 
2254.124083 0.010011 
2252.956971 0.010180 
2251.789859 0.010291 
2250.622747 0.010484 
2249.455636 0.010546 
2248.288524 0.010717 
2247.121412 0.010766 
2245.954300 0.010960 
2244.787189 0.011076 
2243.620077 0.011210 
2242.452965 0.011285 
2241.285853 0.011397 
2240.118742 0.011502 
2238.951630 0.011638 
2237.784518 0.011736 
2236.617407 0.011781 
2235.450295 0.011932 
2234.283183 0.012040 
2233.116071 0.012264 
2231.948960 0.012273 
2230.781848 0.012433 
2229.614736 0.012544 
2228.447624 0.012659 
2227.280513 0.012744 
2226.113401 0.012731 
2224.946289 0.012797 
2223.779177 0.012899 
2222.612066 0.013053 
2221.444954 0.013054 
2220.277842 0.013207 
2219.110730 0.013217 
2217.943619 0.013415 
2216.776507 0.013415 
2215.609395 0.013404 
2214.442284 0.013447 
2213.275172 0.013596 
2212.108060 0.013637 
2210.940948 0.013686 
2209.773837 0.013599 
2208.606725 0.013699 
2207.439613 0.013745 
2206.272501 0.013763 
2205.105390 0.013791 
2203.938278 0.013822 
2202.771166 0.013839 
2201.604054 0.013775 
2200.436943 0.013874 
2199.269831 0.013798 
2198.102719 0.013924 
2196.935607 0.013807 
2195.768496 0.013873 
2194.601384 0.013900 
2193.434272 0.013977 
2192.267160 0.013930 
2191.100049 0.013965 
2189.932937 0.013900 
2188.765825 0.013948 
2187.598714 0.013990 
2186.431602 0.013986 
2185.264490 0.013977 
2184.097378 0.013951 
2182.930267 0.013977 
2181.763155 0.013904 
2180.596043 0.013920 
2179.428931 0.013822 
2178.261820 0.013819 
2177.094708 0.013739 
2175.927596 0.013710 
2174.760484 0.013701 
2173.593373 0.013705 
2172.426261 0.013573 
2171.259149 0.013547 
2170.092037 0.013395 
2168.924926 0.013297 
2167.757814 0.013369 
2166.590702 0.013306 
2165.423591 0.013164 
2164.256479 0.013055 
2163.089367 0.013023 
2161.922255 0.012834 
2160.755144 0.012817 
2159.588032 0.012720 
2158.420920 0.012721 
2157.253808 0.012541 
2156.086697 0.012536 
2154.919585 0.012457 
2153.752473 0.012349 
2152.585361 0.012208 
2151.418250 0.012084 
2150.251138 0.012085 
2149.084026 0.011966 
2147.916914 0.011773 
2146.749803 0.011603 
2145.582691 0.011627 
2144.415579 0.011474 
2143.248468 0.011421 
2142.081356 0.011258 
2140.914244 0.011236 
2139.747132 0.011010 
2138.580021 0.011040 
2137.412909 0.010945 
2136.245797 0.010879 
2135.078685 0.010751 
2133.911574 0.010597 
2132.744462 0.010519 
2131.577350 0.010394 
2130.410238 0.010249 
2129.243127 0.010139 
2128.076015 0.010070 
2126.908903 0.009937 
2125.741791 0.009962 
2124.574680 0.009761 
2123.407568 0.009582 
2122.240456 0.009399 
2121.073344 0.009384 
2119.906233 0.009262 
2118.739121 0.009189 
2117.572009 0.009114 
2116.404898 0.009011 
2115.237786 0.008844 
2114.070674 0.008713 
2112.903562 0.008654 
2111.736451 0.008512 
2110.569339 0.008440 
2109.402227 0.008253 
2108.235115 0.008175 
2107.068004 0.008116 
2105.900892 0.008051 
2104.733780 0.007930 
2103.566668 0.007911 
2102.399557 0.007714 
2101.232445 0.007682 
2100.065333 0.007596 
2098.898221 0.007452 
2097.731110 0.007447 
2096.563998 0.007375 
2095.396886 0.007325 
2094.229775 0.007257 
2093.062663 0.007174 
2091.895551 0.007098 
2090.728439 0.007074 
2089.561328 0.006921 
2088.394216 0.006963 
2087.227104 0.006809 
2086.059992 0.006731 
2084.892881 0.006658 
2083.725769 0.006576 
2082.558657 0.006429 
2081.391545 0.006324 
2080.224434 0.006239 
2079.057322 0.006175 
2077.890210 0.006127 
2076.723098 0.005923 
2075.555987 0.005853 
2074.388875 0.005790 
2073.221763 0.005780 
2072.054652 0.005618 
2070.887540 0.005472 
2069.720428 0.005319 
2068.553316 0.005365 
2067.386205 0.005205 
2066.219093 0.005081 
2065.051981 0.004937 
2063.884869 0.004978 
2062.717758 0.004865 
2061.550646 0.004769 
2060.383534 0.004650 
2059.216422 0.004507 
2058.049311 0.004502 
2056.882199 0.004436 
2055.715087 0.004436 
2054.547975 0.004307 
2053.380864 0.004223 
2052.213752 0.004061 
2051.046640 0.004083 
2049.879529 0.003916 
2048.712417 0.003878 
2047.545305 0.003747 
2046.378193 0.003814 
2045.211082 0.003702 
2044.043970 0.003703 
2042.876858 0.003724 
2041.709746 0.003548 
2040.542635 0.003490 
2039.375523 0.003327 
2038.208411 0.003412 
2037.041299 0.003271 
2035.874188 0.003218 
2034.707076 0.003113 
2033.539964 0.003124 
2032.372852 0.002951 
2031.205741 0.003026 
2030.038629 0.002904 
2028.871517 0.002898 
2027.704405 0.002762 
2026.537294 0.002661 
2025.370182 0.002603 
2024.203070 0.002653 
2023.035959 0.002567 
2021.868847 0.002480 
2020.701735 0.002492 
2019.534623 0.002456 
2018.367512 0.002404 
2017.200400 0.002285 
2016.033288 0.002221 
2014.866176 0.002117 
2013.699065 0.002122 
2012.531953 0.001984 
2011.364841 0.001991 
2010.197729 0.001928 
2009.030618 0.001932 
2007.863506 0.001866 
2006.696394 0.001862 
2005.529282 0.001793 
2004.362171 0.001645 
2003.195059 0.001622 
2002.027947 0.001553 
2000.860836 0.001521 
1999.693724 0.001446 
1998.526612 0.001485 
1997.359500 0.001401 
1996.192389 0.001439 
1995.025277 0.001377 
1993.858165 0.001378 
1992.691053 0.001232 
1991.523942 0.001227 
1990.356830 0.001164 
1989.189718 0.001067 
1988.022606 0.001028 
1986.855495 0.001023 
1985.688383 0.001010 
1984.521271 0.001023 
1983.354159 0.000902 
1982.187048 0.000837 
1981.019936 0.000892 
1979.852824 0.000781 
1978.685713 0.000815 
1977.518601 0.000713 
1976.351489 0.000746 
1975.184377 0.000672 
1974.017266 0.000648 
1972.850154 0.000596 
1971.683042 0.000569 
1970.515930 0.000533 
1969.348819 0.000488 
1968.181707 0.000389 
1967.014595 0.000373 
1965.847483 0.000418 
1964.680372 0.000374 
1963.513260 0.000407 
1962.346148 0.000363 
1961.179036 0.000351 
1960.011925 0.000211 
1958.844813 0.000344 
1957.677701 0.000200 
1956.510589 0.000192 
1955.343478 0.000174 
1954.176366 0.000154 
1953.009254 0.000150 
1951.842143 0.000118 
1950.675031 0.000113 
1949.507919 0.000044 
1948.340807 0.000038 
1947.173696 0.000027 
1946.006584 0.000053 
1944.839472 -0.000066 
1943.672360 0.000015 
1942.505249 -0.000031 
1941.338137 -0.000008 
1940.171025 -0.000098 
1939.003913 -0.000042 
1937.836802 -0.000080 
1936.669690 -0.000061 
1935.502578 -0.000058 
1934.335466 0.000028 
1933.168355 -0.000029 
1932.001243 -0.000053 
1930.834131 -0.000080 
1929.667020 -0.000136 
1928.499908 0.000007 
1927.332796 -0.000006 
1926.165684 0.000054 
1924.998573 -0.000034 
1923.831461 0.000035 
1922.664349 -0.000016 
1921.497237 0.000035 
1920.330126 0.000002 
1919.163014 0.000159 
1917.995902 0.000138 
1916.828790 0.000182 
1915.661679 0.000161 
1914.494567 0.000123 
1913.327455 0.000185 
1912.160343 0.000184 
1910.993232 0.000111 
1909.826120 0.000120 
1908.659008 0.000225 
1907.491897 0.000126 
1906.324785 0.000082 
1905.157673 -0.000010 
1903.990561 0.000044 
1902.823450 0.000006 
1901.656338 0.000059 
1900.489226 0.000003 
1899.322114 0.000049 
1898.155003 -0.000035 
1896.987891 -0.000042 
1895.820779 -0.000106 
1894.653667 -0.000162 
1893.486556 -0.000090 
1892.319444 -0.000161 
1891.152332 -0.000096 
1889.985220 -0.000073 
1888.818109 0.000019 
1887.650997 -0.000054 
1886.483885 -0.000018 
1885.316774 -0.000135 
1884.149662 -0.000085 
1882.982550 -0.000104 
1881.815438 -0.000030 
1880.648327 -0.000074 
1879.481215 -0.000008 
1878.314103 -0.000059 
1877.146991 -0.000058 
1875.979880 -0.000007 
1874.812768 -0.000089 
1873.645656 -0.000015 
1872.478544 -0.000006 
1871.311433 0.000054 
1870.144321 -0.000087 
1868.977209 -0.000042 
1867.810097 -0.000081 
1866.642986 0.000082 
1865.475874 -0.000018 
1864.308762 -0.000010 
1863.141650 -0.000027 
1861.974539 -0.000004 
1860.807427 -0.000035 
1859.640315 -0.000022 
1858.473204 0.000039 
1857.306092 0.000027 
1856.138980 -0.000045 
1854.971868 -0.000121 
1853.804757 -0.000054 
1852.637645 -0.000091 
1851.470533 -0.000034 
1850.303421 -0.000076 
1849.136310 -0.000016 
1847.969198 -0.000097 
1846.802086 -0.000066 
1845.634974 -0.000039 
1844.467863 -0.000086 
1843.300751 -0.000156 
1842.133639 -0.000080 
1840.966527 -0.000074 
1839.799416 -0.000150 
1838.632304 -0.000136 
1837.465192 -0.000142 
1836.298081 -0.000116 
1835.130969 -0.000110 
1833.963857 -0.000023 
1832.796745 -0.000125 
1831.629634 -0.000055 
1830.462522 -0.000135 
1829.295410 -0.000089 
1828.128298 -0.000113 
1826.961187 -0.000069 
1825.794075 -0.000153 
1824.626963 -0.000120 
1823.459851 -0.000095 
1822.292740 -0.000043 
1821.125628 -0.000041 
1819.958516 -0.000019 
1818.791404 -0.000079 
1817.624293 -0.000035 
1816.457181 0.000115 
1815.290069 -0.000008 
1814.122958 0.000097 
1812.955846 0.000020 
1811.788734 0.000100 
1810.621622 0.000054 
1809.454511 0.000142 
1808.287399 0.000084 
1807.120287 0.000203 
1805.953175 0.000172 
1804.786064 0.000135 
1803.618952 0.000168 
1802.451840 0.000271 
1801.284728 0.000364 
1800.117617 0.000403 
1798.950505 0.000498 
1797.783393 0.000496 
1796.616281 0.000563 
1795.449170 0.000632 
1794.282058 0.000766 
1793.114946 0.000769 
1791.947835 0.000859 
1790.780723 0.000807 
1789.613611 0.000947 
1788.446499 0.001021 
1787.279388 0.001143 
1786.112276 0.001144 
1784.945164 0.001258 
1783.778052 0.001394 
1782.610941 0.001446 
1781.443829 0.001608 
1780.276717 0.001694 
1779.109605 0.001863 
1777.942494 0.001950 
1776.775382 0.002129 
1775.608270 0.002179 
1774.441158 0.002413 
1773.274047 0.002429 
1772.106935 0.002703 
1770.939823 0.002888 
1769.772711 0.003063 
1768.605600 0.003201 
1767.438488 0.003396 
1766.271376 0.003685 
1765.104265 0.003815 
1763.937153 0.004033 
1762.770041 0.004194 
1761.602929 0.004425 
1760.435818 0.004653 
1759.268706 0.005018 
1758.101594 0.005265 
1756.934482 0.005542 
1755.767371 0.005780 
1754.600259 0.006241 
1753.433147 0.006427 
1752.266035 0.006801 
1751.098924 0.007099 
1749.931812 0.007495 
1748.764700 0.007883 
1747.597588 0.008295 
1746.430477 0.008724 
1745.263365 0.009104 
1744.096253 0.009530 
1742.929142 0.009944 
1741.762030 0.010488 
1740.594918 0.010846 
1739.427806 0.011470 
1738.260695 0.011991 
1737.093583 0.012613 
1735.926471 0.013143 
1734.759359 0.013673 
1733.592248 0.014204 
1732.425136 0.014902 
1731.258024 0.015515 
1730.090912 0.016218 
1728.923801 0.016985 
1727.756689 0.017698 
1726.589577 0.018447 
1725.422465 0.019115 
1724.255354 0.019912 
1723.088242 0.020601 
1721.921130 0.021458 
1720.754019 0.022164 
1719.586907 0.023013 
1718.419795 0.023717 
1717.252683 0.024536 
1716.085572 0.025409 
1714.918460 0.026219 
1713.751348 0.027021 
1712.584236 0.027912 
1711.417125 0.028730 
1710.250013 0.029489 
1709.082901 0.030337 
1707.915789 0.031163 
1706.748678 0.031976 
1705.581566 0.032698 
1704.414454 0.033505 
1703.247342 0.034305 
1702.080231 0.035208 
1700.913119 0.035755 
1699.746007 0.036537 
1698.578895 0.037300 
1697.411784 0.038132 
1696.244672 0.038668 
1695.077560 0.039403 
1693.910449 0.040153 
1692.743337 0.040905 
1691.576225 0.041490 
1690.409113 0.042147 
1689.242002 0.042853 
1688.074890 0.043420 
1686.907778 0.044023 
1685.740666 0.044410 
1684.573555 0.044952 
1683.406443 0.045517 
1682.239331 0.046161 
1681.072219 0.046520 
1679.905108 0.047106 
1678.737996 0.047474 
1677.570884 0.047908 
1676.403772 0.048276 
1675.236661 0.048578 
1674.069549 0.048991 
1672.902437 0.049210 
1671.735326 0.049489 
1670.568214 0.049713 
1669.401102 0.049922 
1668.233990 0.050099 
1667.066879 0.050386 
1665.899767 0.050412 
1664.732655 0.050625 
1663.565543 0.050682 
1662.398432 0.050764 
1661.231320 0.050821 
1660.064208 0.051013 
1658.897096 0.051025 
1657.729985 0.051016 
1656.562873 0.051018 
1655.395761 0.051114 
1654.228649 0.051038 
1653.061538 0.050807 
1651.894426 0.050959 
1650.727314 0.050937 
1649.560203 0.050966 
1648.393091 0.050858 
1647.225979 0.050886 
1646.058867 0.050625 
1644.891756 0.050733 
1643.724644 0.050592 
1642.557532 0.050522 
1641.390420 0.050305 
1640.223309 0.050063 
1639.056197 0.049821 
1637.889085 0.049634 
1636.721973 0.049368 
1635.554862 0.048949 
1634.387750 0.048805 
1633.220638 0.048447 
1632.053526 0.048116 
1630.886415 0.047741 
1629.719303 0.047452 
1628.552191 0.046964 
1627.385080 0.046575 
1626.217968 0.046213 
1625.050856 0.045886 
1623.883744 0.045345 
1622.716633 0.045056 
1621.549521 0.044629 
1620.382409 0.044299 
1619.215297 0.043867 
1618.048186 0.043500 
1616.881074 0.043130 
1615.713962 0.042879 
1614.546850 0.042561 
1613.379739 0.042148 
1612.212627 0.042009 
1611.045515 0.041702 
1609.878403 0.041431 
1608.711292 0.041167 
1607.544180 0.040991 
1606.377068 0.040678 
1605.209956 0.040414 
1604.042845 0.040258 
1602.875733 0.040091 
1601.708621 0.039777 
1600.541510 0.039567 
1599.374398 0.039416 
1598.207286 0.039229 
1597.040174 0.039051 
1595.873063 0.038740 
1594.705951 0.038647 
1593.538839 0.038446 
1592.371727 0.038309 
1591.204616 0.038077 
1590.037504 0.037972 
1588.870392 0.037671 
1587.703280 0.037570 
1586.536169 0.037387 
1585.369057 0.037264 
1584.201945 0.036994 
1583.034833 0.036890 
1581.867722 0.036728 
1580.700610 0.036536 
1579.533498 0.036436 
1578.366387 0.036202 
1577.199275 0.036125 
1576.032163 0.035884 
1574.865051 0.035829 
1573.697940 0.035556 
1572.530828 0.035491 
1571.363716 0.035281 
1570.196604 0.035127 
1569.029493 0.034908 
1567.862381 0.034868 
1566.695269 0.034688 
1565.528157 0.034491 
1564.361046 0.034329 
1563.193934 0.034210 
1562.026822 0.034067 
1560.859710 0.033751 
1559.692599 0.033608 
1558.525487 0.033482 
1557.358375 0.033414 
1556.191264 0.033229 
1555.024152 0.033089 
1553.857040 0.032888 
1552.689928 0.032861 
1551.522817 0.032568 
1550.355705 0.032547 
1549.188593 0.032398 
1548.021481 0.032304 
1546.854370 0.032131 
1545.687258 0.031977 
1544.520146 0.031834 
1543.353034 0.031689 
1542.185923 0.031450 
1541.018811 0.031257 
1539.851699 0.031026 
1538.684587 0.030846 
1537.517476 0.030957 
1536.350364 0.030788 
1535.183252 0.030700 
1534.016140 0.030549 
1532.849029 0.030471 
1531.681917 0.030235 
1530.514805 0.030176 
1529.347694 0.030030 
1528.180582 0.029912 
1527.013470 0.029747 
1525.846358 0.029562 
1524.679247 0.029520 
1523.512135 0.029328 
1522.345023 0.029204 
1521.177911 0.029015 
1520.010800 0.029018 
1518.843688 0.028834 
1517.676576 0.028751 
1516.509464 0.028596 
1515.342353 0.028509 
1514.175241 0.028292 
1513.008129 0.028244 
1511.841017 0.028054 
1510.673906 0.027938 
1509.506794 0.027773 
1508.339682 0.027652 
1507.172571 0.027451 
1506.005459 0.027304 
1504.838347 0.027356 
1503.671235 0.027219 
1502.504124 0.027139 
1501.337012 0.026948 
1500.169900 0.026902 
1499.002788 0.026692 
1497.835677 0.026786 
1496.668565 0.026627 
1495.501453 0.026745 
1494.334341 0.026697 
1493.167230 0.026747 
1492.000118 0.026890 
1490.833006 0.027147 
1489.665894 0.027381 
1488.498783 0.027559 
1487.331671 0.027724 
1486.164559 0.027735 
1484.997448 0.027859 
1483.830336 0.027750 
1482.663224 0.027847 
1481.496112 0.027871 
1480.329001 0.027974 
1479.161889 0.027866 
1477.994777 0.027733 
1476.827665 0.027454 
1475.660554 0.027267 
1474.493442 0.027048 
1473.326330 0.027071 
1472.159218 0.027028 
1470.992107 0.027222 
1469.824995 0.027375 
1468.657883 0.027600 
1467.490771 0.027971 
1466.323660 0.028248 
1465.156548 0.028742 
1463.989436 0.029346 
1462.822325 0.030001 
1461.655213 0.030496 
1460.488101 0.031108 
1459.320989 0.031494 
1458.153878 0.031720 
1456.986766 0.031644 
1455.819654 0.031592 
1454.652542 0.031230 
1453.485431 0.031002 
1452.318319 0.030791 
1451.151207 0.030481 
1449.984095 0.030052 
1448.816984 0.029522 
1447.649872 0.029019 
1446.482760 0.028399 
1445.315648 0.028064 
1444.148537 0.027865 
1442.981425 0.028031 
1441.814313 0.028130 
1440.647201 0.028565 
1439.480090 0.028892 
1438.312978 0.029173 
1437.145866 0.029191 
1435.978755 0.029321 
1434.811643 0.029444 
1433.644531 0.029340 
1432.477419 0.029181 
1431.310308 0.028926 
1430.143196 0.028748 
1428.976084 0.028467 
1427.808972 0.028299 
1426.641861 0.027821 
1425.474749 0.027403 
1424.307637 0.026883 
1423.140525 0.026578 
1421.973414 0.026119 
1420.806302 0.025666 
1419.639190 0.025124 
1418.472078 0.024870 
1417.304967 0.024443 
1416.137855 0.024000 
1414.970743 0.023575 
1413.803632 0.023128 
1412.636520 0.022701 
1411.469408 0.022279 
1410.302296 0.021957 
1409.135185 0.021534 
1407.968073 0.021248 
1406.800961 0.020870 
1405.633849 0.020671 
1404.466738 0.020285 
1403.299626 0.020004 
1402.132514 0.019666 
1400.965402 0.019435 
1399.798291 0.019172 
1398.631179 0.018860 
1397.464067 0.018663 
1396.296955 0.018468 
1395.129844 0.018356 
1393.962732 0.018338 
1392.795620 0.018599 
1391.628509 0.019104 
1390.461397 0.020175 
1389.294285 0.021605 
1388.127173 0.023334 
1386.960062 0.024671 
1385.792950 0.025497 
1384.625838 0.025350 
1383.458726 0.024875 
1382.291615 0.024318 
1381.124503 0.024165 
1379.957391 0.024155 
1378.790279 0.023978 
1377.623168 0.023481 
1376.456056 0.022486 
1375.288944 0.021245 
1374.121832 0.019823 
1372.954721 0.018777 
1371.787609 0.017794 
1370.620497 0.017111 
1369.453385 0.016458 
1368.286274 0.016153 
1367.119162 0.015904 
1365.952050 0.015893 
1364.784939 0.015929 
1363.617827 0.015963 
1362.450715 0.015926 
1361.283603 0.015845 
1360.116492 0.015691 
1358.949380 0.015503 
1357.782268 0.015379 
1356.615156 0.015185 
1355.448045 0.015265 
1354.280933 0.015241 
1353.113821 0.015422 
1351.946709 0.015600 
1350.779598 0.015964 
1349.612486 0.016218 
1348.445374 0.016643 
1347.278262 0.017046 
1346.111151 0.017486 
1344.944039 0.017739 
1343.776927 0.018107 
1342.609816 0.018451 
1341.442704 0.018718 
1340.275592 0.018815 
1339.108480 0.018866 
1337.941369 0.018915 
1336.774257 0.018754 
1335.607145 0.018567 
1334.440033 0.018269 
1333.272922 0.018001 
1332.105810 0.017647 
1330.938698 0.017372 
1329.771586 0.016916 
1328.604475 0.016629 
1327.437363 0.016255 
1326.270251 0.015956 
1325.103139 0.015545 
1323.936028 0.015244 
1322.768916 0.014826 
1321.601804 0.014462 
1320.434693 0.014163 
1319.267581 0.013820 
1318.100469 0.013501 
1316.933357 0.013094 
1315.766246 0.012883 
1314.599134 0.012529 
1313.432022 0.012259 
1312.264910 0.011896 
1311.097799 0.011631 
1309.930687 0.011343 
1308.763575 0.011151 
1307.596463 0.010841 
1306.429352 0.010625 
1305.262240 0.010374 
1304.095128 0.010109 
1302.928016 0.009823 
1301.760905 0.009588 
1300.593793 0.009455 
1299.426681 0.009125 
1298.259570 0.009010 
1297.092458 0.008764 
1295.925346 0.008708 
1294.758234 0.008565 
1293.591123 0.008492 
1292.424011 0.008335 
1291.256899 0.008347 
1290.089787 0.008188 
1288.922676 0.008174 
1287.755564 0.008149 
1286.588452 0.008194 
1285.421340 0.008256 
1284.254229 0.008385 
1283.087117 0.008602 
1281.920005 0.008744 
1280.752893 0.009103 
1279.585782 0.009248 
1278.418670 0.009508 
1277.251558 0.009463 
1276.084446 0.009452 
1274.917335 0.009036 
1273.750223 0.008691 
1272.583111 0.008182 
1271.416000 0.007769 
1270.248888 0.007311 
1269.081776 0.006937 
1267.914664 0.006531 
1266.747553 0.006241 
1265.580441 0.006087 
1264.413329 0.005809 
1263.246217 0.005701 
1262.079106 0.005479 
1260.911994 0.005355 
1259.744882 0.005237 
1258.577770 0.005158 
1257.410659 0.004965 
1256.243547 0.004945 
1255.076435 0.004712 
1253.909323 0.004657 
1252.742212 0.004483 
1251.575100 0.004416 
1250.407988 0.004335 
1249.240877 0.004238 
1248.073765 0.004167 
1246.906653 0.004045 
1245.739541 0.003978 
1244.572430 0.003797 
1243.405318 0.003759 
1242.238206 0.003599 
1241.071094 0.003606 
1239.903983 0.003411 
1238.736871 0.003380 
1237.569759 0.003259 
1236.402647 0.003197 
1235.235536 0.003091 
1234.068424 0.003071 
1232.901312 0.002954 
1231.734200 0.002859 
1230.567089 0.002731 
1229.399977 0.002634 
1228.232865 0.002672 
1227.065754 0.002491 
1225.898642 0.002546 
1224.731530 0.002419 
1223.564418 0.002400 
1222.397307 0.002192 
1221.230195 0.002206 
1220.063083 0.002026 
1218.895971 0.002039 
1217.728860 0.001946 
1216.561748 0.001944 
1215.394636 0.001790 
1214.227524 0.001802 
1213.060413 0.001659 
1211.893301 0.001643 
1210.726189 0.001544 
1209.559077 0.001421 
1208.391966 0.001428 
1207.224854 0.001302 
1206.057742 0.001354 
1204.890630 0.001185 
1203.723519 0.001130 
1202.556407 0.001036 
1201.389295 0.001104 
1200.222184 0.000896 
1199.055072 0.000871 
1197.887960 0.000899 
1196.720848 0.000841 
1195.553737 0.000751 
1194.386625 0.000713 
1193.219513 0.000707 
1192.052401 0.000622 
1190.885290 0.000552 
1189.718178 0.000399 
1188.551066 0.000451 
1187.383954 0.000335 
1186.216843 0.000426 
1185.049731 0.000232 
1183.882619 0.000330 
1182.715507 0.000301 
1181.548396 0.000336 
1180.381284 0.000291 
1179.214172 0.000296 
1178.047061 0.000138 
1176.879949 0.000105 
1175.712837 0.000016 
1174.545725 0.000053 
1173.378614 -0.000001 
1172.211502 -0.000039 
1171.044390 0.000015 
1169.877278 0.000078 
1168.710167 0.000177 
1167.543055 0.000205 
1166.375943 0.000521 
1165.208831 0.000755 
1164.041720 0.001154 
1162.874608 0.001222 
1161.707496 0.001274 
1160.540384 0.001072 
1159.373273 0.000868 
1158.206161 0.000765 
1157.039049 0.000597 
1155.871938 0.000479 
1154.704826 0.000388 
1153.537714 0.000412 
1152.370602 0.000318 
1151.203491 0.000301 
1150.036379 0.000186 
1148.869267 0.000293 
1147.702155 0.000227 
1146.535044 0.000305 
1145.367932 0.000277 
1144.200820 0.000359 
1143.033708 0.000372 
1141.866597 0.000496 
1140.699485 0.000646 
1139.532373 0.000818 
1138.365261 0.000973 
1137.198150 0.001153 
1136.031038 0.001277 
1134.863926 0.001313 
1133.696815 0.001423 
1132.529703 0.001427 
1131.362591 0.001530 
1130.195479 0.001404 
1129.028368 0.001474 
1127.861256 0.001336 
1126.694144 0.001195 
1125.527032 0.001016 
1124.359921 0.000971 
1123.192809 0.000768 
1122.025697 0.000580 
1120.858585 0.000433 
1119.691474 0.000293 
1118.524362 0.000111 
1117.357250 0.000106 
1116.190138 0.000103 
1115.023027 0.000019 
1113.855915 0.000027 
1112.688803 -0.000147 
1111.521691 0.000015 
1110.354580 -0.000146 
1109.187468 -0.000036 
1108.020356 0.000038 
1106.853245 0.000144 
1105.686133 0.000219 
1104.519021 0.000509 
1103.351909 0.000691 
1102.184798 0.001210 
1101.017686 0.002012 
1099.850574 0.003153 
1098.683462 0.004934 
1097.516351 0.007152 
1096.349239 0.010250 
1095.182127 0.013482 
1094.015015 0.016832 
1092.847904 0.019540 
1091.680792 0.021601 
1090.513680 0.022313 
1089.346568 0.021970 
1088.179457 0.020577 
1087.012345 0.018741 
1085.845233 0.016436 
1084.678122 0.014067 
1083.511010 0.011790 
1082.343898 0.009912 
1081.176786 0.008254 
1080.009675 0.006702 
1078.842563 0.005440 
1077.675451 0.004355 
1076.508339 0.003554 
1075.341228 0.002726 
1074.174116 0.002188 
1073.007004 0.001606 
1071.839892 0.001202 
1070.672781 0.000746 
1069.505669 0.000601 
1068.338557 0.000308 
1067.171445 0.000238 
1066.004334 0.000174 
1064.837222 0.000087 
1063.670110 0.000032 
1062.502999 0.000130 
1061.335887 0.000680 
1060.168775 0.001416 
1059.001663 0.002654 
1057.834552 0.004489 
1056.667440 0.007427 
1055.500328 0.011014 
1054.333216 0.015697 
1053.166105 0.021059 
1051.998993 0.027027 
1050.831881 0.033404 
1049.664769 0.040183 
1048.497658 0.046564 
1047.330546 0.052169 
1046.163434 0.056315 
1044.996322 0.058533 
1043.829211 0.058604 
1042.662099 0.056504 
1041.494987 0.052606 
1040.327875 0.047024 
1039.160764 0.040617 
1037.993652 0.033731 
1036.826540 0.027218 
1035.659429 0.021129 
1034.492317 0.016107 
1033.325205 0.012110 
1032.158093 0.009142 
1030.990982 0.006921 
1029.823870 0.005265 
1028.656758 0.004124 
1027.489646 0.003324 
1026.322535 0.002736 
1025.155423 0.002157 
1023.988311 0.001825 
1022.821199 0.001373 
1021.654088 0.001096 
1020.486976 0.000803 
1019.319864 0.000553 
1018.152752 0.000216 
1016.985641 0.000176 
1015.818529 -0.000058 
1014.651417 -0.000019 
1013.484306 -0.000175 
1012.317194 -0.000165 
1011.150082 -0.000204 
1009.982970 -0.000267 
1008.815859 -0.000214 
1007.648747 -0.000152 
1006.481635 -0.000065 
1005.314523 0.000038 
1004.147412 0.000207 
1002.980300 0.000253 
1001.813188 0.000516 
1000.646076 0.000510 
999.478965 0.000835 
998.311853 0.000976 
997.144741 0.001243 
995.977629 0.001547 
994.810518 0.001889 
993.643406 0.002108 
992.476294 0.002430 
991.309183 0.002767 
990.142071 0.003224 
988.974959 0.003630 
987.807847 0.004031 
986.640736 0.004490 
985.473624 0.004956 
984.306512 0.005554 
983.139400 0.006082 
981.972289 0.006781 
980.805177 0.007292 
979.638065 0.008023 
978.470953 0.008636 
977.303842 0.009424 
976.136730 0.010115 
974.969618 0.010889 
973.802506 0.011673 
972.635395 0.012545 
971.468283 0.013383 
970.301171 0.014280 
969.134060 0.015201 
967.966948 0.016169 
966.799836 0.017347 
965.632724 0.018258 
964.465613 0.019318 
963.298501 0.020300 
962.131389 0.021526 
960.964277 0.022515 
959.797166 0.023732 
958.630054 0.024800 
957.462942 0.026050 
956.295830 0.027251 
955.128719 0.028591 
953.961607 0.029806 
952.794495 0.031037 
951.627383 0.032376 
950.460272 0.033754 
949.293160 0.035139 
948.126048 0.036366 
946.958936 0.037754 
945.791825 0.038972 
944.624713 0.040346 
943.457601 0.041702 
942.290490 0.043243 
941.123378 0.044560 
939.956266 0.046103 
938.789154 0.047408 
937.622043 0.048932 
936.454931 0.050288 
935.287819 0.051665 
934.120707 0.053165 
932.953596 0.054553 
931.786484 0.056097 
930.619372 0.057533 
929.452260 0.058972 
928.285149 0.060346 
927.118037 0.061889 
925.950925 0.063260 
924.783813 0.064842 
923.616702 0.066140 
922.449590 0.067561 
921.282478 0.069050 
920.115367 0.070604 
918.948255 0.071928 
917.781143 0.073332 
916.614031 0.074763 
915.446920 0.076114 
914.279808 0.077500 
913.112696 0.078956 
911.945584 0.080439 
910.778473 0.081700 
909.611361 0.083101 
908.444249 0.084449 
907.277137 0.085996 
906.110026 0.087458 
904.942914 0.088911 
903.775802 0.090189 
902.608690 0.091623 
901.441579 0.092791 
900.274467 0.094193 
899.107355 0.095519 
897.940244 0.096945 
896.773132 0.098353 
895.606020 0.099661 
894.438908 0.101160 
893.271797 0.102623 
892.104685 0.104189 
890.937573 0.105662 
889.770461 0.107450 
888.603350 0.109292 
887.436238 0.111475 
886.269126 0.113554 
885.102014 0.115738 
883.934903 0.117910 
882.767791 0.120530 
881.600679 0.123030 
880.433567 0.125488 
879.266456 0.127764 
878.099344 0.129773 
876.932232 0.131144 
875.765121 0.131831 
874.598009 0.131924 
873.430897 0.131299 
872.263785 0.130597 
871.096674 0.129744 
869.929562 0.129306 
868.762450 0.128930 
867.595338 0.128992 
866.428227 0.129207 
865.261115 0.129732 
864.094003 0.130141 
862.926891 0.131043 
861.759780 0.131764 
860.592668 0.132552 
859.425556 0.133296 
858.258444 0.134100 
857.091333 0.135015 
855.924221 0.135636 
854.757109 0.136564 
853.589997 0.137380 
852.422886 0.138328 
851.255774 0.139077 
850.088662 0.139744 
848.921551 0.140404 
847.754439 0.141135 
846.587327 0.141884 
845.420215 0.142759 
844.253104 0.143407 
843.085992 0.144166 
841.918880 0.144677 
840.751768 0.145439 
839.584657 0.146258 
838.417545 0.146841 
837.250433 0.147509 
836.083321 0.147970 
834.916210 0.148727 
833.749098 0.149477 
832.581986 0.149879 
831.414874 0.150280 
830.247763 0.150958 
829.080651 0.151374 
827.913539 0.151826 
826.746428 0.152212 
825.579316 0.152599 
824.412204 0.152977 
823.245092 0.153463 
822.077981 0.153987 
820.910869 0.154374 
819.743757 0.154535 
818.576645 0.154771 
817.409534 0.155079 
816.242422 0.155279 
815.075310 0.155530 
813.908198 0.155715 
812.741087 0.156200 
811.573975 0.156537 
810.406863 0.156989 
809.239751 0.157419 
808.072640 0.157976 
806.905528 0.158282 
805.738416 0.158646 
804.571305 0.158936 
803.404193 0.159372 
802.237081 0.159428 
801.069969 0.159601 
799.902858 0.159954 
798.735746 0.160068 
797.568634 0.160106 
796.401522 0.159961 
795.234411 0.159808 
794.067299 0.159743 
792.900187 0.159908 
791.733075 0.159661 
790.565964 0.159580 
789.398852 0.159203 
788.231740 0.159188 
787.064628 0.159109 
785.897517 0.158769 
784.730405 0.158482 
783.563293 0.158417 
782.396181 0.158197 
781.229070 0.157886 
780.061958 0.157460 
778.894846 0.157142 
777.727735 0.157062 
776.560623 0.156636 
775.393511 0.156211 
774.226399 0.155849 
773.059288 0.155703 
771.892176 0.155289 
770.725064 0.154916 
769.557952 0.154340 
768.390841 0.153789 
767.223729 0.153336 
766.056617 0.152832 
764.889505 0.152429 
763.722394 0.151939 
762.555282 0.151493 
761.388170 0.150885 
760.221058 0.150250 
759.053947 0.149510 
757.886835 0.149027 
756.719723 0.148527 
755.552612 0.147827 
754.385500 0.146963 
753.218388 0.146518 
752.051276 0.145701 
750.884165 0.144960 
749.717053 0.144157 
748.549941 0.143477 
747.382829 0.142822 
746.215718 0.142077 
745.048606 0.141217 
743.881494 0.140433 
742.714382 0.139679 
741.547271 0.138657 
740.380159 0.137892 
739.213047 0.136961 
738.045935 0.136254 
736.878824 0.135094 
735.711712 0.134200 
734.544600 0.133213 
733.377489 0.132324 
732.210377 0.131216 
731.043265 0.130161 
729.876153 0.129358 
728.709042 0.128410 
727.541930 0.127366 
726.374818 0.126439 
725.207706 0.125282 
724.040595 0.124241 
722.873483 0.123254 
721.706371 0.122381 
720.539259 0.121235 
719.372148 0.120055 
718.205036 0.119020 
717.037924 0.117931 
715.870812 0.116910 
714.703701 0.115763 
713.536589 0.114825 
712.369477 0.113784 
711.202366 0.112567 
710.035254 0.111342 
708.868142 0.110367 
707.701030 0.109340 
706.533919 0.108104 
705.366807 0.107107 
704.199695 0.105864 
703.032583 0.104763 
701.865472 0.103456 
700.698360 0.102398 
699.531248 0.101220 
698.364136 0.100069 
697.197025 0.098913 
696.029913 0.097910 
694.862801 0.096620 
693.695689 0.095593 
692.528578 0.094514 
691.361466 0.093163 
690.194354 0.092218 
689.027242 0.090994 
687.860131 0.089859 
686.693019 0.088793 
685.525907 0.087706 
684.358796 0.086319 
683.191684 0.085210 
682.024572 0.083978 
680.857460 0.083007 
679.690349 0.081906 
678.523237 0.080739 
677.356125 0.079501 
676.189013 0.078518 
675.021902 0.077285 
673.854790 0.075956 
672.687678 0.075037 
671.520566 0.073791 
670.353455 0.072629 
669.186343 0.071575 
668.019231 0.070612 
666.852119 0.069548 
665.685008 0.068653 
664.517896 0.067605 
663.350784 0.066546 
662.183673 0.065361 
661.016561 0.064388 
659.849449 0.063326 
658.682337 0.062277 
657.515226 0.061226 
656.348114 0.060150 
655.181002 0.059015 
654.013890 0.058166 
652.846779 0.057243 
651.679667 0.056086 
650.512555 0.055257 
649.345443 0.054501 
648.178332 0.053376 
647.011220 0.052335 
645.844108 0.051392 
644.676996 0.050443 
643.509885 0.049511 
642.342773 0.048435 
641.175661 0.047211 
640.008550 0.046606 
638.841438 0.045776 
637.674326 0.044914 
636.507214 0.043813 
635.340103 0.043060 
634.172991 0.042188 
633.005879 0.041284 
631.838767 0.040530 
630.671656 0.039869 
629.504544 0.038978 
628.337432 0.038010 
627.170320 0.037132 
626.003209 0.036368 
624.836097 0.035471 
623.668985 0.034668 
622.501873 0.033764 
621.334762 0.032816 
620.167650 0.031957 
619.000538 0.031377 
617.833426 0.030627 
616.666315 0.029748 
615.499203 0.028803 
614.332091 0.028205 
613.164980 0.027452 
611.997868 0.026688 
610.830756 0.026030 
609.663644 0.025340 
608.496533 0.024722 
607.329421 0.023816 
606.162309 0.023228 
604.995197 0.022577 
603.828086 0.021647 
602.660974 0.021210 
601.493862 0.020983 
600.326750 0.019998 
599.159639 0.019249 
597.992527 0.018744 
596.825415 0.018020 
595.658303 0.017624 
594.491192 0.017091 
593.324080 0.016624 
592.156968 0.016189 
590.989857 0.015739 
589.822745 0.014800 
588.655633 0.014437 
587.488521 0.013869 
586.321410 0.013394 
585.154298 0.012766 
583.987186 0.011872 
582.820074 0.011726 
581.652963 0.011077 
580.485851 0.010909 
579.318739 0.010361 
578.151627 0.010095 
576.984516 0.010163 
575.817404 0.009481 
574.650292 0.008251 
573.483180 0.008051 
572.316069 0.007704 
571.148957 0.007130 
569.981845 0.006785 
568.814734 0.006133 
567.647622 0.005383 
566.480510 0.005291 
565.313398 0.004400 
564.146287 0.004157 
562.979175 0.003388 
561.812063 0.002966 
560.644951 0.002836 
559.477840 0.003681 
558.310728 0.002885 
557.143616 0.002555 
555.976504 0.001672 
554.809393 0.000316 
553.642281 0.001609 
552.475169 0.001672 
551.308057 0.000071 
550.140946 0.000987 
548.973834 0.001333 
547.806722 -0.000365 
546.639611 0.000095 
545.472499 -0.000031 
544.305387 0.000079 
543.138275 -0.002129 
541.971164 -0.003722 
540.804052 -0.002656 
539.636940 -0.002916 
538.469828 -0.000150 
537.302717 -0.000547 
536.135605 -0.001780 
534.968493 -0.001527 
533.801381 -0.000924 
532.634270 -0.001524 
531.467158 -0.000487 
530.300046 0.000294 
529.132934 0.000449 
527.965823 -0.000021 
526.798711 0.000473 
525.631599 -0.000245 
524.464487 -0.000834 
523.297376 0.000001 
522.130264 0.000152 
520.963152 -0.000034 
519.796041 -0.001275 
518.628929 -0.000250 
517.461817 -0.000181 
516.294705 0.000151 
515.127594 0.000028 
513.960482 -0.000980 
512.793370 -0.000662 
511.626258 0.000642 
510.459147 0.000262 
509.292035 0.000177 
508.124923 0.000265 
506.957811 -0.000447 
505.790700 0.000373 
504.623588 0.003110 
503.456476 -0.000775 
502.289364 -0.000993 
501.122253 -0.000052 
499.955141 -0.001597 
