3998.700000 0.000435 
3997.533404 0.000435 
3996.366809 0.000435 
3995.200213 0.000435 
3994.033618 0.000435 
3992.867022 0.000435 
3991.700427 0.000435 
3990.533831 0.000435 
3989.367236 0.000435 
3988.200640 0.000435 
3987.034045 0.000435 
3985.867449 0.000435 
3984.700854 0.000435 
3983.534258 0.000435 
3982.367663 0.000435 
3981.201067 0.000435 
3980.034471 0.000435 
3978.867876 0.000435 
3977.701280 0.000435 
3976.534685 0.000435 
3975.368089 0.000435 
3974.201494 0.000435 
3973.034898 0.000435 
3971.868303 0.000435 
3970.701707 0.000435 
3969.535112 0.000435 
3968.368516 0.000435 
3967.201921 0.000435 
3966.035325 0.000435 
3964.868730 0.000435 
3963.702134 0.000435 
3962.535539 0.000435 
3961.368943 0.000435 
3960.202347 0.000435 
3959.035752 0.000435 
3957.869156 0.000435 
3956.702561 0.000435 
3955.535965 0.000435 
3954.369370 0.000435 
3953.202774 0.000435 
3952.036179 0.000435 
3950.869583 0.000435 
3949.702988 0.000435 
3948.536392 0.000435 
3947.369797 0.000435 
3946.203201 0.000243 
3945.036606 0.000289 
3943.870010 0.000435 
3942.703414 0.000435 
3941.536819 0.000435 
3940.370223 0.000435 
3939.203628 0.000435 
3938.037032 0.000435 
3936.870437 0.000435 
3935.703841 0.000292 
3934.537246 0.000245 
3933.370650 0.000435 
3932.204055 0.000435 
3931.037459 0.000000 
3929.870864 0.000159 
3928.704268 0.000176 
3927.537673 0.000000 
3926.371077 0.000000 
3925.204481 0.000000 
3924.037886 0.000000 
3922.871290 0.000273 
3921.704695 0.000051 
3920.538099 0.000408 
3919.371504 0.000000 
3918.204908 0.000000 
3917.038313 0.000000 
3915.871717 0.000400 
3914.705122 0.000000 
3913.538526 0.000000 
3912.371931 0.000000 
3911.205335 0.000000 
3910.038740 0.000000 
3908.872144 0.000000 
3907.705549 0.000000 
3906.538953 0.000000 
3905.372357 0.000000 
3904.205762 0.000000 
3903.039166 0.000000 
3901.872571 0.000000 
3900.705975 0.000000 
3899.539380 0.000000 
3898.372784 0.000000 
3897.206189 0.000000 
3896.039593 0.000000 
3894.872998 0.000000 
3893.706402 0.000000 
3892.539807 0.000000 
3891.373211 0.000000 
3890.206616 0.000000 
3889.040020 0.000000 
3887.873424 0.000000 
3886.706829 0.000000 
3885.540233 0.000000 
3884.373638 0.000000 
3883.207042 0.000345 
3882.040447 0.000435 
3880.873851 0.000000 
3879.707256 0.000000 
3878.540660 0.000000 
3877.374065 0.000000 
3876.207469 0.000432 
3875.040874 0.000322 
3873.874278 0.000185 
3872.707683 0.000435 
3871.541087 0.000435 
3870.374491 0.000435 
3869.207896 0.000435 
3868.041300 0.000435 
3866.874705 0.000435 
3865.708109 0.000435 
3864.541514 0.000435 
3863.374918 0.000435 
3862.208323 0.000435 
3861.041727 0.000435 
3859.875132 0.000435 
3858.708536 0.000435 
3857.541941 0.000435 
3856.375345 0.000435 
3855.208750 0.000778 
3854.042154 0.000435 
3852.875559 0.000435 
3851.708963 0.000435 
3850.542367 0.000435 
3849.375772 0.000435 
3848.209176 0.000435 
3847.042581 0.000435 
3845.875985 0.000435 
3844.709390 0.000435 
3843.542794 0.000435 
3842.376199 0.000435 
3841.209603 0.000435 
3840.043008 0.000435 
3838.876412 0.000435 
3837.709817 0.000435 
3836.543221 0.000435 
3835.376626 0.000435 
3834.210030 0.000435 
3833.043434 0.000435 
3831.876839 0.000435 
3830.710243 0.000435 
3829.543648 0.000435 
3828.377052 0.000435 
3827.210457 0.000435 
3826.043861 0.000435 
3824.877266 0.000435 
3823.710670 0.000435 
3822.544075 0.000435 
3821.377479 0.000435 
3820.210884 0.000435 
3819.044288 0.000435 
3817.877693 0.000435 
3816.711097 0.000435 
3815.544502 0.000435 
3814.377906 0.000435 
3813.211310 0.000295 
3812.044715 0.000242 
3810.878119 0.000121 
3809.711524 0.000429 
3808.544928 0.000435 
3807.378333 0.000435 
3806.211737 0.000435 
3805.045142 0.000435 
3803.878546 0.000435 
3802.711951 0.000435 
3801.545355 0.000435 
3800.378760 0.000435 
3799.212164 0.000435 
3798.045569 0.000435 
3796.878973 0.000435 
3795.712377 0.000435 
3794.545782 0.000435 
3793.379186 0.000435 
3792.212591 0.000435 
3791.045995 0.000435 
3789.879400 0.000435 
3788.712804 0.000435 
3787.546209 0.000435 
3786.379613 0.000435 
3785.213018 0.000435 
3784.046422 0.000435 
3782.879827 0.000435 
3781.713231 0.000435 
3780.546636 0.000435 
3779.380040 0.000435 
3778.213444 0.000435 
3777.046849 0.000435 
3775.880253 0.000435 
3774.713658 0.000435 
3773.547062 0.000435 
3772.380467 0.000435 
3771.213871 0.000435 
3770.047276 0.000435 
3768.880680 0.000435 
3767.714085 0.000435 
3766.547489 0.000435 
3765.380894 0.000435 
3764.214298 0.000435 
3763.047703 0.000435 
3761.881107 0.000435 
3760.714512 0.000435 
3759.547916 0.000435 
3758.381320 0.000435 
3757.214725 0.000435 
3756.048129 0.000435 
3754.881534 0.000435 
3753.714938 0.000435 
3752.548343 0.000435 
3751.381747 0.000435 
3750.215152 0.000435 
3749.048556 0.000435 
3747.881961 0.000435 
3746.715365 0.000435 
3745.548770 0.000435 
3744.382174 0.000435 
3743.215579 0.000435 
3742.048983 0.000435 
3740.882387 0.000435 
3739.715792 0.000435 
3738.549196 0.000435 
3737.382601 0.000435 
3736.216005 0.000435 
3735.049410 0.000435 
3733.882814 0.000435 
3732.716219 0.000435 
3731.549623 0.000435 
3730.383028 0.000435 
3729.216432 0.000435 
3728.049837 0.000435 
3726.883241 0.000435 
3725.716646 0.000435 
3724.550050 0.000435 
3723.383454 0.000435 
3722.216859 0.000435 
3721.050263 0.000435 
3719.883668 0.000435 
3718.717072 0.000435 
3717.550477 0.000435 
3716.383881 0.000435 
3715.217286 0.000435 
3714.050690 0.000435 
3712.884095 0.000435 
3711.717499 0.000435 
3710.550904 0.000435 
3709.384308 0.000435 
3708.217713 0.000435 
3707.051117 0.000435 
3705.884522 0.000435 
3704.717926 0.000435 
3703.551330 0.000435 
3702.384735 0.000435 
3701.218139 0.000435 
3700.051544 0.000435 
3698.884948 0.000435 
3697.718353 0.000435 
3696.551757 0.000435 
3695.385162 0.000435 
3694.218566 0.000139 
3693.051971 0.000410 
3691.885375 0.000435 
3690.718780 0.000269 
3689.552184 0.000238 
3688.385589 0.000090 
3687.218993 0.000000 
3686.052397 0.000364 
3684.885802 0.000000 
3683.719206 0.000253 
3682.552611 0.000435 
3681.386015 0.000435 
3680.219420 0.000435 
3679.052824 0.000435 
3677.886229 0.000435 
3676.719633 0.000435 
3675.553038 0.000435 
3674.386442 0.000435 
3673.219847 0.000435 
3672.053251 0.000435 
3670.886656 0.000435 
3669.720060 0.000435 
3668.553464 0.000435 
3667.386869 0.000435 
3666.220273 0.000435 
3665.053678 0.000435 
3663.887082 0.000435 
3662.720487 0.000600 
3661.553891 0.000869 
3660.387296 0.000869 
3659.220700 0.000869 
3658.054105 0.000869 
3656.887509 0.000869 
3655.720914 0.000869 
3654.554318 0.000869 
3653.387723 0.000875 
3652.221127 0.001305 
3651.054532 0.001111 
3649.887936 0.001166 
3648.721340 0.001305 
3647.554745 0.001305 
3646.388149 0.001305 
3645.221554 0.001305 
3644.054958 0.001305 
3642.888363 0.001305 
3641.721767 0.001663 
3640.555172 0.001455 
3639.388576 0.001741 
3638.221981 0.001741 
3637.055385 0.001741 
3635.888790 0.002177 
3634.722194 0.002177 
3633.555599 0.002177 
3632.389003 0.002177 
3631.222407 0.002211 
3630.055812 0.002614 
3628.889216 0.002614 
3627.722621 0.002614 
3626.556025 0.002614 
3625.389430 0.003051 
3624.222834 0.003051 
3623.056239 0.003051 
3621.889643 0.003361 
3620.723048 0.003488 
3619.556452 0.003488 
3618.389857 0.003639 
3617.223261 0.003926 
3616.056666 0.003926 
3614.890070 0.003926 
3613.723474 0.004003 
3612.556879 0.004365 
3611.390283 0.004365 
3610.223688 0.004365 
3609.057092 0.004804 
3607.890497 0.004804 
3606.723901 0.004804 
3605.557306 0.005086 
3604.390710 0.005243 
3603.224115 0.005683 
3602.057519 0.005683 
3600.890924 0.005907 
3599.724328 0.006123 
3598.557733 0.006123 
3597.391137 0.006171 
3596.224542 0.006564 
3595.057946 0.006564 
3593.891350 0.006877 
3592.724755 0.007005 
3591.558159 0.007446 
3590.391564 0.007446 
3589.224968 0.007701 
3588.058373 0.007889 
3586.891777 0.008331 
3585.725182 0.008417 
3584.558586 0.008774 
3583.391991 0.008774 
3582.225395 0.009155 
3581.058800 0.009661 
3579.892204 0.009661 
3578.725609 0.009872 
3577.559013 0.010390 
3576.392417 0.010550 
3575.225822 0.010995 
3574.059226 0.011147 
3572.892631 0.011667 
3571.726035 0.011887 
3570.559440 0.012307 
3569.392844 0.012387 
3568.226249 0.012948 
3567.059653 0.013470 
3565.893058 0.013676 
3564.726462 0.014113 
3563.559867 0.014644 
3562.393271 0.015206 
3561.226676 0.015760 
3560.060080 0.016302 
3558.893484 0.016377 
3557.726889 0.016948 
3556.560293 0.017674 
3555.393698 0.018181 
3554.227102 0.018576 
3553.060507 0.019562 
3551.893911 0.020136 
3550.727316 0.020667 
3549.560720 0.021231 
3548.394125 0.022190 
3547.227529 0.022808 
3546.060934 0.023806 
3544.894338 0.024367 
3543.727743 0.025278 
3542.561147 0.026354 
3541.394552 0.027062 
3540.227956 0.027969 
3539.061360 0.028815 
3537.894765 0.029937 
3536.728169 0.031024 
3535.561574 0.032096 
3534.394978 0.032832 
3533.228383 0.033985 
3532.061787 0.035117 
3530.895192 0.036361 
3529.728596 0.037888 
3528.562001 0.039273 
3527.395405 0.040677 
3526.228810 0.042208 
3525.062214 0.043550 
3523.895619 0.045233 
3522.729023 0.046747 
3521.562427 0.048280 
3520.395832 0.049982 
3519.229236 0.051838 
3518.062641 0.053554 
3516.896045 0.055360 
3515.729450 0.057155 
3514.562854 0.059042 
3513.396259 0.060787 
3512.229663 0.062600 
3511.063068 0.064770 
3509.896472 0.066721 
3508.729877 0.068649 
3507.563281 0.070555 
3506.396686 0.072808 
3505.230090 0.074694 
3504.063494 0.076502 
3502.896899 0.078995 
3501.730303 0.080870 
3500.563708 0.082815 
3499.397112 0.084658 
3498.230517 0.087175 
3497.063921 0.088600 
3495.897326 0.090984 
3494.730730 0.092970 
3493.564135 0.094856 
3492.397539 0.096372 
3491.230944 0.098726 
3490.064348 0.100245 
3488.897753 0.102268 
3487.731157 0.104336 
3486.564562 0.106277 
3485.397966 0.107724 
3484.231370 0.109806 
3483.064775 0.111411 
3481.898179 0.113325 
3480.731584 0.114755 
3479.564988 0.116636 
3478.398393 0.118047 
3477.231797 0.119762 
3476.065202 0.121395 
3474.898606 0.122805 
3473.732011 0.124705 
3472.565415 0.126139 
3471.398820 0.128041 
3470.232224 0.129558 
3469.065629 0.130944 
3467.899033 0.132416 
3466.732437 0.133793 
3465.565842 0.135271 
3464.399246 0.136678 
3463.232651 0.138091 
3462.066055 0.139844 
3460.899460 0.141223 
3459.732864 0.142490 
3458.566269 0.143921 
3457.399673 0.145452 
3456.233078 0.146871 
3455.066482 0.148380 
3453.899887 0.150397 
3452.733291 0.151902 
3451.566696 0.153457 
3450.400100 0.154902 
3449.233505 0.156444 
3448.066909 0.157931 
3446.900313 0.159406 
3445.733718 0.160983 
3444.567122 0.162453 
3443.400527 0.164027 
3442.233931 0.165536 
3441.067336 0.167789 
3439.900740 0.169282 
3438.734145 0.170862 
3437.567549 0.172415 
3436.400954 0.173924 
3435.234358 0.175743 
3434.067763 0.177743 
3432.901167 0.179360 
3431.734572 0.180938 
3430.567976 0.182506 
3429.401380 0.184819 
3428.234785 0.186442 
3427.068189 0.188066 
3425.901594 0.190235 
3424.734998 0.192012 
3423.568403 0.193592 
3422.401807 0.195630 
3421.235212 0.197589 
3420.068616 0.199189 
3418.902021 0.201623 
3417.735425 0.203238 
3416.568830 0.205353 
3415.402234 0.207325 
3414.235639 0.208962 
3413.069043 0.209663 
3411.902447 0.213086 
3410.735852 0.215617 
3409.569256 0.217881 
3408.402661 0.219823 
3407.236065 0.221700 
3406.069470 0.223995 
3404.902874 0.225772 
3403.736279 0.228113 
3402.569683 0.230174 
3401.403088 0.232543 
3400.236492 0.234354 
3399.069897 0.236715 
3397.903301 0.238818 
3396.736706 0.241336 
3395.570110 0.243162 
3394.403515 0.245036 
3393.236919 0.247407 
3392.070323 0.249538 
3390.903728 0.251341 
3389.737132 0.253530 
3388.570537 0.255910 
3387.403941 0.257741 
3386.237346 0.259736 
3385.070750 0.261623 
3383.904155 0.263202 
3382.737559 0.264132 
3381.570964 0.267353 
3380.404368 0.269450 
3379.237773 0.271883 
3378.071177 0.273320 
3376.904582 0.275226 
3375.737986 0.275724 
3374.571390 0.278508 
3373.404795 0.280941 
3372.238199 0.282433 
3371.071604 0.284514 
3369.905008 0.286501 
3368.738413 0.288496 
3367.571817 0.290246 
3366.405222 0.291741 
3365.238626 0.293873 
3364.072031 0.295873 
3362.905435 0.297081 
3361.738840 0.299230 
3360.572244 0.300707 
3359.405649 0.302567 
3358.239053 0.304571 
3357.072457 0.305839 
3355.905862 0.308026 
3354.739266 0.309569 
3353.572671 0.311451 
3352.406075 0.313457 
3351.239480 0.314905 
3350.072884 0.316527 
3348.906289 0.318345 
3347.739693 0.320500 
3346.573098 0.322522 
3345.406502 0.323666 
3344.239907 0.325250 
3343.073311 0.327547 
3341.906716 0.328821 
3340.740120 0.330848 
3339.573525 0.332411 
3338.406929 0.334099 
3337.240333 0.336035 
3336.073738 0.337270 
3334.907142 0.338743 
3333.740547 0.340959 
3332.573951 0.342653 
3331.407356 0.344656 
3330.240760 0.345886 
3329.074165 0.347417 
3327.907569 0.349200 
3326.740974 0.351118 
3325.574378 0.352544 
3324.407783 0.353974 
3323.241187 0.355915 
3322.074592 0.357124 
3320.907996 0.359106 
3319.741400 0.360473 
3318.574805 0.361736 
3317.408209 0.362903 
3316.241614 0.364135 
3315.075018 0.366179 
3313.908423 0.367534 
3312.741827 0.368818 
3311.575232 0.370052 
3310.408636 0.371296 
3309.242041 0.372489 
3308.075445 0.373788 
3306.908850 0.374988 
3305.742254 0.376243 
3304.575659 0.377501 
3303.409063 0.378711 
3302.242467 0.380028 
3301.075872 0.381246 
3299.909276 0.381952 
3298.742681 0.382746 
3297.576085 0.383970 
3296.409490 0.385103 
3295.242894 0.385522 
3294.076299 0.386818 
3292.909703 0.388055 
3291.743108 0.388337 
3290.576512 0.389578 
3289.409917 0.390406 
3288.243321 0.391107 
3287.076726 0.391474 
3285.910130 0.392545 
3284.743535 0.392820 
3283.576939 0.393619 
3282.410343 0.394361 
3281.243748 0.394695 
3280.077152 0.395774 
3278.910557 0.395774 
3277.743961 0.396376 
3276.577366 0.396856 
3275.410770 0.396856 
3274.244175 0.397940 
3273.077579 0.397940 
3271.910984 0.397940 
3270.744388 0.397940 
3269.577793 0.399027 
3268.411197 0.399027 
3267.244602 0.399027 
3266.078006 0.399705 
3264.911410 0.400117 
3263.744815 0.400117 
3262.578219 0.400117 
3261.411624 0.400117 
3260.245028 0.400117 
3259.078433 0.400117 
3257.911837 0.400117 
3256.745242 0.400117 
3255.578646 0.400117 
3254.412051 0.400117 
3253.245455 0.400117 
3252.078860 0.399027 
3250.912264 0.399027 
3249.745669 0.399027 
3248.579073 0.399027 
3247.412477 0.397954 
3246.245882 0.397940 
3245.079286 0.397484 
3243.912691 0.396856 
3242.746095 0.396856 
3241.579500 0.396834 
3240.412904 0.395774 
3239.246309 0.395284 
3238.079713 0.394695 
3236.913118 0.394695 
3235.746522 0.393619 
3234.579927 0.393275 
3233.413331 0.392545 
3232.246736 0.391768 
3231.080140 0.391474 
3229.913545 0.390406 
3228.746949 0.390030 
3227.580353 0.388788 
3226.413758 0.388277 
3225.247162 0.387266 
3224.080567 0.387076 
3222.913971 0.385751 
3221.747376 0.385103 
3220.580780 0.384240 
3219.414185 0.383015 
3218.247589 0.382735 
3217.080994 0.381514 
3215.914398 0.380228 
3214.747803 0.379864 
3213.581207 0.378802 
3212.414612 0.377491 
3211.248016 0.376284 
3210.081420 0.375718 
3208.914825 0.374806 
3207.748229 0.373504 
3206.581634 0.372308 
3205.415038 0.371611 
3204.248443 0.370079 
3203.081847 0.368639 
3201.915252 0.368369 
3200.748656 0.367188 
3199.582061 0.365951 
3198.415465 0.364733 
3197.248870 0.363561 
3196.082274 0.362292 
3194.915679 0.361085 
3193.749083 0.359866 
3192.582487 0.358707 
3191.415892 0.357452 
3190.249296 0.356300 
3189.082701 0.354650 
3187.916105 0.352926 
3186.749510 0.351786 
3185.582914 0.350551 
3184.416319 0.349417 
3183.249723 0.348238 
3182.083128 0.347061 
3180.916532 0.345935 
3179.749937 0.343758 
3178.583341 0.342608 
3177.416746 0.341433 
3176.250150 0.340322 
3175.083555 0.338171 
3173.916959 0.337069 
3172.750363 0.335933 
3171.583768 0.334202 
3170.417172 0.332750 
3169.250577 0.331568 
3168.083981 0.330282 
3166.917386 0.328434 
3165.750790 0.327303 
3164.584195 0.326144 
3163.417599 0.324147 
3162.251004 0.322801 
3161.084408 0.321013 
3159.917813 0.319953 
3158.751217 0.318811 
3157.584622 0.316849 
3156.418026 0.315491 
3155.251430 0.313768 
3154.084835 0.312088 
3152.918239 0.310709 
3151.751644 0.309542 
3150.585048 0.307726 
3149.418453 0.306131 
3148.251857 0.304666 
3147.085262 0.302758 
3145.918666 0.301549 
3144.752071 0.299774 
3143.585475 0.298235 
3142.418880 0.296823 
3141.252284 0.294910 
3140.085689 0.293079 
3138.919093 0.291612 
3137.752497 0.290182 
3136.585902 0.288354 
3135.419306 0.287199 
3134.252711 0.285089 
3133.086115 0.283568 
3131.919520 0.281904 
3130.752924 0.279929 
3129.586329 0.278806 
3128.419733 0.276742 
3127.253138 0.275276 
3126.086542 0.273611 
3124.919947 0.271678 
3123.753351 0.269894 
3122.586756 0.268552 
3121.420160 0.266675 
3120.253565 0.264674 
3119.086969 0.262784 
3117.920373 0.260777 
3116.753778 0.259285 
3115.587182 0.257777 
3114.420587 0.255896 
3113.253991 0.254065 
3112.087396 0.252103 
3110.920800 0.250297 
3109.754205 0.247836 
3108.587609 0.245786 
3107.421014 0.243992 
3106.254418 0.242080 
3105.087823 0.240229 
3103.921227 0.238405 
3102.754632 0.236654 
3101.588036 0.234016 
3100.421440 0.232283 
3099.254845 0.230021 
3098.088249 0.227955 
3096.921654 0.226246 
3095.755058 0.223670 
3094.588463 0.221978 
3093.421867 0.219737 
3092.255272 0.217145 
3091.088676 0.215356 
3089.922081 0.212855 
3088.755485 0.210786 
3087.588890 0.208715 
3086.422294 0.206467 
3085.255699 0.204514 
3084.089103 0.202088 
3082.922508 0.199929 
3081.755912 0.197752 
3080.589316 0.195362 
3079.422721 0.193460 
3078.256125 0.191094 
3077.089530 0.188626 
3075.922934 0.186717 
3074.756339 0.184335 
3073.589743 0.182019 
3072.423148 0.179631 
3071.256552 0.177644 
3070.089957 0.175595 
3068.923361 0.173129 
3067.756766 0.170871 
3066.590170 0.168537 
3065.423575 0.166198 
3064.256979 0.163975 
3063.090383 0.162205 
3061.923788 0.159945 
3060.757192 0.157624 
3059.590597 0.155444 
3058.424001 0.153095 
3057.257406 0.150932 
3056.090810 0.148724 
3054.924215 0.146819 
3053.757619 0.144501 
3052.591024 0.142652 
3051.424428 0.140546 
3050.257833 0.138382 
3049.091237 0.136187 
3047.924642 0.134112 
3046.758046 0.131895 
3045.591450 0.130361 
3044.424855 0.128179 
3043.258259 0.126142 
3042.091664 0.124478 
3040.925068 0.122500 
3039.758473 0.120443 
3038.591877 0.118606 
3037.425282 0.116894 
3036.258686 0.114750 
3035.092091 0.113327 
3033.925495 0.111478 
3032.758900 0.109790 
3031.592304 0.107706 
3030.425709 0.106267 
3029.259113 0.104404 
3028.092518 0.102802 
3026.925922 0.101194 
3025.759326 0.099827 
3024.592731 0.097989 
3023.426135 0.096596 
3022.259540 0.095046 
3021.092944 0.093762 
3019.926349 0.092202 
3018.759753 0.090955 
3017.593158 0.090116 
3016.426562 0.088871 
3015.259967 0.087554 
3014.093371 0.086766 
3012.926776 0.086143 
3011.760180 0.085477 
3010.593585 0.084861 
3009.426989 0.084600 
3008.260393 0.084105 
3007.093798 0.084073 
3005.927202 0.084073 
3004.760607 0.084357 
3003.594011 0.084600 
3002.427416 0.085114 
3001.260820 0.085784 
3000.094225 0.086401 
2998.927629 0.087391 
2997.761034 0.088224 
2996.594438 0.088845 
2995.427843 0.089521 
2994.261247 0.090144 
2993.094652 0.090804 
2991.928056 0.090979 
2990.761460 0.091002 
2989.594865 0.091351 
2988.428269 0.090979 
2987.261674 0.090584 
2986.095078 0.089960 
2984.928483 0.088751 
2983.761887 0.087951 
2982.595292 0.086652 
2981.428696 0.085778 
2980.262101 0.084666 
2979.095505 0.083965 
2977.928910 0.083351 
2976.762314 0.083020 
2975.595719 0.082597 
2974.429123 0.083005 
2973.262528 0.083145 
2972.095932 0.083783 
2970.929336 0.084781 
2969.762741 0.085571 
2968.596145 0.086296 
2967.429550 0.087391 
2966.262954 0.088295 
2965.096359 0.089218 
2963.929763 0.089376 
2962.763168 0.089909 
2961.596572 0.089909 
2960.429977 0.089909 
2959.263381 0.089909 
2958.096786 0.089374 
2956.930190 0.088752 
2955.763595 0.088111 
2954.596999 0.087138 
2953.430403 0.085901 
2952.263808 0.084581 
2951.097212 0.083859 
2949.930617 0.082589 
2948.764021 0.081636 
2947.597426 0.081025 
2946.430830 0.080363 
2945.264235 0.079877 
2944.097639 0.079877 
2942.931044 0.079877 
2941.764448 0.079877 
2940.597853 0.079930 
2939.431257 0.080399 
2938.264662 0.080399 
2937.098066 0.080399 
2935.931470 0.080399 
2934.764875 0.080328 
2933.598279 0.079702 
2932.431684 0.079059 
2931.265088 0.078452 
2930.098493 0.077273 
2928.931897 0.076045 
2927.765302 0.074755 
2926.598706 0.073553 
2925.432111 0.072268 
2924.265515 0.071057 
2923.098920 0.069842 
2921.932324 0.068575 
2920.765729 0.067712 
2919.599133 0.067075 
2918.432538 0.066479 
2917.265942 0.065876 
2916.099346 0.065502 
2914.932751 0.065128 
2913.766155 0.064997 
2912.599560 0.064437 
2911.432964 0.063989 
2910.266369 0.063721 
2909.099773 0.063095 
2907.933178 0.062499 
2906.766582 0.061907 
2905.599987 0.061280 
2904.433391 0.060697 
2903.266796 0.059669 
2902.100200 0.058986 
2900.933605 0.058397 
2899.767009 0.057562 
2898.600413 0.056670 
2897.433818 0.056077 
2896.267222 0.055499 
2895.100627 0.054876 
2893.934031 0.054302 
2892.767436 0.053694 
2891.600840 0.053107 
2890.434245 0.052530 
2889.267649 0.052076 
2888.101054 0.051832 
2886.934458 0.051225 
2885.767863 0.051098 
2884.601267 0.050513 
2883.434672 0.050122 
2882.268076 0.049834 
2881.101480 0.049635 
2879.934885 0.049635 
2878.768289 0.049522 
2877.601694 0.049149 
2876.435098 0.049149 
2875.268503 0.049149 
2874.101907 0.049634 
2872.935312 0.049635 
2871.768716 0.049635 
2870.602121 0.049959 
2869.435525 0.050122 
2868.268930 0.050610 
2867.102334 0.050755 
2865.935739 0.051098 
2864.769143 0.051455 
2863.602548 0.052026 
2862.435952 0.052156 
2861.269356 0.052728 
2860.102761 0.053057 
2858.936165 0.053432 
2857.769570 0.053548 
2856.602974 0.054039 
2855.436379 0.054238 
2854.269783 0.054531 
2853.103188 0.054924 
2851.936592 0.055055 
2850.769997 0.055631 
2849.603401 0.056229 
2848.436806 0.056833 
2847.270210 0.057412 
2846.103615 0.058088 
2844.937019 0.059248 
2843.770423 0.060697 
2842.603828 0.062527 
2841.437232 0.064914 
2840.270637 0.067348 
2839.104041 0.070401 
2837.937446 0.073854 
2836.770850 0.077092 
2835.604255 0.080907 
2834.437659 0.084502 
2833.271064 0.087493 
2832.104468 0.089796 
2830.937873 0.091260 
2829.771277 0.091500 
2828.604682 0.090770 
2827.438086 0.089052 
2826.271490 0.086445 
2825.104895 0.083327 
2823.938299 0.080238 
2822.771704 0.077006 
2821.605108 0.073416 
2820.438513 0.070763 
2819.271917 0.067729 
2818.105322 0.065311 
2816.938726 0.062904 
2815.772131 0.060689 
2814.605535 0.058600 
2813.438940 0.056569 
2812.272344 0.054815 
2811.105749 0.052968 
2809.939153 0.051254 
2808.772558 0.049429 
2807.605962 0.047701 
2806.439366 0.045982 
2805.272771 0.044177 
2804.106175 0.042782 
2802.939580 0.041181 
2801.772984 0.039503 
2800.606389 0.038375 
2799.439793 0.036978 
2798.273198 0.035621 
2797.106602 0.034025 
2795.940007 0.032858 
2794.773411 0.031679 
2793.606816 0.030590 
2792.440220 0.029436 
2791.273625 0.027899 
2790.107029 0.027239 
2788.940433 0.026078 
2787.773838 0.025004 
2786.607242 0.023861 
2785.440647 0.022771 
2784.274051 0.022148 
2783.107456 0.021184 
2781.940860 0.020342 
2780.774265 0.019621 
2779.607669 0.019091 
2778.441074 0.018064 
2777.274478 0.017537 
2776.107883 0.016683 
2774.941287 0.015987 
2773.774692 0.015460 
2772.608096 0.014892 
2771.441501 0.014368 
2770.274905 0.013813 
2769.108309 0.013277 
2767.941714 0.012710 
2766.775118 0.012334 
2765.608523 0.012090 
2764.441927 0.011549 
2763.275332 0.011029 
2762.108736 0.010910 
2760.942141 0.010391 
2759.775545 0.009846 
2758.608950 0.009661 
2757.442354 0.009236 
2756.275759 0.009118 
2755.109163 0.008601 
2753.942568 0.008331 
2752.775972 0.007967 
2751.609376 0.007889 
2750.442781 0.007775 
2749.276185 0.007446 
2748.109590 0.007142 
2746.942994 0.007005 
2745.776399 0.006564 
2744.609803 0.006564 
2743.443208 0.006340 
2742.276612 0.006123 
2741.110017 0.006123 
2739.943421 0.005683 
2738.776826 0.005683 
2737.610230 0.005424 
2736.443635 0.005243 
2735.277039 0.005233 
2734.110443 0.004804 
2732.943848 0.004804 
2731.777252 0.004531 
2730.610657 0.004365 
2729.444061 0.004365 
2728.277466 0.004365 
2727.110870 0.004175 
2725.944275 0.003926 
2724.777679 0.003926 
2723.611084 0.003887 
2722.444488 0.003488 
2721.277893 0.003488 
2720.111297 0.003488 
2718.944702 0.003488 
2717.778106 0.003051 
2716.611511 0.003051 
2715.444915 0.003051 
2714.278319 0.002736 
2713.111724 0.002614 
2711.945128 0.002614 
2710.778533 0.002614 
2709.611937 0.002614 
2708.445342 0.002248 
2707.278746 0.002177 
2706.112151 0.002177 
2704.945555 0.002177 
2703.778960 0.002177 
2702.612364 0.001795 
2701.445769 0.001741 
2700.279173 0.001741 
2699.112578 0.001741 
2697.945982 0.001741 
2696.779386 0.001741 
2695.612791 0.001305 
2694.446195 0.001305 
2693.279600 0.001305 
2692.113004 0.001305 
2690.946409 0.001305 
2689.779813 0.001305 
2688.613218 0.001136 
2687.446622 0.000869 
2686.280027 0.000869 
2685.113431 0.000869 
2683.946836 0.000869 
2682.780240 0.000869 
2681.613645 0.000869 
2680.447049 0.000869 
2679.280453 0.000869 
2678.113858 0.000869 
2676.947262 0.000673 
2675.780667 0.000435 
2674.614071 0.000435 
2673.447476 0.000435 
2672.280880 0.000435 
2671.114285 0.000435 
2669.947689 0.000435 
2668.781094 0.000435 
2667.614498 0.000435 
2666.447903 0.000435 
2665.281307 0.000435 
2664.114712 0.000435 
2662.948116 0.000435 
2661.781521 0.000340 
2660.614925 0.000168 
2659.448329 0.000435 
2658.281734 0.000079 
2657.115138 0.000000 
2655.948543 0.000435 
2654.781947 0.000435 
2653.615352 0.000152 
2652.448756 0.000370 
2651.282161 0.000435 
2650.115565 0.000435 
2648.948970 0.000435 
2647.782374 0.000435 
2646.615779 0.000435 
2645.449183 0.000435 
2644.282588 0.000573 
2643.115992 0.000869 
2641.949396 0.000869 
2640.782801 0.000869 
2639.616205 0.000869 
2638.449610 0.001022 
2637.283014 0.001305 
2636.116419 0.001305 
2634.949823 0.001741 
2633.783228 0.001741 
2632.616632 0.001741 
2631.450037 0.001741 
2630.283441 0.002097 
2629.116846 0.002213 
2627.950250 0.002614 
2626.783655 0.002614 
2625.617059 0.002912 
2624.450463 0.003051 
2623.283868 0.003102 
2622.117272 0.003488 
2620.950677 0.003707 
2619.784081 0.003926 
2618.617486 0.003926 
2617.450890 0.003926 
2616.284295 0.004080 
2615.117699 0.004365 
2613.951104 0.004365 
2612.784508 0.004804 
2611.617913 0.004804 
2610.451317 0.004804 
2609.284722 0.004804 
2608.118126 0.004804 
2606.951531 0.005222 
2605.784935 0.004909 
2604.618339 0.005243 
2603.451744 0.005243 
2602.285148 0.005243 
2601.118553 0.005243 
2599.951957 0.005243 
2598.785362 0.005243 
2597.618766 0.005243 
2596.452171 0.005243 
2595.285575 0.005243 
2594.118980 0.005243 
2592.952384 0.005243 
2591.785789 0.005243 
2590.619193 0.005243 
2589.452598 0.005171 
2588.286002 0.004804 
2587.119406 0.004804 
2585.952811 0.004804 
2584.786215 0.004804 
2583.619620 0.004804 
2582.453024 0.004804 
2581.286429 0.004804 
2580.119833 0.004804 
2578.953238 0.004804 
2577.786642 0.004804 
2576.620047 0.004804 
2575.453451 0.004804 
2574.286856 0.004804 
2573.120260 0.004804 
2571.953665 0.004956 
2570.787069 0.005243 
2569.620473 0.005243 
2568.453878 0.005243 
2567.287282 0.005683 
2566.120687 0.005683 
2564.954091 0.005683 
2563.787496 0.005683 
2562.620900 0.005683 
2561.454305 0.005791 
2560.287709 0.006123 
2559.121114 0.006123 
2557.954518 0.006123 
2556.787923 0.006123 
2555.621327 0.006246 
2554.454732 0.006564 
2553.288136 0.006564 
2552.121541 0.006951 
2550.954945 0.007005 
2549.788349 0.007005 
2548.621754 0.007216 
2547.455158 0.007446 
2546.288563 0.007446 
2545.121967 0.007525 
2543.955372 0.007889 
2542.788776 0.007889 
2541.622181 0.007889 
2540.455585 0.007889 
2539.288990 0.007889 
2538.122394 0.007889 
2536.955799 0.007889 
2535.789203 0.007889 
2534.622608 0.007889 
2533.456012 0.007781 
2532.289416 0.007446 
2531.122821 0.007446 
2529.956225 0.007074 
2528.789630 0.007005 
2527.623034 0.007005 
2526.456439 0.006788 
2525.289843 0.006564 
2524.123248 0.006177 
2522.956652 0.006060 
2521.790057 0.005683 
2520.623461 0.005450 
2519.456866 0.005243 
2518.290270 0.005243 
2517.123675 0.004804 
2515.957079 0.004637 
2514.790483 0.004097 
2513.623888 0.003926 
2512.457292 0.003907 
2511.290697 0.003488 
2510.124101 0.003305 
2508.957506 0.003051 
2507.790910 0.003051 
2506.624315 0.002614 
2505.457719 0.002614 
2504.291124 0.002415 
2503.124528 0.002177 
2501.957933 0.001769 
2500.791337 0.001741 
2499.624742 0.001741 
2498.458146 0.001505 
2497.291551 0.001305 
2496.124955 0.001305 
2494.958359 0.001243 
2493.791764 0.000869 
2492.625168 0.000869 
2491.458573 0.000869 
2490.291977 0.000869 
2489.125382 0.000785 
2487.958786 0.000435 
2486.792191 0.000435 
2485.625595 0.000435 
2484.459000 0.000435 
2483.292404 0.000435 
2482.125809 0.000435 
2480.959213 0.000435 
2479.792618 0.000435 
2478.626022 0.000435 
2477.459426 0.000319 
2476.292831 0.000221 
2475.126235 0.000142 
2473.959640 0.000000 
2472.793044 0.000052 
2471.626449 0.000273 
2470.459853 0.000235 
2469.293258 0.000435 
2468.126662 0.000435 
2466.960067 0.000435 
2465.793471 0.000435 
2464.626876 0.000435 
2463.460280 0.000435 
2462.293685 0.000435 
2461.127089 0.000435 
2459.960493 0.000435 
2458.793898 0.000435 
2457.627302 0.000435 
2456.460707 0.000435 
2455.294111 0.000435 
2454.127516 0.000640 
2452.960920 0.000561 
2451.794325 0.000435 
2450.627729 0.000869 
2449.461134 0.000869 
2448.294538 0.000869 
2447.127943 0.000869 
2445.961347 0.000869 
2444.794752 0.000869 
2443.628156 0.000869 
2442.461561 0.000869 
2441.294965 0.000869 
2440.128369 0.000869 
2438.961774 0.000869 
2437.795178 0.000869 
2436.628583 0.000869 
2435.461987 0.000869 
2434.295392 0.000869 
2433.128796 0.000869 
2431.962201 0.000869 
2430.795605 0.000869 
2429.629010 0.000491 
2428.462414 0.000809 
2427.295819 0.000435 
2426.129223 0.000435 
2424.962628 0.000435 
2423.796032 0.000435 
2422.629436 0.000435 
2421.462841 0.000435 
2420.296245 0.000435 
2419.129650 0.000435 
2417.963054 0.000435 
2416.796459 0.000435 
2415.629863 0.000435 
2414.463268 0.000435 
2413.296672 0.000435 
2412.130077 0.000435 
2410.963481 0.000435 
2409.796886 0.000435 
2408.630290 0.000435 
2407.463695 0.000435 
2406.297099 0.000435 
2405.130504 0.000435 
2403.963908 0.000435 
2402.797312 0.000435 
2401.630717 0.000435 
2400.464121 0.000435 
2399.297526 0.000435 
2398.130930 0.000435 
2396.964335 0.000435 
2395.797739 0.000435 
2394.631144 0.000435 
2393.464548 0.000435 
2392.297953 0.000435 
2391.131357 0.000435 
2389.964762 0.000435 
2388.798166 0.000435 
2387.631571 0.000435 
2386.464975 0.000435 
2385.298379 0.000435 
2384.131784 0.000435 
2382.965188 0.000435 
2381.798593 0.000653 
2380.631997 0.000869 
2379.465402 0.000869 
2378.298806 0.000869 
2377.132211 0.000869 
2375.965615 0.000869 
2374.799020 0.000869 
2373.632424 0.001289 
2372.465829 0.001305 
2371.299233 0.001451 
2370.132638 0.001741 
2368.966042 0.001741 
2367.799446 0.001305 
2366.632851 0.001822 
2365.466255 0.002177 
2364.299660 0.001915 
2363.133064 0.001741 
2361.966469 0.002599 
2360.799873 0.002080 
2359.633278 0.001944 
2358.466682 0.002177 
2357.300087 0.001789 
2356.133491 0.002177 
2354.966896 0.002032 
2353.800300 0.001959 
2352.633705 0.001854 
2351.467109 0.001741 
2350.300514 0.001741 
2349.133918 0.001741 
2347.967322 0.001741 
2346.800727 0.002080 
2345.634131 0.001756 
2344.467536 0.002177 
2343.300940 0.002177 
2342.134345 0.002726 
2340.967749 0.002324 
2339.801154 0.003050 
2338.634558 0.002409 
2337.467963 0.002862 
2336.301367 0.002614 
2335.134772 0.002992 
2333.968176 0.002629 
2332.801581 0.002790 
2331.634985 0.002583 
2330.468389 0.002438 
2329.301794 0.002962 
2328.135198 0.002645 
2326.968603 0.002906 
2325.802007 0.002856 
2324.635412 0.002717 
2323.468816 0.003021 
2322.302221 0.002700 
2321.135625 0.002892 
2319.969030 0.002872 
2318.802434 0.002702 
2317.635839 0.003035 
2316.469243 0.003051 
2315.302648 0.003051 
2314.136052 0.003051 
2312.969456 0.003051 
2311.802861 0.003051 
2310.636265 0.003051 
2309.469670 0.003051 
2308.303074 0.003356 
2307.136479 0.003488 
2305.969883 0.003488 
2304.803288 0.003488 
2303.636692 0.003488 
2302.470097 0.003488 
2301.303501 0.003488 
2300.136906 0.003488 
2298.970310 0.003488 
2297.803715 0.003488 
2296.637119 0.003822 
2295.470524 0.003926 
2294.303928 0.003926 
2293.137332 0.003926 
2291.970737 0.003926 
2290.804141 0.003926 
2289.637546 0.003926 
2288.470950 0.004027 
2287.304355 0.004365 
2286.137759 0.004365 
2284.971164 0.004365 
2283.804568 0.004365 
2282.637973 0.004365 
2281.471377 0.004365 
2280.304782 0.004670 
2279.138186 0.004804 
2277.971591 0.004804 
2276.804995 0.004804 
2275.638399 0.004804 
2274.471804 0.005124 
2273.305208 0.005243 
2272.138613 0.005243 
2270.972017 0.005243 
2269.805422 0.005243 
2268.638826 0.005243 
2267.472231 0.005683 
2266.305635 0.005683 
2265.139040 0.005683 
2263.972444 0.005683 
2262.805849 0.006071 
2261.639253 0.006123 
2260.472658 0.006123 
2259.306062 0.006123 
2258.139466 0.006414 
2256.972871 0.006564 
2255.806275 0.006564 
2254.639680 0.006564 
2253.473084 0.006564 
2252.306489 0.006904 
2251.139893 0.007005 
2249.973298 0.007005 
2248.806702 0.007005 
2247.640107 0.007005 
2246.473511 0.007361 
2245.306916 0.007446 
2244.140320 0.007446 
2242.973725 0.007446 
2241.807129 0.007446 
2240.640534 0.007446 
2239.473938 0.007446 
2238.307342 0.007446 
2237.140747 0.007446 
2235.974151 0.007446 
2234.807556 0.007446 
2233.640960 0.007446 
2232.474365 0.007446 
2231.307769 0.007446 
2230.141174 0.007446 
2228.974578 0.007446 
2227.807983 0.007401 
2226.641387 0.007005 
2225.474792 0.007005 
2224.308196 0.007005 
2223.141601 0.007005 
2221.975005 0.007005 
2220.808409 0.007005 
2219.641814 0.007005 
2218.475218 0.006641 
2217.308623 0.006564 
2216.142027 0.006564 
2214.975432 0.006564 
2213.808836 0.006564 
2212.642241 0.006564 
2211.475645 0.006564 
2210.309050 0.006564 
2209.142454 0.006564 
2207.975859 0.006564 
2206.809263 0.006564 
2205.642668 0.006564 
2204.476072 0.006564 
2203.309476 0.006324 
2202.142881 0.006123 
2200.976285 0.006123 
2199.809690 0.006123 
2198.643094 0.006123 
2197.476499 0.006123 
2196.309903 0.006123 
2195.143308 0.006123 
2193.976712 0.006123 
2192.810117 0.006123 
2191.643521 0.006123 
2190.476926 0.006123 
2189.310330 0.006123 
2188.143735 0.006010 
2186.977139 0.005683 
2185.810544 0.005683 
2184.643948 0.005683 
2183.477352 0.005683 
2182.310757 0.005683 
2181.144161 0.005683 
2179.977566 0.005365 
2178.810970 0.005243 
2177.644375 0.005243 
2176.477779 0.005243 
2175.311184 0.005243 
2174.144588 0.005243 
2172.977993 0.004804 
2171.811397 0.004804 
2170.644802 0.004804 
2169.478206 0.004804 
2168.311611 0.004804 
2167.145015 0.004365 
2165.978419 0.004365 
2164.811824 0.004365 
2163.645228 0.004365 
2162.478633 0.003964 
2161.312037 0.003926 
2160.145442 0.003926 
2158.978846 0.003926 
2157.812251 0.003926 
2156.645655 0.003510 
2155.479060 0.003488 
2154.312464 0.003488 
2153.145869 0.003488 
2151.979273 0.003488 
2150.812678 0.003488 
2149.646082 0.003051 
2148.479486 0.003051 
2147.312891 0.003051 
2146.146295 0.003051 
2144.979700 0.003051 
2143.813104 0.003051 
2142.646509 0.003051 
2141.479913 0.003322 
2140.313318 0.003871 
2139.146722 0.004388 
2137.980127 0.005019 
2136.813531 0.005897 
2135.646936 0.006123 
2134.480340 0.006123 
2133.313745 0.006039 
2132.147149 0.004933 
2130.980554 0.003909 
2129.813958 0.003155 
2128.647362 0.002635 
2127.480767 0.002177 
2126.314171 0.002009 
2125.147576 0.001741 
2123.980980 0.001741 
2122.814385 0.001741 
2121.647789 0.001305 
2120.481194 0.001305 
2119.314598 0.001305 
2118.148003 0.001305 
2116.981407 0.001305 
2115.814812 0.001305 
2114.648216 0.001305 
2113.481621 0.001305 
2112.315025 0.000919 
2111.148429 0.000869 
2109.981834 0.000869 
2108.815238 0.000869 
2107.648643 0.000869 
2106.482047 0.000869 
2105.315452 0.000869 
2104.148856 0.000869 
2102.982261 0.000869 
2101.815665 0.000869 
2100.649070 0.000869 
2099.482474 0.000435 
2098.315879 0.000435 
2097.149283 0.000435 
2095.982688 0.000435 
2094.816092 0.000435 
2093.649496 0.000435 
2092.482901 0.000435 
2091.316305 0.000435 
2090.149710 0.000435 
2088.983114 0.000435 
2087.816519 0.000435 
2086.649923 0.000435 
2085.483328 0.000435 
2084.316732 0.000435 
2083.150137 0.000065 
2081.983541 0.000435 
2080.816946 0.000435 
2079.650350 0.000109 
2078.483755 0.000399 
2077.317159 0.000355 
2076.150564 0.000000 
2074.983968 0.000268 
2073.817372 0.000095 
2072.650777 0.000435 
2071.484181 0.000435 
2070.317586 0.000435 
2069.150990 0.000435 
2067.984395 0.000435 
2066.817799 0.000435 
2065.651204 0.000435 
2064.484608 0.000435 
2063.318013 0.000435 
2062.151417 0.000435 
2060.984822 0.000819 
2059.818226 0.000571 
2058.651631 0.000869 
2057.485035 0.000869 
2056.318439 0.000869 
2055.151844 0.000934 
2053.985248 0.001305 
2052.818653 0.001305 
2051.652057 0.001305 
2050.485462 0.001305 
2049.318866 0.001305 
2048.152271 0.001500 
2046.985675 0.001741 
2045.819080 0.001741 
2044.652484 0.001741 
2043.485889 0.001741 
2042.319293 0.001741 
2041.152698 0.001741 
2039.986102 0.001741 
2038.819507 0.001741 
2037.652911 0.001741 
2036.486315 0.001741 
2035.319720 0.001741 
2034.153124 0.001741 
2032.986529 0.001305 
2031.819933 0.001305 
2030.653338 0.001305 
2029.486742 0.001305 
2028.320147 0.001305 
2027.153551 0.001234 
2025.986956 0.000869 
2024.820360 0.000869 
2023.653765 0.000869 
2022.487169 0.000869 
2021.320574 0.000869 
2020.153978 0.000869 
2018.987382 0.000869 
2017.820787 0.000869 
2016.654191 0.000869 
2015.487596 0.000869 
2014.321000 0.000869 
2013.154405 0.000869 
2011.987809 0.000869 
2010.821214 0.000869 
2009.654618 0.000869 
2008.488023 0.000869 
2007.321427 0.000869 
2006.154832 0.000869 
2004.988236 0.000869 
2003.821641 0.000869 
2002.655045 0.000869 
2001.488449 0.000869 
2000.321854 0.000869 
1999.155258 0.000869 
1997.988663 0.000690 
1996.822067 0.000435 
1995.655472 0.000435 
1994.488876 0.000435 
1993.322281 0.000435 
1992.155685 0.000435 
1990.989090 0.000435 
1989.822494 0.000435 
1988.655899 0.000435 
1987.489303 0.000435 
1986.322708 0.000435 
1985.156112 0.000435 
1983.989517 0.000435 
1982.822921 0.000435 
1981.656325 0.000435 
1980.489730 0.000435 
1979.323134 0.000435 
1978.156539 0.000435 
1976.989943 0.000091 
1975.823348 0.000253 
1974.656752 0.000000 
1973.490157 0.000352 
1972.323561 0.000033 
1971.156966 0.000435 
1969.990370 0.000435 
1968.823775 0.000435 
1967.657179 0.000435 
1966.490584 0.000435 
1965.323988 0.000435 
1964.157392 0.000435 
1962.990797 0.000435 
1961.824201 0.000435 
1960.657606 0.000497 
1959.491010 0.000571 
1958.324415 0.000000 
1957.157819 0.000323 
1955.991224 0.000004 
1954.824628 0.000359 
1953.658033 0.000165 
1952.491437 0.000435 
1951.324842 0.000435 
1950.158246 0.000435 
1948.991651 0.000435 
1947.825055 0.000435 
1946.658459 0.000435 
1945.491864 0.000435 
1944.325268 0.000435 
1943.158673 0.000435 
1941.992077 0.000435 
1940.825482 0.000142 
1939.658886 0.000000 
1938.492291 0.000435 
1937.325695 0.000435 
1936.159100 0.000200 
1934.992504 0.000308 
1933.825909 0.000435 
1932.659313 0.000374 
1931.492718 0.000000 
1930.326122 0.000250 
1929.159527 0.000435 
1927.992931 0.000003 
1926.826335 0.000435 
1925.659740 0.000243 
1924.493144 0.000264 
1923.326549 0.000435 
1922.159953 0.000435 
1920.993358 0.000435 
1919.826762 0.000435 
1918.660167 0.000435 
1917.493571 0.000435 
1916.326976 0.000435 
1915.160380 0.000435 
1913.993785 0.000435 
1912.827189 0.000435 
1911.660594 0.000435 
1910.493998 0.000435 
1909.327402 0.000435 
1908.160807 0.000435 
1906.994211 0.000435 
1905.827616 0.000435 
1904.661020 0.000435 
1903.494425 0.000435 
1902.327829 0.000435 
1901.161234 0.000435 
1899.994638 0.000000 
1898.828043 0.000000 
1897.661447 0.000000 
1896.494852 0.000292 
1895.328256 0.000056 
1894.161661 0.000435 
1892.995065 0.000435 
1891.828469 0.000230 
1890.661874 0.000308 
1889.495278 0.000041 
1888.328683 0.000000 
1887.162087 0.000147 
1885.995492 0.000191 
1884.828896 0.000335 
1883.662301 0.000435 
1882.495705 0.000089 
1881.329110 0.000435 
1880.162514 0.000435 
1878.995919 0.000085 
1877.829323 0.000422 
1876.662728 0.000435 
1875.496132 0.000435 
1874.329537 0.000435 
1873.162941 0.000435 
1871.996345 0.000390 
1870.829750 0.000118 
1869.663154 0.000435 
1868.496559 0.000435 
1867.329963 0.000435 
1866.163368 0.000435 
1864.996772 0.000435 
1863.830177 0.000435 
1862.663581 0.000435 
1861.496986 0.000435 
1860.330390 0.000435 
1859.163795 0.000435 
1857.997199 0.000435 
1856.830604 0.000435 
1855.664008 0.000435 
1854.497412 0.000435 
1853.330817 0.000435 
1852.164221 0.000435 
1850.997626 0.000435 
1849.831030 0.000435 
1848.664435 0.000435 
1847.497839 0.000435 
1846.331244 0.000435 
1845.164648 0.000435 
1843.998053 0.000435 
1842.831457 0.000435 
1841.664862 0.000435 
1840.498266 0.000435 
1839.331671 0.000435 
1838.165075 0.000435 
1836.998479 0.000435 
1835.831884 0.000188 
1834.665288 0.000320 
1833.498693 0.000435 
1832.332097 0.000435 
1831.165502 0.000435 
1829.998906 0.000435 
1828.832311 0.000435 
1827.665715 0.000435 
1826.499120 0.000435 
1825.332524 0.000435 
1824.165929 0.000435 
1822.999333 0.000435 
1821.832738 0.000435 
1820.666142 0.000322 
1819.499547 0.000218 
1818.332951 0.000435 
1817.166355 0.000435 
1815.999760 0.000044 
1814.833164 0.000435 
1813.666569 0.000435 
1812.499973 0.000435 
1811.333378 0.000435 
1810.166782 0.000371 
1809.000187 0.000174 
1807.833591 0.000435 
1806.666996 0.000435 
1805.500400 0.000435 
1804.333805 0.000435 
1803.167209 0.000435 
1802.000614 0.000435 
1800.834018 0.000435 
1799.667422 0.000435 
1798.500827 0.000435 
1797.334231 0.000435 
1796.167636 0.000435 
1795.001040 0.000435 
1793.834445 0.000435 
1792.667849 0.000435 
1791.501254 0.000435 
1790.334658 0.000435 
1789.168063 0.000435 
1788.001467 0.000435 
1786.834872 0.000435 
1785.668276 0.000435 
1784.501681 0.000435 
1783.335085 0.000435 
1782.168489 0.000535 
1781.001894 0.000869 
1779.835298 0.000869 
1778.668703 0.000869 
1777.502107 0.000869 
1776.335512 0.000869 
1775.168916 0.000869 
1774.002321 0.000869 
1772.835725 0.000869 
1771.669130 0.000869 
1770.502534 0.000869 
1769.335939 0.000869 
1768.169343 0.001188 
1767.002748 0.001305 
1765.836152 0.001305 
1764.669557 0.001305 
1763.502961 0.001305 
1762.336365 0.001305 
1761.169770 0.001305 
1760.003174 0.001741 
1758.836579 0.001741 
1757.669983 0.001741 
1756.503388 0.001741 
1755.336792 0.001741 
1754.170197 0.002177 
1753.003601 0.002177 
1751.837006 0.002177 
1750.670410 0.002177 
1749.503815 0.002614 
1748.337219 0.002614 
1747.170624 0.002614 
1746.004028 0.002918 
1744.837432 0.003051 
1743.670837 0.003051 
1742.504241 0.003180 
1741.337646 0.003488 
1740.171050 0.003488 
1739.004455 0.003924 
1737.837859 0.003926 
1736.671264 0.003926 
1735.504668 0.004187 
1734.338073 0.004365 
1733.171477 0.004804 
1732.004882 0.004804 
1730.838286 0.004804 
1729.671691 0.005080 
1728.505095 0.005243 
1727.338499 0.005683 
1726.171904 0.005683 
1725.005308 0.005876 
1723.838713 0.006123 
1722.672117 0.006123 
1721.505522 0.006564 
1720.338926 0.006692 
1719.172331 0.007005 
1718.005735 0.007311 
1716.839140 0.007446 
1715.672544 0.007502 
1714.505949 0.007889 
1713.339353 0.007889 
1712.172758 0.008210 
1711.006162 0.008331 
1709.839567 0.008774 
1708.672971 0.008774 
1707.506375 0.009037 
1706.339780 0.009217 
1705.173184 0.009661 
1704.006589 0.009756 
1702.839993 0.010105 
1701.673398 0.010384 
1700.506802 0.010942 
1699.340207 0.010995 
1698.173611 0.011107 
1697.007016 0.011661 
1695.840420 0.011887 
1694.673825 0.011887 
1693.507229 0.012380 
1692.340634 0.012781 
1691.174038 0.013016 
1690.007442 0.013228 
1688.840847 0.013658 
1687.674251 0.013676 
1686.507656 0.013852 
1685.341060 0.014125 
1684.174465 0.014125 
1683.007869 0.014570 
1681.841274 0.014574 
1680.674678 0.014574 
1679.508083 0.014574 
1678.341487 0.014574 
1677.174892 0.014574 
1676.008296 0.014574 
1674.841701 0.014368 
1673.675105 0.014125 
1672.508510 0.014125 
1671.341914 0.013676 
1670.175318 0.013676 
1669.008723 0.013456 
1667.842127 0.013228 
1666.675532 0.012815 
1665.508936 0.012781 
1664.342341 0.012621 
1663.175745 0.012334 
1662.009150 0.011980 
1660.842554 0.011887 
1659.675959 0.011441 
1658.509363 0.011267 
1657.342768 0.010995 
1656.176172 0.010628 
1655.009577 0.010550 
1653.842981 0.010105 
1652.676385 0.009896 
1651.509790 0.009355 
1650.343194 0.009217 
1649.176599 0.008774 
1648.010003 0.008774 
1646.843408 0.008549 
1645.676812 0.008011 
1644.510217 0.007889 
1643.343621 0.007446 
1642.177026 0.007446 
1641.010430 0.007206 
1639.843835 0.007005 
1638.677239 0.007005 
1637.510644 0.006564 
1636.344048 0.006564 
1635.177452 0.006289 
1634.010857 0.005776 
1632.844261 0.005683 
1631.677666 0.005683 
1630.511070 0.005683 
1629.344475 0.005395 
1628.177879 0.005243 
1627.011284 0.005243 
1625.844688 0.005243 
1624.678093 0.005037 
1623.511497 0.004804 
1622.344902 0.004804 
1621.178306 0.004804 
1620.011711 0.004663 
1618.845115 0.004365 
1617.678520 0.004365 
1616.511924 0.004365 
1615.345328 0.004365 
1614.178733 0.004365 
1613.012137 0.004365 
1611.845542 0.004365 
1610.678946 0.003926 
1609.512351 0.003926 
1608.345755 0.003926 
1607.179160 0.003926 
1606.012564 0.003926 
1604.845969 0.003926 
1603.679373 0.003926 
1602.512778 0.003926 
1601.346182 0.003640 
1600.179587 0.003488 
1599.012991 0.003488 
1597.846395 0.003488 
1596.679800 0.003488 
1595.513204 0.003488 
1594.346609 0.003488 
1593.180013 0.003488 
1592.013418 0.003488 
1590.846822 0.003488 
1589.680227 0.003139 
1588.513631 0.003482 
1587.347036 0.003051 
1586.180440 0.003051 
1585.013845 0.003051 
1583.847249 0.003051 
1582.680654 0.003051 
1581.514058 0.003051 
1580.347462 0.003051 
1579.180867 0.003051 
1578.014271 0.003051 
1576.847676 0.003051 
1575.681080 0.002912 
1574.514485 0.002614 
1573.347889 0.002614 
1572.181294 0.002614 
1571.014698 0.002614 
1569.848103 0.002614 
1568.681507 0.002614 
1567.514912 0.002281 
1566.348316 0.002177 
1565.181721 0.002177 
1564.015125 0.002177 
1562.848530 0.002177 
1561.681934 0.002177 
1560.515338 0.002177 
1559.348743 0.002177 
1558.182147 0.002177 
1557.015552 0.001894 
1555.848956 0.001741 
1554.682361 0.001741 
1553.515765 0.001741 
1552.349170 0.001741 
1551.182574 0.001741 
1550.015979 0.001356 
1548.849383 0.001371 
1547.682788 0.001603 
1546.516192 0.001305 
1545.349597 0.001305 
1544.183001 0.001305 
1543.016405 0.001305 
1541.849810 0.001152 
1540.683214 0.001119 
1539.516619 0.000963 
1538.350023 0.000869 
1537.183428 0.000869 
1536.016832 0.000869 
1534.850237 0.000869 
1533.683641 0.000869 
1532.517046 0.000435 
1531.350450 0.000435 
1530.183855 0.000435 
1529.017259 0.000435 
1527.850664 0.000435 
1526.684068 0.000435 
1525.517472 0.000435 
1524.350877 0.000435 
1523.184281 0.000435 
1522.017686 0.000435 
1520.851090 0.000435 
1519.684495 0.000283 
1518.517899 0.000253 
1517.351304 0.000435 
1516.184708 0.000435 
1515.018113 0.000435 
1513.851517 0.000603 
1512.684922 0.000869 
1511.518326 0.001210 
1510.351731 0.001326 
1509.185135 0.001741 
1508.018540 0.001926 
1506.851944 0.002177 
1505.685348 0.002533 
1504.518753 0.003051 
1503.352157 0.003171 
1502.185562 0.003713 
1501.018966 0.004225 
1499.852371 0.004778 
1498.685775 0.005293 
1497.519180 0.005958 
1496.352584 0.006805 
1495.185989 0.007320 
1494.019393 0.008312 
1492.852798 0.009348 
1491.686202 0.010415 
1490.519607 0.011513 
1489.353011 0.013000 
1488.186415 0.014143 
1487.019820 0.015744 
1485.853224 0.017431 
1484.686629 0.019016 
1483.520033 0.020725 
1482.353438 0.021883 
1481.186842 0.023409 
1480.020247 0.024550 
1478.853651 0.025623 
1477.687056 0.026365 
1476.520460 0.026369 
1475.353865 0.025789 
1474.187269 0.025016 
1473.020674 0.023875 
1471.854078 0.022784 
1470.687482 0.022276 
1469.520887 0.022450 
1468.354291 0.022984 
1467.187696 0.023918 
1466.021100 0.025009 
1464.854505 0.026024 
1463.687909 0.026600 
1462.521314 0.027139 
1461.354718 0.027334 
1460.188123 0.027328 
1459.021527 0.026743 
1457.854932 0.026205 
1456.688336 0.025636 
1455.521741 0.025893 
1454.355145 0.026433 
1453.188550 0.027160 
1452.021954 0.028018 
1450.855358 0.028925 
1449.688763 0.029612 
1448.522167 0.030118 
1447.355572 0.029958 
1446.188976 0.029126 
1445.022381 0.028003 
1443.855785 0.026924 
1442.689190 0.025197 
1441.522594 0.023763 
1440.355999 0.022915 
1439.189403 0.022363 
1438.022808 0.022276 
1436.856212 0.022846 
1435.689617 0.023380 
1434.523021 0.023944 
1433.356425 0.024496 
1432.189830 0.025488 
1431.023234 0.025616 
1429.856639 0.026176 
1428.690043 0.026410 
1427.523448 0.026410 
1426.356852 0.026410 
1425.190257 0.026410 
1424.023661 0.026166 
1422.857066 0.025949 
1421.690470 0.025530 
1420.523875 0.024947 
1419.357279 0.024411 
1418.190684 0.023590 
1417.024088 0.022837 
1415.857492 0.022237 
1414.690897 0.021173 
1413.524301 0.020262 
1412.357706 0.019413 
1411.191110 0.018354 
1410.024515 0.017243 
1408.857919 0.016607 
1407.691324 0.015514 
1406.524728 0.014417 
1405.358133 0.013370 
1404.191537 0.012684 
1403.024942 0.011642 
1401.858346 0.010777 
1400.691751 0.009920 
1399.525155 0.009229 
1398.358560 0.008649 
1397.191964 0.007737 
1396.025368 0.007193 
1394.858773 0.006678 
1393.692177 0.006120 
1392.525582 0.005606 
1391.358986 0.005077 
1390.192391 0.004537 
1389.025795 0.004365 
1387.859200 0.003908 
1386.692604 0.003488 
1385.526009 0.003281 
1384.359413 0.002771 
1383.192818 0.002614 
1382.026222 0.002177 
1380.859627 0.002177 
1379.693031 0.001956 
1378.526435 0.001741 
1377.359840 0.001741 
1376.193244 0.001741 
1375.026649 0.001609 
1373.860053 0.001305 
1372.693458 0.001305 
1371.526862 0.000881 
1370.360267 0.000869 
1369.193671 0.000869 
1368.027076 0.000869 
1366.860480 0.000869 
1365.693885 0.000869 
1364.527289 0.000869 
1363.360694 0.000869 
1362.194098 0.000869 
1361.027503 0.000869 
1359.860907 0.000869 
1358.694311 0.000770 
1357.527716 0.000435 
1356.361120 0.000435 
1355.194525 0.000435 
1354.027929 0.000435 
1352.861334 0.000435 
1351.694738 0.000435 
1350.528143 0.000435 
1349.361547 0.000435 
1348.194952 0.000435 
1347.028356 0.000435 
1345.861761 0.000435 
1344.695165 0.000094 
1343.528570 0.000000 
1342.361974 0.000435 
1341.195378 0.000435 
1340.028783 0.000435 
1338.862187 0.000435 
1337.695592 0.000435 
1336.528996 0.000435 
1335.362401 0.000435 
1334.195805 0.000435 
1333.029210 0.000435 
1331.862614 0.000435 
1330.696019 0.000435 
1329.529423 0.000435 
1328.362828 0.000435 
1327.196232 0.000435 
1326.029637 0.000435 
1324.863041 0.000435 
1323.696445 0.000192 
1322.529850 0.000335 
1321.363254 0.000028 
1320.196659 0.000435 
1319.030063 0.000274 
1317.863468 0.000000 
1316.696872 0.000000 
1315.530277 0.000000 
1314.363681 0.000000 
1313.197086 0.000000 
1312.030490 0.000000 
1310.863895 0.000000 
1309.697299 0.000045 
1308.530704 0.000435 
1307.364108 0.000435 
1306.197513 0.000129 
1305.030917 0.000378 
1303.864321 0.000376 
1302.697726 0.000131 
1301.531130 0.000435 
1300.364535 0.000435 
1299.197939 0.000435 
1298.031344 0.000435 
1296.864748 0.000435 
1295.698153 0.000435 
1294.531557 0.000435 
1293.364962 0.000435 
1292.198366 0.000435 
1291.031771 0.000435 
1289.865175 0.000435 
1288.698580 0.000435 
1287.531984 0.000435 
1286.365388 0.000435 
1285.198793 0.000435 
1284.032197 0.000435 
1282.865602 0.000435 
1281.699006 0.000435 
1280.532411 0.000435 
1279.365815 0.000435 
1278.199220 0.000435 
1277.032624 0.000435 
1275.866029 0.000435 
1274.699433 0.000435 
1273.532838 0.000435 
1272.366242 0.000435 
1271.199647 0.000435 
1270.033051 0.000435 
1268.866455 0.000246 
1267.699860 0.000261 
1266.533264 0.000064 
1265.366669 0.000435 
1264.200073 0.000435 
1263.033478 0.000435 
1261.866882 0.000435 
1260.700287 0.000435 
1259.533691 0.000435 
1258.367096 0.000435 
1257.200500 0.000435 
1256.033905 0.000435 
1254.867309 0.000435 
1253.700714 0.000435 
1252.534118 0.000435 
1251.367523 0.000435 
1250.200927 0.000435 
1249.034331 0.000435 
1247.867736 0.000435 
1246.701140 0.000435 
1245.534545 0.000435 
1244.367949 0.000435 
1243.201354 0.000435 
1242.034758 0.000435 
1240.868163 0.000435 
1239.701567 0.000435 
1238.534972 0.000435 
1237.368376 0.000435 
1236.201781 0.000435 
1235.035185 -0.000774 
1233.868590 -0.000646 
1232.701994 0.000391 
1231.535398 0.000435 
1230.368803 0.000435 
1229.202207 0.000435 
1228.035612 0.000435 
1226.869016 0.000435 
1225.702421 0.000435 
1224.535825 0.000277 
1223.369230 0.000257 
1222.202634 0.000435 
1221.036039 0.000016 
1219.869443 0.000435 
1218.702848 0.000435 
1217.536252 0.000435 
1216.369657 0.000435 
1215.203061 0.000435 
1214.036465 0.000435 
1212.869870 0.000435 
1211.703274 0.000435 
1210.536679 0.000435 
1209.370083 0.000435 
1208.203488 0.000306 
1207.036892 0.000224 
1205.870297 0.000435 
1204.703701 0.000435 
1203.537106 0.000071 
1202.370510 0.000435 
1201.203915 0.000435 
1200.037319 0.000435 
1198.870724 0.000435 
1197.704128 0.000085 
1196.537533 0.000435 
1195.370937 0.000435 
1194.204341 0.000435 
1193.037746 0.000435 
1191.871150 0.000435 
1190.704555 0.000435 
1189.537959 0.000435 
1188.371364 0.000435 
1187.204768 0.000435 
1186.038173 0.000321 
1184.871577 0.000207 
1183.704982 0.000435 
1182.538386 0.000435 
1181.371791 0.000379 
1180.205195 0.000000 
1179.038600 0.000000 
1177.872004 0.000000 
1176.705408 0.000432 
1175.538813 0.000435 
1174.372217 0.000435 
1173.205622 0.000435 
1172.039026 0.000435 
1170.872431 0.000869 
1169.705835 0.000869 
1168.539240 0.001044 
1167.372644 0.001305 
1166.206049 0.001305 
1165.039453 0.001741 
1163.872858 0.001741 
1162.706262 0.001741 
1161.539667 0.002029 
1160.373071 0.002177 
1159.206475 0.002177 
1158.039880 0.002177 
1156.873284 0.001947 
1155.706689 0.001741 
1154.540093 0.001741 
1153.373498 0.001741 
1152.206902 0.001741 
1151.040307 0.001741 
1149.873711 0.001741 
1148.707116 0.002174 
1147.540520 0.002614 
1146.373925 0.002800 
1145.207329 0.003310 
1144.040734 0.004228 
1142.874138 0.005266 
1141.707543 0.006312 
1140.540947 0.007614 
1139.374351 0.008885 
1138.207756 0.010390 
1137.041160 0.011975 
1135.874565 0.013666 
1134.707969 0.015238 
1133.541374 0.016914 
1132.374778 0.018533 
1131.208183 0.020136 
1130.041587 0.021690 
1128.874992 0.022757 
1127.708396 0.023897 
1126.541801 0.024549 
1125.375205 0.025028 
1124.208610 0.025208 
1123.042014 0.025203 
1121.875418 0.025028 
1120.708823 0.024117 
1119.542227 0.023296 
1118.375632 0.021889 
1117.209036 0.020466 
1116.042441 0.018440 
1114.875845 0.016777 
1113.709250 0.014631 
1112.542654 0.012858 
1111.376059 0.010652 
1110.209463 0.008920 
1109.042868 0.007362 
1107.876272 0.005838 
1106.709677 0.004765 
1105.543081 0.003701 
1104.376485 0.003084 
1103.209890 0.002094 
1102.043294 0.001741 
1100.876699 0.001487 
1099.710103 0.001305 
1098.543508 0.001305 
1097.376912 0.000869 
1096.210317 0.000700 
1095.043721 0.000435 
1093.877126 0.000435 
1092.710530 0.000435 
1091.543935 0.000435 
1090.377339 0.000435 
1089.210744 0.000435 
1088.044148 0.000435 
1086.877553 0.000435 
1085.710957 0.000309 
1084.544361 0.000000 
1083.377766 0.000314 
1082.211170 0.000435 
1081.044575 0.000435 
1079.877979 0.000435 
1078.711384 0.000435 
1077.544788 0.000435 
1076.378193 0.000435 
1075.211597 0.000435 
1074.045002 0.000435 
1072.878406 0.000705 
1071.711811 0.000869 
1070.545215 0.000869 
1069.378620 0.000869 
1068.212024 0.001057 
1067.045428 0.001305 
1065.878833 0.001305 
1064.712237 0.001741 
1063.545642 0.001864 
1062.379046 0.002177 
1061.212451 0.002477 
1060.045855 0.002614 
1058.879260 0.003104 
1057.712664 0.003628 
1056.546069 0.004169 
1055.379473 0.004998 
1054.212878 0.005677 
1053.046282 0.006836 
1051.879687 0.008804 
1050.713091 0.010967 
1049.546495 0.014137 
1048.379900 0.018282 
1047.213304 0.024436 
1046.046709 0.032372 
1044.880113 0.041531 
1043.713518 0.052873 
1042.546922 0.064026 
1041.380327 0.076071 
1040.213731 0.088467 
1039.047136 0.100069 
1037.880540 0.111586 
1036.713945 0.122177 
1035.547349 0.131751 
1034.380754 0.141015 
1033.214158 0.149129 
1032.047563 0.155880 
1030.880967 0.161023 
1029.714371 0.165044 
1028.547776 0.166920 
1027.381180 0.166981 
1026.214585 0.164346 
1025.047989 0.160200 
1023.881394 0.152941 
1022.714798 0.145088 
1021.548203 0.135582 
1020.381607 0.126549 
1019.215012 0.118870 
1018.048416 0.113423 
1016.881821 0.109339 
1015.715225 0.107477 
1014.548630 0.106206 
1013.382034 0.105508 
1012.215438 0.104328 
1011.048843 0.101487 
1009.882247 0.097722 
1008.715652 0.092039 
1007.549056 0.084316 
1006.382461 0.075415 
1005.215865 0.065744 
1004.049270 0.055934 
1002.882674 0.045539 
1001.716079 0.036812 
1000.549483 0.028474 
999.382888 0.021829 
998.216292 0.016774 
997.049697 0.012613 
995.883101 0.009768 
994.716506 0.007625 
993.549910 0.006250 
992.383314 0.005183 
991.216719 0.004245 
990.050123 0.003926 
988.883528 0.003622 
987.716932 0.003488 
986.550337 0.003051 
985.383741 0.003051 
984.217146 0.003051 
983.050550 0.002727 
981.883955 0.003031 
980.717359 0.003051 
979.550764 0.003051 
978.384168 0.003051 
977.217573 0.003398 
976.050977 0.003488 
974.884381 0.003926 
973.717786 0.003926 
972.551190 0.004202 
971.384595 0.004365 
970.217999 0.004804 
969.051404 0.004918 
967.884808 0.005243 
966.718213 0.005542 
965.551617 0.006072 
964.385022 0.006166 
963.218426 0.006698 
962.051831 0.007005 
960.885235 0.007324 
959.718640 0.007862 
958.552044 0.007953 
957.385448 0.008488 
956.218853 0.009024 
955.052257 0.009559 
953.885662 0.010098 
952.719066 0.010189 
951.552471 0.010728 
950.385875 0.011266 
949.219280 0.011808 
948.052684 0.012347 
946.886089 0.012889 
945.719493 0.013429 
944.552898 0.013971 
943.386302 0.014125 
942.219707 0.015056 
941.053111 0.015603 
939.886516 0.015923 
938.719920 0.016242 
937.553324 0.016786 
936.386729 0.017729 
935.220133 0.018031 
934.053538 0.018880 
932.886942 0.019430 
931.720347 0.019978 
930.553751 0.020531 
929.387156 0.021082 
928.220560 0.021633 
927.053965 0.022185 
925.887369 0.022746 
924.720774 0.023750 
923.554178 0.024308 
922.387583 0.024863 
921.220987 0.025420 
920.054391 0.025976 
918.887796 0.026660 
917.721200 0.027334 
916.554605 0.027969 
915.388009 0.028677 
914.221414 0.029240 
913.054818 0.029801 
911.888223 0.030364 
910.721627 0.031272 
909.555032 0.031958 
908.388436 0.032525 
907.221841 0.033090 
906.055245 0.033657 
904.888650 0.034226 
903.722054 0.035267 
902.555458 0.035836 
901.388863 0.036407 
900.222267 0.036979 
899.055672 0.037550 
897.889076 0.038125 
896.722481 0.038814 
895.555885 0.039747 
894.389290 0.040323 
893.222694 0.040903 
892.056099 0.041478 
890.889503 0.042057 
889.722908 0.042636 
888.556312 0.043215 
887.389717 0.043797 
886.223121 0.044376 
885.056526 0.044960 
883.889930 0.045812 
882.723334 0.046611 
881.556739 0.046724 
880.390143 0.047388 
879.223548 0.048367 
878.056952 0.048662 
876.890357 0.049452 
875.723761 0.049648 
874.557166 0.050349 
873.390570 0.051314 
872.223975 0.051587 
871.057379 0.052007 
869.890784 0.052601 
868.724188 0.053193 
867.557593 0.053548 
866.390997 0.054236 
865.224401 0.054531 
864.057806 0.055082 
862.891210 0.055517 
861.724615 0.056047 
860.558019 0.056505 
859.391424 0.056979 
858.224828 0.057496 
857.058233 0.057683 
855.891637 0.058283 
854.725042 0.058885 
853.558446 0.058987 
852.391851 0.059591 
851.225255 0.059982 
850.058660 0.060296 
848.892064 0.060901 
847.725468 0.061008 
846.558873 0.061611 
845.392277 0.061981 
844.225682 0.062322 
843.059086 0.062482 
841.892491 0.063034 
840.725895 0.063486 
839.559300 0.063748 
838.392704 0.063989 
837.226109 0.063989 
836.059513 0.064567 
834.892918 0.064997 
833.726322 0.065283 
832.559727 0.065502 
831.393131 0.065502 
830.226536 0.065603 
829.059940 0.066007 
827.893344 0.066318 
826.726749 0.066513 
825.560153 0.066513 
824.393558 0.066636 
823.226962 0.067248 
822.060367 0.067526 
820.893771 0.067526 
819.727176 0.067526 
818.560580 0.067674 
817.393985 0.068034 
816.227389 0.068034 
815.060794 0.068034 
813.894198 0.068542 
812.727603 0.068542 
811.561007 0.068542 
810.394411 0.068542 
809.227816 0.068542 
808.061220 0.069051 
806.894625 0.068854 
805.728029 0.068845 
804.561434 0.069051 
803.394838 0.069051 
802.228243 0.069051 
801.061647 0.069051 
799.895052 0.069051 
798.728456 0.069051 
797.561861 0.069051 
796.395265 0.069051 
795.228670 0.069051 
794.062074 0.069051 
792.895478 0.069051 
791.728883 0.069051 
790.562287 0.069051 
789.395692 0.068781 
788.229096 0.068919 
787.062501 0.068570 
785.895905 0.068542 
784.729310 0.068542 
783.562714 0.068542 
782.396119 0.068542 
781.229523 0.068542 
780.062928 0.068034 
778.896332 0.068034 
777.729737 0.068034 
776.563141 0.068034 
775.396546 0.067526 
774.229950 0.067526 
773.063354 0.067290 
771.896759 0.067019 
770.730163 0.067019 
769.563568 0.066973 
768.396972 0.066513 
767.230377 0.066513 
766.063781 0.066150 
764.897186 0.066007 
763.730590 0.065934 
762.563995 0.065502 
761.397399 0.065502 
760.230804 0.065113 
759.064208 0.064997 
757.897613 0.064493 
756.731017 0.064493 
755.564421 0.064186 
754.397826 0.063989 
753.231230 0.063471 
752.064635 0.062984 
750.898039 0.062984 
749.731444 0.062655 
748.564848 0.062051 
747.398253 0.061981 
746.231657 0.061837 
745.065062 0.061233 
743.898466 0.060980 
742.731871 0.060524 
741.565275 0.059982 
740.398680 0.059817 
739.232084 0.059484 
738.065488 0.059108 
736.898893 0.058986 
735.732297 0.058403 
734.565702 0.057992 
733.399106 0.057700 
732.232511 0.057099 
731.065915 0.056998 
729.899320 0.056397 
728.732724 0.056011 
727.566129 0.055695 
726.399533 0.055517 
725.232938 0.054995 
724.066342 0.054401 
722.899747 0.053806 
721.733151 0.053548 
720.566556 0.053111 
719.399960 0.052566 
718.233364 0.052411 
717.066769 0.051820 
715.900173 0.051587 
714.733578 0.051125 
713.566982 0.050537 
712.400387 0.050122 
711.233791 0.049845 
710.067196 0.049258 
708.900600 0.048667 
707.734005 0.048564 
706.567409 0.047979 
705.400814 0.047393 
704.234218 0.047208 
703.067623 0.046240 
701.901027 0.046120 
700.734431 0.045536 
699.567836 0.044953 
698.401240 0.044793 
697.234645 0.044270 
696.068049 0.043691 
694.901454 0.043351 
693.734858 0.043009 
692.568263 0.042432 
691.401667 0.041914 
690.235072 0.041749 
689.068476 0.041172 
687.901881 0.040596 
686.735285 0.040482 
685.568690 0.039920 
684.402094 0.039344 
683.235498 0.039054 
682.068903 0.038668 
680.902307 0.038105 
679.735712 0.037995 
678.569116 0.037423 
677.402521 0.036851 
676.235925 0.036279 
675.069330 0.036182 
673.902734 0.035609 
672.736139 0.035039 
671.569543 0.034798 
670.402948 0.034373 
669.236352 0.033913 
668.069757 0.034176 
666.903161 0.033358 
665.736566 0.032572 
664.569970 0.032003 
663.403374 0.031517 
662.236779 0.031517 
661.070183 0.030973 
659.903588 0.030584 
658.736992 0.030118 
657.570397 0.030021 
656.403801 0.029653 
655.237206 0.029361 
654.070610 0.028797 
652.904015 0.028260 
651.737419 0.028139 
650.570824 0.027580 
649.404228 0.027334 
648.237633 0.026924 
647.071037 0.026410 
645.904441 0.026410 
644.737846 0.026171 
643.571250 0.025949 
642.404655 0.025089 
641.238059 0.024961 
640.071464 0.024568 
638.904868 0.024310 
637.738273 0.024109 
636.571677 0.024109 
635.405082 0.023280 
634.238486 0.023280 
633.071891 0.022734 
631.905295 0.022734 
630.738700 0.022261 
629.572104 0.021819 
628.405509 0.021615 
627.238913 0.021363 
626.072317 0.020965 
624.905722 0.020872 
623.739126 0.020452 
622.572531 0.020226 
621.405935 0.019997 
620.239340 0.019580 
619.072744 0.019542 
617.906149 0.019389 
616.739553 0.018840 
615.572958 0.018634 
614.406362 0.018634 
613.239767 0.018554 
612.073171 0.018181 
610.906576 0.018181 
609.739980 0.017818 
608.573384 0.017721 
607.406789 0.017277 
606.240193 0.017081 
605.073598 0.016825 
603.907002 0.016442 
602.740407 0.016374 
601.573811 0.016374 
600.407216 0.016374 
599.240620 0.016063 
598.074025 0.015923 
596.907429 0.015875 
595.740834 0.015473 
594.574238 0.015236 
593.407643 0.015353 
592.241047 0.015473 
591.074451 0.014574 
589.907856 0.014574 
588.741260 0.014574 
587.574665 0.014574 
586.408069 0.014129 
585.241474 0.014217 
584.074878 0.014389 
582.908283 0.013846 
581.741687 0.013676 
580.575092 0.013676 
579.408496 0.013563 
578.241901 0.013228 
577.075305 0.013228 
575.908710 0.012836 
574.742114 0.012781 
573.575519 0.012649 
572.408923 0.012334 
571.242327 0.012334 
570.075732 0.012334 
568.909136 0.012273 
567.742541 0.011887 
566.575945 0.011639 
565.409350 0.011441 
564.242754 0.011006 
563.076159 0.011356 
561.909563 0.010819 
560.742968 0.010550 
559.576372 0.010550 
558.409777 0.010105 
557.243181 0.010209 
556.076586 0.010158 
554.909990 0.009949 
553.743394 0.010105 
552.576799 0.009627 
551.410203 0.009342 
550.243608 0.009443 
549.077012 0.008906 
547.910417 0.008774 
546.743821 0.008774 
545.577226 0.008630 
544.410630 0.008331 
543.244035 0.008331 
542.077439 0.008331 
540.910844 0.008258 
539.744248 0.007722 
538.577653 0.007188 
537.411057 0.007706 
536.244461 0.007002 
535.077866 0.006564 
533.911270 0.006376 
532.744675 0.006123 
531.578079 0.006123 
530.411484 0.006101 
529.244888 0.005683 
528.078293 0.005683 
526.911697 0.005086 
525.745102 0.004804 
524.578506 0.004457 
523.411911 0.004834 
522.245315 0.004154 
521.078720 0.003724 
519.912124 0.003079 
518.745529 0.003796 
517.578933 0.003206 
516.412337 0.003738 
515.245742 0.002906 
514.079146 0.002614 
512.912551 0.002348 
511.745955 0.002519 
510.579360 0.002009 
509.412764 0.001460 
508.246169 0.000899 
507.079573 0.001532 
505.912978 0.000869 
504.746382 0.001448 
503.579787 0.000217 
502.413191 0.000834 
501.246596 0.000691 
500.080000 0.000869 
