3998.700000 0.000435 
3997.533404 0.000435 
3996.366809 0.000435 
3995.200213 0.000435 
3994.033618 0.000435 
3992.867022 0.000435 
3991.700427 0.000435 
3990.533831 0.000435 
3989.367236 0.000435 
3988.200640 0.000435 
3987.034045 0.000435 
3985.867449 0.000435 
3984.700854 0.000435 
3983.534258 0.000435 
3982.367663 0.000435 
3981.201067 0.000435 
3980.034471 0.000435 
3978.867876 0.000435 
3977.701280 0.000435 
3976.534685 0.000435 
3975.368089 0.000435 
3974.201494 0.000435 
3973.034898 0.000435 
3971.868303 0.000435 
3970.701707 0.000435 
3969.535112 0.000435 
3968.368516 0.000435 
3967.201921 0.000435 
3966.035325 0.000435 
3964.868730 0.000435 
3963.702134 0.000435 
3962.535539 0.000435 
3961.368943 0.000435 
3960.202347 0.000435 
3959.035752 0.000435 
3957.869156 0.000435 
3956.702561 0.000435 
3955.535965 0.000435 
3954.369370 0.000435 
3953.202774 0.000435 
3952.036179 0.000435 
3950.869583 0.000435 
3949.702988 0.000435 
3948.536392 0.000435 
3947.369797 0.000435 
3946.203201 0.000435 
3945.036606 0.000435 
3943.870010 0.000435 
3942.703414 0.000435 
3941.536819 0.000435 
3940.370223 0.000435 
3939.203628 0.000435 
3938.037032 0.000435 
3936.870437 0.000000 
3935.703841 0.000000 
3934.537246 0.000000 
3933.370650 0.000317 
3932.204055 0.000435 
3931.037459 0.000000 
3929.870864 0.000000 
3928.704268 0.000000 
3927.537673 0.000000 
3926.371077 0.000000 
3925.204481 0.000000 
3924.037886 0.000000 
3922.871290 0.000273 
3921.704695 0.000051 
3920.538099 0.000000 
3919.371504 0.000000 
3918.204908 0.000215 
3917.038313 0.000147 
3915.871717 0.000400 
3914.705122 0.000000 
3913.538526 0.000000 
3912.371931 0.000000 
3911.205335 0.000000 
3910.038740 0.000418 
3908.872144 0.000000 
3907.705549 0.000172 
3906.538953 0.000191 
3905.372357 0.000352 
3904.205762 0.000003 
3903.039166 0.000000 
3901.872571 0.000000 
3900.705975 0.000000 
3899.539380 0.000000 
3898.372784 0.000000 
3897.206189 0.000000 
3896.039593 0.000000 
3894.872998 0.000000 
3893.706402 0.000000 
3892.539807 0.000435 
3891.373211 0.000293 
3890.206616 0.000000 
3889.040020 0.000319 
3887.873424 0.000032 
3886.706829 0.000045 
3885.540233 0.000435 
3884.373638 0.000181 
3883.207042 0.000000 
3882.040447 0.000417 
3880.873851 0.000337 
3879.707256 0.000000 
3878.540660 0.000000 
3877.374065 0.000000 
3876.207469 0.000432 
3875.040874 0.000435 
3873.874278 0.000435 
3872.707683 0.000435 
3871.541087 0.000435 
3870.374491 0.000435 
3869.207896 0.000435 
3868.041300 0.000435 
3866.874705 0.000435 
3865.708109 0.000435 
3864.541514 0.000435 
3863.374918 0.000435 
3862.208323 0.000435 
3861.041727 0.000435 
3859.875132 0.000435 
3858.708536 0.000435 
3857.541941 0.000435 
3856.375345 0.000435 
3855.208750 0.000778 
3854.042154 0.000460 
3852.875559 0.000772 
3851.708963 0.000435 
3850.542367 0.000435 
3849.375772 0.000435 
3848.209176 0.000435 
3847.042581 0.000435 
3845.875985 0.000230 
3844.709390 0.000300 
3843.542794 0.000435 
3842.376199 0.000435 
3841.209603 0.000435 
3840.043008 0.000435 
3838.876412 0.000435 
3837.709817 0.000435 
3836.543221 0.000435 
3835.376626 0.000435 
3834.210030 0.000178 
3833.043434 0.000329 
3831.876839 0.000425 
3830.710243 0.000083 
3829.543648 0.000263 
3828.377052 0.000271 
3827.210457 0.000435 
3826.043861 0.000024 
3824.877266 0.000327 
3823.710670 0.000213 
3822.544075 0.000435 
3821.377479 0.000037 
3820.210884 0.000000 
3819.044288 0.000124 
3817.877693 0.000435 
3816.711097 0.000435 
3815.544502 0.000022 
3814.377906 0.000053 
3813.211310 0.000295 
3812.044715 0.000000 
3810.878119 0.000000 
3809.711524 0.000000 
3808.544928 0.000435 
3807.378333 0.000252 
3806.211737 0.000000 
3805.045142 0.000000 
3803.878546 0.000009 
3802.711951 0.000435 
3801.545355 0.000237 
3800.378760 0.000000 
3799.212164 0.000381 
3798.045569 0.000435 
3796.878973 0.000435 
3795.712377 0.000223 
3794.545782 0.000316 
3793.379186 0.000435 
3792.212591 0.000393 
3791.045995 0.000000 
3789.879400 0.000226 
3788.712804 0.000103 
3787.546209 0.000000 
3786.379613 0.000058 
3785.213018 0.000435 
3784.046422 0.000435 
3782.879827 0.000435 
3781.713231 0.000435 
3780.546636 0.000435 
3779.380040 0.000435 
3778.213444 0.000151 
3777.046849 0.000371 
3775.880253 0.000435 
3774.713658 0.000435 
3773.547062 0.000435 
3772.380467 0.000435 
3771.213871 0.000435 
3770.047276 0.000435 
3768.880680 0.000435 
3767.714085 0.000435 
3766.547489 0.000435 
3765.380894 0.000435 
3764.214298 0.000435 
3763.047703 0.000435 
3761.881107 0.000435 
3760.714512 0.000435 
3759.547916 0.000435 
3758.381320 0.000435 
3757.214725 0.000267 
3756.048129 0.000267 
3754.881534 0.000435 
3753.714938 0.000435 
3752.548343 0.000326 
3751.381747 0.000202 
3750.215152 0.000435 
3749.048556 0.000435 
3747.881961 0.000435 
3746.715365 0.000435 
3745.548770 0.000435 
3744.382174 0.000435 
3743.215579 0.000435 
3742.048983 0.000435 
3740.882387 0.000435 
3739.715792 0.000435 
3738.549196 0.000435 
3737.382601 0.000435 
3736.216005 0.000435 
3735.049410 0.000435 
3733.882814 0.000435 
3732.716219 0.000435 
3731.549623 0.000435 
3730.383028 0.000435 
3729.216432 0.000435 
3728.049837 0.000435 
3726.883241 0.000435 
3725.716646 0.000435 
3724.550050 0.000435 
3723.383454 0.000435 
3722.216859 0.000435 
3721.050263 0.000435 
3719.883668 0.000435 
3718.717072 0.000435 
3717.550477 0.000435 
3716.383881 0.000435 
3715.217286 0.000435 
3714.050690 0.000435 
3712.884095 0.000435 
3711.717499 0.000435 
3710.550904 0.000435 
3709.384308 0.000435 
3708.217713 0.000435 
3707.051117 0.000435 
3705.884522 0.000435 
3704.717926 0.000435 
3703.551330 0.000435 
3702.384735 0.000435 
3701.218139 0.000435 
3700.051544 0.000435 
3698.884948 0.000435 
3697.718353 0.000000 
3696.551757 0.000000 
3695.385162 0.000000 
3694.218566 0.000000 
3693.051971 0.000000 
3691.885375 0.000000 
3690.718780 0.000000 
3689.552184 0.000238 
3688.385589 0.000090 
3687.218993 0.000000 
3686.052397 0.000000 
3684.885802 0.000000 
3683.719206 0.000000 
3682.552611 0.000000 
3681.386015 0.000006 
3680.219420 0.000348 
3679.052824 0.000000 
3677.886229 0.000000 
3676.719633 0.000383 
3675.553038 0.000412 
3674.386442 0.000136 
3673.219847 0.000226 
3672.053251 0.000313 
3670.886656 0.000038 
3669.720060 0.000396 
3668.553464 0.000151 
3667.386869 0.000435 
3666.220273 0.000435 
3665.053678 0.000023 
3663.887082 0.000435 
3662.720487 0.000435 
3661.553891 0.000435 
3660.387296 0.000435 
3659.220700 0.000435 
3658.054105 0.000435 
3656.887509 0.000435 
3655.720914 0.000435 
3654.554318 0.000435 
3653.387723 0.000435 
3652.221127 0.000435 
3651.054532 0.000435 
3649.887936 0.000730 
3648.721340 0.000869 
3647.554745 0.000869 
3646.388149 0.000734 
3645.221554 0.000666 
3644.054958 0.000869 
3642.888363 0.000869 
3641.721767 0.000869 
3640.555172 0.000869 
3639.388576 0.000869 
3638.221981 0.000869 
3637.055385 0.000869 
3635.888790 0.000961 
3634.722194 0.001305 
3633.555599 0.001305 
3632.389003 0.001305 
3631.222407 0.001339 
3630.055812 0.001741 
3628.889216 0.001542 
3627.722621 0.001600 
3626.556025 0.001741 
3625.389430 0.001741 
3624.222834 0.001741 
3623.056239 0.001741 
3621.889643 0.002051 
3620.723048 0.002177 
3619.556452 0.002177 
3618.389857 0.002328 
3617.223261 0.002614 
3616.056666 0.002614 
3614.890070 0.002614 
3613.723474 0.002614 
3612.556879 0.002781 
3611.390283 0.002785 
3610.223688 0.002953 
3609.057092 0.003051 
3607.890497 0.003143 
3606.723901 0.003488 
3605.557306 0.003488 
3604.390710 0.003488 
3603.224115 0.003926 
3602.057519 0.003926 
3600.890924 0.003926 
3599.724328 0.004223 
3598.557733 0.004365 
3597.391137 0.004365 
3596.224542 0.004499 
3595.057946 0.004804 
3593.891350 0.004804 
3592.724755 0.004804 
3591.558159 0.005243 
3590.391564 0.005394 
3589.224968 0.005683 
3588.058373 0.005683 
3586.891777 0.006123 
3585.725182 0.006123 
3584.558586 0.006318 
3583.391991 0.006564 
3582.225395 0.006564 
3581.058800 0.007005 
3579.892204 0.007107 
3578.725609 0.007446 
3577.559013 0.007446 
3576.392417 0.007844 
3575.225822 0.008331 
3574.059226 0.008331 
3572.892631 0.008556 
3571.726035 0.009106 
3570.559440 0.009217 
3569.392844 0.009270 
3568.226249 0.009827 
3567.059653 0.010105 
3565.893058 0.010455 
3564.726462 0.010550 
3563.559867 0.011064 
3562.393271 0.011441 
3561.226676 0.011725 
3560.060080 0.012262 
3558.893484 0.012337 
3557.726889 0.012903 
3556.560293 0.013228 
3555.393698 0.013530 
3554.227102 0.014068 
3553.060507 0.014574 
3551.893911 0.014711 
3550.727316 0.015236 
3549.560720 0.015793 
3548.394125 0.016332 
3547.227529 0.016861 
3546.060934 0.017430 
3544.894338 0.017983 
3543.727743 0.018531 
3542.561147 0.019060 
3541.394552 0.019635 
3540.227956 0.020166 
3539.061360 0.020724 
3537.894765 0.021274 
3536.728169 0.021806 
3535.561574 0.022843 
3534.394978 0.023377 
3533.228383 0.023942 
3532.061787 0.024879 
3530.895192 0.025585 
3529.728596 0.026535 
3528.562001 0.027322 
3527.395405 0.028123 
3526.228810 0.029068 
3525.062214 0.030246 
3523.895619 0.031192 
3522.729023 0.032006 
3521.562427 0.033143 
3520.395832 0.033813 
3519.229236 0.034959 
3518.062641 0.036058 
3516.896045 0.037214 
3515.729450 0.038361 
3514.562854 0.039564 
3513.396259 0.040676 
3512.229663 0.041830 
3511.063068 0.043310 
3509.896472 0.044604 
3508.729877 0.045825 
3507.563281 0.047068 
3506.396686 0.048613 
3505.230090 0.049801 
3504.063494 0.050938 
3502.896899 0.052667 
3501.730303 0.053843 
3500.563708 0.055325 
3499.397112 0.056706 
3498.230517 0.058439 
3497.063921 0.059688 
3495.897326 0.061317 
3494.730730 0.062552 
3493.564135 0.064094 
3492.397539 0.065506 
3491.230944 0.067191 
3490.064348 0.068603 
3488.897753 0.070175 
3487.731157 0.071893 
3486.564562 0.073179 
3485.397966 0.074520 
3484.231370 0.076206 
3483.064775 0.077746 
3481.898179 0.079241 
3480.731584 0.080994 
3479.564988 0.082244 
3478.398393 0.083813 
3477.231797 0.085306 
3476.065202 0.086639 
3474.898606 0.088418 
3473.732011 0.089694 
3472.565415 0.091303 
3471.398820 0.092889 
3470.232224 0.094169 
3469.065629 0.095988 
3467.899033 0.097346 
3466.732437 0.098926 
3465.565842 0.100525 
3464.399246 0.101825 
3463.232651 0.103231 
3462.066055 0.105057 
3460.899460 0.106350 
3459.732864 0.107741 
3458.566269 0.109083 
3457.399673 0.111035 
3456.233078 0.112346 
3455.066482 0.114138 
3453.899887 0.115658 
3452.733291 0.117559 
3451.566696 0.118996 
3450.400100 0.120618 
3449.233505 0.122330 
3448.066909 0.123705 
3446.900313 0.125647 
3445.733718 0.127106 
3444.567122 0.128778 
3443.400527 0.130507 
3442.233931 0.132473 
3441.067336 0.133988 
3439.900740 0.135607 
3438.734145 0.137426 
3437.567549 0.139362 
3436.400954 0.140861 
3435.234358 0.142989 
3434.067763 0.144662 
3432.901167 0.146503 
3431.734572 0.148495 
3430.567976 0.150033 
3429.401380 0.152364 
3428.234785 0.154303 
3427.068189 0.156267 
3425.901594 0.158451 
3424.734998 0.160730 
3423.568403 0.162409 
3422.401807 0.164378 
3421.235212 0.166404 
3420.068616 0.168638 
3418.902021 0.170951 
3417.735425 0.172692 
3416.568830 0.175075 
3415.402234 0.177436 
3414.235639 0.179729 
3413.069043 0.181066 
3411.902447 0.184269 
3410.735852 0.187527 
3409.569256 0.189540 
3408.402661 0.191987 
3407.236065 0.194359 
3406.069470 0.196514 
3404.902874 0.199140 
3403.736279 0.201161 
3402.569683 0.204392 
3401.403088 0.206833 
3400.236492 0.209396 
3399.069897 0.211968 
3397.903301 0.213954 
3396.736706 0.217045 
3395.570110 0.219036 
3394.403515 0.221698 
3393.236919 0.224237 
3392.070323 0.226279 
3390.903728 0.228847 
3389.737132 0.231518 
3388.570537 0.234250 
3387.403941 0.236267 
3386.237346 0.238918 
3385.070750 0.240717 
3383.904155 0.242598 
3382.737559 0.243868 
3381.570964 0.247650 
3380.404368 0.250412 
3379.237773 0.252265 
3378.071177 0.254190 
3376.904582 0.256559 
3375.737986 0.258028 
3374.571390 0.260734 
3373.404795 0.263592 
3372.238199 0.266101 
3371.071604 0.268104 
3369.905008 0.270018 
3368.738413 0.272751 
3367.571817 0.274789 
3366.405222 0.276701 
3365.238626 0.278760 
3364.072031 0.280715 
3362.905435 0.282690 
3361.738840 0.284769 
3360.572244 0.286725 
3359.405649 0.288839 
3358.239053 0.290834 
3357.072457 0.292861 
3355.905862 0.294559 
3354.739266 0.296884 
3353.572671 0.299170 
3352.406075 0.301212 
3351.239480 0.303086 
3350.072884 0.305030 
3348.906289 0.307631 
3347.739693 0.309734 
3346.573098 0.310942 
3345.406502 0.313174 
3344.239907 0.315263 
3343.073311 0.317508 
3341.906716 0.319652 
3340.740120 0.320895 
3339.573525 0.323173 
3338.406929 0.325432 
3337.240333 0.327643 
3336.073738 0.328881 
3334.907142 0.330956 
3333.740547 0.332472 
3332.573951 0.334787 
3331.407356 0.337040 
3330.240760 0.339260 
3329.074165 0.341346 
3327.907569 0.342931 
3326.740974 0.345309 
3325.574378 0.346715 
3324.407783 0.349095 
3323.241187 0.351015 
3322.074592 0.352782 
3320.907996 0.354374 
3319.741400 0.356465 
3318.574805 0.358750 
3317.408209 0.360299 
3316.241614 0.362131 
3315.075018 0.364165 
3313.908423 0.365515 
3312.741827 0.367805 
3311.575232 0.369516 
3310.408636 0.371296 
3309.242041 0.373369 
3308.075445 0.374816 
3306.908850 0.376320 
3305.742254 0.378314 
3304.575659 0.379577 
3303.409063 0.381724 
3302.242467 0.383165 
3301.075872 0.384733 
3299.909276 0.386735 
3298.742681 0.388020 
3297.576085 0.389259 
3296.409490 0.391678 
3295.242894 0.392971 
3294.076299 0.394290 
3292.909703 0.395548 
3291.743108 0.396980 
3290.576512 0.399271 
3289.409917 0.400590 
3288.243321 0.401929 
3287.076726 0.403209 
3285.910130 0.404603 
3284.743535 0.405891 
3283.576939 0.407235 
3282.410343 0.408590 
3281.243748 0.409996 
3280.077152 0.411306 
3278.910557 0.412650 
3277.743961 0.414039 
3276.577366 0.415356 
3275.410770 0.416787 
3274.244175 0.416978 
3273.077579 0.418345 
3271.910984 0.419747 
3270.744388 0.421081 
3269.577793 0.422508 
3268.411197 0.422725 
3267.244602 0.424114 
3266.078006 0.425532 
3264.911410 0.425969 
3263.744815 0.427192 
3262.578219 0.428291 
3261.411624 0.428860 
3260.245028 0.429457 
3259.078433 0.430524 
3257.911837 0.430729 
3256.745242 0.431798 
3255.578646 0.432411 
3254.412051 0.432974 
3253.245455 0.434093 
3252.078860 0.434311 
3250.912264 0.435334 
3249.745669 0.435334 
3248.579073 0.435334 
3247.412477 0.435334 
3246.245882 0.436519 
3245.079286 0.436519 
3243.912691 0.436519 
3242.746095 0.437514 
3241.579500 0.437707 
3240.412904 0.437707 
3239.246309 0.437707 
3238.079713 0.437707 
3236.913118 0.437707 
3235.746522 0.437636 
3234.579927 0.436519 
3233.413331 0.436519 
3232.246736 0.436519 
3231.080140 0.436519 
3229.913545 0.435334 
3228.746949 0.435334 
3227.580353 0.435334 
3226.413758 0.434433 
3225.247162 0.434152 
3224.080567 0.432974 
3222.913971 0.432520 
3221.747376 0.431798 
3220.580780 0.431798 
3219.414185 0.430643 
3218.247589 0.430331 
3217.080994 0.428968 
3215.914398 0.428291 
3214.747803 0.427300 
3213.581207 0.427104 
3212.414612 0.425639 
3211.248016 0.424812 
3210.081420 0.424020 
3208.914825 0.422640 
3207.748229 0.421361 
3206.581634 0.420996 
3205.415038 0.419601 
3204.248443 0.418220 
3203.081847 0.416894 
3201.915252 0.415669 
3200.748656 0.415272 
3199.582061 0.413891 
3198.415465 0.412531 
3197.248870 0.411223 
3196.082274 0.409807 
3194.915679 0.408460 
3193.749083 0.407101 
3192.582487 0.405809 
3191.415892 0.404411 
3190.249296 0.403128 
3189.082701 0.401797 
3187.916105 0.400462 
3186.749510 0.399190 
3185.582914 0.397813 
3184.416319 0.396549 
3183.249723 0.394696 
3182.083128 0.392849 
3180.916532 0.391599 
3179.749937 0.390246 
3178.583341 0.388966 
3177.416746 0.387658 
3176.250150 0.386423 
3175.083555 0.384033 
3173.916959 0.382808 
3172.750363 0.381546 
3171.583768 0.379623 
3170.417172 0.378011 
3169.250577 0.376700 
3168.083981 0.375273 
3166.917386 0.373224 
3165.750790 0.371970 
3164.584195 0.369763 
3163.417599 0.368473 
3162.251004 0.366984 
3161.084408 0.365004 
3159.917813 0.363148 
3158.751217 0.361568 
3157.584622 0.360285 
3156.418026 0.358216 
3155.251430 0.356452 
3154.084835 0.354858 
3152.918239 0.352657 
3151.751644 0.351351 
3150.585048 0.349353 
3149.418453 0.347597 
3148.251857 0.345187 
3147.085262 0.343874 
3145.918666 0.341797 
3144.752071 0.340184 
3143.585475 0.337972 
3142.418880 0.336424 
3141.252284 0.334330 
3140.085689 0.332103 
3138.919093 0.330236 
3137.752497 0.328555 
3136.585902 0.326234 
3135.419306 0.324975 
3134.252711 0.322673 
3133.086115 0.320548 
3131.919520 0.318296 
3130.752924 0.316148 
3129.586329 0.314032 
3128.419733 0.311794 
3127.253138 0.309722 
3126.086542 0.307519 
3124.919947 0.305430 
3123.753351 0.303360 
3122.586756 0.301181 
3121.420160 0.299159 
3120.253565 0.297003 
3119.086969 0.294967 
3117.920373 0.292568 
3116.753778 0.289975 
3115.587182 0.287888 
3114.420587 0.285873 
3113.253991 0.283869 
3112.087396 0.280980 
3110.920800 0.279049 
3109.754205 0.276420 
3108.587609 0.274231 
3107.421014 0.272316 
3106.254418 0.269997 
3105.087823 0.267040 
3103.921227 0.264755 
3102.754632 0.262894 
3101.588036 0.260093 
3100.421440 0.257955 
3099.254845 0.255542 
3098.088249 0.253028 
3096.921654 0.251071 
3095.755058 0.248345 
3094.588463 0.246239 
3093.421867 0.243909 
3092.255272 0.241441 
3091.088676 0.238805 
3089.922081 0.236697 
3088.755485 0.234341 
3087.588890 0.232005 
3086.422294 0.229419 
3085.255699 0.226734 
3084.089103 0.224804 
3082.922508 0.222146 
3081.755912 0.219517 
3080.589316 0.217655 
3079.422721 0.215005 
3078.256125 0.212762 
3077.089530 0.210631 
3075.922934 0.208078 
3074.756339 0.205421 
3073.589743 0.202989 
3072.423148 0.200484 
3071.256552 0.198400 
3070.089957 0.196250 
3068.923361 0.193664 
3067.756766 0.191297 
3066.590170 0.188851 
3065.423575 0.186400 
3064.256979 0.184072 
3063.090383 0.182218 
3061.923788 0.179851 
3060.757192 0.177422 
3059.590597 0.175141 
3058.424001 0.172683 
3057.257406 0.170421 
3056.090810 0.168111 
3054.924215 0.165754 
3053.757619 0.164003 
3052.591024 0.161764 
3051.424428 0.159564 
3050.257833 0.157304 
3049.091237 0.155011 
3047.924642 0.152844 
3046.758046 0.150530 
3045.591450 0.148929 
3044.424855 0.146652 
3043.258259 0.144527 
3042.091664 0.142249 
3040.925068 0.140727 
3039.758473 0.138582 
3038.591877 0.136668 
3037.425282 0.134883 
3036.258686 0.132648 
3035.092091 0.130642 
3033.925495 0.129062 
3032.758900 0.127214 
3031.592304 0.125311 
3030.425709 0.123812 
3029.259113 0.121783 
3028.092518 0.119864 
3026.925922 0.118531 
3025.759326 0.116641 
3024.592731 0.115193 
3023.426135 0.113291 
3022.259540 0.111888 
3021.092944 0.110578 
3019.926349 0.108698 
3018.759753 0.107299 
3017.593158 0.106068 
3016.426562 0.105160 
3015.259967 0.103793 
3014.093371 0.102476 
3012.926776 0.101735 
3011.760180 0.100541 
3010.593585 0.099902 
3009.426989 0.099225 
3008.260393 0.098575 
3007.093798 0.097933 
3005.927202 0.097453 
3004.760607 0.097453 
3003.594011 0.097453 
3002.427416 0.096925 
3001.260820 0.097453 
3000.094225 0.097674 
2998.927629 0.097997 
2997.761034 0.098454 
2996.594438 0.099090 
2995.427843 0.099633 
2994.261247 0.099873 
2993.094652 0.100179 
2991.928056 0.100657 
2990.761460 0.100727 
2989.594865 0.100727 
2988.428269 0.100440 
2987.261674 0.099776 
2986.095078 0.099139 
2984.928483 0.098355 
2983.761887 0.097269 
2982.595292 0.096302 
2981.428696 0.094991 
2980.262101 0.093732 
2979.095505 0.092479 
2977.928910 0.091653 
2976.762314 0.090659 
2975.595719 0.090014 
2974.429123 0.089392 
2973.262528 0.089376 
2972.095932 0.089376 
2970.929336 0.089733 
2969.762741 0.090357 
2968.596145 0.091035 
2967.429550 0.091660 
2966.262954 0.092573 
2965.096359 0.093505 
2963.929763 0.094604 
2962.763168 0.095358 
2961.596572 0.095990 
2960.429977 0.096651 
2959.263381 0.096910 
2958.096786 0.096912 
2956.930190 0.097361 
2955.763595 0.096910 
2954.596999 0.096583 
2953.430403 0.096367 
2952.263808 0.095806 
2951.097212 0.095174 
2949.930617 0.094301 
2948.764021 0.093322 
2947.597426 0.092695 
2946.430830 0.091478 
2945.264235 0.090853 
2944.097639 0.090205 
2942.931044 0.089552 
2941.764448 0.088386 
2940.597853 0.088256 
2939.431257 0.087619 
2938.264662 0.086963 
2937.098066 0.086344 
2935.931470 0.085675 
2934.764875 0.085057 
2933.598279 0.084423 
2932.431684 0.083773 
2931.265088 0.082773 
2930.098493 0.081443 
2928.931897 0.080204 
2927.765302 0.078902 
2926.598706 0.077689 
2925.432111 0.076390 
2924.265515 0.075168 
2923.098920 0.073942 
2921.932324 0.072903 
2920.765729 0.071979 
2919.599133 0.070694 
2918.432538 0.070036 
2917.265942 0.069428 
2916.099346 0.068796 
2914.932751 0.068165 
2913.766155 0.067560 
2912.599560 0.066963 
2911.432964 0.066327 
2910.266369 0.065738 
2909.099773 0.064717 
2907.933178 0.064006 
2906.766582 0.062835 
2905.599987 0.061781 
2904.433391 0.060914 
2903.266796 0.060074 
2902.100200 0.058986 
2900.933605 0.058305 
2899.767009 0.057281 
2898.600413 0.056670 
2897.433818 0.056077 
2896.267222 0.055006 
2895.100627 0.054384 
2893.934031 0.053810 
2892.767436 0.053203 
2891.600840 0.052616 
2890.434245 0.052040 
2889.267649 0.051424 
2888.101054 0.050855 
2886.934458 0.050249 
2885.767863 0.049668 
2884.601267 0.049052 
2883.434672 0.048662 
2882.268076 0.048375 
2881.101480 0.047790 
2879.934885 0.047225 
2878.768289 0.047096 
2877.601694 0.046724 
2876.435098 0.046420 
2875.268503 0.046240 
2874.101907 0.046240 
2872.935312 0.045757 
2871.768716 0.045549 
2870.602121 0.045275 
2869.435525 0.045275 
2868.268930 0.045275 
2867.102334 0.045275 
2865.935739 0.045275 
2864.769143 0.045275 
2863.602548 0.045275 
2862.435952 0.045757 
2861.269356 0.045757 
2860.102761 0.045757 
2858.936165 0.046126 
2857.769570 0.046240 
2856.602974 0.046819 
2855.436379 0.047208 
2854.269783 0.047513 
2853.103188 0.048078 
2851.936592 0.048693 
2850.769997 0.049261 
2849.603401 0.050065 
2848.436806 0.051258 
2847.270210 0.052399 
2846.103615 0.053738 
2844.937019 0.055907 
2843.770423 0.057948 
2842.603828 0.060722 
2841.437232 0.063403 
2840.270637 0.066401 
2839.104041 0.069722 
2837.937446 0.072536 
2836.770850 0.075162 
2835.604255 0.077784 
2834.437659 0.080047 
2833.271064 0.081305 
2832.104468 0.082282 
2830.937873 0.082494 
2829.771277 0.082464 
2828.604682 0.081139 
2827.438086 0.079039 
2826.271490 0.076491 
2825.104895 0.073898 
2823.938299 0.070966 
2822.771704 0.068407 
2821.605108 0.065513 
2820.438513 0.063163 
2819.271917 0.061100 
2818.105322 0.058845 
2816.938726 0.057065 
2815.772131 0.055230 
2814.605535 0.053848 
2813.438940 0.052140 
2812.272344 0.050890 
2811.105749 0.049251 
2809.939153 0.047847 
2808.772558 0.046426 
2807.605962 0.045281 
2806.439366 0.044055 
2805.272771 0.042463 
2804.106175 0.041347 
2802.939580 0.040153 
2801.772984 0.039028 
2800.606389 0.037799 
2799.439793 0.036250 
2798.273198 0.035150 
2797.106602 0.033969 
2795.940007 0.032858 
2794.773411 0.031679 
2793.606816 0.030590 
2792.440220 0.029777 
2791.273625 0.028792 
2790.107029 0.027701 
2788.940433 0.026540 
2787.773838 0.025706 
2786.607242 0.024780 
2785.440647 0.023687 
2784.274051 0.023064 
2783.107456 0.022097 
2781.940860 0.021536 
2780.774265 0.020611 
2779.607669 0.020000 
2778.441074 0.018970 
2777.274478 0.018441 
2776.107883 0.017884 
2774.941287 0.016953 
2773.774692 0.016361 
2772.608096 0.015792 
2771.441501 0.015267 
2770.274905 0.014711 
2769.108309 0.014174 
2767.941714 0.013605 
2766.775118 0.013228 
2765.608523 0.012984 
2764.441927 0.012442 
2763.275332 0.011921 
2762.108736 0.011441 
2760.942141 0.011281 
2759.775545 0.010736 
2758.608950 0.010550 
2757.442354 0.010124 
2756.275759 0.009661 
2755.109163 0.009487 
2753.942568 0.009217 
2752.775972 0.008852 
2751.609376 0.008331 
2750.442781 0.008331 
2749.276185 0.008123 
2748.109590 0.007583 
2746.942994 0.007446 
2745.776399 0.007391 
2744.609803 0.007005 
2743.443208 0.006781 
2742.276612 0.006564 
2741.110017 0.006564 
2739.943421 0.006123 
2738.776826 0.006123 
2737.610230 0.005864 
2736.443635 0.005683 
2735.277039 0.005673 
2734.110443 0.005243 
2732.943848 0.005069 
2731.777252 0.004804 
2730.610657 0.004804 
2729.444061 0.004779 
2728.277466 0.004365 
2727.110870 0.004365 
2725.944275 0.004365 
2724.777679 0.004004 
2723.611084 0.003926 
2722.444488 0.003926 
2721.277893 0.003697 
2720.111297 0.003488 
2718.944702 0.003488 
2717.778106 0.003488 
2716.611511 0.003348 
2715.444915 0.003051 
2714.278319 0.003051 
2713.111724 0.003051 
2711.945128 0.002983 
2710.778533 0.002614 
2709.611937 0.002614 
2708.445342 0.002614 
2707.278746 0.002614 
2706.112151 0.002523 
2704.945555 0.002177 
2703.778960 0.002177 
2702.612364 0.002177 
2701.445769 0.002177 
2700.279173 0.002070 
2699.112578 0.001741 
2697.945982 0.001741 
2696.779386 0.001741 
2695.612791 0.001703 
2694.446195 0.001428 
2693.279600 0.001514 
2692.113004 0.001305 
2690.946409 0.001305 
2689.779813 0.001305 
2688.613218 0.001305 
2687.446622 0.001305 
2686.280027 0.000956 
2685.113431 0.000869 
2683.946836 0.000869 
2682.780240 0.000869 
2681.613645 0.000869 
2680.447049 0.000869 
2679.280453 0.000869 
2678.113858 0.000869 
2676.947262 0.000869 
2675.780667 0.000570 
2674.614071 0.000819 
2673.447476 0.000435 
2672.280880 0.000435 
2671.114285 0.000435 
2669.947689 0.000435 
2668.781094 0.000435 
2667.614498 0.000435 
2666.447903 0.000435 
2665.281307 0.000435 
2664.114712 0.000435 
2662.948116 0.000435 
2661.781521 0.000340 
2660.614925 0.000168 
2659.448329 0.000435 
2658.281734 0.000435 
2657.115138 0.000007 
2655.948543 0.000000 
2654.781947 0.000182 
2653.615352 0.000435 
2652.448756 0.000435 
2651.282161 0.000426 
2650.115565 0.000000 
2648.948970 0.000218 
2647.782374 0.000435 
2646.615779 0.000435 
2645.449183 0.000435 
2644.282588 0.000435 
2643.115992 0.000435 
2641.949396 0.000435 
2640.782801 0.000435 
2639.616205 0.000435 
2638.449610 0.000587 
2637.283014 0.000869 
2636.116419 0.000869 
2634.949823 0.000869 
2633.783228 0.000869 
2632.616632 0.001055 
2631.450037 0.001305 
2630.283441 0.001305 
2629.116846 0.001305 
2627.950250 0.001414 
2626.783655 0.001741 
2625.617059 0.001741 
2624.450463 0.002111 
2623.283868 0.002177 
2622.117272 0.002177 
2620.950677 0.002395 
2619.784081 0.002614 
2618.617486 0.002614 
2617.450890 0.003051 
2616.284295 0.003051 
2615.117699 0.003051 
2613.951104 0.003051 
2612.784508 0.003488 
2611.617913 0.003488 
2610.451317 0.003488 
2609.284722 0.003488 
2608.118126 0.003830 
2606.951531 0.003926 
2605.784935 0.003926 
2604.618339 0.003926 
2603.451744 0.003926 
2602.285148 0.003926 
2601.118553 0.003962 
2599.951957 0.004365 
2598.785362 0.004365 
2597.618766 0.004365 
2596.452171 0.003951 
2595.285575 0.004365 
2594.118980 0.004228 
2592.952384 0.003926 
2591.785789 0.003926 
2590.619193 0.003926 
2589.452598 0.003926 
2588.286002 0.003926 
2587.119406 0.003926 
2585.952811 0.003926 
2584.786215 0.003920 
2583.619620 0.003488 
2582.453024 0.003488 
2581.286429 0.003488 
2580.119833 0.003488 
2578.953238 0.003488 
2577.786642 0.003488 
2576.620047 0.003488 
2575.453451 0.003803 
2574.286856 0.003926 
2573.120260 0.003926 
2571.953665 0.003926 
2570.787069 0.003926 
2569.620473 0.003926 
2568.453878 0.004341 
2567.287282 0.004365 
2566.120687 0.004365 
2564.954091 0.004365 
2563.787496 0.004365 
2562.620900 0.004795 
2561.454305 0.004804 
2560.287709 0.004804 
2559.121114 0.004804 
2557.954518 0.004804 
2556.787923 0.005243 
2555.621327 0.005243 
2554.454732 0.005439 
2553.288136 0.005683 
2552.121541 0.005683 
2550.954945 0.006123 
2549.788349 0.006123 
2548.621754 0.006123 
2547.455158 0.006123 
2546.288563 0.006525 
2545.121967 0.006564 
2543.955372 0.006564 
2542.788776 0.006814 
2541.622181 0.007005 
2540.455585 0.007005 
2539.288990 0.007005 
2538.122394 0.007005 
2536.955799 0.007005 
2535.789203 0.007005 
2534.622608 0.007005 
2533.456012 0.007005 
2532.289416 0.007005 
2531.122821 0.006706 
2529.956225 0.006564 
2528.789630 0.006564 
2527.623034 0.006442 
2526.456439 0.006123 
2525.289843 0.006123 
2524.123248 0.006123 
2522.956652 0.005683 
2521.790057 0.005547 
2520.623461 0.005243 
2519.456866 0.005243 
2518.290270 0.004844 
2517.123675 0.004727 
2515.957079 0.004365 
2514.790483 0.004097 
2513.623888 0.003926 
2512.457292 0.003907 
2511.290697 0.003488 
2510.124101 0.003488 
2508.957506 0.003207 
2507.790910 0.003051 
2506.624315 0.002614 
2505.457719 0.002614 
2504.291124 0.002415 
2503.124528 0.002177 
2501.957933 0.002177 
2500.791337 0.001741 
2499.624742 0.001741 
2498.458146 0.001741 
2497.291551 0.001432 
2496.124955 0.001305 
2494.958359 0.001305 
2493.791764 0.001156 
2492.625168 0.000869 
2491.458573 0.000869 
2490.291977 0.000869 
2489.125382 0.000869 
2487.958786 0.000678 
2486.792191 0.000435 
2485.625595 0.000435 
2484.459000 0.000435 
2483.292404 0.000435 
2482.125809 0.000435 
2480.959213 0.000435 
2479.792618 0.000435 
2478.626022 0.000435 
2477.459426 0.000435 
2476.292831 0.000435 
2475.126235 0.000142 
2473.959640 0.000406 
2472.793044 0.000435 
2471.626449 0.000435 
2470.459853 0.000435 
2469.293258 0.000093 
2468.126662 0.000423 
2466.960067 0.000435 
2465.793471 0.000435 
2464.626876 0.000435 
2463.460280 0.000435 
2462.293685 0.000435 
2461.127089 0.000435 
2459.960493 0.000435 
2458.793898 0.000435 
2457.627302 0.000435 
2456.460707 0.000435 
2455.294111 0.000435 
2454.127516 0.000435 
2452.960920 0.000743 
2451.794325 0.000476 
2450.627729 0.000470 
2449.461134 0.000869 
2448.294538 0.000650 
2447.127943 0.000759 
2445.961347 0.000869 
2444.794752 0.000869 
2443.628156 0.000869 
2442.461561 0.000869 
2441.294965 0.000869 
2440.128369 0.000869 
2438.961774 0.000869 
2437.795178 0.000869 
2436.628583 0.000869 
2435.461987 0.000505 
2434.295392 0.000435 
2433.128796 0.000435 
2431.962201 0.000435 
2430.795605 0.000435 
2429.629010 0.000435 
2428.462414 0.000435 
2427.295819 0.000435 
2426.129223 0.000435 
2424.962628 0.000435 
2423.796032 0.000435 
2422.629436 0.000435 
2421.462841 0.000435 
2420.296245 0.000435 
2419.129650 0.000435 
2417.963054 0.000435 
2416.796459 0.000435 
2415.629863 0.000256 
2414.463268 0.000277 
2413.296672 0.000435 
2412.130077 0.000000 
2410.963481 0.000103 
2409.796886 0.000240 
2408.630290 0.000291 
2407.463695 0.000435 
2406.297099 0.000045 
2405.130504 0.000318 
2403.963908 0.000211 
2402.797312 0.000435 
2401.630717 0.000435 
2400.464121 0.000059 
2399.297526 0.000435 
2398.130930 0.000435 
2396.964335 0.000435 
2395.797739 0.000001 
2394.631144 0.000435 
2393.464548 0.000435 
2392.297953 0.000435 
2391.131357 0.000435 
2389.964762 0.000435 
2388.798166 0.000435 
2387.631571 0.000435 
2386.464975 0.000435 
2385.298379 0.000435 
2384.131784 0.000435 
2382.965188 0.000435 
2381.798593 0.000435 
2380.631997 0.000435 
2379.465402 0.000837 
2378.298806 0.000869 
2377.132211 0.000869 
2375.965615 0.001102 
2374.799020 0.001305 
2373.632424 0.000885 
2372.465829 0.001305 
2371.299233 0.001451 
2370.132638 0.001741 
2368.966042 0.001741 
2367.799446 0.001741 
2366.632851 0.001903 
2365.466255 0.002424 
2364.299660 0.001915 
2363.133064 0.002113 
2361.966469 0.003022 
2360.799873 0.002080 
2359.633278 0.002148 
2358.466682 0.002614 
2357.300087 0.001838 
2356.133491 0.002582 
2354.966896 0.002032 
2353.800300 0.001959 
2352.633705 0.001854 
2351.467109 0.001741 
2350.300514 0.001741 
2349.133918 0.001741 
2347.967322 0.001741 
2346.800727 0.002080 
2345.634131 0.001756 
2344.467536 0.002614 
2343.300940 0.002440 
2342.134345 0.002726 
2340.967749 0.002324 
2339.801154 0.003486 
2338.634558 0.002730 
2337.467963 0.003051 
2336.301367 0.003051 
2335.134772 0.003429 
2333.968176 0.002645 
2332.801581 0.003227 
2331.634985 0.003020 
2330.468389 0.002875 
2329.301794 0.003399 
2328.135198 0.002677 
2326.968603 0.003198 
2325.802007 0.003098 
2324.635412 0.002820 
2323.468816 0.003428 
2322.302221 0.003137 
2321.135625 0.003329 
2319.969030 0.003309 
2318.802434 0.003139 
2317.635839 0.003472 
2316.469243 0.003152 
2315.302648 0.003314 
2314.136052 0.003325 
2312.969456 0.003125 
2311.802861 0.003488 
2310.636265 0.003488 
2309.469670 0.003488 
2308.303074 0.003488 
2307.136479 0.003488 
2305.969883 0.003488 
2304.803288 0.003488 
2303.636692 0.003713 
2302.470097 0.003926 
2301.303501 0.003926 
2300.136906 0.003926 
2298.970310 0.003926 
2297.803715 0.003926 
2296.637119 0.003926 
2295.470524 0.003926 
2294.303928 0.004012 
2293.137332 0.004365 
2291.970737 0.004365 
2290.804141 0.004365 
2289.637546 0.004365 
2288.470950 0.004365 
2287.304355 0.004365 
2286.137759 0.004656 
2284.971164 0.004804 
2283.804568 0.004804 
2282.637973 0.004804 
2281.471377 0.004804 
2280.304782 0.004804 
2279.138186 0.005224 
2277.971591 0.005243 
2276.804995 0.005243 
2275.638399 0.005243 
2274.471804 0.005243 
2273.305208 0.005243 
2272.138613 0.005683 
2270.972017 0.005683 
2269.805422 0.005683 
2268.638826 0.005683 
2267.472231 0.005683 
2266.305635 0.005778 
2265.139040 0.006123 
2263.972444 0.006123 
2262.805849 0.006123 
2261.639253 0.006123 
2260.472658 0.006123 
2259.306062 0.006341 
2258.139466 0.006564 
2256.972871 0.006564 
2255.806275 0.006564 
2254.639680 0.006692 
2253.473084 0.007005 
2252.306489 0.007005 
2251.139893 0.007005 
2249.973298 0.007005 
2248.806702 0.007005 
2247.640107 0.007252 
2246.473511 0.007446 
2245.306916 0.007446 
2244.140320 0.007446 
2242.973725 0.007446 
2241.807129 0.007446 
2240.640534 0.007446 
2239.473938 0.007446 
2238.307342 0.007446 
2237.140747 0.007446 
2235.974151 0.007446 
2234.807556 0.007446 
2233.640960 0.007446 
2232.474365 0.007446 
2231.307769 0.007229 
2230.141174 0.007005 
2228.974578 0.007005 
2227.807983 0.007005 
2226.641387 0.007005 
2225.474792 0.007005 
2224.308196 0.007005 
2223.141601 0.007005 
2221.975005 0.006564 
2220.808409 0.006564 
2219.641814 0.006564 
2218.475218 0.006564 
2217.308623 0.006564 
2216.142027 0.006564 
2214.975432 0.006564 
2213.808836 0.006564 
2212.642241 0.006564 
2211.475645 0.006123 
2210.309050 0.006123 
2209.142454 0.006123 
2207.975859 0.006123 
2206.809263 0.006123 
2205.642668 0.006123 
2204.476072 0.006123 
2203.309476 0.006123 
2202.142881 0.006123 
2200.976285 0.006123 
2199.809690 0.006123 
2198.643094 0.006123 
2197.476499 0.005867 
2196.309903 0.005683 
2195.143308 0.005683 
2193.976712 0.005683 
2192.810117 0.005683 
2191.643521 0.005683 
2190.476926 0.005683 
2189.310330 0.005683 
2188.143735 0.005683 
2186.977139 0.005683 
2185.810544 0.005380 
2184.643948 0.005243 
2183.477352 0.005243 
2182.310757 0.005243 
2181.144161 0.005243 
2179.977566 0.005243 
2178.810970 0.005243 
2177.644375 0.005243 
2176.477779 0.005086 
2175.311184 0.004804 
2174.144588 0.004804 
2172.977993 0.004804 
2171.811397 0.004804 
2170.644802 0.004631 
2169.478206 0.004638 
2168.311611 0.004458 
2167.145015 0.004365 
2165.978419 0.004365 
2164.811824 0.004365 
2163.645228 0.004365 
2162.478633 0.003964 
2161.312037 0.003926 
2160.145442 0.003926 
2158.978846 0.003926 
2157.812251 0.003926 
2156.645655 0.003926 
2155.479060 0.003488 
2154.312464 0.003488 
2153.145869 0.003488 
2151.979273 0.003488 
2150.812678 0.003488 
2149.646082 0.003413 
2148.479486 0.003051 
2147.312891 0.003051 
2146.146295 0.003051 
2144.979700 0.003051 
2143.813104 0.003051 
2142.646509 0.003051 
2141.479913 0.003051 
2140.313318 0.003433 
2139.146722 0.003488 
2137.980127 0.003595 
2136.813531 0.003926 
2135.646936 0.003608 
2134.480340 0.003488 
2133.313745 0.003446 
2132.147149 0.003051 
2130.980554 0.002824 
2129.813958 0.002614 
2128.647362 0.002198 
2127.480767 0.002177 
2126.314171 0.002177 
2125.147576 0.002177 
2123.980980 0.001829 
2122.814385 0.001741 
2121.647789 0.001741 
2120.481194 0.001741 
2119.314598 0.001741 
2118.148003 0.001741 
2116.981407 0.001305 
2115.814812 0.001305 
2114.648216 0.001305 
2113.481621 0.001305 
2112.315025 0.001305 
2111.148429 0.001305 
2109.981834 0.001166 
2108.815238 0.000869 
2107.648643 0.000869 
2106.482047 0.000869 
2105.315452 0.000869 
2104.148856 0.000869 
2102.982261 0.000869 
2101.815665 0.000869 
2100.649070 0.000869 
2099.482474 0.000869 
2098.315879 0.000869 
2097.149283 0.000603 
2095.982688 0.000435 
2094.816092 0.000435 
2093.649496 0.000435 
2092.482901 0.000435 
2091.316305 0.000435 
2090.149710 0.000435 
2088.983114 0.000435 
2087.816519 0.000435 
2086.649923 0.000435 
2085.483328 0.000123 
2084.316732 0.000384 
2083.150137 0.000000 
2081.983541 0.000138 
2080.816946 0.000202 
2079.650350 0.000000 
2078.483755 0.000000 
2077.317159 0.000355 
2076.150564 0.000000 
2074.983968 0.000000 
2073.817372 0.000000 
2072.650777 0.000021 
2071.484181 0.000435 
2070.317586 0.000435 
2069.150990 0.000435 
2067.984395 0.000435 
2066.817799 0.000435 
2065.651204 0.000435 
2064.484608 0.000635 
2063.318013 0.000869 
2062.151417 0.000869 
2060.984822 0.000869 
2059.818226 0.000869 
2058.651631 0.000869 
2057.485035 0.001181 
2056.318439 0.001305 
2055.151844 0.001305 
2053.985248 0.001305 
2052.818653 0.001305 
2051.652057 0.001631 
2050.485462 0.001741 
2049.318866 0.001741 
2048.152271 0.001741 
2046.985675 0.001741 
2045.819080 0.001741 
2044.652484 0.001741 
2043.485889 0.001741 
2042.319293 0.001741 
2041.152698 0.001741 
2039.986102 0.001741 
2038.819507 0.001741 
2037.652911 0.001741 
2036.486315 0.001741 
2035.319720 0.001741 
2034.153124 0.001331 
2032.986529 0.001305 
2031.819933 0.001305 
2030.653338 0.001305 
2029.486742 0.000959 
2028.320147 0.000869 
2027.153551 0.000869 
2025.986956 0.000869 
2024.820360 0.000869 
2023.653765 0.000509 
2022.487169 0.000435 
2021.320574 0.000435 
2020.153978 0.000435 
2018.987382 0.000435 
2017.820787 0.000435 
2016.654191 0.000435 
2015.487596 0.000435 
2014.321000 0.000435 
2013.154405 0.000435 
2011.987809 0.000435 
2010.821214 0.000435 
2009.654618 0.000435 
2008.488023 0.000435 
2007.321427 0.000435 
2006.154832 0.000435 
2004.988236 0.000435 
2003.821641 0.000435 
2002.655045 0.000435 
2001.488449 0.000435 
2000.321854 0.000435 
1999.155258 0.000435 
1997.988663 0.000435 
1996.822067 0.000435 
1995.655472 0.000435 
1994.488876 0.000435 
1993.322281 0.000435 
1992.155685 0.000435 
1990.989090 0.000435 
1989.822494 0.000435 
1988.655899 0.000372 
1987.489303 0.000000 
1986.322708 0.000231 
1985.156112 0.000111 
1983.989517 0.000396 
1982.822921 0.000077 
1981.656325 0.000435 
1980.489730 0.000435 
1979.323134 0.000097 
1978.156539 0.000410 
1976.989943 0.000344 
1975.823348 0.000182 
1974.656752 0.000155 
1973.490157 0.000352 
1972.323561 0.000435 
1971.156966 0.000435 
1969.990370 0.000435 
1968.823775 0.000435 
1967.657179 0.000435 
1966.490584 0.000435 
1965.323988 0.000435 
1964.157392 0.000435 
1962.990797 0.000435 
1961.824201 0.000435 
1960.657606 0.000497 
1959.491010 0.000571 
1958.324415 0.000250 
1957.157819 0.000435 
1955.991224 0.000435 
1954.824628 0.000435 
1953.658033 0.000435 
1952.491437 0.000170 
1951.324842 0.000337 
1950.158246 0.000000 
1948.991651 0.000091 
1947.825055 0.000254 
1946.658459 0.000000 
1945.491864 0.000391 
1944.325268 0.000000 
1943.158673 0.000000 
1941.992077 0.000221 
1940.825482 0.000142 
1939.658886 0.000407 
1938.492291 0.000000 
1937.325695 0.000000 
1936.159100 0.000000 
1934.992504 0.000000 
1933.825909 0.000422 
1932.659313 0.000000 
1931.492718 0.000000 
1930.326122 0.000000 
1929.159527 0.000000 
1927.992931 0.000000 
1926.826335 0.000000 
1925.659740 0.000000 
1924.493144 0.000000 
1923.326549 0.000000 
1922.159953 0.000418 
1920.993358 0.000000 
1919.826762 0.000000 
1918.660167 0.000278 
1917.493571 0.000435 
1916.326976 0.000035 
1915.160380 0.000287 
1913.993785 0.000220 
1912.827189 0.000110 
1911.660594 0.000409 
1910.493998 0.000435 
1909.327402 0.000435 
1908.160807 0.000435 
1906.994211 0.000435 
1905.827616 0.000435 
1904.661020 0.000435 
1903.494425 0.000435 
1902.327829 0.000435 
1901.161234 0.000435 
1899.994638 0.000435 
1898.828043 0.000435 
1897.661447 0.000435 
1896.494852 0.000435 
1895.328256 0.000435 
1894.161661 0.000435 
1892.995065 0.000435 
1891.828469 0.000435 
1890.661874 0.000435 
1889.495278 0.000041 
1888.328683 0.000435 
1887.162087 0.000288 
1885.995492 0.000000 
1884.828896 0.000000 
1883.662301 0.000408 
1882.495705 0.000346 
1881.329110 0.000000 
1880.162514 0.000000 
1878.995919 0.000000 
1877.829323 0.000000 
1876.662728 0.000332 
1875.496132 0.000000 
1874.329537 0.000000 
1873.162941 0.000000 
1871.996345 0.000390 
1870.829750 0.000000 
1869.663154 0.000000 
1868.496559 0.000000 
1867.329963 0.000000 
1866.163368 0.000000 
1864.996772 0.000000 
1863.830177 0.000227 
1862.663581 0.000115 
1861.496986 0.000000 
1860.330390 0.000000 
1859.163795 0.000000 
1857.997199 0.000000 
1856.830604 0.000000 
1855.664008 0.000016 
1854.497412 0.000347 
1853.330817 0.000178 
1852.164221 0.000435 
1850.997626 0.000435 
1849.831030 0.000435 
1848.664435 0.000435 
1847.497839 0.000435 
1846.331244 0.000435 
1845.164648 0.000435 
1843.998053 0.000435 
1842.831457 0.000435 
1841.664862 0.000435 
1840.498266 0.000435 
1839.331671 0.000435 
1838.165075 0.000435 
1836.998479 0.000435 
1835.831884 0.000188 
1834.665288 0.000000 
1833.498693 0.000434 
1832.332097 0.000000 
1831.165502 0.000162 
1829.998906 0.000435 
1828.832311 0.000101 
1827.665715 0.000000 
1826.499120 0.000000 
1825.332524 0.000000 
1824.165929 0.000000 
1822.999333 0.000000 
1821.832738 0.000000 
1820.666142 0.000000 
1819.499547 0.000000 
1818.332951 0.000000 
1817.166355 0.000000 
1815.999760 0.000000 
1814.833164 0.000000 
1813.666569 0.000000 
1812.499973 0.000000 
1811.333378 0.000000 
1810.166782 0.000000 
1809.000187 0.000000 
1807.833591 0.000000 
1806.666996 0.000354 
1805.500400 0.000000 
1804.333805 0.000080 
1803.167209 0.000435 
1802.000614 0.000435 
1800.834018 0.000065 
1799.667422 0.000000 
1798.500827 0.000130 
1797.334231 0.000435 
1796.167636 0.000435 
1795.001040 0.000435 
1793.834445 0.000435 
1792.667849 0.000435 
1791.501254 0.000435 
1790.334658 0.000435 
1789.168063 0.000435 
1788.001467 0.000435 
1786.834872 0.000435 
1785.668276 0.000435 
1784.501681 0.000435 
1783.335085 0.000435 
1782.168489 0.000435 
1781.001894 0.000435 
1779.835298 0.000435 
1778.668703 0.000435 
1777.502107 0.000435 
1776.335512 0.000435 
1775.168916 0.000622 
1774.002321 0.000869 
1772.835725 0.000869 
1771.669130 0.000869 
1770.502534 0.000869 
1769.335939 0.000869 
1768.169343 0.000869 
1767.002748 0.000869 
1765.836152 0.000869 
1764.669557 0.000869 
1763.502961 0.001110 
1762.336365 0.001305 
1761.169770 0.001305 
1760.003174 0.001305 
1758.836579 0.001305 
1757.669983 0.001305 
1756.503388 0.001305 
1755.336792 0.001305 
1754.170197 0.001405 
1753.003601 0.001741 
1751.837006 0.001741 
1750.670410 0.001741 
1749.503815 0.001741 
1748.337219 0.001856 
1747.170624 0.002177 
1746.004028 0.002177 
1744.837432 0.002177 
1743.670837 0.002177 
1742.504241 0.002306 
1741.337646 0.002614 
1740.171050 0.002614 
1739.004455 0.002614 
1737.837859 0.002685 
1736.671264 0.003051 
1735.504668 0.003051 
1734.338073 0.003051 
1733.171477 0.003488 
1732.004882 0.003488 
1730.838286 0.003488 
1729.671691 0.003763 
1728.505095 0.003926 
1727.338499 0.003926 
1726.171904 0.003926 
1725.005308 0.004119 
1723.838713 0.004365 
1722.672117 0.004365 
1721.505522 0.004365 
1720.338926 0.004492 
1719.172331 0.004804 
1718.005735 0.005109 
1716.839140 0.005243 
1715.672544 0.005243 
1714.505949 0.005243 
1713.339353 0.005243 
1712.172758 0.005243 
1711.006162 0.005680 
1709.839567 0.005683 
1708.672971 0.005683 
1707.506375 0.005944 
1706.339780 0.006123 
1705.173184 0.006123 
1704.006589 0.006218 
1702.839993 0.006564 
1701.673398 0.006840 
1700.506802 0.007005 
1699.340207 0.007005 
1698.173611 0.007116 
1697.007016 0.007446 
1695.840420 0.007446 
1694.673825 0.007446 
1693.507229 0.007889 
1692.340634 0.007889 
1691.174038 0.008121 
1690.007442 0.008331 
1688.840847 0.008756 
1687.674251 0.008774 
1686.507656 0.008774 
1685.341060 0.009022 
1684.174465 0.009217 
1683.007869 0.009217 
1681.841274 0.009217 
1680.674678 0.009217 
1679.508083 0.009217 
1678.341487 0.009217 
1677.174892 0.009217 
1676.008296 0.009217 
1674.841701 0.009217 
1673.675105 0.009217 
1672.508510 0.009217 
1671.341914 0.009217 
1670.175318 0.009217 
1669.008723 0.008999 
1667.842127 0.008774 
1666.675532 0.008774 
1665.508936 0.008331 
1664.342341 0.008331 
1663.175745 0.008331 
1662.009150 0.007981 
1660.842554 0.007889 
1659.675959 0.007446 
1658.509363 0.007446 
1657.342768 0.007446 
1656.176172 0.007083 
1655.009577 0.007442 
1653.842981 0.007005 
1652.676385 0.007005 
1651.509790 0.006701 
1650.343194 0.006564 
1649.176599 0.006510 
1648.010003 0.006123 
1646.843408 0.006123 
1645.676812 0.006123 
1644.510217 0.005731 
1643.343621 0.005683 
1642.177026 0.005683 
1641.010430 0.005444 
1639.843835 0.005243 
1638.677239 0.005243 
1637.510644 0.005243 
1636.344048 0.005243 
1635.177452 0.005243 
1634.010857 0.004897 
1632.844261 0.004804 
1631.677666 0.004804 
1630.511070 0.004804 
1629.344475 0.004804 
1628.177879 0.004804 
1627.011284 0.004804 
1625.844688 0.004804 
1624.678093 0.004804 
1623.511497 0.004804 
1622.344902 0.004387 
1621.178306 0.004751 
1620.011711 0.004365 
1618.845115 0.004365 
1617.678520 0.004365 
1616.511924 0.004798 
1615.345328 0.004365 
1614.178733 0.004365 
1613.012137 0.004365 
1611.845542 0.004365 
1610.678946 0.003926 
1609.512351 0.003926 
1608.345755 0.003926 
1607.179160 0.003926 
1606.012564 0.003926 
1604.845969 0.003926 
1603.679373 0.003926 
1602.512778 0.003926 
1601.346182 0.003926 
1600.179587 0.003926 
1599.012991 0.003926 
1597.846395 0.003926 
1596.679800 0.003926 
1595.513204 0.003926 
1594.346609 0.003926 
1593.180013 0.003926 
1592.013418 0.003926 
1590.846822 0.003926 
1589.680227 0.003576 
1588.513631 0.003488 
1587.347036 0.003488 
1586.180440 0.003488 
1585.013845 0.003488 
1583.847249 0.003488 
1582.680654 0.003488 
1581.514058 0.003488 
1580.347462 0.003290 
1579.180867 0.003322 
1578.014271 0.003488 
1576.847676 0.003463 
1575.681080 0.003051 
1574.514485 0.003051 
1573.347889 0.003051 
1572.181294 0.003051 
1571.014698 0.003051 
1569.848103 0.002897 
1568.681507 0.002614 
1567.514912 0.002614 
1566.348316 0.002614 
1565.181721 0.002614 
1564.015125 0.002614 
1562.848530 0.002614 
1561.681934 0.002257 
1560.515338 0.002607 
1559.348743 0.002287 
1558.182147 0.002431 
1557.015552 0.002177 
1555.848956 0.002177 
1554.682361 0.002168 
1553.515765 0.001741 
1552.349170 0.001741 
1551.182574 0.001741 
1550.015979 0.001741 
1548.849383 0.001741 
1547.682788 0.001741 
1546.516192 0.001507 
1545.349597 0.001305 
1544.183001 0.001305 
1543.016405 0.001305 
1541.849810 0.001305 
1540.683214 0.001305 
1539.516619 0.001305 
1538.350023 0.001305 
1537.183428 0.000869 
1536.016832 0.000869 
1534.850237 0.000869 
1533.683641 0.000869 
1532.517046 0.000869 
1531.350450 0.000869 
1530.183855 0.000668 
1529.017259 0.000435 
1527.850664 0.000435 
1526.684068 0.000435 
1525.517472 0.000435 
1524.350877 0.000435 
1523.184281 0.000124 
1522.017686 0.000384 
1520.851090 0.000065 
1519.684495 0.000283 
1518.517899 0.000000 
1517.351304 0.000000 
1516.184708 0.000000 
1515.018113 0.000000 
1513.851517 0.000000 
1512.684922 0.000000 
1511.518326 0.000340 
1510.351731 0.000456 
1509.185135 0.000869 
1508.018540 0.001054 
1506.851944 0.001305 
1505.685348 0.001660 
1504.518753 0.001776 
1503.352157 0.002297 
1502.185562 0.002614 
1501.018966 0.002912 
1499.852371 0.003463 
1498.685775 0.003976 
1497.519180 0.004502 
1496.352584 0.005044 
1495.185989 0.005557 
1494.019393 0.006114 
1492.852798 0.006694 
1491.686202 0.007600 
1490.519607 0.008403 
1489.353011 0.009142 
1488.186415 0.010117 
1487.019820 0.011174 
1485.853224 0.012286 
1484.686629 0.013330 
1483.520033 0.014843 
1482.353438 0.015965 
1481.186842 0.017039 
1480.020247 0.018163 
1478.853651 0.019221 
1477.687056 0.019953 
1476.520460 0.020452 
1475.353865 0.020295 
1474.187269 0.019997 
1473.020674 0.019654 
1471.854078 0.019542 
1470.687482 0.019088 
1469.520887 0.019088 
1468.354291 0.019336 
1467.187696 0.019902 
1466.021100 0.020888 
1464.854505 0.021437 
1463.687909 0.022007 
1462.521314 0.022541 
1461.354718 0.022734 
1460.188123 0.022734 
1459.021527 0.022606 
1457.854932 0.022276 
1456.688336 0.022276 
1455.521741 0.022276 
1454.355145 0.023215 
1453.188550 0.023936 
1452.021954 0.025008 
1450.855358 0.026479 
1449.688763 0.027715 
1448.522167 0.029228 
1447.355572 0.029813 
1446.188976 0.030118 
1445.022381 0.029395 
1443.855785 0.027875 
1442.689190 0.025561 
1441.522594 0.023417 
1440.355999 0.022000 
1439.189403 0.021449 
1438.022808 0.021363 
1436.856212 0.021930 
1435.689617 0.022464 
1434.523021 0.023028 
1433.356425 0.023578 
1432.189830 0.024619 
1431.023234 0.025028 
1429.856639 0.025255 
1428.690043 0.025815 
1427.523448 0.025949 
1426.356852 0.026410 
1425.190257 0.026410 
1424.023661 0.026166 
1422.857066 0.025949 
1421.690470 0.025530 
1420.523875 0.025407 
1419.357279 0.024870 
1418.190684 0.024308 
1417.024088 0.023753 
1415.857492 0.022715 
1414.690897 0.022085 
1413.524301 0.021173 
1412.357706 0.020323 
1411.191110 0.019262 
1410.024515 0.018147 
1408.857919 0.017510 
1407.691324 0.016415 
1406.524728 0.015315 
1405.358133 0.014645 
1404.191537 0.013579 
1403.024942 0.012658 
1401.858346 0.011896 
1400.691751 0.011125 
1399.525155 0.010130 
1398.358560 0.009536 
1397.191964 0.008622 
1396.025368 0.008077 
1394.858773 0.007561 
1393.692177 0.006561 
1392.525582 0.006046 
1391.358986 0.005516 
1390.192391 0.004976 
1389.025795 0.004804 
1387.859200 0.004347 
1386.692604 0.003825 
1385.526009 0.003488 
1384.359413 0.003208 
1383.192818 0.002659 
1382.026222 0.002614 
1380.859627 0.002497 
1379.693031 0.002177 
1378.526435 0.001883 
1377.359840 0.001741 
1376.193244 0.001741 
1375.026649 0.001741 
1373.860053 0.001506 
1372.693458 0.001305 
1371.526862 0.001305 
1370.360267 0.000869 
1369.193671 0.000869 
1368.027076 0.000869 
1366.860480 0.000869 
1365.693885 0.000869 
1364.527289 0.000869 
1363.360694 0.000869 
1362.194098 0.000606 
1361.027503 0.000808 
1359.860907 0.000435 
1358.694311 0.000435 
1357.527716 0.000435 
1356.361120 0.000435 
1355.194525 0.000435 
1354.027929 0.000435 
1352.861334 0.000435 
1351.694738 0.000435 
1350.528143 0.000435 
1349.361547 0.000435 
1348.194952 0.000435 
1347.028356 0.000435 
1345.861761 0.000201 
1344.695165 0.000000 
1343.528570 0.000000 
1342.361974 0.000000 
1341.195378 0.000176 
1340.028783 0.000435 
1338.862187 0.000071 
1337.695592 0.000435 
1336.528996 0.000435 
1335.362401 0.000435 
1334.195805 0.000143 
1333.029210 0.000379 
1331.862614 0.000435 
1330.696019 0.000435 
1329.529423 0.000435 
1328.362828 0.000435 
1327.196232 0.000435 
1326.029637 0.000435 
1324.863041 0.000435 
1323.696445 0.000435 
1322.529850 0.000435 
1321.363254 0.000435 
1320.196659 0.000347 
1319.030063 0.000000 
1317.863468 0.000259 
1316.696872 0.000086 
1315.530277 0.000000 
1314.363681 0.000435 
1313.197086 0.000240 
1312.030490 0.000291 
1310.863895 0.000071 
1309.697299 0.000045 
1308.530704 0.000435 
1307.364108 0.000224 
1306.197513 0.000000 
1305.030917 0.000378 
1303.864321 0.000059 
1302.697726 0.000304 
1301.531130 0.000227 
1300.364535 0.000115 
1299.197939 0.000435 
1298.031344 0.000435 
1296.864748 0.000435 
1295.698153 0.000435 
1294.531557 0.000435 
1293.364962 0.000435 
1292.198366 0.000435 
1291.031771 0.000435 
1289.865175 0.000435 
1288.698580 0.000435 
1287.531984 0.000435 
1286.365388 0.000435 
1285.198793 0.000435 
1284.032197 0.000435 
1282.865602 0.000435 
1281.699006 0.000435 
1280.532411 0.000435 
1279.365815 0.000435 
1278.199220 0.000435 
1277.032624 0.000435 
1275.866029 0.000435 
1274.699433 0.000435 
1273.532838 0.000435 
1272.366242 0.000435 
1271.199647 0.000435 
1270.033051 0.000435 
1268.866455 0.000435 
1267.699860 0.000435 
1266.533264 0.000064 
1265.366669 0.000435 
1264.200073 0.000435 
1263.033478 0.000435 
1261.866882 0.000435 
1260.700287 0.000435 
1259.533691 0.000435 
1258.367096 0.000435 
1257.200500 0.000435 
1256.033905 0.000435 
1254.867309 0.000435 
1253.700714 0.000435 
1252.534118 0.000435 
1251.367523 0.000435 
1250.200927 0.000435 
1249.034331 0.000435 
1247.867736 0.000435 
1246.701140 0.000435 
1245.534545 0.000435 
1244.367949 0.000435 
1243.201354 0.000435 
1242.034758 0.000435 
1240.868163 0.000435 
1239.701567 0.000435 
1238.534972 0.000435 
1237.368376 0.000435 
1236.201781 0.000435 
1235.035185 0.000435 
1233.868590 0.000435 
1232.701994 0.000435 
1231.535398 0.000435 
1230.368803 0.000435 
1229.202207 0.000435 
1228.035612 0.000435 
1226.869016 0.000435 
1225.702421 0.000435 
1224.535825 0.000277 
1223.369230 0.000257 
1222.202634 0.000435 
1221.036039 0.000435 
1219.869443 0.000435 
1218.702848 0.000262 
1217.536252 0.000272 
1216.369657 0.000435 
1215.203061 0.000435 
1214.036465 0.000320 
1212.869870 0.000000 
1211.703274 0.000288 
1210.536679 0.000435 
1209.370083 0.000435 
1208.203488 0.000435 
1207.036892 0.000435 
1205.870297 0.000435 
1204.703701 0.000435 
1203.537106 0.000435 
1202.370510 0.000435 
1201.203915 0.000435 
1200.037319 0.000435 
1198.870724 0.000435 
1197.704128 0.000435 
1196.537533 0.000435 
1195.370937 0.000435 
1194.204341 0.000435 
1193.037746 0.000435 
1191.871150 0.000435 
1190.704555 0.000435 
1189.537959 0.000435 
1188.371364 0.000435 
1187.204768 0.000435 
1186.038173 0.000435 
1184.871577 0.000435 
1183.704982 0.000435 
1182.538386 0.000435 
1181.371791 0.000379 
1180.205195 0.000000 
1179.038600 0.000244 
1177.872004 0.000435 
1176.705408 0.000435 
1175.538813 0.000435 
1174.372217 0.000435 
1173.205622 0.000435 
1172.039026 0.000765 
1170.872431 0.000869 
1169.705835 0.000869 
1168.539240 0.000869 
1167.372644 0.001143 
1166.206049 0.000920 
1165.039453 0.001305 
1163.872858 0.001305 
1162.706262 0.001305 
1161.539667 0.001593 
1160.373071 0.001741 
1159.206475 0.001741 
1158.039880 0.001741 
1156.873284 0.001741 
1155.706689 0.001741 
1154.540093 0.001741 
1153.373498 0.001741 
1152.206902 0.001741 
1151.040307 0.001985 
1149.873711 0.002177 
1148.707116 0.002177 
1147.540520 0.002691 
1146.373925 0.003051 
1145.207329 0.003570 
1144.040734 0.004296 
1142.874138 0.004827 
1141.707543 0.005871 
1140.540947 0.006969 
1139.374351 0.008000 
1138.207756 0.009502 
1137.041160 0.010637 
1135.874565 0.012323 
1134.707969 0.013890 
1133.541374 0.015561 
1132.374778 0.017176 
1131.208183 0.018727 
1130.041587 0.019868 
1128.874992 0.020930 
1127.708396 0.022065 
1126.541801 0.023154 
1125.375205 0.023192 
1124.208610 0.023192 
1123.042014 0.023192 
1121.875418 0.022814 
1120.708823 0.021827 
1119.542227 0.021011 
1118.375632 0.019611 
1117.209036 0.018196 
1116.042441 0.016180 
1114.875845 0.014975 
1113.709250 0.012838 
1112.542654 0.011276 
1111.376059 0.009626 
1110.209463 0.008034 
1109.042868 0.006921 
1107.876272 0.005398 
1106.709677 0.004565 
1105.543081 0.003701 
1104.376485 0.003084 
1103.209890 0.002531 
1102.043294 0.002021 
1100.876699 0.001741 
1099.710103 0.001397 
1098.543508 0.001305 
1097.376912 0.000869 
1096.210317 0.000869 
1095.043721 0.000601 
1093.877126 0.000435 
1092.710530 0.000435 
1091.543935 0.000435 
1090.377339 0.000435 
1089.210744 0.000435 
1088.044148 0.000435 
1086.877553 0.000053 
1085.710957 0.000309 
1084.544361 0.000000 
1083.377766 0.000000 
1082.211170 0.000000 
1081.044575 0.000068 
1079.877979 0.000279 
1078.711384 0.000256 
1077.544788 0.000435 
1076.378193 0.000435 
1075.211597 0.000435 
1074.045002 0.000435 
1072.878406 0.000435 
1071.711811 0.000435 
1070.545215 0.000869 
1069.378620 0.000869 
1068.212024 0.001057 
1067.045428 0.001305 
1065.878833 0.001305 
1064.712237 0.001779 
1063.545642 0.002177 
1062.379046 0.002405 
1061.212451 0.002914 
1060.045855 0.003466 
1058.879260 0.003979 
1057.712664 0.004505 
1056.546069 0.005291 
1055.379473 0.006318 
1054.212878 0.007870 
1053.046282 0.009115 
1051.879687 0.011790 
1050.713091 0.014810 
1049.546495 0.019715 
1048.379900 0.025637 
1047.213304 0.034885 
1046.046709 0.047449 
1044.880113 0.061271 
1043.713518 0.077671 
1042.546922 0.093284 
1041.380327 0.108562 
1040.213731 0.122517 
1039.047136 0.133999 
1037.880540 0.144940 
1036.713945 0.152962 
1035.547349 0.160054 
1034.380754 0.165657 
1033.214158 0.169933 
1032.047563 0.172539 
1030.880967 0.173277 
1029.714371 0.172779 
1028.547776 0.170564 
1027.381180 0.166350 
1026.214585 0.160596 
1025.047989 0.152831 
1023.881394 0.141671 
1022.714798 0.129900 
1021.548203 0.116430 
1020.381607 0.102712 
1019.215012 0.090012 
1018.048416 0.080480 
1016.881821 0.073570 
1015.715225 0.069404 
1014.548630 0.067468 
1013.382034 0.066352 
1012.215438 0.065518 
1011.048843 0.063904 
1009.882247 0.061645 
1008.715652 0.058615 
1007.549056 0.053646 
1006.382461 0.048304 
1005.215865 0.042473 
1004.049270 0.036469 
1002.882674 0.030042 
1001.716079 0.024647 
1000.549483 0.019594 
999.382888 0.015234 
998.216292 0.011862 
997.049697 0.009698 
995.883101 0.007747 
994.716506 0.006432 
993.549910 0.005370 
992.383314 0.004774 
991.216719 0.004365 
990.050123 0.004152 
988.883528 0.003926 
987.716932 0.003926 
986.550337 0.003926 
985.383741 0.003926 
984.217146 0.003926 
983.050550 0.003926 
981.883955 0.003926 
980.717359 0.004365 
979.550764 0.004365 
978.384168 0.004365 
977.217573 0.004714 
976.050977 0.004804 
974.884381 0.005336 
973.717786 0.005683 
972.551190 0.005959 
971.384595 0.006123 
970.217999 0.006583 
969.051404 0.007005 
967.884808 0.007212 
966.718213 0.007747 
965.551617 0.008280 
964.385022 0.008374 
963.218426 0.008909 
962.051831 0.009445 
960.885235 0.009982 
959.718640 0.010523 
958.552044 0.010614 
957.385448 0.011153 
956.218853 0.011692 
955.052257 0.012232 
953.885662 0.012774 
952.719066 0.013312 
951.552471 0.013855 
950.385875 0.014398 
949.219280 0.014944 
948.052684 0.015936 
946.886089 0.016483 
945.719493 0.017028 
944.552898 0.017574 
943.386302 0.018122 
942.219707 0.019121 
941.053111 0.019673 
939.886516 0.020224 
938.719920 0.021097 
937.553324 0.021780 
936.386729 0.022334 
935.220133 0.023039 
934.053538 0.023899 
932.886942 0.024455 
931.720347 0.025450 
930.553751 0.026029 
929.387156 0.026943 
928.220560 0.028072 
927.053965 0.028631 
925.887369 0.029200 
924.720774 0.030220 
923.554178 0.030786 
922.387583 0.031649 
921.220987 0.032383 
920.054391 0.033416 
918.887796 0.034112 
917.721200 0.035023 
916.554605 0.035592 
915.388009 0.036588 
914.221414 0.037263 
913.054818 0.038256 
911.888223 0.038830 
910.721627 0.039756 
909.555032 0.040455 
908.388436 0.041511 
907.221841 0.042088 
906.055245 0.042941 
904.888650 0.043727 
903.722054 0.044311 
902.555458 0.045373 
901.388863 0.046157 
900.222267 0.047025 
899.055672 0.047609 
897.889076 0.048683 
896.722481 0.049269 
895.555885 0.050081 
894.389290 0.050936 
893.222694 0.051530 
892.056099 0.052119 
890.889503 0.052860 
889.722908 0.053797 
888.556312 0.054391 
887.389717 0.054988 
886.223121 0.055582 
885.056526 0.056355 
883.889930 0.057276 
882.723334 0.057877 
881.556739 0.058475 
880.390143 0.059078 
879.223548 0.059679 
878.056952 0.060282 
876.890357 0.060886 
875.723761 0.061494 
874.557166 0.062097 
873.390570 0.062926 
872.223975 0.063486 
871.057379 0.063918 
869.890784 0.064529 
868.724188 0.065137 
867.557593 0.065751 
866.390997 0.066361 
865.224401 0.066513 
864.057806 0.067078 
862.891210 0.067693 
861.724615 0.068307 
860.558019 0.068921 
859.391424 0.069051 
858.224828 0.069642 
857.058233 0.070263 
855.891637 0.070880 
854.725042 0.071092 
853.558446 0.071604 
852.391851 0.071714 
851.225255 0.072333 
850.058660 0.072630 
848.892064 0.073062 
847.725468 0.073687 
846.558873 0.074172 
845.392277 0.074172 
844.225682 0.074524 
843.059086 0.074688 
841.892491 0.075204 
840.725895 0.075362 
839.559300 0.075721 
838.392704 0.075721 
837.226109 0.076208 
836.059513 0.076238 
834.892918 0.076423 
833.726322 0.076756 
832.559727 0.076756 
831.393131 0.076756 
830.226536 0.077275 
829.059940 0.077275 
827.893344 0.077275 
826.726749 0.077275 
825.560153 0.077275 
824.393558 0.077402 
823.226962 0.077794 
822.060367 0.077794 
820.893771 0.077794 
819.727176 0.077794 
818.560580 0.077794 
817.393985 0.077794 
816.227389 0.077794 
815.060794 0.077318 
813.894198 0.077727 
812.727603 0.077275 
811.561007 0.077275 
810.394411 0.077275 
809.227816 0.077275 
808.061220 0.076756 
806.894625 0.076756 
805.728029 0.076447 
804.561434 0.076238 
803.394838 0.076230 
802.228243 0.075839 
801.061647 0.076013 
799.895052 0.075388 
798.728456 0.075204 
797.561861 0.075173 
796.395265 0.074547 
795.228670 0.074172 
794.062074 0.073814 
792.895478 0.073194 
791.728883 0.073143 
790.562287 0.072979 
789.395692 0.072358 
788.229096 0.072117 
787.062501 0.071147 
785.895905 0.071092 
784.729310 0.070902 
783.562714 0.070284 
782.396119 0.069668 
781.229523 0.069560 
780.062928 0.069051 
778.896332 0.068839 
777.729737 0.068224 
776.563141 0.067611 
775.396546 0.067503 
774.229950 0.066889 
773.063354 0.066278 
771.896759 0.066007 
770.730163 0.065560 
769.563568 0.064952 
768.396972 0.064341 
767.230377 0.063732 
766.063781 0.063126 
764.897186 0.062984 
763.730590 0.062410 
762.563995 0.061981 
761.397399 0.061701 
760.230804 0.061095 
759.064208 0.060493 
757.897613 0.059888 
756.731017 0.059287 
755.564421 0.058986 
754.397826 0.058580 
753.231230 0.057977 
752.064635 0.057380 
750.898039 0.057000 
749.731444 0.056676 
748.564848 0.056080 
747.398253 0.055480 
746.231657 0.054883 
745.065062 0.054288 
743.898466 0.054039 
742.731871 0.053590 
741.565275 0.052998 
740.398680 0.052404 
739.232084 0.052076 
738.065488 0.051707 
736.898893 0.051118 
735.732297 0.050929 
734.565702 0.050122 
733.399106 0.049835 
732.232511 0.049246 
731.065915 0.048662 
729.899320 0.048556 
728.732724 0.047968 
727.566129 0.047383 
726.399533 0.046799 
725.232938 0.046696 
724.066342 0.046112 
722.899747 0.045528 
721.733151 0.044945 
720.566556 0.044793 
719.399960 0.044262 
718.233364 0.043680 
717.066769 0.043100 
715.900173 0.042872 
714.733578 0.042420 
713.566982 0.041843 
712.400387 0.041264 
711.233791 0.040959 
710.067196 0.040589 
708.900600 0.040010 
707.734005 0.039909 
706.567409 0.039335 
705.400814 0.038761 
704.234218 0.038186 
703.067623 0.037631 
701.901027 0.037395 
700.734431 0.036684 
699.567836 0.036368 
698.401240 0.035799 
697.234645 0.035228 
696.068049 0.034798 
694.901454 0.034561 
693.734858 0.033993 
692.568263 0.033858 
691.401667 0.033326 
690.235072 0.032758 
689.068476 0.032452 
687.901881 0.032096 
686.735285 0.031529 
685.568690 0.031434 
684.402094 0.030868 
683.235498 0.030584 
682.068903 0.029826 
680.902307 0.029644 
679.735712 0.029188 
678.569116 0.028985 
677.402521 0.028424 
676.235925 0.027863 
675.069330 0.027305 
673.902734 0.026872 
672.736139 0.026646 
671.569543 0.026088 
670.402948 0.025949 
669.236352 0.026003 
668.069757 0.026112 
666.903161 0.024998 
665.736566 0.024227 
664.569970 0.023669 
663.403374 0.023650 
662.236779 0.023478 
661.070183 0.022925 
659.903588 0.022372 
658.736992 0.022275 
657.570397 0.021724 
656.403801 0.021363 
655.237206 0.021077 
654.070610 0.020907 
652.904015 0.020452 
651.737419 0.020334 
650.570824 0.019784 
649.404228 0.019542 
648.237633 0.019139 
647.071037 0.019046 
645.904441 0.018495 
644.737846 0.018181 
643.571250 0.018181 
642.404655 0.017759 
641.238059 0.017663 
640.071464 0.017118 
638.904868 0.016825 
637.738273 0.016825 
636.571677 0.016384 
635.405082 0.016374 
634.238486 0.016192 
633.071891 0.015647 
631.905295 0.015473 
630.738700 0.015458 
629.572104 0.014916 
628.405509 0.014574 
627.238913 0.014279 
626.072317 0.014125 
624.905722 0.014090 
623.739126 0.013676 
622.572531 0.013676 
621.405935 0.013045 
620.239340 0.012781 
619.072744 0.012781 
617.906149 0.012630 
616.739553 0.012334 
615.572958 0.011995 
614.406362 0.011887 
613.239767 0.011441 
612.073171 0.011441 
610.906576 0.011441 
609.739980 0.011083 
608.573384 0.010987 
607.406789 0.010550 
606.240193 0.010550 
605.073598 0.010550 
603.907002 0.010172 
602.740407 0.009661 
601.573811 0.009661 
600.407216 0.009661 
599.240620 0.009661 
598.074025 0.009260 
596.907429 0.008774 
595.740834 0.008774 
594.574238 0.008774 
593.407643 0.008774 
592.241047 0.008355 
591.074451 0.008197 
589.907856 0.007608 
588.741260 0.007634 
587.574665 0.007795 
586.408069 0.007450 
585.241474 0.007446 
584.074878 0.007264 
582.908283 0.007005 
581.741687 0.007005 
580.575092 0.006564 
579.408496 0.006453 
578.241901 0.006327 
577.075305 0.006268 
575.908710 0.005737 
574.742114 0.005283 
573.575519 0.005553 
572.408923 0.005243 
571.242327 0.005243 
570.075732 0.004834 
568.909136 0.004744 
567.742541 0.004518 
566.575945 0.004560 
565.409350 0.003695 
564.242754 0.003488 
563.076159 0.003760 
561.909563 0.003051 
560.742968 0.003051 
559.576372 0.003051 
558.409777 0.002605 
557.243181 0.002075 
556.076586 0.001933 
554.909990 0.001894 
553.743394 0.001366 
552.576799 0.001708 
551.410203 0.001182 
550.243608 0.000656 
549.077012 0.000435 
547.910417 0.000829 
546.743821 0.000765 
545.577226 0.000142 
544.410630 -0.000035 
543.244035 -0.000434 
542.077439 -0.000017 
540.910844 -0.000434 
539.744248 -0.000434 
538.577653 -0.000942 
537.411057 -0.001301 
536.244461 -0.001306 
535.077866 -0.002072 
533.911270 -0.001734 
532.744675 -0.002008 
531.578079 -0.002166 
530.411484 -0.002598 
529.244888 -0.002598 
528.078293 -0.002801 
526.911697 -0.003322 
525.745102 -0.003461 
524.578506 -0.003461 
523.411911 -0.003327 
522.245315 -0.003701 
521.078720 -0.004635 
519.912124 -0.003946 
518.745529 -0.004321 
517.578933 -0.004474 
516.412337 -0.004506 
515.245742 -0.004655 
514.079146 -0.004751 
512.912551 -0.005525 
511.745955 -0.005006 
510.579360 -0.005016 
509.412764 -0.005533 
508.246169 -0.006008 
507.079573 -0.005181 
505.912978 -0.005181 
504.746382 -0.004610 
503.579787 -0.005074 
502.413191 -0.004785 
501.246596 -0.005181 
500.080000 -0.004751 
