4000.100000 -0.000634 
3998.899313 -0.000733 
3997.698626 -0.000700 
3996.497939 -0.000626 
3995.297252 -0.000584 
3994.096566 -0.000361 
3992.895879 0.000076 
3991.695192 0.000401 
3990.494505 0.000448 
3989.293818 0.000512 
3988.093131 0.000765 
3986.892444 0.001284 
3985.691757 0.001552 
3984.491070 0.001196 
3983.290383 0.000591 
3982.089697 0.000158 
3980.889010 0.000150 
3979.688323 0.000400 
3978.487636 0.000663 
3977.286949 0.000833 
3976.086262 0.000954 
3974.885575 0.000956 
3973.684888 0.000825 
3972.484201 0.000726 
3971.283515 0.000788 
3970.082828 0.000938 
3968.882141 0.001065 
3967.681454 0.001203 
3966.480767 0.001375 
3965.280080 0.001386 
3964.079393 0.001023 
3962.878706 0.000586 
3961.678019 0.000553 
3960.477332 0.000870 
3959.276646 0.000911 
3958.075959 0.000436 
3956.875272 -0.000202 
3955.674585 -0.000618 
3954.473898 -0.000684 
3953.273211 -0.000493 
3952.072524 -0.000075 
3950.871837 0.000389 
3949.671150 0.000676 
3948.470463 0.000737 
3947.269777 0.000686 
3946.069090 0.000617 
3944.868403 0.000543 
3943.667716 0.000423 
3942.467029 0.000365 
3941.266342 0.000441 
3940.065655 0.000639 
3938.864968 0.000755 
3937.664281 0.000592 
3936.463595 0.000159 
3935.262908 -0.000268 
3934.062221 -0.000411 
3932.861534 -0.000465 
3931.660847 -0.000586 
3930.460160 -0.000572 
3929.259473 -0.000259 
3928.058786 0.000183 
3926.858099 0.000448 
3925.657412 0.000521 
3924.456726 0.000488 
3923.256039 0.000371 
3922.055352 0.000210 
3920.854665 0.000071 
3919.653978 -0.000096 
3918.453291 -0.000362 
3917.252604 -0.000542 
3916.051917 -0.000437 
3914.851230 -0.000147 
3913.650544 0.000096 
3912.449857 0.000271 
3911.249170 0.000520 
3910.048483 0.000675 
3908.847796 0.000387 
3907.647109 -0.000312 
3906.446422 -0.000745 
3905.245735 -0.000339 
3904.045048 0.000275 
3902.844361 0.000460 
3901.643675 0.000152 
3900.442988 -0.000030 
3899.242301 0.000093 
3898.041614 0.000213 
3896.840927 0.000093 
3895.640240 -0.000203 
3894.439553 -0.000460 
3893.238866 -0.000501 
3892.038179 -0.000295 
3890.837492 -0.000100 
3889.636806 -0.000190 
3888.436119 -0.000585 
3887.235432 -0.001037 
3886.034745 -0.001171 
3884.834058 -0.001070 
3883.633371 -0.001008 
3882.432684 -0.001135 
3881.231997 -0.001361 
3880.031310 -0.001514 
3878.830624 -0.001555 
3877.629937 -0.001335 
3876.429250 -0.000748 
3875.228563 -0.000211 
3874.027876 -0.000197 
3872.827189 -0.000533 
3871.626502 -0.000787 
3870.425815 -0.000998 
3869.225128 -0.001377 
3868.024441 -0.001823 
3866.823755 -0.001903 
3865.623068 -0.001750 
3864.422381 -0.001590 
3863.221694 -0.001455 
3862.021007 -0.001253 
3860.820320 -0.000989 
3859.619633 -0.000733 
3858.418946 -0.000642 
3857.218259 -0.000826 
3856.017573 -0.001074 
3854.816886 -0.001173 
3853.616199 -0.001142 
3852.415512 -0.001147 
3851.214825 -0.001123 
3850.014138 -0.001070 
3848.813451 -0.001110 
3847.612764 -0.001220 
3846.412077 -0.001132 
3845.211390 -0.000874 
3844.010704 -0.000634 
3842.810017 -0.000592 
3841.609330 -0.000663 
3840.408643 -0.000826 
3839.207956 -0.001039 
3838.007269 -0.001326 
3836.806582 -0.001623 
3835.605895 -0.001874 
3834.405208 -0.001831 
3833.204522 -0.001408 
3832.003835 -0.000966 
3830.803148 -0.000753 
3829.602461 -0.000749 
3828.401774 -0.000793 
3827.201087 -0.000885 
3826.000400 -0.001003 
3824.799713 -0.001079 
3823.599026 -0.001100 
3822.398339 -0.001186 
3821.197653 -0.001339 
3819.996966 -0.001460 
3818.796279 -0.001478 
3817.595592 -0.001450 
3816.394905 -0.001514 
3815.194218 -0.001669 
3813.993531 -0.001749 
3812.792844 -0.001461 
3811.592157 -0.000960 
3810.391470 -0.000672 
3809.190784 -0.000822 
3807.990097 -0.001225 
3806.789410 -0.001439 
3805.588723 -0.001477 
3804.388036 -0.001419 
3803.187349 -0.001274 
3801.986662 -0.001159 
3800.785975 -0.001286 
3799.585288 -0.001608 
3798.384602 -0.001847 
3797.183915 -0.001887 
3795.983228 -0.001800 
3794.782541 -0.001651 
3793.581854 -0.001561 
3792.381167 -0.001617 
3791.180480 -0.001675 
3789.979793 -0.001552 
3788.779106 -0.001385 
3787.578419 -0.001416 
3786.377733 -0.001554 
3785.177046 -0.001559 
3783.976359 -0.001489 
3782.775672 -0.001589 
3781.574985 -0.001770 
3780.374298 -0.001738 
3779.173611 -0.001491 
3777.972924 -0.001405 
3776.772237 -0.001656 
3775.571551 -0.001940 
3774.370864 -0.001971 
3773.170177 -0.001873 
3771.969490 -0.001970 
3770.768803 -0.002221 
3769.568116 -0.002364 
3768.367429 -0.002338 
3767.166742 -0.002235 
3765.966055 -0.002070 
3764.765368 -0.001860 
3763.564682 -0.001830 
3762.363995 -0.002039 
3761.163308 -0.002297 
3759.962621 -0.002508 
3758.761934 -0.002639 
3757.561247 -0.002734 
3756.360560 -0.002681 
3755.159873 -0.002541 
3753.959186 -0.002524 
3752.758499 -0.002614 
3751.557813 -0.002655 
3750.357126 -0.002574 
3749.156439 -0.002363 
3747.955752 -0.002023 
3746.755065 -0.001605 
3745.554378 -0.001489 
3744.353691 -0.001904 
3743.153004 -0.002479 
3741.952317 -0.002676 
3740.751631 -0.002555 
3739.550944 -0.002486 
3738.350257 -0.002532 
3737.149570 -0.002526 
3735.948883 -0.002430 
3734.748196 -0.002408 
3733.547509 -0.002470 
3732.346822 -0.002596 
3731.146135 -0.002804 
3729.945448 -0.003150 
3728.744762 -0.003340 
3727.544075 -0.003146 
3726.343388 -0.002660 
3725.142701 -0.002308 
3723.942014 -0.002415 
3722.741327 -0.002761 
3721.540640 -0.003021 
3720.339953 -0.003018 
3719.139266 -0.002843 
3717.938580 -0.002829 
3716.737893 -0.003096 
3715.537206 -0.003362 
3714.336519 -0.003192 
3713.135832 -0.002637 
3711.935145 -0.002180 
3710.734458 -0.002079 
3709.533771 -0.002150 
3708.333084 -0.002089 
3707.132397 -0.001928 
3705.931711 -0.001773 
3704.731024 -0.001680 
3703.530337 -0.001609 
3702.329650 -0.001700 
3701.128963 -0.001965 
3699.928276 -0.002279 
3698.727589 -0.002396 
3697.526902 -0.002273 
3696.326215 -0.002043 
3695.125529 -0.001886 
3693.924842 -0.001804 
3692.724155 -0.001714 
3691.523468 -0.001708 
3690.322781 -0.001909 
3689.122094 -0.002108 
3687.921407 -0.001989 
3686.720720 -0.001640 
3685.520033 -0.001501 
3684.319346 -0.001620 
3683.118660 -0.001682 
3681.917973 -0.001598 
3680.717286 -0.001685 
3679.516599 -0.002042 
3678.315912 -0.002309 
3677.115225 -0.002228 
3675.914538 -0.001903 
3674.713851 -0.001636 
3673.513164 -0.001318 
3672.312477 -0.000898 
3671.111791 -0.000704 
3669.911104 -0.001069 
3668.710417 -0.001563 
3667.509730 -0.001659 
3666.309043 -0.001277 
3665.108356 -0.000904 
3663.907669 -0.000702 
3662.706982 -0.000406 
3661.506295 -0.000069 
3660.305609 0.000036 
3659.104922 -0.000012 
3657.904235 0.000173 
3656.703548 0.000721 
3655.502861 0.001186 
3654.302174 0.001436 
3653.101487 0.001672 
3651.900800 0.002138 
3650.700113 0.002734 
3649.499426 0.003464 
3648.298740 0.004275 
3647.098053 0.004935 
3645.897366 0.005163 
3644.696679 0.005193 
3643.495992 0.005507 
3642.295305 0.006260 
3641.094618 0.007195 
3639.893931 0.008101 
3638.693244 0.008975 
3637.492558 0.009783 
3636.291871 0.010469 
3635.091184 0.011167 
3633.890497 0.011922 
3632.689810 0.012843 
3631.489123 0.013747 
3630.288436 0.014851 
3629.087749 0.016184 
3627.887062 0.017462 
3626.686375 0.018582 
3625.485689 0.019456 
3624.285002 0.020246 
3623.084315 0.020940 
3621.883628 0.021732 
3620.682941 0.022676 
3619.482254 0.023896 
3618.281567 0.025094 
3617.080880 0.026204 
3615.880193 0.027494 
3614.679507 0.028882 
3613.478820 0.030415 
3612.278133 0.031636 
3611.077446 0.032684 
3609.876759 0.033797 
3608.676072 0.035062 
3607.475385 0.036193 
3606.274698 0.037056 
3605.074011 0.037732 
3603.873324 0.038450 
3602.672638 0.039515 
3601.471951 0.040721 
3600.271264 0.041962 
3599.070577 0.042985 
3597.869890 0.043734 
3596.669203 0.044394 
3595.468516 0.045028 
3594.267829 0.045684 
3593.067142 0.046432 
3591.866455 0.047498 
3590.665769 0.048608 
3589.465082 0.049697 
3588.264395 0.050487 
3587.063708 0.051141 
3585.863021 0.051796 
3584.662334 0.052360 
3583.461647 0.052937 
3582.260960 0.053623 
3581.060273 0.054600 
3579.859587 0.055775 
3578.658900 0.057087 
3577.458213 0.057940 
3576.257526 0.058406 
3575.056839 0.058818 
3573.856152 0.059532 
3572.655465 0.060491 
3571.454778 0.061113 
3570.254091 0.061543 
3569.053404 0.062131 
3567.852718 0.063168 
3566.652031 0.064184 
3565.451344 0.065061 
3564.250657 0.065766 
3563.049970 0.066560 
3561.849283 0.067690 
3560.648596 0.068882 
3559.447909 0.070055 
3558.247222 0.070935 
3557.046536 0.071840 
3555.845849 0.072871 
3554.645162 0.073929 
3553.444475 0.074935 
3552.243788 0.076218 
3551.043101 0.077797 
3549.842414 0.079281 
3548.641727 0.080605 
3547.441040 0.081739 
3546.240353 0.083151 
3545.039667 0.084736 
3543.838980 0.086257 
3542.638293 0.087856 
3541.437606 0.089648 
3540.236919 0.091723 
3539.036232 0.093852 
3537.835545 0.096053 
3536.634858 0.098153 
3535.434171 0.100505 
3534.233484 0.102619 
3533.032798 0.104435 
3531.832111 0.106383 
3530.631424 0.108660 
3529.430737 0.111473 
3528.230050 0.113973 
3527.029363 0.116377 
3525.828676 0.118723 
3524.627989 0.121413 
3523.427302 0.124009 
3522.226616 0.127012 
3521.025929 0.130452 
3519.825242 0.133966 
3518.624555 0.137521 
3517.423868 0.140416 
3516.223181 0.143232 
3515.022494 0.145969 
3513.821807 0.149291 
3512.621120 0.152669 
3511.420433 0.156322 
3510.219747 0.159676 
3509.019060 0.162861 
3507.818373 0.166201 
3506.617686 0.169419 
3505.416999 0.173017 
3504.216312 0.176485 
3503.015625 0.180137 
3501.814938 0.183878 
3500.614251 0.187414 
3499.413565 0.191193 
3498.212878 0.194859 
3497.012191 0.198698 
3495.811504 0.202361 
3494.610817 0.206129 
3493.410130 0.209637 
3492.209443 0.213734 
3491.008756 0.218108 
3489.808069 0.222359 
3488.607382 0.226592 
3487.406696 0.230458 
3486.206009 0.234815 
3485.005322 0.239389 
3483.804635 0.244524 
3482.603948 0.249088 
3481.403261 0.253401 
3480.202574 0.257174 
3479.001887 0.261399 
3477.801200 0.266111 
3476.600514 0.270522 
3475.399827 0.275233 
3474.199140 0.279879 
3472.998453 0.284880 
3471.797766 0.289564 
3470.597079 0.294167 
3469.396392 0.298652 
3468.195705 0.303724 
3466.995018 0.308881 
3465.794331 0.313907 
3464.593645 0.319490 
3463.392958 0.324569 
3462.192271 0.329635 
3460.991584 0.334181 
3459.790897 0.338713 
3458.590210 0.343381 
3457.389523 0.348081 
3456.188836 0.353071 
3454.988149 0.358728 
3453.787462 0.364636 
3452.586776 0.369667 
3451.386089 0.374746 
3450.185402 0.379596 
3448.984715 0.384586 
3447.784028 0.389190 
3446.583341 0.393352 
3445.382654 0.398356 
3444.181967 0.403817 
3442.981280 0.409576 
3441.780594 0.414925 
3440.579907 0.420469 
3439.379220 0.425561 
3438.178533 0.430906 
3436.977846 0.435685 
3435.777159 0.440098 
3434.576472 0.445461 
3433.375785 0.451195 
3432.175098 0.457064 
3430.974411 0.461302 
3429.773725 0.465200 
3428.573038 0.469362 
3427.372351 0.474410 
3426.171664 0.478995 
3424.970977 0.483477 
3423.770290 0.488211 
3422.569603 0.492920 
3421.368916 0.497910 
3420.168229 0.502281 
3418.967543 0.506804 
3417.766856 0.511244 
3416.566169 0.515835 
3415.365482 0.520104 
3414.164795 0.524603 
3412.964108 0.528967 
3411.763421 0.533091 
3410.562734 0.537148 
3409.362047 0.540363 
3408.161360 0.543493 
3406.960674 0.547210 
3405.759987 0.551893 
3404.559300 0.556297 
3403.358613 0.559546 
3402.157926 0.563478 
3400.957239 0.568750 
3399.756552 0.574112 
3398.555865 0.577747 
3397.355178 0.580807 
3396.154491 0.584379 
3394.953805 0.588835 
3393.753118 0.593272 
3392.552431 0.597220 
3391.351744 0.600985 
3390.151057 0.603950 
3388.950370 0.606792 
3387.749683 0.609691 
3386.548996 0.613128 
3385.348309 0.616213 
3384.147623 0.619077 
3382.946936 0.621709 
3381.746249 0.624896 
3380.545562 0.628827 
3379.344875 0.632420 
3378.144188 0.635673 
3376.943501 0.638465 
3375.742814 0.641315 
3374.542127 0.644028 
3373.341440 0.646953 
3372.140754 0.650633 
3370.940067 0.654774 
3369.739380 0.658057 
3368.538693 0.660281 
3367.338006 0.662761 
3366.137319 0.665435 
3364.936632 0.668046 
3363.735945 0.670324 
3362.535258 0.672843 
3361.334572 0.675848 
3360.133885 0.678232 
3358.933198 0.680175 
3357.732511 0.682983 
3356.531824 0.687302 
3355.331137 0.691345 
3354.130450 0.694887 
3352.929763 0.697877 
3351.729076 0.701124 
3350.528389 0.704103 
3349.327703 0.706287 
3348.127016 0.708192 
3346.926329 0.709529 
3345.725642 0.710782 
3344.524955 0.712716 
3343.324268 0.716563 
3342.123581 0.721058 
3340.922894 0.724605 
3339.722207 0.726522 
3338.521521 0.727944 
3337.320834 0.730631 
3336.120147 0.733890 
3334.919460 0.737150 
3333.718773 0.739781 
3332.518086 0.742830 
3331.317399 0.745861 
3330.116712 0.748673 
3328.916025 0.750675 
3327.715338 0.752599 
3326.514652 0.754633 
3325.313965 0.756299 
3324.113278 0.758257 
3322.912591 0.761069 
3321.711904 0.764248 
3320.511217 0.766754 
3319.310530 0.768525 
3318.109843 0.770270 
3316.909156 0.772745 
3315.708469 0.775933 
3314.507783 0.778866 
3313.307096 0.780784 
3312.106409 0.782001 
3310.905722 0.784557 
3309.705035 0.788752 
3308.504348 0.792998 
3307.303661 0.795797 
3306.102974 0.797299 
3304.902287 0.799017 
3303.701601 0.801049 
3302.500914 0.802723 
3301.300227 0.803864 
3300.099540 0.805414 
3298.898853 0.806973 
3297.698166 0.807139 
3296.497479 0.806254 
3295.296792 0.806595 
3294.096105 0.809714 
3292.895418 0.813441 
3291.694732 0.815809 
3290.494045 0.816784 
3289.293358 0.818059 
3288.092671 0.820224 
3286.891984 0.822183 
3285.691297 0.822777 
3284.490610 0.822617 
3283.289923 0.823929 
3282.089236 0.826804 
3280.888550 0.829399 
3279.687863 0.829495 
3278.487176 0.828097 
3277.286489 0.827868 
3276.085802 0.828944 
3274.885115 0.829625 
3273.684428 0.829219 
3272.483741 0.828864 
3271.283054 0.828930 
3270.082367 0.828942 
3268.881681 0.828372 
3267.680994 0.827941 
3266.480307 0.827807 
3265.279620 0.827403 
3264.078933 0.826720 
3262.878246 0.827133 
3261.677559 0.828858 
3260.476872 0.830196 
3259.276185 0.829017 
3258.075498 0.826296 
3256.874812 0.823637 
3255.674125 0.822090 
3254.473438 0.821487 
3253.272751 0.820861 
3252.072064 0.820100 
3250.871377 0.818901 
3249.670690 0.817585 
3248.470003 0.817055 
3247.269316 0.817823 
3246.068630 0.819013 
3244.867943 0.818677 
3243.667256 0.816312 
3242.466569 0.813361 
3241.265882 0.811197 
3240.065195 0.809337 
3238.864508 0.807269 
3237.663821 0.804677 
3236.463134 0.802822 
3235.262447 0.802028 
3234.061761 0.801225 
3232.861074 0.799680 
3231.660387 0.797842 
3230.459700 0.796051 
3229.259013 0.793936 
3228.058326 0.791507 
3226.857639 0.788444 
3225.656952 0.785340 
3224.456265 0.782716 
3223.255579 0.780998 
3222.054892 0.779286 
3220.854205 0.776984 
3219.653518 0.774544 
3218.452831 0.772616 
3217.252144 0.770691 
3216.051457 0.767607 
3214.850770 0.764072 
3213.650083 0.760400 
3212.449396 0.756796 
3211.248710 0.753778 
3210.048023 0.751775 
3208.847336 0.750306 
3207.646649 0.747664 
3206.445962 0.743595 
3205.245275 0.739328 
3204.044588 0.736557 
3202.843901 0.733770 
3201.643214 0.729944 
3200.442528 0.725171 
3199.241841 0.720472 
3198.041154 0.717073 
3196.840467 0.714215 
3195.639780 0.711551 
3194.439093 0.708195 
3193.238406 0.704157 
3192.037719 0.699475 
3190.837032 0.694710 
3189.636345 0.689813 
3188.435659 0.685564 
3187.234972 0.682602 
3186.034285 0.680243 
3184.833598 0.677683 
3183.632911 0.673698 
3182.432224 0.668583 
3181.231537 0.663320 
3180.030850 0.658600 
3178.830163 0.654606 
3177.629476 0.650451 
3176.428790 0.645787 
3175.228103 0.640326 
3174.027416 0.635291 
3172.826729 0.630325 
3171.626042 0.626180 
3170.425355 0.622121 
3169.224668 0.617570 
3168.023981 0.613018 
3166.823294 0.608160 
3165.622608 0.603847 
3164.421921 0.599471 
3163.221234 0.595248 
3162.020547 0.590437 
3160.819860 0.585846 
3159.619173 0.581008 
3158.418486 0.576172 
3157.217799 0.571264 
3156.017112 0.565770 
3154.816425 0.560812 
3153.615739 0.555532 
3152.415052 0.550088 
3151.214365 0.544025 
3150.013678 0.538654 
3148.812991 0.533171 
3147.612304 0.527952 
3146.411617 0.522853 
3145.210930 0.517847 
3144.010243 0.513045 
3142.809557 0.507407 
3141.608870 0.502016 
3140.408183 0.496802 
3139.207496 0.491818 
3138.006809 0.486402 
3136.806122 0.480689 
3135.605435 0.474546 
3134.404748 0.468937 
3133.204061 0.464354 
3132.003374 0.459490 
3130.802688 0.454281 
3129.602001 0.448091 
3128.401314 0.441735 
3127.200627 0.435607 
3125.999940 0.429626 
3124.799253 0.424150 
3123.598566 0.418990 
3122.397879 0.414144 
3121.197192 0.409322 
3119.996506 0.404595 
3118.795819 0.398670 
3117.595132 0.392713 
3116.394445 0.387413 
3115.193758 0.382552 
3113.993071 0.377526 
3112.792384 0.371122 
3111.591697 0.365156 
3110.391010 0.359938 
3109.190323 0.355404 
3107.989637 0.350155 
3106.788950 0.344977 
3105.588263 0.339552 
3104.387576 0.334257 
3103.186889 0.329232 
3101.986202 0.324111 
3100.785515 0.319550 
3099.584828 0.314577 
3098.384141 0.309535 
3097.183454 0.303966 
3095.982768 0.298832 
3094.782081 0.293583 
3093.581394 0.288900 
3092.380707 0.284267 
3091.180020 0.279199 
3089.979333 0.274360 
3088.778646 0.269381 
3087.577959 0.264936 
3086.377272 0.260129 
3085.176586 0.255175 
3083.975899 0.250568 
3082.775212 0.245708 
3081.574525 0.241185 
3080.373838 0.237082 
3079.173151 0.233635 
3077.972464 0.229971 
3076.771777 0.226255 
3075.571090 0.222142 
3074.370403 0.218167 
3073.169717 0.214392 
3071.969030 0.210683 
3070.768343 0.207513 
3069.567656 0.204054 
3068.366969 0.200441 
3067.166282 0.196313 
3065.965595 0.192350 
3064.764908 0.188124 
3063.564221 0.184309 
3062.363535 0.180475 
3061.162848 0.176571 
3059.962161 0.172895 
3058.761474 0.169037 
3057.560787 0.165556 
3056.360100 0.161992 
3055.159413 0.158678 
3053.958726 0.155297 
3052.758039 0.152107 
3051.557352 0.148750 
3050.356666 0.145720 
3049.155979 0.143062 
3047.955292 0.140181 
3046.754605 0.137436 
3045.553918 0.134593 
3044.353231 0.132082 
3043.152544 0.129804 
3041.951857 0.127651 
3040.751170 0.125446 
3039.550483 0.123078 
3038.349797 0.120607 
3037.149110 0.118474 
3035.948423 0.116748 
3034.747736 0.114730 
3033.547049 0.112675 
3032.346362 0.110734 
3031.145675 0.109087 
3029.944988 0.107548 
3028.744301 0.105674 
3027.543615 0.103784 
3026.342928 0.101995 
3025.142241 0.100501 
3023.941554 0.099258 
3022.740867 0.098294 
3021.540180 0.097201 
3020.339493 0.095851 
3019.138806 0.094374 
3017.938119 0.093044 
3016.737432 0.091918 
3015.536746 0.090509 
3014.336059 0.088998 
3013.135372 0.087724 
3011.934685 0.086923 
3010.733998 0.086053 
3009.533311 0.084769 
3008.332624 0.083217 
3007.131937 0.081822 
3005.931250 0.080655 
3004.730564 0.079176 
3003.529877 0.077738 
3002.329190 0.076663 
3001.128503 0.076125 
2999.927816 0.075599 
2998.727129 0.074888 
2997.526442 0.074153 
2996.325755 0.073571 
2995.125068 0.072861 
2993.924381 0.071725 
2992.723695 0.070579 
2991.523008 0.069572 
2990.322321 0.068801 
2989.121634 0.067800 
2987.920947 0.066528 
2986.720260 0.065429 
2985.519573 0.064639 
2984.318886 0.063986 
2983.118199 0.062946 
2981.917513 0.061624 
2980.716826 0.060136 
2979.516139 0.058910 
2978.315452 0.057672 
2977.114765 0.056510 
2975.914078 0.055573 
2974.713391 0.054708 
2973.512704 0.053809 
2972.312017 0.052755 
2971.111330 0.051878 
2969.910644 0.051223 
2968.709957 0.050611 
2967.509270 0.049872 
2966.308583 0.049264 
2965.107896 0.048928 
2963.907209 0.048600 
2962.706522 0.048088 
2961.505835 0.047336 
2960.305148 0.046777 
2959.104461 0.046351 
2957.903775 0.045839 
2956.703088 0.045088 
2955.502401 0.044474 
2954.301714 0.044150 
2953.101027 0.043845 
2951.900340 0.043179 
2950.699653 0.042217 
2949.498966 0.041672 
2948.298279 0.041453 
2947.097593 0.041100 
2945.896906 0.040350 
2944.696219 0.039589 
2943.495532 0.039212 
2942.294845 0.039099 
2941.094158 0.038914 
2939.893471 0.038493 
2938.692784 0.038066 
2937.492097 0.037761 
2936.291410 0.037600 
2935.090724 0.037368 
2933.890037 0.037024 
2932.689350 0.036698 
2931.488663 0.036384 
2930.287976 0.036012 
2929.087289 0.035549 
2927.886602 0.035078 
2926.685915 0.034576 
2925.485228 0.034105 
2924.284542 0.033569 
2923.083855 0.033078 
2921.883168 0.032771 
2920.682481 0.032646 
2919.481794 0.032467 
2918.281107 0.032077 
2917.080420 0.031632 
2915.879733 0.031286 
2914.679046 0.030983 
2913.478359 0.030602 
2912.277673 0.030287 
2911.076986 0.030171 
2909.876299 0.030137 
2908.675612 0.030031 
2907.474925 0.029817 
2906.274238 0.029556 
2905.073551 0.029184 
2903.872864 0.028717 
2902.672177 0.028287 
2901.471490 0.028074 
2900.270804 0.027931 
2899.070117 0.027787 
2897.869430 0.027687 
2896.668743 0.027608 
2895.468056 0.027475 
2894.267369 0.027252 
2893.066682 0.027058 
2891.865995 0.026868 
2890.665308 0.026527 
2889.464622 0.026065 
2888.263935 0.025701 
2887.063248 0.025572 
2885.862561 0.025503 
2884.661874 0.025326 
2883.461187 0.025046 
2882.260500 0.024856 
2881.059813 0.024698 
2879.859126 0.024387 
2878.658439 0.023909 
2877.457753 0.023490 
2876.257066 0.023472 
2875.056379 0.023650 
2873.855692 0.023643 
2872.655005 0.023259 
2871.454318 0.022780 
2870.253631 0.022374 
2869.052944 0.022070 
2867.852257 0.021804 
2866.651571 0.021527 
2865.450884 0.021370 
2864.250197 0.021316 
2863.049510 0.021238 
2861.848823 0.021032 
2860.648136 0.020817 
2859.447449 0.020725 
2858.246762 0.020723 
2857.046075 0.020673 
2855.845388 0.020534 
2854.644702 0.020309 
2853.444015 0.019958 
2852.243328 0.019642 
2851.042641 0.019405 
2849.841954 0.019221 
2848.641267 0.019034 
2847.440580 0.018860 
2846.239893 0.018761 
2845.039206 0.018700 
2843.838520 0.018650 
2842.637833 0.018604 
2841.437146 0.018565 
2840.236459 0.018512 
2839.035772 0.018439 
2837.835085 0.018345 
2836.634398 0.018233 
2835.433711 0.018079 
2834.233024 0.017804 
2833.032337 0.017433 
2831.831651 0.017041 
2830.630964 0.016776 
2829.430277 0.016620 
2828.229590 0.016573 
2827.028903 0.016579 
2825.828216 0.016580 
2824.627529 0.016479 
2823.426842 0.016216 
2822.226155 0.015937 
2821.025468 0.015760 
2819.824782 0.015696 
2818.624095 0.015572 
2817.423408 0.015287 
2816.222721 0.014925 
2815.022034 0.014714 
2813.821347 0.014678 
2812.620660 0.014601 
2811.419973 0.014387 
2810.219286 0.014114 
2809.018600 0.013957 
2807.817913 0.013895 
2806.617226 0.013831 
2805.416539 0.013726 
2804.215852 0.013585 
2803.015165 0.013363 
2801.814478 0.013014 
2800.613791 0.012632 
2799.413104 0.012351 
2798.212417 0.012321 
2797.011731 0.012339 
2795.811044 0.012175 
2794.610357 0.011829 
2793.409670 0.011531 
2792.208983 0.011430 
2791.008296 0.011317 
2789.807609 0.011047 
2788.606922 0.010768 
2787.406235 0.010715 
2786.205549 0.010733 
2785.004862 0.010585 
2783.804175 0.010246 
2782.603488 0.009934 
2781.402801 0.009777 
2780.202114 0.009739 
2779.001427 0.009815 
2777.800740 0.009918 
2776.600053 0.009917 
2775.399366 0.009748 
2774.198680 0.009468 
2772.997993 0.009171 
2771.797306 0.008983 
2770.596619 0.008984 
2769.395932 0.009074 
2768.195245 0.009037 
2766.994558 0.008829 
2765.793871 0.008628 
2764.593184 0.008570 
2763.392497 0.008533 
2762.191811 0.008341 
2760.991124 0.008004 
2759.790437 0.007664 
2758.589750 0.007450 
2757.389063 0.007414 
2756.188376 0.007492 
2754.987689 0.007564 
2753.787002 0.007516 
2752.586315 0.007316 
2751.385629 0.007019 
2750.184942 0.006685 
2748.984255 0.006498 
2747.783568 0.006498 
2746.582881 0.006618 
2745.382194 0.006712 
2744.181507 0.006668 
2742.980820 0.006499 
2741.780133 0.006286 
2740.579446 0.006092 
2739.378760 0.005900 
2738.178073 0.005729 
2736.977386 0.005589 
2735.776699 0.005543 
2734.576012 0.005522 
2733.375325 0.005414 
2732.174638 0.005185 
2730.973951 0.004963 
2729.773264 0.004864 
2728.572578 0.004856 
2727.371891 0.004849 
2726.171204 0.004780 
2724.970517 0.004663 
2723.769830 0.004533 
2722.569143 0.004397 
2721.368456 0.004219 
2720.167769 0.004007 
2718.967082 0.003800 
2717.766395 0.003663 
2716.565709 0.003609 
2715.365022 0.003573 
2714.164335 0.003526 
2712.963648 0.003507 
2711.762961 0.003526 
2710.562274 0.003510 
2709.361587 0.003428 
2708.160900 0.003341 
2706.960213 0.003260 
2705.759527 0.003090 
2704.558840 0.002845 
2703.358153 0.002734 
2702.157466 0.002814 
2700.956779 0.002859 
2699.756092 0.002663 
2698.555405 0.002342 
2697.354718 0.002144 
2696.154031 0.002062 
2694.953344 0.001951 
2693.752658 0.001804 
2692.551971 0.001718 
2691.351284 0.001698 
2690.150597 0.001708 
2688.949910 0.001743 
2687.749223 0.001783 
2686.548536 0.001746 
2685.347849 0.001593 
2684.147162 0.001431 
2682.946475 0.001285 
2681.745789 0.001180 
2680.545102 0.001137 
2679.344415 0.001160 
2678.143728 0.001187 
2676.943041 0.001145 
2675.742354 0.001061 
2674.541667 0.000976 
2673.340980 0.000892 
2672.140293 0.000781 
2670.939607 0.000669 
2669.738920 0.000571 
2668.538233 0.000477 
2667.337546 0.000350 
2666.136859 0.000176 
2664.936172 0.000066 
2663.735485 0.000041 
2662.534798 0.000004 
2661.334111 -0.000082 
2660.133424 -0.000100 
2658.932738 -0.000063 
2657.732051 -0.000131 
2656.531364 -0.000324 
2655.330677 -0.000384 
2654.129990 -0.000237 
2652.929303 -0.000083 
2651.728616 -0.000189 
2650.527929 -0.000467 
2649.327242 -0.000757 
2648.126556 -0.001022 
2646.925869 -0.001084 
2645.725182 -0.000941 
2644.524495 -0.000766 
2643.323808 -0.000743 
2642.123121 -0.000867 
2640.922434 -0.001006 
2639.721747 -0.001184 
2638.521060 -0.001403 
2637.320373 -0.001551 
2636.119687 -0.001524 
2634.919000 -0.001447 
2633.718313 -0.001463 
2632.517626 -0.001557 
2631.316939 -0.001630 
2630.116252 -0.001648 
2628.915565 -0.001642 
2627.714878 -0.001614 
2626.514191 -0.001573 
2625.313505 -0.001586 
2624.112818 -0.001698 
2622.912131 -0.001834 
2621.711444 -0.001907 
2620.510757 -0.001916 
2619.310070 -0.001923 
2618.109383 -0.001977 
2616.908696 -0.002090 
2615.708009 -0.002251 
2614.507322 -0.002405 
2613.306636 -0.002467 
2612.105949 -0.002429 
2610.905262 -0.002427 
2609.704575 -0.002508 
2608.503888 -0.002597 
2607.303201 -0.002602 
2606.102514 -0.002524 
2604.901827 -0.002471 
2603.701140 -0.002473 
2602.500453 -0.002534 
2601.299767 -0.002594 
2600.099080 -0.002564 
2598.898393 -0.002425 
2597.697706 -0.002321 
2596.497019 -0.002352 
2595.296332 -0.002435 
2594.095645 -0.002429 
2592.894958 -0.002323 
2591.694271 -0.002277 
2590.493585 -0.002302 
2589.292898 -0.002255 
2588.092211 -0.002060 
2586.891524 -0.001961 
2585.690837 -0.002076 
2584.490150 -0.002264 
2583.289463 -0.002289 
2582.088776 -0.002137 
2580.888089 -0.001934 
2579.687402 -0.001781 
2578.486716 -0.001700 
2577.286029 -0.001676 
2576.085342 -0.001684 
2574.884655 -0.001704 
2573.683968 -0.001698 
2572.483281 -0.001642 
2571.282594 -0.001580 
2570.081907 -0.001585 
2568.881220 -0.001612 
2567.680534 -0.001529 
2566.479847 -0.001405 
2565.279160 -0.001409 
2564.078473 -0.001542 
2562.877786 -0.001584 
2561.677099 -0.001500 
2560.476412 -0.001392 
2559.275725 -0.001313 
2558.075038 -0.001250 
2556.874351 -0.001239 
2555.673665 -0.001294 
2554.472978 -0.001335 
2553.272291 -0.001301 
2552.071604 -0.001246 
2550.870917 -0.001187 
2549.670230 -0.001109 
2548.469543 -0.001034 
2547.268856 -0.001059 
2546.068169 -0.001173 
2544.867482 -0.001276 
2543.666796 -0.001234 
2542.466109 -0.001098 
2541.265422 -0.000963 
2540.064735 -0.000882 
2538.864048 -0.000866 
2537.663361 -0.000868 
2536.462674 -0.000847 
2535.261987 -0.000783 
2534.061300 -0.000724 
2532.860614 -0.000752 
2531.659927 -0.000829 
2530.459240 -0.000817 
2529.258553 -0.000650 
2528.057866 -0.000413 
2526.857179 -0.000236 
2525.656492 -0.000167 
2524.455805 -0.000194 
2523.255118 -0.000263 
2522.054431 -0.000329 
2520.853745 -0.000394 
2519.653058 -0.000424 
2518.452371 -0.000400 
2517.251684 -0.000368 
2516.050997 -0.000402 
2514.850310 -0.000484 
2513.649623 -0.000491 
2512.448936 -0.000408 
2511.248249 -0.000300 
2510.047563 -0.000192 
2508.846876 -0.000106 
2507.646189 -0.000034 
2506.445502 0.000029 
2505.244815 0.000081 
2504.044128 0.000045 
2502.843441 -0.000090 
2501.642754 -0.000205 
2500.442067 -0.000132 
2499.241380 0.000044 
2498.040694 0.000098 
2496.840007 0.000043 
2495.639320 0.000060 
2494.438633 0.000220 
2493.237946 0.000378 
2492.037259 0.000433 
2490.836572 0.000445 
2489.635885 0.000482 
2488.435198 0.000526 
2487.234512 0.000544 
2486.033825 0.000565 
2484.833138 0.000600 
2483.632451 0.000617 
2482.431764 0.000599 
2481.231077 0.000578 
2480.030390 0.000629 
2478.829703 0.000752 
2477.629016 0.000902 
2476.428329 0.000974 
2475.227643 0.000948 
2474.026956 0.000921 
2472.826269 0.000953 
2471.625582 0.001016 
2470.424895 0.001078 
2469.224208 0.001166 
2468.023521 0.001274 
2466.822834 0.001383 
2465.622147 0.001464 
2464.421460 0.001576 
2463.220774 0.001735 
2462.020087 0.001875 
2460.819400 0.001935 
2459.618713 0.001905 
2458.418026 0.001823 
2457.217339 0.001719 
2456.016652 0.001655 
2454.815965 0.001711 
2453.615278 0.001886 
2452.414592 0.002055 
2451.213905 0.002136 
2450.013218 0.002195 
2448.812531 0.002266 
2447.611844 0.002315 
2446.411157 0.002315 
2445.210470 0.002360 
2444.009783 0.002496 
2442.809096 0.002651 
2441.608409 0.002739 
2440.407723 0.002768 
2439.207036 0.002735 
2438.006349 0.002663 
2436.805662 0.002652 
2435.604975 0.002760 
2434.404288 0.002892 
2433.203601 0.002957 
2432.002914 0.003012 
2430.802227 0.003209 
2429.601541 0.003469 
2428.400854 0.003665 
2427.200167 0.003758 
2425.999480 0.003791 
2424.798793 0.003787 
2423.598106 0.003756 
2422.397419 0.003765 
2421.196732 0.003872 
2419.996045 0.003971 
2418.795358 0.003945 
2417.594672 0.003842 
2416.393985 0.003840 
2415.193298 0.003928 
2413.992611 0.003998 
2412.791924 0.004056 
2411.591237 0.004162 
2410.390550 0.004253 
2409.189863 0.004248 
2407.989176 0.004204 
2406.788489 0.004229 
2405.587803 0.004277 
2404.387116 0.004273 
2403.186429 0.004242 
2401.985742 0.004256 
2400.785055 0.004306 
2399.584368 0.004380 
2398.383681 0.004494 
2397.182994 0.004634 
2395.982307 0.004765 
2394.781621 0.004873 
2393.580934 0.005007 
2392.380247 0.005141 
2391.179560 0.005248 
2389.978873 0.005332 
2388.778186 0.005411 
2387.577499 0.005490 
2386.376812 0.005570 
2385.176125 0.005635 
2383.975438 0.005687 
2382.774752 0.005758 
2381.574065 0.005837 
2380.373378 0.005922 
2379.172691 0.006024 
2377.972004 0.006153 
2376.771317 0.006255 
2375.570630 0.006287 
2374.369943 0.006327 
2373.169256 0.006460 
2371.968570 0.006707 
2370.767883 0.006964 
2369.567196 0.007250 
2368.366509 0.007491 
2367.165822 0.007606 
2365.965135 0.007601 
2364.764448 0.007585 
2363.563761 0.007643 
2362.363074 0.007751 
2361.162387 0.007838 
2359.961701 0.007884 
2358.761014 0.007918 
2357.560327 0.007951 
2356.359640 0.007944 
2355.158953 0.007873 
2353.958266 0.007783 
2352.757579 0.007740 
2351.556892 0.007753 
2350.356205 0.007806 
2349.155519 0.007949 
2347.954832 0.008293 
2346.754145 0.008895 
2345.553458 0.009675 
2344.352771 0.010577 
2343.152084 0.011631 
2341.951397 0.012797 
2340.750710 0.013626 
2339.550023 0.013822 
2338.349336 0.013119 
2337.148650 0.011987 
2335.947963 0.010974 
2334.747276 0.010356 
2333.546589 0.010014 
2332.345902 0.009882 
2331.145215 0.009845 
2329.944528 0.009793 
2328.743841 0.009659 
2327.543154 0.009584 
2326.342467 0.009647 
2325.141781 0.009761 
2323.941094 0.009797 
2322.740407 0.009790 
2321.539720 0.009837 
2320.339033 0.009914 
2319.138346 0.009920 
2317.937659 0.009867 
2316.736972 0.009870 
2315.536285 0.009967 
2314.335599 0.010086 
2313.134912 0.010164 
2311.934225 0.010223 
2310.733538 0.010292 
2309.532851 0.010378 
2308.332164 0.010438 
2307.131477 0.010494 
2305.930790 0.010577 
2304.730103 0.010679 
2303.529416 0.010744 
2302.328730 0.010794 
2301.128043 0.010875 
2299.927356 0.011001 
2298.726669 0.011137 
2297.525982 0.011207 
2296.325295 0.011242 
2295.124608 0.011327 
2293.923921 0.011543 
2292.723234 0.011802 
2291.522548 0.011927 
2290.321861 0.011897 
2289.121174 0.011877 
2287.920487 0.011989 
2286.719800 0.012157 
2285.519113 0.012311 
2284.318426 0.012399 
2283.117739 0.012467 
2281.917052 0.012543 
2280.716365 0.012676 
2279.515679 0.012902 
2278.314992 0.013080 
2277.114305 0.013140 
2275.913618 0.013164 
2274.712931 0.013319 
2273.512244 0.013583 
2272.311557 0.013847 
2271.110870 0.013996 
2269.910183 0.014059 
2268.709496 0.014141 
2267.508810 0.014253 
2266.308123 0.014377 
2265.107436 0.014496 
2263.906749 0.014660 
2262.706062 0.014833 
2261.505375 0.014955 
2260.304688 0.014978 
2259.104001 0.015007 
2257.903314 0.015133 
2256.702628 0.015342 
2255.501941 0.015600 
2254.301254 0.015807 
2253.100567 0.015958 
2251.899880 0.016049 
2250.699193 0.016128 
2249.498506 0.016252 
2248.297819 0.016371 
2247.097132 0.016450 
2245.896445 0.016521 
2244.695759 0.016667 
2243.495072 0.016861 
2242.294385 0.017082 
2241.093698 0.017247 
2239.893011 0.017314 
2238.692324 0.017324 
2237.491637 0.017362 
2236.290950 0.017493 
2235.090263 0.017654 
2233.889577 0.017783 
2232.688890 0.017889 
2231.488203 0.018032 
2230.287516 0.018171 
2229.086829 0.018269 
2227.886142 0.018357 
2226.685455 0.018489 
2225.484768 0.018669 
2224.284081 0.018796 
2223.083394 0.018878 
2221.882708 0.018968 
2220.682021 0.019094 
2219.481334 0.019171 
2218.280647 0.019185 
2217.079960 0.019177 
2215.879273 0.019212 
2214.678586 0.019274 
2213.477899 0.019325 
2212.277212 0.019379 
2211.076526 0.019442 
2209.875839 0.019489 
2208.675152 0.019504 
2207.474465 0.019516 
2206.273778 0.019550 
2205.073091 0.019608 
2203.872404 0.019679 
2202.671717 0.019742 
2201.471030 0.019759 
2200.270343 0.019707 
2199.069657 0.019636 
2197.868970 0.019609 
2196.668283 0.019627 
2195.467596 0.019624 
2194.266909 0.019557 
2193.066222 0.019445 
2191.865535 0.019346 
2190.664848 0.019292 
2189.464161 0.019249 
2188.263474 0.019180 
2187.062788 0.019111 
2185.862101 0.019072 
2184.661414 0.019045 
2183.460727 0.019007 
2182.260040 0.018970 
2181.059353 0.018954 
2179.858666 0.018916 
2178.657979 0.018845 
2177.457292 0.018764 
2176.256606 0.018702 
2175.055919 0.018650 
2173.855232 0.018605 
2172.654545 0.018553 
2171.453858 0.018419 
2170.253171 0.018244 
2169.052484 0.018093 
2167.851797 0.018005 
2166.651110 0.017873 
2165.450423 0.017694 
2164.249737 0.017518 
2163.049050 0.017396 
2161.848363 0.017258 
2160.647676 0.017088 
2159.446989 0.016960 
2158.246302 0.016864 
2157.045615 0.016764 
2155.844928 0.016635 
2154.644241 0.016481 
2153.443555 0.016287 
2152.242868 0.016035 
2151.042181 0.015850 
2149.841494 0.015738 
2148.640807 0.015623 
2147.440120 0.015433 
2146.239433 0.015246 
2145.038746 0.015046 
2143.838059 0.014794 
2142.637372 0.014528 
2141.436686 0.014367 
2140.235999 0.014332 
2139.035312 0.014296 
2137.834625 0.014156 
2136.633938 0.013927 
2135.433251 0.013740 
2134.232564 0.013604 
2133.031877 0.013485 
2131.831190 0.013304 
2130.630504 0.013065 
2129.429817 0.012838 
2128.229130 0.012624 
2127.028443 0.012481 
2125.827756 0.012399 
2124.627069 0.012360 
2123.426382 0.012276 
2122.225695 0.012095 
2121.025008 0.011840 
2119.824321 0.011598 
2118.623635 0.011415 
2117.422948 0.011247 
2116.222261 0.011069 
2115.021574 0.010857 
2113.820887 0.010674 
2112.620200 0.010526 
2111.419513 0.010363 
2110.218826 0.010169 
2109.018139 0.009980 
2107.817452 0.009834 
2106.616766 0.009726 
2105.416079 0.009643 
2104.215392 0.009526 
2103.014705 0.009340 
2101.814018 0.009103 
2100.613331 0.008900 
2099.412644 0.008775 
2098.211957 0.008668 
2097.011270 0.008547 
2095.810584 0.008420 
2094.609897 0.008295 
2093.409210 0.008116 
2092.208523 0.007906 
2091.007836 0.007691 
2089.807149 0.007526 
2088.606462 0.007400 
2087.405775 0.007267 
2086.205088 0.007136 
2085.004401 0.007001 
2083.803715 0.006901 
2082.603028 0.006810 
2081.402341 0.006687 
2080.201654 0.006489 
2079.000967 0.006291 
2077.800280 0.006165 
2076.599593 0.006105 
2075.398906 0.006028 
2074.198219 0.005841 
2072.997533 0.005608 
2071.796846 0.005414 
2070.596159 0.005303 
2069.395472 0.005196 
2068.194785 0.005028 
2066.994098 0.004818 
2065.793411 0.004643 
2064.592724 0.004534 
2063.392037 0.004448 
2062.191350 0.004340 
2060.990664 0.004172 
2059.789977 0.004004 
2058.589290 0.003929 
2057.388603 0.003927 
2056.187916 0.003877 
2054.987229 0.003699 
2053.786542 0.003474 
2052.585855 0.003309 
2051.385168 0.003197 
2050.184481 0.003059 
2048.983795 0.002930 
2047.783108 0.002818 
2046.582421 0.002678 
2045.381734 0.002476 
2044.181047 0.002255 
2042.980360 0.002144 
2041.779673 0.002104 
2040.578986 0.002058 
2039.378299 0.001935 
2038.177613 0.001791 
2036.976926 0.001642 
2035.776239 0.001492 
2034.575552 0.001331 
2033.374865 0.001186 
2032.174178 0.001105 
2030.973491 0.001046 
2029.772804 0.000949 
2028.572117 0.000811 
2027.371430 0.000683 
2026.170744 0.000588 
2024.970057 0.000503 
2023.769370 0.000403 
2022.568683 0.000285 
2021.367996 0.000165 
2020.167309 0.000061 
2018.966622 0.000023 
2017.765935 -0.000002 
2016.565248 -0.000081 
2015.364562 -0.000200 
2014.163875 -0.000290 
2012.963188 -0.000313 
2011.762501 -0.000323 
2010.561814 -0.000356 
2009.361127 -0.000381 
2008.160440 -0.000350 
2006.959753 -0.000270 
2005.759066 -0.000214 
2004.558379 -0.000200 
2003.357693 -0.000151 
2002.157006 -0.000016 
2000.956319 0.000185 
1999.755632 0.000324 
1998.554945 0.000392 
1997.354258 0.000426 
1996.153571 0.000468 
1994.952884 0.000530 
1993.752197 0.000613 
1992.551511 0.000690 
1991.350824 0.000746 
1990.150137 0.000817 
1988.949450 0.000900 
1987.748763 0.000966 
1986.548076 0.000982 
1985.347389 0.000989 
1984.146702 0.001022 
1982.946015 0.001059 
1981.745328 0.001058 
1980.544642 0.001027 
1979.343955 0.001017 
1978.143268 0.001046 
1976.942581 0.001088 
1975.741894 0.001099 
1974.541207 0.001118 
1973.340520 0.001199 
1972.139833 0.001330 
1970.939146 0.001433 
1969.738459 0.001543 
1968.537773 0.001741 
1967.337086 0.002055 
1966.136399 0.002547 
1964.935712 0.003162 
1963.735025 0.004048 
1962.534338 0.005269 
1961.333651 0.006985 
1960.132964 0.009688 
1958.932277 0.013129 
1957.731591 0.018033 
1956.530904 0.024140 
1955.330217 0.032193 
1954.129530 0.040642 
1952.928843 0.050114 
1951.728156 0.058644 
1950.527469 0.065778 
1949.326782 0.070619 
1948.126095 0.071876 
1946.925408 0.068728 
1945.724722 0.061545 
1944.524035 0.051467 
1943.323348 0.040641 
1942.122661 0.030309 
1940.921974 0.022782 
1939.721287 0.016952 
1938.520600 0.012813 
1937.319913 0.009951 
1936.119226 0.007736 
1934.918540 0.006158 
1933.717853 0.004811 
1932.517166 0.003738 
1931.316479 0.002875 
1930.115792 0.002164 
1928.915105 0.001612 
1927.714418 0.001178 
1926.513731 0.000815 
1925.313044 0.000515 
1924.112357 0.000291 
1922.911671 0.000060 
1921.710984 -0.000153 
1920.510297 -0.000315 
1919.309610 -0.000413 
1918.108923 -0.000506 
1916.908236 -0.000655 
1915.707549 -0.000798 
1914.506862 -0.000909 
1913.306175 -0.000985 
1912.105488 -0.001021 
1910.904802 -0.001003 
1909.704115 -0.000960 
1908.503428 -0.000918 
1907.302741 -0.000856 
1906.102054 -0.000748 
1904.901367 -0.000658 
1903.700680 -0.000649 
1902.499993 -0.000755 
1901.299306 -0.000931 
1900.098620 -0.001089 
1898.897933 -0.001236 
1897.697246 -0.001381 
1896.496559 -0.001558 
1895.295872 -0.001727 
1894.095185 -0.001831 
1892.894498 -0.001887 
1891.693811 -0.001914 
1890.493124 -0.001925 
1889.292437 -0.001925 
1888.091751 -0.001959 
1886.891064 -0.002043 
1885.690377 -0.002122 
1884.489690 -0.002126 
1883.289003 -0.002062 
1882.088316 -0.002012 
1880.887629 -0.002045 
1879.686942 -0.002134 
1878.486255 -0.002180 
1877.285569 -0.002149 
1876.084882 -0.002138 
1874.884195 -0.002212 
1873.683508 -0.002301 
1872.482821 -0.002312 
1871.282134 -0.002272 
1870.081447 -0.002245 
1868.880760 -0.002238 
1867.680073 -0.002235 
1866.479386 -0.002239 
1865.278700 -0.002251 
1864.078013 -0.002270 
1862.877326 -0.002305 
1861.676639 -0.002344 
1860.475952 -0.002367 
1859.275265 -0.002364 
1858.074578 -0.002332 
1856.873891 -0.002278 
1855.673204 -0.002204 
1854.472518 -0.002141 
1853.271831 -0.002088 
1852.071144 -0.002024 
1850.870457 -0.001974 
1849.669770 -0.001957 
1848.469083 -0.001941 
1847.268396 -0.001882 
1846.067709 -0.001819 
1844.867022 -0.001802 
1843.666335 -0.001827 
1842.465649 -0.001842 
1841.264962 -0.001815 
1840.064275 -0.001763 
1838.863588 -0.001713 
1837.662901 -0.001687 
1836.462214 -0.001662 
1835.261527 -0.001630 
1834.060840 -0.001602 
1832.860153 -0.001577 
1831.659466 -0.001519 
1830.458780 -0.001431 
1829.258093 -0.001386 
1828.057406 -0.001403 
1826.856719 -0.001404 
1825.656032 -0.001343 
1824.455345 -0.001272 
1823.254658 -0.001254 
1822.053971 -0.001247 
1820.853284 -0.001197 
1819.652598 -0.001112 
1818.451911 -0.001056 
1817.251224 -0.001023 
1816.050537 -0.000989 
1814.849850 -0.000942 
1813.649163 -0.000882 
1812.448476 -0.000785 
1811.247789 -0.000657 
1810.047102 -0.000542 
1808.846415 -0.000436 
1807.645729 -0.000317 
1806.445042 -0.000179 
1805.244355 -0.000085 
1804.043668 -0.000032 
1802.842981 0.000043 
1801.642294 0.000165 
1800.441607 0.000274 
1799.240920 0.000342 
1798.040233 0.000433 
1796.839547 0.000582 
1795.638860 0.000797 
1794.438173 0.000973 
1793.237486 0.001075 
1792.036799 0.001113 
1790.836112 0.001164 
1789.635425 0.001328 
1788.434738 0.001579 
1787.234051 0.001809 
1786.033364 0.001957 
1784.832678 0.002072 
1783.631991 0.002188 
1782.431304 0.002334 
1781.230617 0.002523 
1780.029930 0.002752 
1778.829243 0.002970 
1777.628556 0.003130 
1776.427869 0.003304 
1775.227182 0.003546 
1774.026495 0.003809 
1772.825809 0.004002 
1771.625122 0.004199 
1770.424435 0.004444 
1769.223748 0.004759 
1768.023061 0.005111 
1766.822374 0.005441 
1765.621687 0.005766 
1764.421000 0.006054 
1763.220313 0.006376 
1762.019627 0.006707 
1760.818940 0.007063 
1759.618253 0.007412 
1758.417566 0.007839 
1757.216879 0.008279 
1756.016192 0.008660 
1754.815505 0.009058 
1753.614818 0.009485 
1752.414131 0.009999 
1751.213444 0.010498 
1750.012758 0.010977 
1748.812071 0.011488 
1747.611384 0.012022 
1746.410697 0.012567 
1745.210010 0.013160 
1744.009323 0.013829 
1742.808636 0.014492 
1741.607949 0.015232 
1740.407262 0.015914 
1739.206576 0.016639 
1738.005889 0.017469 
1736.805202 0.018386 
1735.604515 0.019407 
1734.403828 0.020296 
1733.203141 0.021143 
1732.002454 0.022073 
1730.801767 0.023314 
1729.601080 0.024539 
1728.400393 0.025819 
1727.199707 0.027087 
1725.999020 0.028437 
1724.798333 0.029994 
1723.597646 0.031478 
1722.396959 0.033088 
1721.196272 0.034664 
1719.995585 0.036330 
1718.794898 0.037775 
1717.594211 0.039179 
1716.393525 0.040463 
1715.192838 0.041857 
1713.992151 0.043310 
1712.791464 0.044601 
1711.590777 0.045843 
1710.390090 0.046856 
1709.189403 0.047847 
1707.988716 0.048801 
1706.788029 0.049730 
1705.587342 0.050448 
1704.386656 0.051105 
1703.185969 0.051768 
1701.985282 0.052449 
1700.784595 0.053172 
1699.583908 0.053831 
1698.383221 0.054628 
1697.182534 0.055498 
1695.981847 0.056307 
1694.781160 0.057045 
1693.580473 0.057832 
1692.379787 0.058729 
1691.179100 0.059657 
1689.978413 0.060521 
1688.777726 0.061248 
1687.577039 0.062005 
1686.376352 0.062644 
1685.175665 0.063193 
1683.974978 0.063687 
1682.774291 0.064248 
1681.573605 0.065033 
1680.372918 0.065768 
1679.172231 0.066363 
1677.971544 0.066858 
1676.770857 0.067382 
1675.570170 0.067807 
1674.369483 0.068189 
1673.168796 0.068593 
1671.968109 0.069056 
1670.767422 0.069492 
1669.566736 0.069801 
1668.366049 0.070104 
1667.165362 0.070447 
1665.964675 0.070836 
1664.763988 0.071159 
1663.563301 0.071445 
1662.362614 0.071671 
1661.161927 0.071909 
1659.961240 0.072184 
1658.760554 0.072469 
1657.559867 0.072815 
1656.359180 0.073157 
1655.158493 0.073439 
1653.957806 0.073532 
1652.757119 0.073430 
1651.556432 0.073385 
1650.355745 0.073670 
1649.155058 0.074053 
1647.954371 0.074204 
1646.753685 0.074040 
1645.552998 0.073852 
1644.352311 0.073831 
1643.151624 0.073954 
1641.950937 0.073992 
1640.750250 0.073846 
1639.549563 0.073597 
1638.348876 0.073279 
1637.148189 0.072896 
1635.947503 0.072391 
1634.746816 0.071864 
1633.546129 0.071334 
1632.345442 0.070871 
1631.144755 0.070337 
1629.944068 0.069741 
1628.743381 0.069122 
1627.542694 0.068379 
1626.342007 0.067664 
1625.141320 0.066928 
1623.940634 0.066242 
1622.739947 0.065475 
1621.539260 0.064756 
1620.338573 0.064059 
1619.137886 0.063444 
1617.937199 0.062779 
1616.736512 0.061978 
1615.535825 0.061223 
1614.335138 0.060513 
1613.134451 0.059928 
1611.933765 0.059308 
1610.733078 0.058684 
1609.532391 0.058073 
1608.331704 0.057502 
1607.131017 0.056905 
1605.930330 0.056359 
1604.729643 0.055906 
1603.528956 0.055414 
1602.328269 0.054936 
1601.127583 0.054460 
1599.926896 0.054040 
1598.726209 0.053639 
1597.525522 0.053187 
1596.324835 0.052737 
1595.124148 0.052325 
1593.923461 0.051994 
1592.722774 0.051700 
1591.522087 0.051390 
1590.321400 0.050971 
1589.120714 0.050560 
1587.920027 0.050203 
1586.719340 0.049876 
1585.518653 0.049585 
1584.317966 0.049327 
1583.117279 0.049118 
1581.916592 0.048835 
1580.715905 0.048515 
1579.515218 0.048225 
1578.314532 0.048003 
1577.113845 0.047664 
1575.913158 0.047226 
1574.712471 0.046884 
1573.511784 0.046744 
1572.311097 0.046623 
1571.110410 0.046375 
1569.909723 0.046076 
1568.709036 0.045817 
1567.508349 0.045635 
1566.307663 0.045455 
1565.106976 0.045254 
1563.906289 0.045014 
1562.705602 0.044772 
1561.504915 0.044552 
1560.304228 0.044249 
1559.103541 0.043857 
1557.902854 0.043454 
1556.702167 0.043240 
1555.501480 0.043187 
1554.300794 0.043086 
1553.100107 0.042907 
1551.899420 0.042710 
1550.698733 0.042508 
1549.498046 0.042266 
1548.297359 0.042070 
1547.096672 0.041903 
1545.895985 0.041730 
1544.695298 0.041520 
1543.494612 0.041288 
1542.293925 0.041080 
1541.093238 0.040825 
1539.892551 0.040488 
1538.691864 0.040099 
1537.491177 0.039876 
1536.290490 0.039818 
1535.089803 0.039769 
1533.889116 0.039590 
1532.688429 0.039314 
1531.487743 0.039058 
1530.287056 0.038853 
1529.086369 0.038736 
1527.885682 0.038638 
1526.684995 0.038473 
1525.484308 0.038182 
1524.283621 0.037927 
1523.082934 0.037761 
1521.882247 0.037626 
1520.681561 0.037436 
1519.480874 0.037230 
1518.280187 0.037091 
1517.079500 0.036916 
1515.878813 0.036694 
1514.678126 0.036503 
1513.477439 0.036357 
1512.276752 0.036197 
1511.076065 0.036045 
1509.875378 0.035973 
1508.674692 0.035944 
1507.474005 0.035871 
1506.273318 0.035723 
1505.072631 0.035669 
1503.871944 0.035838 
1502.671257 0.036157 
1501.470570 0.036464 
1500.269883 0.036741 
1499.069196 0.036950 
1497.868510 0.037032 
1496.667823 0.036906 
1495.467136 0.036550 
1494.266449 0.036166 
1493.065762 0.035763 
1491.865075 0.035325 
1490.664388 0.034838 
1489.463701 0.034370 
1488.263014 0.034036 
1487.062327 0.033742 
1485.861641 0.033456 
1484.660954 0.033171 
1483.460267 0.032960 
1482.259580 0.032782 
1481.058893 0.032624 
1479.858206 0.032469 
1478.657519 0.032327 
1477.456832 0.032198 
1476.256145 0.032062 
1475.055458 0.031951 
1473.854772 0.031824 
1472.654085 0.031645 
1471.453398 0.031426 
1470.252711 0.031270 
1469.052024 0.031140 
1467.851337 0.030980 
1466.650650 0.030796 
1465.449963 0.030655 
1464.249276 0.030583 
1463.048590 0.030516 
1461.847903 0.030425 
1460.647216 0.030315 
1459.446529 0.030186 
1458.245842 0.030026 
1457.045155 0.029835 
1455.844468 0.029636 
1454.643781 0.029495 
1453.443094 0.029418 
1452.242407 0.029333 
1451.041721 0.029227 
1449.841034 0.029098 
1448.640347 0.028961 
1447.439660 0.028840 
1446.238973 0.028753 
1445.038286 0.028729 
1443.837599 0.028771 
1442.636912 0.028865 
1441.436225 0.028996 
1440.235539 0.029129 
1439.034852 0.029266 
1437.834165 0.029360 
1436.633478 0.029383 
1435.432791 0.029358 
1434.232104 0.029302 
1433.031417 0.029146 
1431.830730 0.028863 
1430.630043 0.028512 
1429.429356 0.028149 
1428.228670 0.027779 
1427.027983 0.027481 
1425.827296 0.027253 
1424.626609 0.027062 
1423.425922 0.026860 
1422.225235 0.026609 
1421.024548 0.026364 
1419.823861 0.026106 
1418.623174 0.025874 
1417.422487 0.025701 
1416.221801 0.025561 
1415.021114 0.025429 
1413.820427 0.025309 
1412.619740 0.025205 
1411.419053 0.025055 
1410.218366 0.024861 
1409.017679 0.024655 
1407.816992 0.024560 
1406.616305 0.024564 
1405.415619 0.024567 
1404.214932 0.024545 
1403.014245 0.024641 
1401.813558 0.025050 
1400.612871 0.025757 
1399.412184 0.026594 
1398.211497 0.027684 
1397.010810 0.028981 
1395.810123 0.030643 
1394.609436 0.032544 
1393.408750 0.034569 
1392.208063 0.036930 
1391.007376 0.039037 
1389.806689 0.040825 
1388.606002 0.041674 
1387.405315 0.041100 
1386.204628 0.039466 
1385.003941 0.036893 
1383.803254 0.034069 
1382.602568 0.031401 
1381.401881 0.029150 
1380.201194 0.027633 
1379.000507 0.026511 
1377.799820 0.025827 
1376.599133 0.025322 
1375.398446 0.024968 
1374.197759 0.024701 
1372.997072 0.024539 
1371.796385 0.024449 
1370.595699 0.024374 
1369.395012 0.024245 
1368.194325 0.024064 
1366.993638 0.023934 
1365.792951 0.023824 
1364.592264 0.023697 
1363.391577 0.023568 
1362.190890 0.023494 
1360.990203 0.023491 
1359.789517 0.023496 
1358.588830 0.023409 
1357.388143 0.023203 
1356.187456 0.023016 
1354.986769 0.022913 
1353.786082 0.022850 
1352.585395 0.022667 
1351.384708 0.022339 
1350.184021 0.021997 
1348.983334 0.021686 
1347.782648 0.021447 
1346.581961 0.021189 
1345.381274 0.020886 
1344.180587 0.020518 
1342.979900 0.020221 
1341.779213 0.019986 
1340.578526 0.019780 
1339.377839 0.019567 
1338.177152 0.019342 
1336.976465 0.019144 
1335.775779 0.018912 
1334.575092 0.018668 
1333.374405 0.018440 
1332.173718 0.018226 
1330.973031 0.018013 
1329.772344 0.017811 
1328.571657 0.017601 
1327.370970 0.017373 
1326.170283 0.017190 
1324.969597 0.017083 
1323.768910 0.017045 
1322.568223 0.016953 
1321.367536 0.016794 
1320.166849 0.016665 
1318.966162 0.016603 
1317.765475 0.016526 
1316.564788 0.016366 
1315.364101 0.016198 
1314.163414 0.016126 
1312.962728 0.016151 
1311.762041 0.016176 
1310.561354 0.016129 
1309.360667 0.016021 
1308.159980 0.015909 
1306.959293 0.015828 
1305.758606 0.015751 
1304.557919 0.015655 
1303.357232 0.015547 
1302.156546 0.015467 
1300.955859 0.015411 
1299.755172 0.015376 
1298.554485 0.015340 
1297.353798 0.015288 
1296.153111 0.015205 
1294.952424 0.015068 
1293.751737 0.014928 
1292.551050 0.014799 
1291.350363 0.014707 
1290.149677 0.014642 
1288.948990 0.014571 
1287.748303 0.014452 
1286.547616 0.014298 
1285.346929 0.014153 
1284.146242 0.014032 
1282.945555 0.013920 
1281.744868 0.013773 
1280.544181 0.013617 
1279.343494 0.013456 
1278.142808 0.013270 
1276.942121 0.013063 
1275.741434 0.012889 
1274.540747 0.012771 
1273.340060 0.012679 
1272.139373 0.012586 
1270.938686 0.012470 
1269.737999 0.012329 
1268.537312 0.012161 
1267.336626 0.012005 
1266.135939 0.011882 
1264.935252 0.011745 
1263.734565 0.011610 
1262.533878 0.011517 
1261.333191 0.011463 
1260.132504 0.011378 
1258.931817 0.011274 
1257.731130 0.011188 
1256.530443 0.011133 
1255.329757 0.011065 
1254.129070 0.010991 
1252.928383 0.010968 
1251.727696 0.010996 
1250.527009 0.011008 
1249.326322 0.010949 
1248.125635 0.010830 
1246.924948 0.010659 
1245.724261 0.010498 
1244.523575 0.010359 
1243.322888 0.010230 
1242.122201 0.010090 
1240.921514 0.009901 
1239.720827 0.009729 
1238.520140 0.009596 
1237.319453 0.009517 
1236.118766 0.009458 
1234.918079 0.009386 
1233.717392 0.009307 
1232.516706 0.009227 
1231.316019 0.009153 
1230.115332 0.009098 
1228.914645 0.009070 
1227.713958 0.009041 
1226.513271 0.009010 
1225.312584 0.008980 
1224.111897 0.008910 
1222.911210 0.008751 
1221.710524 0.008512 
1220.509837 0.008334 
1219.309150 0.008235 
1218.108463 0.008160 
1216.907776 0.008050 
1215.707089 0.007940 
1214.506402 0.007834 
1213.305715 0.007737 
1212.105028 0.007658 
1210.904341 0.007595 
1209.703655 0.007519 
1208.502968 0.007394 
1207.302281 0.007252 
1206.101594 0.007139 
1204.900907 0.007068 
1203.700220 0.006991 
1202.499533 0.006876 
1201.298846 0.006725 
1200.098159 0.006581 
1198.897472 0.006478 
1197.696786 0.006378 
1196.496099 0.006262 
1195.295412 0.006131 
1194.094725 0.005999 
1192.894038 0.005853 
1191.693351 0.005713 
1190.492664 0.005597 
1189.291977 0.005519 
1188.091290 0.005459 
1186.890604 0.005393 
1185.689917 0.005338 
1184.489230 0.005285 
1183.288543 0.005215 
1182.087856 0.005105 
1180.887169 0.004943 
1179.686482 0.004777 
1178.485795 0.004670 
1177.285108 0.004650 
1176.084421 0.004647 
1174.883735 0.004581 
1173.683048 0.004435 
1172.482361 0.004275 
1171.281674 0.004137 
1170.080987 0.004023 
1168.880300 0.003921 
1167.679613 0.003797 
1166.478926 0.003656 
1165.278239 0.003512 
1164.077553 0.003402 
1162.876866 0.003310 
1161.676179 0.003222 
1160.475492 0.003101 
1159.274805 0.002963 
1158.074118 0.002859 
1156.873431 0.002828 
1155.672744 0.002813 
1154.472057 0.002738 
1153.271370 0.002602 
1152.070684 0.002472 
1150.869997 0.002394 
1149.669310 0.002322 
1148.468623 0.002236 
1147.267936 0.002139 
1146.067249 0.002043 
1144.866562 0.001945 
1143.665875 0.001825 
1142.465188 0.001753 
1141.264502 0.001782 
1140.063815 0.001886 
1138.863128 0.001945 
1137.662441 0.001865 
1136.461754 0.001719 
1135.261067 0.001562 
1134.060380 0.001398 
1132.859693 0.001238 
1131.659006 0.001152 
1130.458319 0.001104 
1129.257633 0.001035 
1128.056946 0.000947 
1126.856259 0.000905 
1125.655572 0.000901 
1124.454885 0.000866 
1123.254198 0.000748 
1122.053511 0.000564 
1120.852824 0.000389 
1119.652137 0.000237 
1118.451450 0.000128 
1117.250764 0.000004 
1116.050077 -0.000152 
1114.849390 -0.000300 
1113.648703 -0.000396 
1112.448016 -0.000383 
1111.247329 -0.000294 
1110.046642 -0.000240 
1108.845955 -0.000357 
1107.645268 -0.000590 
1106.444582 -0.000841 
1105.243895 -0.001052 
1104.043208 -0.001258 
1102.842521 -0.001420 
1101.641834 -0.001426 
1100.441147 -0.001324 
1099.240460 -0.001330 
1098.039773 -0.001562 
1096.839086 -0.001875 
1095.638399 -0.002065 
1094.437713 -0.002077 
1093.237026 -0.002027 
1092.036339 -0.001983 
1090.835652 -0.001933 
1089.634965 -0.001836 
1088.434278 -0.001734 
1087.233591 -0.001698 
1086.032904 -0.001785 
1084.832217 -0.001946 
1083.631531 -0.002062 
1082.430844 -0.002039 
1081.230157 -0.001947 
1080.029470 -0.001884 
1078.828783 -0.001822 
1077.628096 -0.001683 
1076.427409 -0.001461 
1075.226722 -0.001257 
1074.026035 -0.001096 
1072.825348 -0.000933 
1071.624662 -0.000856 
1070.423975 -0.000980 
1069.223288 -0.001322 
1068.022601 -0.001733 
1066.821914 -0.002057 
1065.621227 -0.002285 
1064.420540 -0.002329 
1063.219853 -0.002302 
1062.019166 -0.002346 
1060.818479 -0.002477 
1059.617793 -0.002556 
1058.417106 -0.002510 
1057.216419 -0.002448 
1056.015732 -0.002457 
1054.815045 -0.002514 
1053.614358 -0.002563 
1052.413671 -0.002599 
1051.212984 -0.002591 
1050.012297 -0.002537 
1048.811611 -0.002520 
1047.610924 -0.002566 
1046.410237 -0.002618 
1045.209550 -0.002619 
1044.008863 -0.002633 
1042.808176 -0.002685 
1041.607489 -0.002726 
1040.406802 -0.002730 
1039.206115 -0.002761 
1038.005428 -0.002820 
1036.804742 -0.002828 
1035.604055 -0.002744 
1034.403368 -0.002633 
1033.202681 -0.002552 
1032.001994 -0.002499 
1030.801307 -0.002454 
1029.600620 -0.002404 
1028.399933 -0.002342 
1027.199246 -0.002254 
1025.998560 -0.002182 
1024.797873 -0.002197 
1023.597186 -0.002267 
1022.396499 -0.002328 
1021.195812 -0.002311 
1019.995125 -0.002211 
1018.794438 -0.002099 
1017.593751 -0.002056 
1016.393064 -0.002094 
1015.192377 -0.002110 
1013.991691 -0.001980 
1012.791004 -0.001727 
1011.590317 -0.001482 
1010.389630 -0.001352 
1009.188943 -0.001209 
1007.988256 -0.000964 
1006.787569 -0.000642 
1005.586882 -0.000268 
1004.386195 0.000072 
1003.185509 0.000424 
1001.984822 0.000731 
1000.784135 0.000946 
999.583448 0.001057 
998.382761 0.001052 
997.182074 0.000944 
995.981387 0.000746 
994.780700 0.000516 
993.580013 0.000304 
992.379326 0.000122 
991.178640 -0.000054 
989.977953 -0.000246 
988.777266 -0.000431 
987.576579 -0.000537 
986.375892 -0.000520 
985.175205 -0.000447 
983.974518 -0.000387 
982.773831 -0.000340 
981.573144 -0.000245 
980.372457 -0.000035 
979.171771 0.000281 
977.971084 0.000638 
976.770397 0.000952 
975.569710 0.001208 
974.369023 0.001475 
973.168336 0.001819 
971.967649 0.002252 
970.766962 0.002733 
969.566275 0.003220 
968.365589 0.003722 
967.164902 0.004269 
965.964215 0.004855 
964.763528 0.005451 
963.562841 0.006056 
962.362154 0.006698 
961.161467 0.007361 
959.960780 0.007997 
958.760093 0.008596 
957.559406 0.009220 
956.358720 0.009909 
955.158033 0.010624 
953.957346 0.011342 
952.756659 0.012102 
951.555972 0.012930 
950.355285 0.013717 
949.154598 0.014412 
947.953911 0.015085 
946.753224 0.015886 
945.552538 0.016780 
944.351851 0.017687 
943.151164 0.018555 
941.950477 0.019436 
940.749790 0.020344 
939.549103 0.021252 
938.348416 0.022134 
937.147729 0.023005 
935.947042 0.023932 
934.746355 0.024919 
933.545669 0.025928 
932.344982 0.026878 
931.144295 0.027773 
929.943608 0.028666 
928.742921 0.029605 
927.542234 0.030586 
926.341547 0.031602 
925.140860 0.032593 
923.940173 0.033512 
922.739486 0.034404 
921.538800 0.035363 
920.338113 0.036382 
919.137426 0.037377 
917.936739 0.038317 
916.736052 0.039263 
915.535365 0.040260 
914.334678 0.041271 
913.133991 0.042263 
911.933304 0.043228 
910.732618 0.044183 
909.531931 0.045130 
908.331244 0.046074 
907.130557 0.047015 
905.929870 0.047923 
904.729183 0.048829 
903.528496 0.049773 
902.327809 0.050765 
901.127122 0.051751 
899.926435 0.052730 
898.725749 0.053700 
897.525062 0.054657 
896.324375 0.055581 
895.123688 0.056512 
893.923001 0.057512 
892.722314 0.058582 
891.521627 0.059674 
890.320940 0.060745 
889.120253 0.061824 
887.919567 0.062948 
886.718880 0.064133 
885.518193 0.065332 
884.317506 0.066503 
883.116819 0.067639 
881.916132 0.068849 
880.715445 0.070149 
879.514758 0.071459 
878.314071 0.072730 
877.113384 0.074012 
875.912698 0.075372 
874.712011 0.076777 
873.511324 0.078178 
872.310637 0.079554 
871.109950 0.080949 
869.909263 0.082404 
868.708576 0.083985 
867.507889 0.085657 
866.307202 0.087340 
865.106516 0.089002 
863.905829 0.090720 
862.705142 0.092584 
861.504455 0.094499 
860.303768 0.096403 
859.103081 0.098298 
857.902394 0.100302 
856.701707 0.102449 
855.501020 0.104737 
854.300333 0.107056 
853.099647 0.109427 
851.898960 0.111883 
850.698273 0.114451 
849.497586 0.117088 
848.296899 0.119643 
847.096212 0.122074 
845.895525 0.124301 
844.694838 0.126298 
843.494151 0.127972 
842.293464 0.129303 
841.092778 0.130161 
839.892091 0.130464 
838.691404 0.130280 
837.490717 0.129824 
836.290030 0.129129 
835.089343 0.128172 
833.888656 0.127085 
832.687969 0.126098 
831.487282 0.125286 
830.286596 0.124665 
829.085909 0.124209 
827.885222 0.123854 
826.684535 0.123573 
825.483848 0.123391 
824.283161 0.123342 
823.082474 0.123350 
821.881787 0.123343 
820.681100 0.123389 
819.480413 0.123586 
818.279727 0.123858 
817.079040 0.124115 
815.878353 0.124362 
814.677666 0.124642 
813.476979 0.124975 
812.276292 0.125330 
811.075605 0.125690 
809.874918 0.126004 
808.674231 0.126303 
807.473545 0.126615 
806.272858 0.126956 
805.072171 0.127324 
803.871484 0.127643 
802.670797 0.127918 
801.470110 0.128187 
800.269423 0.128513 
799.068736 0.128882 
797.868049 0.129211 
796.667362 0.129476 
795.466676 0.129764 
794.265989 0.130100 
793.065302 0.130399 
791.864615 0.130618 
790.663928 0.130834 
789.463241 0.131140 
788.262554 0.131434 
787.061867 0.131638 
785.861180 0.131795 
784.660493 0.132039 
783.459807 0.132338 
782.259120 0.132570 
781.058433 0.132727 
779.857746 0.132874 
778.657059 0.133053 
777.456372 0.133224 
776.255685 0.133354 
775.054998 0.133469 
773.854311 0.133594 
772.653625 0.133741 
771.452938 0.133914 
770.252251 0.134056 
769.051564 0.134085 
767.850877 0.134032 
766.650190 0.134020 
765.449503 0.134115 
764.248816 0.134225 
763.048129 0.134282 
761.847442 0.134300 
760.646756 0.134252 
759.446069 0.134124 
758.245382 0.133949 
757.044695 0.133814 
755.844008 0.133731 
754.643321 0.133601 
753.442634 0.133460 
752.241947 0.133392 
751.041260 0.133351 
749.840574 0.133200 
748.639887 0.132994 
747.439200 0.132801 
746.238513 0.132581 
745.037826 0.132282 
743.837139 0.132018 
742.636452 0.131896 
741.435765 0.131778 
740.235078 0.131461 
739.034391 0.131000 
737.833705 0.130578 
736.633018 0.130274 
735.432331 0.130013 
734.231644 0.129695 
733.030957 0.129348 
731.830270 0.129009 
730.629583 0.128635 
729.428896 0.128081 
728.228209 0.127423 
727.027523 0.126898 
725.826836 0.126640 
724.626149 0.126424 
723.425462 0.126083 
722.224775 0.125577 
721.024088 0.124958 
719.823401 0.124280 
718.622714 0.123635 
717.422027 0.123114 
716.221340 0.122699 
715.020654 0.122249 
713.819967 0.121698 
712.619280 0.121053 
711.418593 0.120392 
710.217906 0.119728 
709.017219 0.119041 
707.816532 0.118322 
706.615845 0.117643 
705.415158 0.117043 
704.214471 0.116491 
703.013785 0.115882 
701.813098 0.115146 
700.612411 0.114327 
699.411724 0.113529 
698.211037 0.112822 
697.010350 0.112174 
695.809663 0.111495 
694.608976 0.110771 
693.408289 0.110011 
692.207603 0.109210 
691.006916 0.108409 
689.806229 0.107645 
688.605542 0.106910 
687.404855 0.106134 
686.204168 0.105344 
685.003481 0.104567 
683.802794 0.103784 
682.602107 0.102933 
681.401420 0.102047 
680.200734 0.101195 
679.000047 0.100369 
677.799360 0.099508 
676.598673 0.098617 
675.397986 0.097761 
674.197299 0.096908 
672.996612 0.095994 
671.795925 0.095068 
670.595238 0.094279 
669.394552 0.093632 
668.193865 0.092951 
666.993178 0.092047 
665.792491 0.091034 
664.591804 0.090066 
663.391117 0.089149 
662.190430 0.088254 
660.989743 0.087428 
659.789056 0.086685 
658.588369 0.085821 
657.387683 0.084762 
656.186996 0.083786 
654.986309 0.083078 
653.785622 0.082452 
652.584935 0.081647 
651.384248 0.080767 
650.183561 0.079957 
648.982874 0.079153 
647.782187 0.078221 
646.581501 0.077270 
645.380814 0.076408 
644.180127 0.075661 
642.979440 0.075010 
641.778753 0.074352 
640.578066 0.073524 
639.377379 0.072470 
638.176692 0.071368 
636.976005 0.070450 
635.775318 0.069727 
634.574632 0.069085 
633.373945 0.068411 
632.173258 0.067644 
630.972571 0.066803 
629.771884 0.065917 
628.571197 0.065065 
627.370510 0.064294 
626.169823 0.063567 
624.969136 0.062799 
623.768449 0.062013 
622.567763 0.061312 
621.367076 0.060709 
620.166389 0.060077 
618.965702 0.059301 
617.765015 0.058426 
616.564328 0.057485 
615.363641 0.056480 
614.162954 0.055481 
612.962267 0.054650 
611.761581 0.053961 
610.560894 0.053310 
609.360207 0.052654 
608.159520 0.052017 
606.958833 0.051474 
605.758146 0.051099 
604.557459 0.050815 
603.356772 0.050305 
602.156085 0.049518 
600.955398 0.048742 
599.754712 0.048209 
598.554025 0.047725 
597.353338 0.047102 
596.152651 0.046456 
594.951964 0.045891 
593.751277 0.045316 
592.550590 0.044709 
591.349903 0.044104 
590.149216 0.043374 
588.948530 0.042489 
587.747843 0.041944 
586.547156 0.042097 
585.346469 0.042504 
584.145782 0.042069 
582.945095 0.040782 
581.744408 0.039451 
580.543721 0.038712 
579.343034 0.038419 
578.142347 0.038067 
576.941661 0.037642 
575.740974 0.037262 
574.540287 0.036772 
573.339600 0.036144 
572.138913 0.035684 
570.938226 0.035566 
569.737539 0.035362 
568.536852 0.034651 
567.336165 0.033735 
566.135478 0.033157 
564.934792 0.033001 
563.734105 0.032758 
562.533418 0.032202 
561.332731 0.031498 
560.132044 0.030874 
558.931357 0.030342 
557.730670 0.029883 
556.529983 0.029560 
555.329296 0.029410 
554.128610 0.029208 
552.927923 0.028714 
551.727236 0.027966 
550.526549 0.027283 
549.325862 0.026898 
548.125175 0.026641 
546.924488 0.026316 
545.723801 0.025958 
544.523114 0.025739 
543.322427 0.025567 
542.121741 0.025247 
540.921054 0.024775 
539.720367 0.024344 
538.519680 0.023911 
537.318993 0.023331 
536.118306 0.022774 
534.917619 0.022673 
533.716932 0.022893 
532.516245 0.022929 
531.315559 0.022477 
530.114872 0.021734 
528.914185 0.021065 
527.713498 0.020568 
526.512811 0.020292 
525.312124 0.020214 
524.111437 0.020053 
522.910750 0.019585 
521.710063 0.018907 
520.509376 0.018471 
519.308690 0.018362 
518.108003 0.018214 
516.907316 0.017647 
515.706629 0.016814 
514.505942 0.016278 
513.305255 0.016099 
512.104568 0.015909 
510.903881 0.015493 
509.703194 0.015108 
508.502508 0.014871 
507.301821 0.014621 
506.101134 0.014242 
504.900447 0.013896 
503.699760 0.013664 
502.499073 0.013469 
501.298386 0.013189 
500.097699 0.012852 
498.897012 0.012509 
497.696325 0.012103 
496.495639 0.011452 
495.294952 0.010618 
494.094265 0.009888 
492.893578 0.009364 
491.692891 0.008810 
490.492204 0.008154 
489.291517 0.007736 
488.090830 0.007677 
486.890143 0.007625 
485.689456 0.007185 
484.488770 0.006490 
483.288083 0.005896 
482.087396 0.005703 
480.886709 0.005848 
479.686022 0.005842 
478.485335 0.005332 
477.284648 0.004480 
476.083961 0.003901 
474.883274 0.003706 
473.682588 0.003527 
472.481901 0.003094 
471.281214 0.002705 
470.080527 0.002682 
468.879840 0.002731 
467.679153 0.002285 
466.478466 0.001385 
465.277779 0.000785 
464.077092 0.000610 
462.876405 0.000320 
461.675719 -0.000335 
460.475032 -0.000720 
459.274345 -0.000602 
458.073658 -0.000439 
456.872971 -0.000690 
455.672284 -0.000946 
454.471597 -0.001020 
453.270910 -0.000951 
452.070223 -0.001009 
450.869537 -0.001186 
449.668850 -0.001255 
448.468163 -0.001103 
447.267476 -0.001022 
446.066789 -0.001303 
444.866102 -0.001707 
443.665415 -0.001875 
442.464728 -0.001844 
441.264041 -0.001896 
440.063354 -0.001908 
438.862668 -0.001705 
437.661981 -0.001531 
436.461294 -0.001700 
435.260607 -0.001972 
434.059920 -0.001965 
432.859233 -0.001645 
431.658546 -0.001377 
430.457859 -0.001421 
429.257172 -0.001793 
428.056485 -0.002282 
426.855799 -0.002473 
425.655112 -0.002189 
424.454425 -0.001624 
423.253738 -0.001195 
422.053051 -0.001181 
420.852364 -0.001520 
419.651677 -0.002078 
418.450990 -0.002514 
417.250303 -0.002458 
416.049617 -0.002217 
414.848930 -0.002308 
413.648243 -0.002665 
412.447556 -0.002629 
411.246869 -0.002236 
410.046182 -0.002003 
408.845495 -0.001963 
407.644808 -0.001708 
406.444121 -0.001514 
405.243434 -0.001683 
404.042748 -0.001818 
402.842061 -0.001432 
401.641374 -0.001159 
400.440687 -0.001182 
399.240000 -0.000634 
