4000.100000 0.000714 
3998.899313 0.000403 
3997.698626 0.000074 
3996.497939 -0.000147 
3995.297252 -0.000232 
3994.096566 -0.000209 
3992.895879 -0.000149 
3991.695192 -0.000014 
3990.494505 0.000243 
3989.293818 0.000500 
3988.093131 0.000445 
3986.892444 0.000140 
3985.691757 -0.000072 
3984.491070 -0.000061 
3983.290383 -0.000103 
3982.089697 -0.000245 
3980.889010 -0.000277 
3979.688323 -0.000126 
3978.487636 -0.000112 
3977.286949 -0.000276 
3976.086262 -0.000420 
3974.885575 -0.000345 
3973.684888 -0.000132 
3972.484201 0.000052 
3971.283515 0.000099 
3970.082828 0.000105 
3968.882141 0.000256 
3967.681454 0.000477 
3966.480767 0.000531 
3965.280080 0.000400 
3964.079393 0.000278 
3962.878706 0.000123 
3961.678019 -0.000094 
3960.477332 -0.000127 
3959.276646 0.000364 
3958.075959 0.000894 
3956.875272 0.000971 
3955.674585 0.000658 
3954.473898 0.000411 
3953.273211 0.000358 
3952.072524 0.000320 
3950.871837 0.000303 
3949.671150 0.000446 
3948.470463 0.000603 
3947.269777 0.000520 
3946.069090 0.000141 
3944.868403 -0.000103 
3943.667716 0.000139 
3942.467029 0.000688 
3941.266342 0.001046 
3940.065655 0.000767 
3938.864968 0.000292 
3937.664281 0.000062 
3936.463595 0.000108 
3935.262908 0.000234 
3934.062221 0.000349 
3932.861534 0.000454 
3931.660847 0.000527 
3930.460160 0.000695 
3929.259473 0.000987 
3928.058786 0.001204 
3926.858099 0.001069 
3925.657412 0.000634 
3924.456726 0.000163 
3923.256039 -0.000088 
3922.055352 -0.000017 
3920.854665 0.000345 
3919.653978 0.000689 
3918.453291 0.000832 
3917.252604 0.000865 
3916.051917 0.000926 
3914.851230 0.000930 
3913.650544 0.000839 
3912.449857 0.000747 
3911.249170 0.000726 
3910.048483 0.000705 
3908.847796 0.000596 
3907.647109 0.000404 
3906.446422 0.000260 
3905.245735 0.000403 
3904.045048 0.000711 
3902.844361 0.000825 
3901.643675 0.000519 
3900.442988 0.000126 
3899.242301 -0.000043 
3898.041614 -0.000159 
3896.840927 -0.000247 
3895.640240 0.000017 
3894.439553 0.000638 
3893.238866 0.001059 
3892.038179 0.000994 
3890.837492 0.000820 
3889.636806 0.001031 
3888.436119 0.001464 
3887.235432 0.001636 
3886.034745 0.001378 
3884.834058 0.000932 
3883.633371 0.000483 
3882.432684 0.000121 
3881.231997 0.000031 
3880.031310 0.000279 
3878.830624 0.000650 
3877.629937 0.000757 
3876.429250 0.000681 
3875.228563 0.000825 
3874.027876 0.001078 
3872.827189 0.001008 
3871.626502 0.000600 
3870.425815 0.000363 
3869.225128 0.000475 
3868.024441 0.000659 
3866.823755 0.000574 
3865.623068 0.000402 
3864.422381 0.000470 
3863.221694 0.000773 
3862.021007 0.001004 
3860.820320 0.000883 
3859.619633 0.000640 
3858.418946 0.000573 
3857.218259 0.000842 
3856.017573 0.001223 
3854.816886 0.001446 
3853.616199 0.001249 
3852.415512 0.000829 
3851.214825 0.000683 
3850.014138 0.000797 
3848.813451 0.000893 
3847.612764 0.000879 
3846.412077 0.000828 
3845.211390 0.000708 
3844.010704 0.000563 
3842.810017 0.000601 
3841.609330 0.000802 
3840.408643 0.000969 
3839.207956 0.001020 
3838.007269 0.000947 
3836.806582 0.000705 
3835.605895 0.000473 
3834.405208 0.000581 
3833.204522 0.000950 
3832.003835 0.000996 
3830.803148 0.000648 
3829.602461 0.000335 
3828.401774 0.000401 
3827.201087 0.000664 
3826.000400 0.000677 
3824.799713 0.000443 
3823.599026 0.000353 
3822.398339 0.000649 
3821.197653 0.000968 
3819.996966 0.000971 
3818.796279 0.000839 
3817.595592 0.000904 
3816.394905 0.001013 
3815.194218 0.000991 
3813.993531 0.000956 
3812.792844 0.001082 
3811.592157 0.001229 
3810.391470 0.001244 
3809.190784 0.001120 
3807.990097 0.000784 
3806.789410 0.000308 
3805.588723 -0.000097 
3804.388036 -0.000117 
3803.187349 0.000170 
3801.986662 0.000282 
3800.785975 0.000036 
3799.585288 -0.000214 
3798.384602 0.000042 
3797.183915 0.000743 
3795.983228 0.001172 
3794.782541 0.001019 
3793.581854 0.000617 
3792.381167 0.000599 
3791.180480 0.000910 
3789.979793 0.001038 
3788.779106 0.000704 
3787.578419 0.000323 
3786.377733 0.000288 
3785.177046 0.000544 
3783.976359 0.000801 
3782.775672 0.000852 
3781.574985 0.000850 
3780.374298 0.000970 
3779.173611 0.001159 
3777.972924 0.001124 
3776.772237 0.000869 
3775.571551 0.000680 
3774.370864 0.000670 
3773.170177 0.000607 
3771.969490 0.000432 
3770.768803 0.000309 
3769.568116 0.000312 
3768.367429 0.000293 
3767.166742 0.000184 
3765.966055 0.000019 
3764.765368 -0.000222 
3763.564682 -0.000264 
3762.363995 0.000100 
3761.163308 0.000524 
3759.962621 0.000497 
3758.761934 0.000003 
3757.561247 -0.000332 
3756.360560 -0.000294 
3755.159873 -0.000193 
3753.959186 -0.000253 
3752.758499 -0.000283 
3751.557813 -0.000216 
3750.357126 -0.000237 
3749.156439 -0.000439 
3747.955752 -0.000556 
3746.755065 -0.000365 
3745.554378 0.000044 
3744.353691 0.000308 
3743.153004 0.000108 
3741.952317 -0.000293 
3740.751631 -0.000601 
3739.550944 -0.000743 
3738.350257 -0.000872 
3737.149570 -0.000906 
3735.948883 -0.000629 
3734.748196 -0.000206 
3733.547509 -0.000104 
3732.346822 -0.000552 
3731.146135 -0.001194 
3729.945448 -0.001541 
3728.744762 -0.001464 
3727.544075 -0.001331 
3726.343388 -0.001317 
3725.142701 -0.001330 
3723.942014 -0.001338 
3722.741327 -0.001388 
3721.540640 -0.001529 
3720.339953 -0.001743 
3719.139266 -0.001975 
3717.938580 -0.002060 
3716.737893 -0.002013 
3715.537206 -0.002048 
3714.336519 -0.002376 
3713.135832 -0.002790 
3711.935145 -0.002986 
3710.734458 -0.002931 
3709.533771 -0.002829 
3708.333084 -0.002801 
3707.132397 -0.002719 
3705.931711 -0.002490 
3704.731024 -0.002374 
3703.530337 -0.002555 
3702.329650 -0.002917 
3701.128963 -0.003191 
3699.928276 -0.003267 
3698.727589 -0.003230 
3697.526902 -0.003220 
3696.326215 -0.003408 
3695.125529 -0.003886 
3693.924842 -0.004400 
3692.724155 -0.004580 
3691.523468 -0.004377 
3690.322781 -0.004017 
3689.122094 -0.003703 
3687.921407 -0.003562 
3686.720720 -0.003614 
3685.520033 -0.003777 
3684.319346 -0.003843 
3683.118660 -0.003751 
3681.917973 -0.003553 
3680.717286 -0.003263 
3679.516599 -0.002992 
3678.315912 -0.002774 
3677.115225 -0.002585 
3675.914538 -0.002433 
3674.713851 -0.002554 
3673.513164 -0.002897 
3672.312477 -0.003090 
3671.111791 -0.002886 
3669.911104 -0.002518 
3668.710417 -0.002316 
3667.509730 -0.002160 
3666.309043 -0.001847 
3665.108356 -0.001497 
3663.907669 -0.001365 
3662.706982 -0.001341 
3661.506295 -0.001155 
3660.305609 -0.000820 
3659.104922 -0.000630 
3657.904235 -0.000700 
3656.703548 -0.000880 
3655.502861 -0.000981 
3654.302174 -0.001030 
3653.101487 -0.000988 
3651.900800 -0.000869 
3650.700113 -0.000939 
3649.499426 -0.001437 
3648.298740 -0.002207 
3647.098053 -0.002846 
3645.897366 -0.003239 
3644.696679 -0.003473 
3643.495992 -0.003552 
3642.295305 -0.003383 
3641.094618 -0.003292 
3639.893931 -0.003721 
3638.693244 -0.004536 
3637.492558 -0.005097 
3636.291871 -0.005108 
3635.091184 -0.005020 
3633.890497 -0.005148 
3632.689810 -0.005345 
3631.489123 -0.005280 
3630.288436 -0.005143 
3629.087749 -0.005285 
3627.887062 -0.005818 
3626.686375 -0.006515 
3625.485689 -0.006885 
3624.285002 -0.006828 
3623.084315 -0.006474 
3621.883628 -0.006013 
3620.682941 -0.005682 
3619.482254 -0.005466 
3618.281567 -0.005366 
3617.080880 -0.005312 
3615.880193 -0.005241 
3614.679507 -0.005188 
3613.478820 -0.005085 
3612.278133 -0.004829 
3611.077446 -0.004503 
3609.876759 -0.004308 
3608.676072 -0.004247 
3607.475385 -0.004150 
3606.274698 -0.004026 
3605.074011 -0.004046 
3603.873324 -0.004094 
3602.672638 -0.003838 
3601.471951 -0.003292 
3600.271264 -0.002840 
3599.070577 -0.002782 
3597.869890 -0.002928 
3596.669203 -0.002717 
3595.468516 -0.002008 
3594.267829 -0.001247 
3593.067142 -0.000968 
3591.866455 -0.001071 
3590.665769 -0.000968 
3589.465082 -0.000480 
3588.264395 0.000036 
3587.063708 0.000373 
3585.863021 0.000789 
3584.662334 0.001389 
3583.461647 0.002098 
3582.260960 0.002625 
3581.060273 0.003127 
3579.859587 0.003635 
3578.658900 0.004164 
3577.458213 0.004593 
3576.257526 0.005120 
3575.056839 0.005788 
3573.856152 0.006425 
3572.655465 0.006933 
3571.454778 0.007399 
3570.254091 0.008170 
3569.053404 0.009181 
3567.852718 0.010209 
3566.652031 0.010932 
3565.451344 0.011645 
3564.250657 0.012462 
3563.049970 0.013264 
3561.849283 0.013824 
3560.648596 0.014197 
3559.447909 0.014867 
3558.247222 0.016060 
3557.046536 0.017387 
3555.845849 0.018278 
3554.645162 0.018752 
3553.444475 0.019470 
3552.243788 0.020823 
3551.043101 0.022406 
3549.842414 0.023709 
3548.641727 0.024925 
3547.441040 0.026124 
3546.240353 0.027407 
3545.039667 0.028431 
3543.838980 0.029203 
3542.638293 0.030262 
3541.437606 0.031731 
3540.236919 0.033336 
3539.036232 0.034679 
3537.835545 0.035938 
3536.634858 0.037303 
3535.434171 0.039058 
3534.233484 0.040709 
3533.032798 0.042092 
3531.832111 0.043307 
3530.631424 0.044481 
3529.430737 0.045926 
3528.230050 0.047514 
3527.029363 0.049289 
3525.828676 0.050938 
3524.627989 0.052599 
3523.427302 0.054105 
3522.226616 0.055772 
3521.025929 0.057549 
3519.825242 0.059364 
3518.624555 0.061557 
3517.423868 0.063787 
3516.223181 0.066175 
3515.022494 0.068217 
3513.821807 0.070066 
3512.621120 0.071861 
3511.420433 0.074140 
3510.219747 0.076516 
3509.019060 0.078654 
3507.818373 0.080653 
3506.617686 0.082453 
3505.416999 0.084397 
3504.216312 0.086416 
3503.015625 0.089043 
3501.814938 0.092136 
3500.614251 0.095018 
3499.413565 0.097746 
3498.212878 0.100223 
3497.012191 0.102866 
3495.811504 0.105512 
3494.610817 0.108408 
3493.410130 0.111030 
3492.209443 0.113675 
3491.008756 0.116171 
3489.808069 0.118749 
3488.607382 0.121839 
3487.406696 0.124948 
3486.206009 0.128394 
3485.005322 0.131682 
3483.804635 0.135136 
3482.603948 0.138365 
3481.403261 0.141956 
3480.202574 0.145522 
3479.001887 0.149360 
3477.801200 0.153226 
3476.600514 0.156529 
3475.399827 0.159740 
3474.199140 0.162817 
3472.998453 0.166356 
3471.797766 0.169975 
3470.597079 0.173751 
3469.396392 0.177594 
3468.195705 0.181940 
3466.995018 0.185990 
3465.794331 0.189347 
3464.593645 0.192962 
3463.392958 0.196744 
3462.192271 0.201024 
3460.991584 0.204925 
3459.790897 0.208621 
3458.590210 0.212627 
3457.389523 0.216912 
3456.188836 0.221087 
3454.988149 0.225090 
3453.787462 0.229256 
3452.586776 0.233323 
3451.386089 0.237796 
3450.185402 0.241687 
3448.984715 0.245507 
3447.784028 0.249401 
3446.583341 0.253187 
3445.382654 0.257185 
3444.181967 0.261057 
3442.981280 0.265204 
3441.780594 0.269286 
3440.579907 0.273462 
3439.379220 0.277102 
3438.178533 0.281103 
3436.977846 0.285180 
3435.777159 0.289193 
3434.576472 0.293205 
3433.375785 0.296725 
3432.175098 0.300321 
3430.974411 0.303743 
3429.773725 0.307505 
3428.573038 0.311082 
3427.372351 0.314921 
3426.171664 0.318628 
3424.970977 0.322662 
3423.770290 0.326657 
3422.569603 0.329974 
3421.368916 0.333106 
3420.168229 0.336106 
3418.967543 0.339681 
3417.766856 0.343364 
3416.566169 0.346930 
3415.365482 0.349940 
3414.164795 0.353007 
3412.964108 0.356073 
3411.763421 0.359125 
3410.562734 0.362477 
3409.362047 0.365545 
3408.161360 0.368670 
3406.960674 0.371544 
3405.759987 0.374459 
3404.559300 0.377385 
3403.358613 0.379927 
3402.157926 0.382668 
3400.957239 0.385590 
3399.756552 0.388734 
3398.555865 0.391370 
3397.355178 0.393891 
3396.154491 0.396397 
3394.953805 0.399374 
3393.753118 0.402393 
3392.552431 0.404970 
3391.351744 0.407312 
3390.151057 0.409477 
3388.950370 0.412096 
3387.749683 0.414743 
3386.548996 0.417249 
3385.348309 0.419355 
3384.147623 0.421748 
3382.946936 0.424158 
3381.746249 0.426203 
3380.545562 0.428007 
3379.344875 0.429854 
3378.144188 0.432275 
3376.943501 0.434662 
3375.742814 0.436713 
3374.542127 0.438600 
3373.341440 0.441047 
3372.140754 0.443995 
3370.940067 0.446812 
3369.739380 0.448637 
3368.538693 0.449673 
3367.338006 0.451047 
3366.137319 0.452905 
3364.936632 0.455184 
3363.735945 0.457487 
3362.535258 0.459534 
3361.334572 0.461301 
3360.133885 0.462792 
3358.933198 0.464478 
3357.732511 0.466565 
3356.531824 0.468841 
3355.331137 0.470766 
3354.130450 0.472824 
3352.929763 0.474954 
3351.729076 0.477054 
3350.528389 0.478799 
3349.327703 0.480034 
3348.127016 0.481507 
3346.926329 0.483659 
3345.725642 0.486557 
3344.524955 0.489221 
3343.324268 0.491516 
3342.123581 0.493136 
3340.922894 0.494531 
3339.722207 0.495803 
3338.521521 0.497400 
3337.320834 0.499833 
3336.120147 0.502061 
3334.919460 0.503890 
3333.718773 0.505397 
3332.518086 0.507215 
3331.317399 0.508833 
3330.116712 0.510424 
3328.916025 0.512029 
3327.715338 0.513701 
3326.514652 0.515366 
3325.313965 0.517104 
3324.113278 0.519521 
3322.912591 0.522044 
3321.711904 0.524452 
3320.511217 0.527031 
3319.310530 0.530023 
3318.109843 0.532509 
3316.909156 0.534284 
3315.708469 0.535839 
3314.507783 0.537810 
3313.307096 0.540480 
3312.106409 0.542704 
3310.905722 0.544486 
3309.705035 0.545902 
3308.504348 0.547481 
3307.303661 0.549721 
3306.102974 0.551757 
3304.902287 0.553347 
3303.701601 0.554528 
3302.500914 0.556388 
3301.300227 0.558808 
3300.099540 0.561459 
3298.898853 0.563177 
3297.698166 0.564198 
3296.497479 0.565443 
3295.296792 0.567466 
3294.096105 0.570138 
3292.895418 0.572087 
3291.694732 0.574011 
3290.494045 0.576720 
3289.293358 0.579907 
3288.092671 0.581753 
3286.891984 0.582926 
3285.691297 0.584634 
3284.490610 0.586631 
3283.289923 0.587778 
3282.089236 0.588326 
3280.888550 0.589557 
3279.687863 0.591542 
3278.487176 0.593789 
3277.286489 0.595808 
3276.085802 0.596797 
3274.885115 0.596466 
3273.684428 0.596438 
3272.483741 0.598055 
3271.283054 0.600233 
3270.082367 0.601718 
3268.881681 0.602319 
3267.680994 0.603491 
3266.480307 0.605166 
3265.279620 0.606415 
3264.078933 0.607189 
3262.878246 0.608004 
3261.677559 0.609194 
3260.476872 0.610339 
3259.276185 0.610808 
3258.075498 0.610598 
3256.874812 0.610462 
3255.674125 0.611147 
3254.473438 0.612414 
3253.272751 0.613003 
3252.072064 0.613026 
3250.871377 0.613546 
3249.670690 0.614562 
3248.470003 0.614917 
3247.269316 0.614643 
3246.068630 0.614762 
3244.867943 0.615425 
3243.667256 0.615387 
3242.466569 0.614489 
3241.265882 0.613661 
3240.065195 0.613458 
3238.864508 0.613704 
3237.663821 0.613997 
3236.463134 0.614545 
3235.262447 0.615370 
3234.061761 0.615807 
3232.861074 0.615411 
3231.660387 0.614151 
3230.459700 0.612528 
3229.259013 0.611147 
3228.058326 0.610467 
3226.857639 0.610427 
3225.656952 0.610611 
3224.456265 0.609855 
3223.255579 0.608054 
3222.054892 0.606361 
3220.854205 0.606280 
3219.653518 0.606929 
3218.452831 0.606378 
3217.252144 0.604579 
3216.051457 0.602654 
3214.850770 0.601833 
3213.650083 0.601025 
3212.449396 0.599399 
3211.248710 0.597222 
3210.048023 0.595343 
3208.847336 0.594594 
3207.646649 0.594053 
3206.445962 0.592737 
3205.245275 0.590474 
3204.044588 0.588292 
3202.843901 0.586184 
3201.643214 0.584162 
3200.442528 0.582074 
3199.241841 0.579984 
3198.041154 0.578330 
3196.840467 0.576830 
3195.639780 0.575278 
3194.439093 0.572992 
3193.238406 0.570281 
3192.037719 0.567682 
3190.837032 0.565641 
3189.636345 0.563668 
3188.435659 0.561677 
3187.234972 0.559878 
3186.034285 0.558053 
3184.833598 0.556546 
3183.632911 0.555118 
3182.432224 0.553459 
3181.231537 0.550875 
3180.030850 0.547189 
3178.830163 0.543777 
3177.629476 0.541075 
3176.428790 0.538523 
3175.228103 0.535263 
3174.027416 0.532307 
3172.826729 0.529722 
3171.626042 0.527402 
3170.425355 0.524485 
3169.224668 0.521157 
3168.023981 0.518378 
3166.823294 0.515911 
3165.622608 0.513411 
3164.421921 0.510329 
3163.221234 0.507316 
3162.020547 0.504657 
3160.819860 0.502586 
3159.619173 0.499910 
3158.418486 0.496390 
3157.217799 0.492734 
3156.017112 0.489009 
3154.816425 0.485466 
3153.615739 0.481288 
3152.415052 0.477131 
3151.214365 0.472916 
3150.013678 0.469069 
3148.812991 0.465069 
3147.612304 0.461693 
3146.411617 0.458739 
3145.210930 0.455431 
3144.010243 0.451824 
3142.809557 0.447664 
3141.608870 0.443906 
3140.408183 0.439786 
3139.207496 0.435199 
3138.006809 0.430348 
3136.806122 0.426428 
3135.605435 0.422915 
3134.404748 0.419477 
3133.204061 0.415808 
3132.003374 0.411185 
3130.802688 0.406646 
3129.602001 0.401995 
3128.401314 0.397788 
3127.200627 0.393968 
3125.999940 0.389902 
3124.799253 0.385504 
3123.598566 0.380639 
3122.397879 0.375617 
3121.197192 0.370594 
3119.996506 0.366236 
3118.795819 0.361612 
3117.595132 0.357215 
3116.394445 0.352626 
3115.193758 0.347659 
3113.993071 0.342788 
3112.792384 0.337666 
3111.591697 0.333222 
3110.391010 0.328871 
3109.190323 0.324801 
3107.989637 0.320532 
3106.788950 0.316574 
3105.588263 0.311984 
3104.387576 0.306882 
3103.186889 0.301730 
3101.986202 0.296430 
3100.785515 0.291764 
3099.584828 0.286896 
3098.384141 0.282284 
3097.183454 0.277441 
3095.982768 0.273212 
3094.782081 0.269051 
3093.581394 0.265177 
3092.380707 0.260963 
3091.180020 0.256384 
3089.979333 0.252270 
3088.778646 0.248101 
3087.577959 0.244178 
3086.377272 0.239857 
3085.176586 0.235473 
3083.975899 0.231516 
3082.775212 0.227658 
3081.574525 0.224199 
3080.373838 0.220766 
3079.173151 0.217294 
3077.972464 0.213244 
3076.771777 0.209427 
3075.571090 0.205482 
3074.370403 0.201855 
3073.169717 0.198557 
3071.969030 0.195242 
3070.768343 0.192112 
3069.567656 0.188606 
3068.366969 0.185369 
3067.166282 0.182202 
3065.965595 0.179407 
3064.764908 0.176492 
3063.564221 0.173773 
3062.363535 0.170953 
3061.162848 0.168003 
3059.962161 0.165198 
3058.761474 0.162380 
3057.560787 0.160214 
3056.360100 0.158238 
3055.159413 0.156319 
3053.958726 0.154157 
3052.758039 0.152166 
3051.557352 0.149963 
3050.356666 0.147511 
3049.155979 0.144950 
3047.955292 0.142410 
3046.754605 0.140496 
3045.553918 0.138830 
3044.353231 0.137271 
3043.152544 0.135427 
3041.951857 0.133443 
3040.751170 0.131772 
3039.550483 0.130546 
3038.349797 0.129119 
3037.149110 0.127243 
3035.948423 0.125325 
3034.747736 0.123475 
3033.547049 0.121966 
3032.346362 0.120314 
3031.145675 0.118597 
3029.944988 0.117114 
3028.744301 0.115802 
3027.543615 0.114628 
3026.342928 0.113395 
3025.142241 0.112116 
3023.941554 0.110552 
3022.740867 0.109087 
3021.540180 0.107796 
3020.339493 0.106839 
3019.138806 0.105911 
3017.938119 0.104690 
3016.737432 0.103351 
3015.536746 0.101857 
3014.336059 0.100624 
3013.135372 0.099593 
3011.934685 0.098746 
3010.733998 0.097746 
3009.533311 0.096731 
3008.332624 0.095816 
3007.131937 0.095091 
3005.931250 0.094486 
3004.730564 0.093749 
3003.529877 0.092985 
3002.329190 0.092140 
3001.128503 0.091309 
2999.927816 0.090469 
2998.727129 0.089682 
2997.526442 0.088807 
2996.325755 0.087940 
2995.125068 0.087174 
2993.924381 0.086514 
2992.723695 0.086027 
2991.523008 0.085608 
2990.322321 0.085255 
2989.121634 0.084880 
2987.920947 0.084515 
2986.720260 0.084314 
2985.519573 0.084412 
2984.318886 0.084768 
2983.118199 0.085164 
2981.917513 0.085479 
2980.716826 0.085934 
2979.516139 0.086668 
2978.315452 0.087747 
2977.114765 0.089089 
2975.914078 0.090618 
2974.713391 0.092438 
2973.512704 0.094185 
2972.312017 0.096205 
2971.111330 0.098389 
2969.910644 0.100835 
2968.709957 0.102993 
2967.509270 0.105075 
2966.308583 0.106808 
2965.107896 0.108161 
2963.907209 0.109270 
2962.706522 0.109983 
2961.505835 0.110190 
2960.305148 0.109636 
2959.104461 0.108530 
2957.903775 0.106920 
2956.703088 0.104547 
2955.502401 0.101462 
2954.301714 0.097851 
2953.101027 0.094283 
2951.900340 0.091135 
2950.699653 0.087846 
2949.498966 0.084842 
2948.298279 0.082013 
2947.097593 0.079990 
2945.896906 0.078903 
2944.696219 0.078540 
2943.495532 0.078719 
2942.294845 0.079207 
2941.094158 0.079682 
2939.893471 0.080056 
2938.692784 0.080498 
2937.492097 0.081197 
2936.291410 0.081829 
2935.090724 0.082165 
2933.890037 0.082322 
2932.689350 0.082468 
2931.488663 0.082585 
2930.287976 0.082513 
2929.087289 0.082234 
2927.886602 0.081743 
2926.685915 0.080861 
2925.485228 0.079595 
2924.284542 0.077822 
2923.083855 0.075827 
2921.883168 0.073992 
2920.682481 0.072339 
2919.481794 0.070959 
2918.281107 0.069585 
2917.080420 0.068431 
2915.879733 0.067383 
2914.679046 0.066512 
2913.478359 0.065781 
2912.277673 0.065256 
2911.076986 0.064560 
2909.876299 0.063448 
2908.675612 0.062246 
2907.474925 0.061133 
2906.274238 0.060377 
2905.073551 0.059680 
2903.872864 0.058979 
2902.672177 0.058282 
2901.471490 0.057781 
2900.270804 0.057463 
2899.070117 0.057257 
2897.869430 0.056976 
2896.668743 0.056480 
2895.468056 0.055993 
2894.267369 0.055554 
2893.066682 0.055112 
2891.865995 0.054525 
2890.665308 0.053867 
2889.464622 0.053423 
2888.263935 0.053279 
2887.063248 0.053304 
2885.862561 0.053430 
2884.661874 0.053814 
2883.461187 0.054709 
2882.260500 0.055944 
2881.059813 0.057325 
2879.859126 0.058800 
2878.658439 0.060325 
2877.457753 0.061939 
2876.257066 0.063018 
2875.056379 0.063492 
2873.855692 0.063282 
2872.655005 0.062392 
2871.454318 0.061096 
2870.253631 0.059486 
2869.052944 0.057925 
2867.852257 0.056747 
2866.651571 0.056133 
2865.450884 0.056033 
2864.250197 0.056182 
2863.049510 0.056267 
2861.848823 0.056001 
2860.648136 0.055262 
2859.447449 0.054139 
2858.246762 0.052965 
2857.046075 0.051826 
2855.845388 0.050594 
2854.644702 0.049253 
2853.444015 0.047682 
2852.243328 0.046413 
2851.042641 0.045410 
2849.841954 0.044629 
2848.641267 0.043915 
2847.440580 0.043154 
2846.239893 0.042521 
2845.039206 0.041953 
2843.838520 0.041351 
2842.637833 0.040641 
2841.437146 0.040105 
2840.236459 0.039724 
2839.035772 0.039449 
2837.835085 0.039146 
2836.634398 0.038773 
2835.433711 0.038432 
2834.233024 0.038163 
2833.032337 0.038022 
2831.831651 0.037834 
2830.630964 0.037536 
2829.430277 0.037150 
2828.229590 0.036881 
2827.028903 0.036704 
2825.828216 0.036558 
2824.627529 0.036387 
2823.426842 0.036067 
2822.226155 0.035591 
2821.025468 0.035024 
2819.824782 0.034652 
2818.624095 0.034599 
2817.423408 0.034588 
2816.222721 0.034317 
2815.022034 0.033833 
2813.821347 0.033407 
2812.620660 0.033152 
2811.419973 0.032967 
2810.219286 0.032739 
2809.018600 0.032503 
2807.817913 0.032259 
2806.617226 0.031973 
2805.416539 0.031650 
2804.215852 0.031341 
2803.015165 0.031080 
2801.814478 0.030907 
2800.613791 0.030814 
2799.413104 0.030701 
2798.212417 0.030539 
2797.011731 0.030363 
2795.811044 0.030176 
2794.610357 0.029934 
2793.409670 0.029652 
2792.208983 0.029470 
2791.008296 0.029346 
2789.807609 0.029163 
2788.606922 0.028852 
2787.406235 0.028594 
2786.205549 0.028397 
2785.004862 0.028200 
2783.804175 0.027901 
2782.603488 0.027556 
2781.402801 0.027331 
2780.202114 0.027258 
2779.001427 0.027264 
2777.800740 0.027193 
2776.600053 0.027029 
2775.399366 0.026830 
2774.198680 0.026668 
2772.997993 0.026502 
2771.797306 0.026343 
2770.596619 0.026232 
2769.395932 0.026161 
2768.195245 0.026076 
2766.994558 0.025882 
2765.793871 0.025593 
2764.593184 0.025305 
2763.392497 0.025081 
2762.191811 0.024886 
2760.991124 0.024638 
2759.790437 0.024383 
2758.589750 0.024250 
2757.389063 0.024245 
2756.188376 0.024261 
2754.987689 0.024213 
2753.787002 0.024114 
2752.586315 0.023970 
2751.385629 0.023821 
2750.184942 0.023730 
2748.984255 0.023679 
2747.783568 0.023474 
2746.582881 0.023113 
2745.382194 0.022816 
2744.181507 0.022809 
2742.980820 0.022843 
2741.780133 0.022665 
2740.579446 0.022365 
2739.378760 0.022193 
2738.178073 0.022146 
2736.977386 0.022069 
2735.776699 0.021978 
2734.576012 0.022009 
2733.375325 0.022061 
2732.174638 0.021979 
2730.973951 0.021741 
2729.773264 0.021499 
2728.572578 0.021323 
2727.371891 0.021179 
2726.171204 0.020988 
2724.970517 0.020769 
2723.769830 0.020513 
2722.569143 0.020240 
2721.368456 0.019988 
2720.167769 0.019859 
2718.967082 0.019803 
2717.766395 0.019744 
2716.565709 0.019636 
2715.365022 0.019510 
2714.164335 0.019412 
2712.963648 0.019295 
2711.762961 0.019138 
2710.562274 0.018985 
2709.361587 0.018883 
2708.160900 0.018796 
2706.960213 0.018658 
2705.759527 0.018445 
2704.558840 0.018207 
2703.358153 0.018033 
2702.157466 0.017895 
2700.956779 0.017749 
2699.756092 0.017567 
2698.555405 0.017419 
2697.354718 0.017350 
2696.154031 0.017316 
2694.953344 0.017265 
2693.752658 0.017164 
2692.551971 0.016981 
2691.351284 0.016678 
2690.150597 0.016435 
2688.949910 0.016318 
2687.749223 0.016286 
2686.548536 0.016218 
2685.347849 0.016093 
2684.147162 0.015953 
2682.946475 0.015746 
2681.745789 0.015521 
2680.545102 0.015368 
2679.344415 0.015300 
2678.143728 0.015207 
2676.943041 0.015080 
2675.742354 0.015012 
2674.541667 0.014987 
2673.340980 0.014927 
2672.140293 0.014847 
2670.939607 0.014810 
2669.738920 0.014736 
2668.538233 0.014562 
2667.337546 0.014357 
2666.136859 0.014246 
2664.936172 0.014231 
2663.735485 0.014217 
2662.534798 0.014136 
2661.334111 0.013946 
2660.133424 0.013729 
2658.932738 0.013517 
2657.732051 0.013366 
2656.531364 0.013260 
2655.330677 0.013151 
2654.129990 0.013020 
2652.929303 0.012848 
2651.728616 0.012749 
2650.527929 0.012774 
2649.327242 0.012848 
2648.126556 0.012849 
2646.925869 0.012728 
2645.725182 0.012605 
2644.524495 0.012542 
2643.323808 0.012511 
2642.123121 0.012433 
2640.922434 0.012321 
2639.721747 0.012245 
2638.521060 0.012250 
2637.320373 0.012272 
2636.119687 0.012188 
2634.919000 0.011979 
2633.718313 0.011767 
2632.517626 0.011665 
2631.316939 0.011654 
2630.116252 0.011618 
2628.915565 0.011468 
2627.714878 0.011240 
2626.514191 0.011030 
2625.313505 0.010935 
2624.112818 0.010953 
2622.912131 0.010975 
2621.711444 0.010914 
2620.510757 0.010793 
2619.310070 0.010649 
2618.109383 0.010450 
2616.908696 0.010249 
2615.708009 0.010125 
2614.507322 0.010140 
2613.306636 0.010216 
2612.105949 0.010235 
2610.905262 0.010157 
2609.704575 0.009991 
2608.503888 0.009760 
2607.303201 0.009522 
2606.102514 0.009380 
2604.901827 0.009298 
2603.701140 0.009223 
2602.500453 0.009142 
2601.299767 0.009093 
2600.099080 0.009098 
2598.898393 0.009103 
2597.697706 0.008986 
2596.497019 0.008740 
2595.296332 0.008505 
2594.095645 0.008380 
2592.894958 0.008419 
2591.694271 0.008508 
2590.493585 0.008568 
2589.292898 0.008554 
2588.092211 0.008457 
2586.891524 0.008347 
2585.690837 0.008270 
2584.490150 0.008244 
2583.289463 0.008228 
2582.088776 0.008153 
2580.888089 0.007965 
2579.687402 0.007723 
2578.486716 0.007536 
2577.286029 0.007432 
2576.085342 0.007377 
2574.884655 0.007354 
2573.683968 0.007358 
2572.483281 0.007301 
2571.282594 0.007161 
2570.081907 0.007013 
2568.881220 0.006900 
2567.680534 0.006808 
2566.479847 0.006717 
2565.279160 0.006656 
2564.078473 0.006609 
2562.877786 0.006538 
2561.677099 0.006435 
2560.476412 0.006344 
2559.275725 0.006287 
2558.075038 0.006226 
2556.874351 0.006133 
2555.673665 0.006002 
2554.472978 0.005884 
2553.272291 0.005790 
2552.071604 0.005710 
2550.870917 0.005633 
2549.670230 0.005580 
2548.469543 0.005506 
2547.268856 0.005388 
2546.068169 0.005286 
2544.867482 0.005219 
2543.666796 0.005177 
2542.466109 0.005144 
2541.265422 0.005145 
2540.064735 0.005144 
2538.864048 0.005079 
2537.663361 0.005000 
2536.462674 0.004958 
2535.261987 0.004929 
2534.061300 0.004886 
2532.860614 0.004872 
2531.659927 0.004843 
2530.459240 0.004712 
2529.258553 0.004499 
2528.057866 0.004318 
2526.857179 0.004192 
2525.656492 0.004077 
2524.455805 0.004010 
2523.255118 0.004016 
2522.054431 0.004017 
2520.853745 0.003949 
2519.653058 0.003848 
2518.452371 0.003749 
2517.251684 0.003623 
2516.050997 0.003468 
2514.850310 0.003284 
2513.649623 0.003127 
2512.448936 0.003029 
2511.248249 0.003025 
2510.047563 0.003058 
2508.846876 0.003032 
2507.646189 0.002969 
2506.445502 0.002948 
2505.244815 0.002962 
2504.044128 0.002927 
2502.843441 0.002847 
2501.642754 0.002740 
2500.442067 0.002610 
2499.241380 0.002439 
2498.040694 0.002306 
2496.840007 0.002310 
2495.639320 0.002437 
2494.438633 0.002619 
2493.237946 0.002755 
2492.037259 0.002762 
2490.836572 0.002671 
2489.635885 0.002623 
2488.435198 0.002682 
2487.234512 0.002829 
2486.033825 0.002982 
2484.833138 0.003021 
2483.632451 0.002978 
2482.431764 0.002969 
2481.231077 0.003049 
2480.030390 0.003128 
2478.829703 0.003124 
2477.629016 0.003102 
2476.428329 0.003134 
2475.227643 0.003208 
2474.026956 0.003282 
2472.826269 0.003324 
2471.625582 0.003306 
2470.424895 0.003296 
2469.224208 0.003401 
2468.023521 0.003558 
2466.822834 0.003648 
2465.622147 0.003651 
2464.421460 0.003713 
2463.220774 0.003823 
2462.020087 0.003867 
2460.819400 0.003856 
2459.618713 0.003903 
2458.418026 0.004009 
2457.217339 0.004068 
2456.016652 0.004053 
2454.815965 0.004049 
2453.615278 0.004122 
2452.414592 0.004240 
2451.213905 0.004284 
2450.013218 0.004208 
2448.812531 0.004154 
2447.611844 0.004231 
2446.411157 0.004379 
2445.210470 0.004461 
2444.009783 0.004491 
2442.809096 0.004563 
2441.608409 0.004687 
2440.407723 0.004803 
2439.207036 0.004882 
2438.006349 0.004934 
2436.805662 0.004977 
2435.604975 0.005007 
2434.404288 0.005019 
2433.203601 0.005030 
2432.002914 0.005101 
2430.802227 0.005275 
2429.601541 0.005411 
2428.400854 0.005436 
2427.200167 0.005406 
2425.999480 0.005408 
2424.798793 0.005417 
2423.598106 0.005410 
2422.397419 0.005432 
2421.196732 0.005499 
2419.996045 0.005529 
2418.795358 0.005519 
2417.594672 0.005579 
2416.393985 0.005768 
2415.193298 0.005965 
2413.992611 0.006057 
2412.791924 0.006060 
2411.591237 0.006046 
2410.390550 0.006082 
2409.189863 0.006172 
2407.989176 0.006247 
2406.788489 0.006214 
2405.587803 0.006142 
2404.387116 0.006149 
2403.186429 0.006249 
2401.985742 0.006320 
2400.785055 0.006298 
2399.584368 0.006262 
2398.383681 0.006264 
2397.182994 0.006275 
2395.982307 0.006299 
2394.781621 0.006374 
2393.580934 0.006511 
2392.380247 0.006648 
2391.179560 0.006753 
2389.978873 0.006809 
2388.778186 0.006832 
2387.577499 0.006875 
2386.376812 0.006985 
2385.176125 0.007108 
2383.975438 0.007172 
2382.774752 0.007206 
2381.574065 0.007261 
2380.373378 0.007309 
2379.172691 0.007288 
2377.972004 0.007219 
2376.771317 0.007186 
2375.570630 0.007228 
2374.369943 0.007302 
2373.169256 0.007352 
2371.968570 0.007370 
2370.767883 0.007400 
2369.567196 0.007466 
2368.366509 0.007521 
2367.165822 0.007509 
2365.965135 0.007449 
2364.764448 0.007418 
2363.563761 0.007444 
2362.363074 0.007490 
2361.162387 0.007522 
2359.961701 0.007555 
2358.761014 0.007608 
2357.560327 0.007679 
2356.359640 0.007804 
2355.158953 0.007993 
2353.958266 0.008187 
2352.757579 0.008347 
2351.556892 0.008510 
2350.356205 0.008790 
2349.155519 0.009168 
2347.954832 0.009603 
2346.754145 0.010148 
2345.553458 0.010838 
2344.352771 0.011662 
2343.152084 0.012625 
2341.951397 0.013682 
2340.750710 0.014451 
2339.550023 0.014671 
2338.349336 0.014043 
2337.148650 0.012923 
2335.947963 0.011826 
2334.747276 0.011110 
2333.546589 0.010697 
2332.345902 0.010491 
2331.145215 0.010380 
2329.944528 0.010354 
2328.743841 0.010386 
2327.543154 0.010439 
2326.342467 0.010526 
2325.141781 0.010633 
2323.941094 0.010728 
2322.740407 0.010819 
2321.539720 0.010908 
2320.339033 0.010980 
2319.138346 0.011005 
2317.937659 0.011027 
2316.736972 0.011085 
2315.536285 0.011182 
2314.335599 0.011295 
2313.134912 0.011407 
2311.934225 0.011471 
2310.733538 0.011503 
2309.532851 0.011594 
2308.332164 0.011773 
2307.131477 0.011989 
2305.930790 0.012178 
2304.730103 0.012311 
2303.529416 0.012336 
2302.328730 0.012323 
2301.128043 0.012397 
2299.927356 0.012587 
2298.726669 0.012777 
2297.525982 0.012858 
2296.325295 0.012952 
2295.124608 0.013153 
2293.923921 0.013414 
2292.723234 0.013623 
2291.522548 0.013744 
2290.321861 0.013815 
2289.121174 0.013861 
2287.920487 0.013909 
2286.719800 0.013971 
2285.519113 0.014073 
2284.318426 0.014201 
2283.117739 0.014361 
2281.917052 0.014547 
2280.716365 0.014742 
2279.515679 0.014942 
2278.314992 0.015118 
2277.114305 0.015296 
2275.913618 0.015459 
2274.712931 0.015575 
2273.512244 0.015608 
2272.311557 0.015619 
2271.110870 0.015685 
2269.910183 0.015840 
2268.709496 0.016053 
2267.508810 0.016250 
2266.308123 0.016459 
2265.107436 0.016648 
2263.906749 0.016788 
2262.706062 0.016855 
2261.505375 0.016940 
2260.304688 0.017115 
2259.104001 0.017339 
2257.903314 0.017511 
2256.702628 0.017618 
2255.501941 0.017743 
2254.301254 0.017906 
2253.100567 0.018101 
2251.899880 0.018272 
2250.699193 0.018367 
2249.498506 0.018402 
2248.297819 0.018476 
2247.097132 0.018628 
2245.896445 0.018797 
2244.695759 0.018946 
2243.495072 0.019088 
2242.294385 0.019254 
2241.093698 0.019380 
2239.893011 0.019441 
2238.692324 0.019507 
2237.491637 0.019624 
2236.290950 0.019822 
2235.090263 0.020025 
2233.889577 0.020152 
2232.688890 0.020166 
2231.488203 0.020167 
2230.287516 0.020275 
2229.086829 0.020435 
2227.886142 0.020556 
2226.685455 0.020636 
2225.484768 0.020749 
2224.284081 0.020880 
2223.083394 0.021015 
2221.882708 0.021135 
2220.682021 0.021220 
2219.481334 0.021236 
2218.280647 0.021209 
2217.079960 0.021203 
2215.879273 0.021270 
2214.678586 0.021405 
2213.477899 0.021520 
2212.277212 0.021580 
2211.076526 0.021599 
2209.875839 0.021644 
2208.675152 0.021671 
2207.474465 0.021624 
2206.273778 0.021571 
2205.073091 0.021590 
2203.872404 0.021618 
2202.671717 0.021570 
2201.471030 0.021482 
2200.270343 0.021450 
2199.069657 0.021457 
2197.868970 0.021470 
2196.668283 0.021498 
2195.467596 0.021509 
2194.266909 0.021450 
2193.066222 0.021344 
2191.865535 0.021274 
2190.664848 0.021284 
2189.464161 0.021329 
2188.263474 0.021346 
2187.062788 0.021273 
2185.862101 0.021131 
2184.661414 0.021028 
2183.460727 0.021009 
2182.260040 0.021014 
2181.059353 0.020964 
2179.858666 0.020855 
2178.657979 0.020721 
2177.457292 0.020578 
2176.256606 0.020480 
2175.055919 0.020380 
2173.855232 0.020251 
2172.654545 0.020138 
2171.453858 0.020084 
2170.253171 0.020038 
2169.052484 0.019935 
2167.851797 0.019811 
2166.651110 0.019697 
2165.450423 0.019561 
2164.249737 0.019353 
2163.049050 0.019153 
2161.848363 0.019025 
2160.647676 0.018957 
2159.446989 0.018912 
2158.246302 0.018850 
2157.045615 0.018751 
2155.844928 0.018636 
2154.644241 0.018553 
2153.443555 0.018487 
2152.242868 0.018346 
2151.042181 0.018127 
2149.841494 0.017901 
2148.640807 0.017731 
2147.440120 0.017581 
2146.239433 0.017441 
2145.038746 0.017257 
2143.838059 0.016996 
2142.637372 0.016673 
2141.436686 0.016373 
2140.235999 0.016213 
2139.035312 0.016153 
2137.834625 0.016125 
2136.633938 0.016042 
2135.433251 0.015882 
2134.232564 0.015648 
2133.031877 0.015459 
2131.831190 0.015374 
2130.630504 0.015338 
2129.429817 0.015266 
2128.229130 0.015109 
2127.028443 0.014924 
2125.827756 0.014738 
2124.627069 0.014578 
2123.426382 0.014450 
2122.225695 0.014352 
2121.025008 0.014239 
2119.824321 0.014085 
2118.623635 0.013882 
2117.422948 0.013642 
2116.222261 0.013474 
2115.021574 0.013366 
2113.820887 0.013270 
2112.620200 0.013125 
2111.419513 0.012954 
2110.218826 0.012793 
2109.018139 0.012636 
2107.817452 0.012469 
2106.616766 0.012308 
2105.416079 0.012178 
2104.215392 0.012045 
2103.014705 0.011917 
2101.814018 0.011781 
2100.613331 0.011637 
2099.412644 0.011488 
2098.211957 0.011319 
2097.011270 0.011174 
2095.810584 0.011065 
2094.609897 0.010976 
2093.409210 0.010840 
2092.208523 0.010700 
2091.007836 0.010612 
2089.807149 0.010593 
2088.606462 0.010548 
2087.405775 0.010396 
2086.205088 0.010214 
2085.004401 0.010056 
2083.803715 0.009953 
2082.603028 0.009859 
2081.402341 0.009776 
2080.201654 0.009685 
2079.000967 0.009573 
2077.800280 0.009446 
2076.599593 0.009359 
2075.398906 0.009315 
2074.198219 0.009235 
2072.997533 0.009102 
2071.796846 0.008982 
2070.596159 0.008930 
2069.395472 0.008893 
2068.194785 0.008807 
2066.994098 0.008682 
2065.793411 0.008558 
2064.592724 0.008440 
2063.392037 0.008310 
2062.191350 0.008219 
2060.990664 0.008164 
2059.789977 0.008129 
2058.589290 0.008076 
2057.388603 0.007990 
2056.187916 0.007881 
2054.987229 0.007782 
2053.786542 0.007714 
2052.585855 0.007656 
2051.385168 0.007566 
2050.184481 0.007400 
2048.983795 0.007216 
2047.783108 0.007063 
2046.582421 0.006961 
2045.381734 0.006893 
2044.181047 0.006827 
2042.980360 0.006766 
2041.779673 0.006691 
2040.578986 0.006613 
2039.378299 0.006545 
2038.177613 0.006489 
2036.976926 0.006417 
2035.776239 0.006358 
2034.575552 0.006346 
2033.374865 0.006326 
2032.174178 0.006237 
2030.973491 0.006071 
2029.772804 0.005936 
2028.572117 0.005873 
2027.371430 0.005852 
2026.170744 0.005820 
2024.970057 0.005749 
2023.769370 0.005655 
2022.568683 0.005546 
2021.367996 0.005433 
2020.167309 0.005315 
2018.966622 0.005225 
2017.765935 0.005141 
2016.565248 0.005071 
2015.364562 0.005031 
2014.163875 0.005012 
2012.963188 0.004962 
2011.762501 0.004868 
2010.561814 0.004765 
2009.361127 0.004671 
2008.160440 0.004612 
2006.959753 0.004599 
2005.759066 0.004614 
2004.558379 0.004566 
2003.357693 0.004432 
2002.157006 0.004310 
2000.956319 0.004262 
1999.755632 0.004276 
1998.554945 0.004256 
1997.354258 0.004175 
1996.153571 0.004057 
1994.952884 0.003985 
1993.752197 0.003962 
1992.551511 0.003944 
1991.350824 0.003902 
1990.150137 0.003861 
1988.949450 0.003850 
1987.748763 0.003820 
1986.548076 0.003739 
1985.347389 0.003629 
1984.146702 0.003563 
1982.946015 0.003541 
1981.745328 0.003539 
1980.544642 0.003524 
1979.343955 0.003466 
1978.143268 0.003382 
1976.942581 0.003300 
1975.741894 0.003258 
1974.541207 0.003225 
1973.340520 0.003182 
1972.139833 0.003136 
1970.939146 0.003095 
1969.738459 0.003037 
1968.537773 0.002958 
1967.337086 0.002889 
1966.136399 0.002862 
1964.935712 0.002869 
1963.735025 0.002873 
1962.534338 0.002861 
1961.333651 0.002836 
1960.132964 0.002794 
1958.932277 0.002749 
1957.731591 0.002717 
1956.530904 0.002707 
1955.330217 0.002676 
1954.129530 0.002604 
1952.928843 0.002495 
1951.728156 0.002394 
1950.527469 0.002326 
1949.326782 0.002306 
1948.126095 0.002314 
1946.925408 0.002295 
1945.724722 0.002227 
1944.524035 0.002162 
1943.323348 0.002130 
1942.122661 0.002089 
1940.921974 0.002013 
1939.721287 0.001963 
1938.520600 0.001986 
1937.319913 0.002042 
1936.119226 0.002052 
1934.918540 0.002010 
1933.717853 0.001949 
1932.517166 0.001897 
1931.316479 0.001835 
1930.115792 0.001754 
1928.915105 0.001707 
1927.714418 0.001740 
1926.513731 0.001819 
1925.313044 0.001843 
1924.112357 0.001797 
1922.911671 0.001748 
1921.710984 0.001768 
1920.510297 0.001800 
1919.309610 0.001768 
1918.108923 0.001674 
1916.908236 0.001594 
1915.707549 0.001596 
1914.506862 0.001623 
1913.306175 0.001605 
1912.105488 0.001561 
1910.904802 0.001572 
1909.704115 0.001612 
1908.503428 0.001591 
1907.302741 0.001488 
1906.102054 0.001382 
1904.901367 0.001335 
1903.700680 0.001322 
1902.499993 0.001333 
1901.299306 0.001373 
1900.098620 0.001413 
1898.897933 0.001420 
1897.697246 0.001394 
1896.496559 0.001387 
1895.295872 0.001400 
1894.095185 0.001386 
1892.894498 0.001326 
1891.693811 0.001282 
1890.493124 0.001276 
1889.292437 0.001264 
1888.091751 0.001226 
1886.891064 0.001221 
1885.690377 0.001263 
1884.489690 0.001305 
1883.289003 0.001315 
1882.088316 0.001306 
1880.887629 0.001298 
1879.686942 0.001298 
1878.486255 0.001309 
1877.285569 0.001285 
1876.084882 0.001187 
1874.884195 0.001077 
1873.683508 0.001072 
1872.482821 0.001195 
1871.282134 0.001303 
1870.081447 0.001307 
1868.880760 0.001242 
1867.680073 0.001193 
1866.479386 0.001182 
1865.278700 0.001196 
1864.078013 0.001205 
1862.877326 0.001181 
1861.676639 0.001148 
1860.475952 0.001150 
1859.275265 0.001195 
1858.074578 0.001230 
1856.873891 0.001220 
1855.673204 0.001200 
1854.472518 0.001194 
1853.271831 0.001195 
1852.071144 0.001197 
1850.870457 0.001222 
1849.669770 0.001275 
1848.469083 0.001305 
1847.268396 0.001291 
1846.067709 0.001260 
1844.867022 0.001265 
1843.666335 0.001311 
1842.465649 0.001356 
1841.264962 0.001385 
1840.064275 0.001405 
1838.863588 0.001425 
1837.662901 0.001441 
1836.462214 0.001465 
1835.261527 0.001504 
1834.060840 0.001552 
1832.860153 0.001581 
1831.659466 0.001589 
1830.458780 0.001601 
1829.258093 0.001632 
1828.057406 0.001677 
1826.856719 0.001710 
1825.656032 0.001703 
1824.455345 0.001651 
1823.254658 0.001626 
1822.053971 0.001695 
1820.853284 0.001820 
1819.652598 0.001928 
1818.451911 0.001978 
1817.251224 0.002034 
1816.050537 0.002098 
1814.849850 0.002128 
1813.649163 0.002101 
1812.448476 0.002091 
1811.247789 0.002156 
1810.047102 0.002282 
1808.846415 0.002408 
1807.645729 0.002471 
1806.445042 0.002498 
1805.244355 0.002540 
1804.043668 0.002625 
1802.842981 0.002703 
1801.642294 0.002760 
1800.441607 0.002807 
1799.240920 0.002869 
1798.040233 0.002922 
1796.839547 0.002953 
1795.638860 0.003005 
1794.438173 0.003108 
1793.237486 0.003235 
1792.036799 0.003333 
1790.836112 0.003407 
1789.635425 0.003503 
1788.434738 0.003637 
1787.234051 0.003764 
1786.033364 0.003856 
1784.832678 0.003956 
1783.631991 0.004092 
1782.431304 0.004286 
1781.230617 0.004490 
1780.029930 0.004650 
1778.829243 0.004746 
1777.628556 0.004798 
1776.427869 0.004865 
1775.227182 0.004985 
1774.026495 0.005155 
1772.825809 0.005316 
1771.625122 0.005479 
1770.424435 0.005644 
1769.223748 0.005833 
1768.023061 0.006029 
1766.822374 0.006220 
1765.621687 0.006448 
1764.421000 0.006685 
1763.220313 0.006955 
1762.019627 0.007239 
1760.818940 0.007539 
1759.618253 0.007762 
1758.417566 0.007964 
1757.216879 0.008194 
1756.016192 0.008485 
1754.815505 0.008875 
1753.614818 0.009246 
1752.414131 0.009607 
1751.213444 0.009928 
1750.012758 0.010267 
1748.812071 0.010669 
1747.611384 0.011093 
1746.410697 0.011526 
1745.210010 0.012020 
1744.009323 0.012572 
1742.808636 0.013064 
1741.607949 0.013548 
1740.407262 0.013993 
1739.206576 0.014494 
1738.005889 0.015054 
1736.805202 0.015628 
1735.604515 0.016252 
1734.403828 0.016844 
1733.203141 0.017466 
1732.002454 0.018144 
1730.801767 0.018981 
1729.601080 0.019761 
1728.400393 0.020580 
1727.199707 0.021419 
1725.999020 0.022304 
1724.798333 0.023280 
1723.597646 0.024195 
1722.396959 0.025189 
1721.196272 0.026143 
1719.995585 0.027124 
1718.794898 0.028003 
1717.594211 0.028960 
1716.393525 0.029951 
1715.192838 0.031084 
1713.992151 0.032302 
1712.791464 0.033459 
1711.590777 0.034690 
1710.390090 0.035774 
1709.189403 0.036848 
1707.988716 0.037843 
1706.788029 0.038780 
1705.587342 0.039513 
1704.386656 0.040168 
1703.185969 0.040714 
1701.985282 0.041114 
1700.784595 0.041476 
1699.583908 0.041885 
1698.383221 0.042464 
1697.182534 0.043046 
1695.981847 0.043511 
1694.781160 0.044018 
1693.580473 0.044703 
1692.379787 0.045430 
1691.179100 0.046014 
1689.978413 0.046513 
1688.777726 0.046987 
1687.577039 0.047497 
1686.376352 0.047881 
1685.175665 0.048241 
1683.974978 0.048653 
1682.774291 0.049141 
1681.573605 0.049774 
1680.372918 0.050325 
1679.172231 0.050722 
1677.971544 0.051012 
1676.770857 0.051350 
1675.570170 0.051693 
1674.369483 0.052036 
1673.168796 0.052354 
1671.968109 0.052671 
1670.767422 0.052970 
1669.566736 0.053199 
1668.366049 0.053410 
1667.165362 0.053622 
1665.964675 0.053863 
1664.763988 0.054070 
1663.563301 0.054248 
1662.362614 0.054375 
1661.161927 0.054510 
1659.961240 0.054664 
1658.760554 0.054787 
1657.559867 0.054885 
1656.359180 0.054971 
1655.158493 0.055040 
1653.957806 0.055062 
1652.757119 0.055023 
1651.556432 0.055019 
1650.355745 0.055243 
1649.155058 0.055548 
1647.954371 0.055725 
1646.753685 0.055742 
1645.552998 0.055703 
1644.352311 0.055702 
1643.151624 0.055737 
1641.950937 0.055700 
1640.750250 0.055582 
1639.549563 0.055480 
1638.348876 0.055438 
1637.148189 0.055392 
1635.947503 0.055240 
1634.746816 0.055006 
1633.546129 0.054777 
1632.345442 0.054669 
1631.144755 0.054561 
1629.944068 0.054379 
1628.743381 0.054142 
1627.542694 0.053886 
1626.342007 0.053695 
1625.141320 0.053521 
1623.940634 0.053316 
1622.739947 0.052994 
1621.539260 0.052660 
1620.338573 0.052347 
1619.137886 0.052084 
1617.937199 0.051795 
1616.736512 0.051480 
1615.535825 0.051240 
1614.335138 0.051071 
1613.134451 0.050930 
1611.933765 0.050742 
1610.733078 0.050591 
1609.532391 0.050517 
1608.331704 0.050431 
1607.131017 0.050250 
1605.930330 0.050024 
1604.729643 0.049836 
1603.528956 0.049661 
1602.328269 0.049513 
1601.127583 0.049389 
1599.926896 0.049278 
1598.726209 0.049124 
1597.525522 0.048910 
1596.324835 0.048711 
1595.124148 0.048534 
1593.923461 0.048356 
1592.722774 0.048172 
1591.522087 0.048033 
1590.321400 0.047919 
1589.120714 0.047838 
1587.920027 0.047761 
1586.719340 0.047647 
1585.518653 0.047492 
1584.317966 0.047310 
1583.117279 0.047167 
1581.916592 0.047029 
1580.715905 0.046882 
1579.515218 0.046696 
1578.314532 0.046494 
1577.113845 0.046268 
1575.913158 0.046073 
1574.712471 0.045944 
1573.511784 0.045893 
1572.311097 0.045879 
1571.110410 0.045846 
1569.909723 0.045745 
1568.709036 0.045517 
1567.508349 0.045297 
1566.307663 0.045124 
1565.106976 0.044999 
1563.906289 0.044878 
1562.705602 0.044776 
1561.504915 0.044683 
1560.304228 0.044540 
1559.103541 0.044351 
1557.902854 0.044111 
1556.702167 0.043962 
1555.501480 0.043911 
1554.300794 0.043830 
1553.100107 0.043714 
1551.899420 0.043617 
1550.698733 0.043536 
1549.498046 0.043421 
1548.297359 0.043297 
1547.096672 0.043174 
1545.895985 0.043081 
1544.695298 0.043010 
1543.494612 0.042904 
1542.293925 0.042735 
1541.093238 0.042498 
1539.892551 0.042278 
1538.691864 0.042102 
1537.491177 0.042028 
1536.290490 0.042022 
1535.089803 0.041991 
1533.889116 0.041916 
1532.688429 0.041803 
1531.487743 0.041664 
1530.287056 0.041493 
1529.086369 0.041349 
1527.885682 0.041255 
1526.684995 0.041201 
1525.484308 0.041107 
1524.283621 0.040943 
1523.082934 0.040749 
1521.882247 0.040617 
1520.681561 0.040568 
1519.480874 0.040535 
1518.280187 0.040464 
1517.079500 0.040333 
1515.878813 0.040206 
1514.678126 0.040106 
1513.477439 0.039980 
1512.276752 0.039813 
1511.076065 0.039685 
1509.875378 0.039637 
1508.674692 0.039569 
1507.474005 0.039408 
1506.273318 0.039137 
1505.072631 0.038917 
1503.871944 0.038839 
1502.671257 0.038814 
1501.470570 0.038729 
1500.269883 0.038597 
1499.069196 0.038508 
1497.868510 0.038431 
1496.667823 0.038318 
1495.467136 0.038143 
1494.266449 0.038000 
1493.065762 0.037907 
1491.865075 0.037848 
1490.664388 0.037769 
1489.463701 0.037628 
1488.263014 0.037458 
1487.062327 0.037275 
1485.861641 0.037135 
1484.660954 0.037032 
1483.460267 0.036959 
1482.259580 0.036876 
1481.058893 0.036782 
1479.858206 0.036696 
1478.657519 0.036684 
1477.456832 0.036842 
1476.256145 0.037348 
1475.055458 0.038291 
1473.854772 0.039951 
1472.654085 0.042249 
1471.453398 0.044716 
1470.252711 0.046055 
1469.052024 0.046207 
1467.851337 0.045688 
1466.650650 0.045380 
1465.449963 0.045666 
1464.249276 0.046125 
1463.048590 0.046508 
1461.847903 0.046693 
1460.647216 0.046646 
1459.446529 0.046271 
1458.245842 0.045571 
1457.045155 0.044759 
1455.844468 0.044003 
1454.643781 0.043379 
1453.443094 0.042846 
1452.242407 0.042182 
1451.041721 0.041458 
1449.841034 0.040679 
1448.640347 0.039921 
1447.439660 0.039238 
1446.238973 0.038625 
1445.038286 0.038191 
1443.837599 0.037822 
1442.636912 0.037485 
1441.436225 0.037152 
1440.235539 0.036907 
1439.034852 0.036703 
1437.834165 0.036504 
1436.633478 0.036270 
1435.432791 0.036022 
1434.232104 0.035812 
1433.031417 0.035599 
1431.830730 0.035423 
1430.630043 0.035284 
1429.429356 0.035139 
1428.228670 0.034941 
1427.027983 0.034771 
1425.827296 0.034678 
1424.626609 0.034644 
1423.425922 0.034623 
1422.225235 0.034589 
1421.024548 0.034508 
1419.823861 0.034335 
1418.623174 0.034115 
1417.422487 0.033941 
1416.221801 0.033850 
1415.021114 0.033752 
1413.820427 0.033582 
1412.619740 0.033377 
1411.419053 0.033204 
1410.218366 0.033074 
1409.017679 0.032894 
1407.816992 0.032665 
1406.616305 0.032470 
1405.415619 0.032365 
1404.214932 0.032306 
1403.014245 0.032200 
1401.813558 0.032033 
1400.612871 0.031833 
1399.412184 0.031663 
1398.211497 0.031550 
1397.010810 0.031509 
1395.810123 0.031436 
1394.609436 0.031274 
1393.408750 0.031068 
1392.208063 0.030884 
1391.007376 0.030744 
1389.806689 0.030568 
1388.606002 0.030350 
1387.405315 0.030121 
1386.204628 0.030018 
1385.003941 0.030119 
1383.803254 0.030482 
1382.602568 0.031205 
1381.401881 0.032336 
1380.201194 0.033645 
1379.000507 0.035013 
1377.799820 0.035708 
1376.599133 0.035646 
1375.398446 0.034870 
1374.197759 0.033644 
1372.997072 0.032497 
1371.796385 0.031521 
1370.595699 0.030766 
1369.395012 0.030196 
1368.194325 0.029716 
1366.993638 0.029378 
1365.792951 0.029085 
1364.592264 0.028831 
1363.391577 0.028631 
1362.190890 0.028481 
1360.990203 0.028338 
1359.789517 0.028178 
1358.588830 0.028037 
1357.388143 0.027948 
1356.187456 0.027909 
1354.986769 0.027889 
1353.786082 0.027888 
1352.585395 0.027911 
1351.384708 0.027931 
1350.184021 0.027894 
1348.983334 0.027727 
1347.782648 0.027459 
1346.581961 0.027180 
1345.381274 0.026970 
1344.180587 0.026773 
1342.979900 0.026551 
1341.779213 0.026293 
1340.578526 0.026073 
1339.377839 0.025904 
1338.177152 0.025719 
1336.976465 0.025545 
1335.775779 0.025395 
1334.575092 0.025263 
1333.374405 0.025053 
1332.173718 0.024774 
1330.973031 0.024551 
1329.772344 0.024442 
1328.571657 0.024342 
1327.370970 0.024189 
1326.170283 0.024060 
1324.969597 0.023992 
1323.768910 0.023949 
1322.568223 0.023863 
1321.367536 0.023747 
1320.166849 0.023618 
1318.966162 0.023447 
1317.765475 0.023273 
1316.564788 0.023138 
1315.364101 0.023044 
1314.163414 0.022922 
1312.962728 0.022774 
1311.762041 0.022616 
1310.561354 0.022495 
1309.360667 0.022404 
1308.159980 0.022304 
1306.959293 0.022209 
1305.758606 0.022130 
1304.557919 0.022066 
1303.357232 0.021948 
1302.156546 0.021796 
1300.955859 0.021658 
1299.755172 0.021604 
1298.554485 0.021560 
1297.353798 0.021472 
1296.153111 0.021372 
1294.952424 0.021361 
1293.751737 0.021539 
1292.551050 0.021865 
1291.350363 0.022113 
1290.149677 0.022036 
1288.948990 0.021686 
1287.748303 0.021270 
1286.547616 0.020927 
1285.346929 0.020629 
1284.146242 0.020331 
1282.945555 0.020131 
1281.744868 0.019992 
1280.544181 0.019853 
1279.343494 0.019667 
1278.142808 0.019479 
1276.942121 0.019321 
1275.741434 0.019191 
1274.540747 0.019060 
1273.340060 0.018906 
1272.139373 0.018746 
1270.938686 0.018586 
1269.737999 0.018468 
1268.537312 0.018340 
1267.336626 0.018185 
1266.135939 0.018030 
1264.935252 0.017888 
1263.734565 0.017794 
1262.533878 0.017752 
1261.333191 0.017743 
1260.132504 0.017688 
1258.931817 0.017575 
1257.731130 0.017441 
1256.530443 0.017337 
1255.329757 0.017233 
1254.129070 0.017094 
1252.928383 0.016963 
1251.727696 0.016850 
1250.527009 0.016768 
1249.326322 0.016681 
1248.125635 0.016593 
1246.924948 0.016492 
1245.724261 0.016400 
1244.523575 0.016318 
1243.322888 0.016237 
1242.122201 0.016143 
1240.921514 0.016026 
1239.720827 0.015942 
1238.520140 0.015884 
1237.319453 0.015822 
1236.118766 0.015724 
1234.918079 0.015608 
1233.717392 0.015530 
1232.516706 0.015487 
1231.316019 0.015430 
1230.115332 0.015325 
1228.914645 0.015228 
1227.713958 0.015153 
1226.513271 0.015087 
1225.312584 0.014984 
1224.111897 0.014857 
1222.911210 0.014741 
1221.710524 0.014591 
1220.509837 0.014401 
1219.309150 0.014238 
1218.108463 0.014195 
1216.907776 0.014225 
1215.707089 0.014178 
1214.506402 0.014013 
1213.305715 0.013829 
1212.105028 0.013704 
1210.904341 0.013610 
1209.703655 0.013513 
1208.502968 0.013410 
1207.302281 0.013325 
1206.101594 0.013236 
1204.900907 0.013129 
1203.700220 0.012987 
1202.499533 0.012839 
1201.298846 0.012702 
1200.098159 0.012573 
1198.897472 0.012459 
1197.696786 0.012336 
1196.496099 0.012222 
1195.295412 0.012096 
1194.094725 0.011956 
1192.894038 0.011816 
1191.693351 0.011729 
1190.492664 0.011677 
1189.291977 0.011629 
1188.091290 0.011558 
1186.890604 0.011465 
1185.689917 0.011401 
1184.489230 0.011362 
1183.288543 0.011318 
1182.087856 0.011215 
1180.887169 0.011048 
1179.686482 0.010879 
1178.485795 0.010744 
1177.285108 0.010636 
1176.084421 0.010544 
1174.883735 0.010481 
1173.683048 0.010430 
1172.482361 0.010370 
1171.281674 0.010278 
1170.080987 0.010159 
1168.880300 0.010027 
1167.679613 0.009881 
1166.478926 0.009772 
1165.278239 0.009695 
1164.077553 0.009628 
1162.876866 0.009534 
1161.676179 0.009435 
1160.475492 0.009343 
1159.274805 0.009241 
1158.074118 0.009105 
1156.873431 0.008958 
1155.672744 0.008889 
1154.472057 0.008889 
1153.271370 0.008883 
1152.070684 0.008813 
1150.869997 0.008724 
1149.669310 0.008635 
1148.468623 0.008551 
1147.267936 0.008449 
1146.067249 0.008326 
1144.866562 0.008227 
1143.665875 0.008187 
1142.465188 0.008226 
1141.264502 0.008245 
1140.063815 0.008196 
1138.863128 0.008164 
1137.662441 0.008283 
1136.461754 0.008496 
1135.261067 0.008671 
1134.060380 0.008757 
1132.859693 0.008770 
1131.659006 0.008702 
1130.458319 0.008588 
1129.257633 0.008526 
1128.056946 0.008505 
1126.856259 0.008389 
1125.655572 0.008208 
1124.454885 0.008101 
1123.254198 0.008167 
1122.053511 0.008217 
1120.852824 0.008139 
1119.652137 0.007972 
1118.451450 0.007846 
1117.250764 0.007771 
1116.050077 0.007708 
1114.849390 0.007618 
1113.648703 0.007504 
1112.448016 0.007461 
1111.247329 0.007472 
1110.046642 0.007447 
1108.845955 0.007348 
1107.645268 0.007277 
1106.444582 0.007266 
1105.243895 0.007258 
1104.043208 0.007224 
1102.842521 0.007166 
1101.641834 0.007040 
1100.441147 0.006800 
1099.240460 0.006581 
1098.039773 0.006477 
1096.839086 0.006418 
1095.638399 0.006338 
1094.437713 0.006280 
1093.237026 0.006247 
1092.036339 0.006143 
1090.835652 0.005964 
1089.634965 0.005786 
1088.434278 0.005718 
1087.233591 0.005707 
1086.032904 0.005707 
1084.832217 0.005693 
1083.631531 0.005622 
1082.430844 0.005490 
1081.230157 0.005328 
1080.029470 0.005165 
1078.828783 0.004935 
1077.628096 0.004677 
1076.427409 0.004454 
1075.226722 0.004396 
1074.026035 0.004430 
1072.825348 0.004363 
1071.624662 0.004149 
1070.423975 0.003874 
1069.223288 0.003741 
1068.022601 0.003713 
1066.821914 0.003656 
1065.621227 0.003454 
1064.420540 0.003171 
1063.219853 0.002956 
1062.019166 0.002894 
1060.818479 0.002927 
1059.617793 0.002919 
1058.417106 0.002819 
1057.216419 0.002683 
1056.015732 0.002578 
1054.815045 0.002469 
1053.614358 0.002325 
1052.413671 0.002144 
1051.212984 0.001983 
1050.012297 0.001855 
1048.811611 0.001753 
1047.610924 0.001700 
1046.410237 0.001658 
1045.209550 0.001569 
1044.008863 0.001431 
1042.808176 0.001319 
1041.607489 0.001265 
1040.406802 0.001221 
1039.206115 0.001130 
1038.005428 0.001028 
1036.804742 0.000981 
1035.604055 0.000991 
1034.403368 0.000999 
1033.202681 0.000965 
1032.001994 0.000914 
1030.801307 0.000875 
1029.600620 0.000813 
1028.399933 0.000728 
1027.199246 0.000663 
1025.998560 0.000663 
1024.797873 0.000692 
1023.597186 0.000716 
1022.396499 0.000768 
1021.195812 0.000843 
1019.995125 0.000863 
1018.794438 0.000853 
1017.593751 0.000852 
1016.393064 0.000862 
1015.192377 0.000859 
1013.991691 0.000853 
1012.791004 0.000851 
1011.590317 0.000825 
1010.389630 0.000759 
1009.188943 0.000673 
1007.988256 0.000587 
1006.787569 0.000505 
1005.586882 0.000427 
1004.386195 0.000385 
1003.185509 0.000388 
1001.984822 0.000434 
1000.784135 0.000494 
999.583448 0.000551 
998.382761 0.000612 
997.182074 0.000701 
995.981387 0.000822 
994.780700 0.000954 
993.580013 0.001100 
992.379326 0.001276 
991.178640 0.001513 
989.977953 0.001804 
988.777266 0.002098 
987.576579 0.002340 
986.375892 0.002560 
985.175205 0.002861 
983.974518 0.003270 
982.773831 0.003721 
981.573144 0.004153 
980.372457 0.004587 
979.171771 0.005046 
977.971084 0.005508 
976.770397 0.005979 
975.569710 0.006518 
974.369023 0.007173 
973.168336 0.007972 
971.967649 0.008910 
970.766962 0.009980 
969.566275 0.011152 
968.365589 0.012437 
967.164902 0.013791 
965.964215 0.014995 
964.763528 0.015866 
963.562841 0.016398 
962.362154 0.016765 
961.161467 0.017218 
959.960780 0.017882 
958.760093 0.018748 
957.559406 0.019748 
956.358720 0.020789 
955.158033 0.021830 
953.957346 0.022887 
952.756659 0.024031 
951.555972 0.025356 
950.355285 0.026748 
949.154598 0.028067 
947.953911 0.029225 
946.753224 0.030276 
945.552538 0.031341 
944.351851 0.032508 
943.151164 0.033782 
941.950477 0.035160 
940.749790 0.036567 
939.549103 0.038022 
938.348416 0.039568 
937.147729 0.041142 
935.947042 0.042652 
934.746355 0.044087 
933.545669 0.045577 
932.344982 0.047187 
931.144295 0.048844 
929.943608 0.050458 
928.742921 0.052040 
927.542234 0.053611 
926.341547 0.055213 
925.140860 0.056835 
923.940173 0.058464 
922.739486 0.060103 
921.538800 0.061728 
920.338113 0.063345 
919.137426 0.064981 
917.936739 0.066663 
916.736052 0.068329 
915.535365 0.069942 
914.334678 0.071505 
913.133991 0.073066 
911.933304 0.074645 
910.732618 0.076253 
909.531931 0.077885 
908.331244 0.079526 
907.130557 0.081160 
905.929870 0.082714 
904.729183 0.084191 
903.528496 0.085659 
902.327809 0.087242 
901.127122 0.088897 
899.926435 0.090520 
898.725749 0.092019 
897.525062 0.093474 
896.324375 0.094948 
895.123688 0.096443 
893.923001 0.097971 
892.722314 0.099546 
891.521627 0.101124 
890.320940 0.102596 
889.120253 0.103991 
887.919567 0.105386 
886.718880 0.106810 
885.518193 0.108228 
884.317506 0.109631 
883.116819 0.111062 
881.916132 0.112510 
880.715445 0.113899 
879.514758 0.115212 
878.314071 0.116535 
877.113384 0.117834 
875.912698 0.119096 
874.712011 0.120327 
873.511324 0.121614 
872.310637 0.122923 
871.109950 0.124214 
869.909263 0.125431 
868.708576 0.126606 
867.507889 0.127790 
866.307202 0.129043 
865.106516 0.130336 
863.905829 0.131604 
862.705142 0.132785 
861.504455 0.133904 
860.303768 0.135023 
859.103081 0.136158 
857.902394 0.137252 
856.701707 0.138297 
855.501020 0.139344 
854.300333 0.140436 
853.099647 0.141607 
851.898960 0.142807 
850.698273 0.143978 
849.497586 0.145069 
848.296899 0.146093 
847.096212 0.147100 
845.895525 0.148093 
844.694838 0.149080 
843.494151 0.150026 
842.293464 0.150919 
841.092778 0.151738 
839.892091 0.152573 
838.691404 0.153481 
837.490717 0.154435 
836.290030 0.155342 
835.089343 0.156181 
833.888656 0.156996 
832.687969 0.157769 
831.487282 0.158532 
830.286596 0.159329 
829.085909 0.160183 
827.885222 0.161038 
826.684535 0.161834 
825.483848 0.162568 
824.283161 0.163259 
823.082474 0.163904 
821.881787 0.164503 
820.681100 0.165109 
819.480413 0.165787 
818.279727 0.166512 
817.079040 0.167169 
815.878353 0.167684 
814.677666 0.168088 
813.476979 0.168530 
812.276292 0.169017 
811.075605 0.169457 
809.874918 0.169794 
808.674231 0.170106 
807.473545 0.170462 
806.272858 0.170825 
805.072171 0.171151 
803.871484 0.171477 
802.670797 0.171873 
801.470110 0.172259 
800.269423 0.172532 
799.068736 0.172730 
797.868049 0.172991 
796.667362 0.173326 
795.466676 0.173598 
794.265989 0.173761 
793.065302 0.173910 
791.864615 0.174115 
790.663928 0.174366 
789.463241 0.174541 
788.262554 0.174624 
787.061867 0.174648 
785.861180 0.174661 
784.660493 0.174686 
783.459807 0.174760 
782.259120 0.174831 
781.058433 0.174793 
779.857746 0.174656 
778.657059 0.174558 
777.456372 0.174532 
776.255685 0.174474 
775.054998 0.174280 
773.854311 0.174012 
772.653625 0.173754 
771.452938 0.173525 
770.252251 0.173286 
769.051564 0.173022 
767.850877 0.172728 
766.650190 0.172420 
765.449503 0.172147 
764.248816 0.171876 
763.048129 0.171538 
761.847442 0.171116 
760.646756 0.170659 
759.446069 0.170220 
758.245382 0.169748 
757.044695 0.169254 
755.844008 0.168737 
754.643321 0.168185 
753.442634 0.167633 
752.241947 0.167131 
751.041260 0.166722 
749.840574 0.166327 
748.639887 0.165851 
747.439200 0.165284 
746.238513 0.164723 
745.037826 0.164133 
743.837139 0.163425 
742.636452 0.162546 
741.435765 0.161629 
740.235078 0.160818 
739.034391 0.160078 
737.833705 0.159384 
736.633018 0.158806 
735.432331 0.158452 
734.231644 0.158290 
733.030957 0.158234 
731.830270 0.158175 
730.629583 0.157961 
729.428896 0.157508 
728.228209 0.156839 
727.027523 0.155963 
725.826836 0.154920 
724.626149 0.153764 
723.425462 0.152658 
722.224775 0.151691 
721.024088 0.150787 
719.823401 0.149879 
718.622714 0.148993 
717.422027 0.148133 
716.221340 0.147170 
715.020654 0.146115 
713.819967 0.145079 
712.619280 0.144157 
711.418593 0.143232 
710.217906 0.142231 
709.017219 0.141187 
707.816532 0.140190 
706.615845 0.139297 
705.415158 0.138386 
704.214471 0.137429 
703.013785 0.136383 
701.813098 0.135211 
700.612411 0.134027 
699.411724 0.132968 
698.211037 0.132104 
697.010350 0.131307 
695.809663 0.130403 
694.608976 0.129422 
693.408289 0.128487 
692.207603 0.127630 
691.006916 0.126713 
689.806229 0.125641 
688.605542 0.124484 
687.404855 0.123396 
686.204168 0.122419 
685.003481 0.121473 
683.802794 0.120516 
682.602107 0.119555 
681.401420 0.118590 
680.200734 0.117608 
679.000047 0.116622 
677.799360 0.115655 
676.598673 0.114677 
675.397986 0.113637 
674.197299 0.112539 
672.996612 0.111442 
671.795925 0.110433 
670.595238 0.109505 
669.394552 0.108567 
668.193865 0.107581 
666.993178 0.106613 
665.792491 0.105710 
664.591804 0.104820 
663.391117 0.103853 
662.190430 0.102839 
660.989743 0.101831 
659.789056 0.100862 
658.588369 0.099938 
657.387683 0.099042 
656.186996 0.098105 
654.986309 0.097105 
653.785622 0.096092 
652.584935 0.095158 
651.384248 0.094291 
650.183561 0.093464 
648.982874 0.092652 
647.782187 0.091796 
646.581501 0.090873 
645.380814 0.089889 
644.180127 0.088887 
642.979440 0.087904 
641.778753 0.086955 
640.578066 0.086038 
639.377379 0.085166 
638.176692 0.084383 
636.976005 0.083683 
635.775318 0.082993 
634.574632 0.082192 
633.373945 0.081207 
632.173258 0.080177 
630.972571 0.079290 
629.771884 0.078547 
628.571197 0.077827 
627.370510 0.077073 
626.169823 0.076304 
624.969136 0.075472 
623.768449 0.074584 
622.567763 0.073772 
621.367076 0.073052 
620.166389 0.072197 
618.965702 0.071021 
617.765015 0.069828 
616.564328 0.068980 
615.363641 0.068531 
614.162954 0.068176 
612.962267 0.067630 
611.761581 0.066989 
610.560894 0.066428 
609.360207 0.065868 
608.159520 0.065137 
606.958833 0.064332 
605.758146 0.063527 
604.557459 0.062704 
603.356772 0.062153 
602.156085 0.062260 
600.955398 0.062720 
599.754712 0.062474 
598.554025 0.061110 
597.353338 0.059716 
596.152651 0.058964 
594.951964 0.058513 
593.751277 0.057780 
592.550590 0.056914 
591.349903 0.056125 
590.149216 0.055369 
588.948530 0.054633 
587.747843 0.053940 
586.547156 0.053273 
585.346469 0.052724 
584.145782 0.052574 
582.945095 0.052603 
581.744408 0.052309 
580.543721 0.051454 
579.343034 0.050414 
578.142347 0.049760 
576.941661 0.049506 
575.740974 0.049293 
574.540287 0.048788 
573.339600 0.048154 
572.138913 0.047666 
570.938226 0.047446 
569.737539 0.047249 
568.536852 0.046617 
567.336165 0.045622 
566.135478 0.045160 
564.934792 0.046269 
563.734105 0.047868 
562.533418 0.048040 
561.332731 0.046268 
560.132044 0.044047 
558.931357 0.042877 
557.730670 0.042464 
556.529983 0.042068 
555.329296 0.041583 
554.128610 0.041219 
552.927923 0.040828 
551.727236 0.040345 
550.526549 0.040161 
549.325862 0.040566 
548.125175 0.041017 
546.924488 0.040777 
545.723801 0.039690 
544.523114 0.038537 
543.322427 0.037891 
542.121741 0.037636 
540.921054 0.037375 
539.720367 0.036934 
538.519680 0.036379 
537.318993 0.035788 
536.118306 0.035264 
534.917619 0.034884 
533.716932 0.034624 
532.516245 0.034448 
531.315559 0.034311 
530.114872 0.034093 
528.914185 0.033724 
527.713498 0.033235 
526.512811 0.032743 
525.312124 0.032349 
524.111437 0.031973 
522.910750 0.031474 
521.710063 0.030856 
520.509376 0.030351 
519.308690 0.030020 
518.108003 0.029682 
516.907316 0.029173 
515.706629 0.028566 
514.505942 0.028167 
513.305255 0.028230 
512.104568 0.028649 
510.903881 0.028619 
509.703194 0.027532 
508.502508 0.025803 
507.301821 0.024379 
506.101134 0.023774 
504.900447 0.023396 
503.699760 0.022726 
502.499073 0.021819 
501.298386 0.021041 
500.097699 0.020555 
498.897012 0.020215 
497.696325 0.019807 
496.495639 0.019125 
495.294952 0.018176 
494.094265 0.017200 
492.893578 0.016490 
491.692891 0.016179 
490.492204 0.016034 
489.291517 0.015753 
488.090830 0.015220 
486.890143 0.014524 
485.689456 0.013865 
484.488770 0.013325 
483.288083 0.012821 
482.087396 0.012268 
480.886709 0.011742 
479.686022 0.011288 
478.485335 0.010798 
477.284648 0.010147 
476.083961 0.009471 
474.883274 0.009032 
473.682588 0.008932 
472.481901 0.008969 
471.281214 0.008678 
470.080527 0.007919 
468.879840 0.006992 
467.679153 0.006384 
466.478466 0.006283 
465.277779 0.006272 
464.077092 0.006008 
462.876405 0.005433 
461.675719 0.004802 
460.475032 0.004486 
459.274345 0.004554 
458.073658 0.004696 
456.872971 0.004461 
455.672284 0.003991 
454.471597 0.003569 
453.270910 0.003212 
452.070223 0.002750 
450.869537 0.002319 
449.668850 0.002096 
448.468163 0.002040 
447.267476 0.002027 
446.066789 0.002080 
444.866102 0.002145 
443.665415 0.002029 
442.464728 0.001662 
441.264041 0.001218 
440.063354 0.000817 
438.862668 0.000640 
437.661981 0.000753 
436.461294 0.001074 
435.260607 0.001347 
434.059920 0.001451 
432.859233 0.001470 
431.658546 0.001418 
430.457859 0.001272 
429.257172 0.001110 
428.056485 0.001046 
426.855799 0.001154 
425.655112 0.001596 
424.454425 0.002339 
423.253738 0.002721 
422.053051 0.002101 
420.852364 0.001139 
419.651677 0.000819 
418.450990 0.001205 
417.250303 0.001453 
416.049617 0.001567 
414.848930 0.002052 
413.648243 0.002651 
412.447556 0.002584 
411.246869 0.002397 
410.046182 0.002989 
408.845495 0.003790 
407.644808 0.002984 
406.444121 0.001315 
405.243434 0.000921 
404.042748 0.002406 
402.842061 0.003553 
401.641374 0.002998 
400.440687 0.001663 
399.240000 0.000714 
