3700	-1E-3
3698.96632	-1E-3
3697.93264	-1E-3
3696.89897	-1E-3
3695.86529	-1E-3
3694.83161	-1E-3
3693.79793	-1E-3
3692.76425	-1E-3
3691.73058	-1E-3
3690.6969	-1E-3
3689.66322	-1E-3
3688.62954	-1E-3
3687.59587	-1E-3
3686.56219	-1E-3
3685.52851	-1E-3
3684.49483	-1E-3
3683.46115	-1E-3
3682.42748	-1E-3
3681.3938	-1E-3
3680.36012	-1E-3
3679.32644	-1E-3
3678.29276	-1E-3
3677.25909	-1E-3
3676.22541	-1E-3
3675.19173	-1E-3
3674.15805	-1E-3
3673.12437	-1E-3
3672.0907	-1E-3
3671.05702	-1E-3
3670.02334	-1E-3
3668.98966	-1E-3
3667.95599	-1E-3
3666.92231	-1E-3
3665.88863	-1E-3
3664.85495	-1E-3
3663.82127	-1E-3
3662.7876	-1E-3
3661.75392	-1E-3
3660.72024	-1E-3
3659.68656	-1E-3
3658.65288	-1E-3
3657.61921	-1E-3
3656.58553	-1E-3
3655.55185	-1E-3
3654.51817	-1E-3
3653.48449	-1E-3
3652.45082	-1E-3
3651.41714	-1E-3
3650.38346	-1E-3
3649.34978	-1E-3
3648.31611	-1E-3
3647.28243	-1E-3
3646.24875	-1E-3
3645.21507	-1E-3
3644.18139	-1E-3
3643.14772	-1E-3
3642.11404	-1E-3
3641.08036	-1E-3
3640.04668	-1E-3
3639.013	-1E-3
3637.97933	-1E-3
3636.94565	-1E-3
3635.91197	-1E-3
3634.87829	-1E-3
3633.84461	-1E-3
3632.81094	-1E-3
3631.77726	-1E-3
3630.74358	-1E-3
3629.7099	-1E-3
3628.67623	-1E-3
3627.64255	-1E-3
3626.60887	-1E-3
3625.57519	-1E-3
3624.54151	-1E-3
3623.50784	-1E-3
3622.47416	-1E-3
3621.44048	-1E-3
3620.4068	-1E-3
3619.37312	-1E-3
3618.33945	-1E-3
3617.30577	-1E-3
3616.27209	-1E-3
3615.23841	-1E-3
3614.20473	-1E-3
3613.17106	-9.9E-4
3612.13738	-9.4E-4
3611.1037	-8.8E-4
3610.07002	-8.2E-4
3609.03635	-7.7E-4
3608.00267	-7.1E-4
3606.96899	-6.6E-4
3605.93531	-6E-4
3604.90163	-5.4E-4
3603.86796	-4.9E-4
3602.83428	-4.3E-4
3601.8006	-3.8E-4
3600.76692	-3.2E-4
3599.73324	-2.7E-4
3598.69957	-2.1E-4
3597.66589	-1.5E-4
3596.63221	-1E-4
3595.59853	-4E-5
3594.56485	1E-5
3593.53118	7E-5
3592.4975	1.3E-4
3591.46382	1.8E-4
3590.43014	2.4E-4
3589.39647	2.9E-4
3588.36279	3.5E-4
3587.32911	4.1E-4
3586.29543	4.6E-4
3585.26175	5.2E-4
3584.22808	5.7E-4
3583.1944	6.3E-4
3582.16072	6.8E-4
3581.12704	7.4E-4
3580.09336	8E-4
3579.05969	8.5E-4
3578.02601	9.1E-4
3576.99233	9.6E-4
3575.95865	0.00102
3574.92497	0.00108
3573.8913	0.00113
3572.85762	0.00119
3571.82394	0.00124
3570.79026	0.0013
3569.75659	0.00136
3568.72291	0.00141
3567.68923	0.00147
3566.65555	0.00152
3565.62187	0.00158
3564.5882	0.00164
3563.55452	0.00169
3562.52084	0.00175
3561.48716	0.0018
3560.45348	0.00186
3559.41981	0.00191
3558.38613	0.00197
3557.35245	0.00203
3556.31877	0.00208
3555.2851	0.00214
3554.25142	0.00219
3553.21774	0.00225
3552.18406	0.00231
3551.15038	0.00236
3550.11671	0.00242
3549.08303	0.00247
3548.04935	0.00253
3547.01567	0.00259
3545.98199	0.00264
3544.94832	0.0027
3543.91464	0.00275
3542.88096	0.00281
3541.84728	0.00286
3540.8136	0.00292
3539.77993	0.00298
3538.74625	0.00303
3537.71257	0.00309
3536.67889	0.00314
3535.64522	0.0032
3534.61154	0.00326
3533.57786	0.00331
3532.54418	0.00337
3531.5105	0.00342
3530.47683	0.00348
3529.44315	0.00354
3528.40947	0.00359
3527.37579	0.00365
3526.34211	0.0037
3525.30844	0.00376
3524.27476	0.00382
3523.24108	0.00387
3522.2074	0.00393
3521.17372	0.00398
3520.14005	0.00404
3519.10637	0.00409
3518.07269	0.00415
3517.03901	0.00421
3516.00534	0.00426
3514.97166	0.00432
3513.93798	0.00437
3512.9043	0.00443
3511.87062	0.00449
3510.83695	0.00454
3509.80327	0.0046
3508.76959	0.00465
3507.73591	0.00471
3506.70223	0.00477
3505.66856	0.00482
3504.63488	0.00488
3503.6012	0.00493
3502.56752	0.00499
3501.53384	0.00504
3500.50017	0.0051
3499.46649	0.00516
3498.43281	0.00521
3497.39913	0.00527
3496.36546	0.00532
3495.33178	0.00538
3494.2981	0.00544
3493.26442	0.00549
3492.23074	0.00555
3491.19707	0.0056
3490.16339	0.00566
3489.12971	0.00572
3488.09603	0.00577
3487.06235	0.00585
3486.02868	0.00594
3484.995	0.00603
3483.96132	0.00612
3482.92764	0.00621
3481.89396	0.0063
3480.86029	0.0064
3479.82661	0.00649
3478.79293	0.00658
3477.75925	0.00667
3476.72558	0.00676
3475.6919	0.00685
3474.65822	0.00694
3473.62454	0.00704
3472.59086	0.00713
3471.55719	0.00722
3470.52351	0.00731
3469.48983	0.0074
3468.45615	0.00749
3467.42247	0.00759
3466.3888	0.00768
3465.35512	0.00777
3464.32144	0.00786
3463.28776	0.00795
3462.25408	0.00804
3461.22041	0.00813
3460.18673	0.00823
3459.15305	0.00832
3458.11937	0.00841
3457.0857	0.0085
3456.05202	0.00859
3455.01834	0.00868
3453.98466	0.00878
3452.95098	0.00887
3451.91731	0.00896
3450.88363	0.00905
3449.84995	0.00914
3448.81627	0.00923
3447.78259	0.00932
3446.74892	0.00942
3445.71524	0.00951
3444.68156	0.0096
3443.64788	0.00969
3442.6142	0.00978
3441.58053	0.00987
3440.54685	0.00997
3439.51317	0.01006
3438.47949	0.01015
3437.44582	0.01024
3436.41214	0.01033
3435.37846	0.01042
3434.34478	0.01052
3433.3111	0.01061
3432.27743	0.0107
3431.24375	0.01079
3430.21007	0.01088
3429.17639	0.01097
3428.14271	0.01106
3427.10904	0.01116
3426.07536	0.01125
3425.04168	0.01134
3424.008	0.01143
3422.97432	0.01152
3421.94065	0.01161
3420.90697	0.01171
3419.87329	0.0118
3418.83961	0.01189
3417.80594	0.01198
3416.77226	0.01207
3415.73858	0.01216
3414.7049	0.01225
3413.67122	0.01235
3412.63755	0.01244
3411.60387	0.01253
3410.57019	0.0127
3409.53651	0.01307
3408.50283	0.01345
3407.46916	0.01383
3406.43548	0.0142
3405.4018	0.01458
3404.36812	0.01496
3403.33444	0.01534
3402.30077	0.01571
3401.26709	0.01609
3400.23341	0.01647
3399.19973	0.01684
3398.16606	0.01722
3397.13238	0.0176
3396.0987	0.01798
3395.06502	0.01835
3394.03134	0.01873
3392.99767	0.01911
3391.96399	0.01948
3390.93031	0.01986
3389.89663	0.02024
3388.86295	0.02062
3387.82928	0.02099
3386.7956	0.02137
3385.76192	0.02175
3384.72824	0.02212
3383.69456	0.0225
3382.66089	0.02288
3381.62721	0.02326
3380.59353	0.02363
3379.55985	0.02401
3378.52618	0.02439
3377.4925	0.02476
3376.45882	0.02514
3375.42514	0.02552
3374.39146	0.0259
3373.35779	0.02627
3372.32411	0.02665
3371.29043	0.02703
3370.25675	0.0274
3369.22307	0.02778
3368.1894	0.02816
3367.15572	0.02854
3366.12204	0.02891
3365.08836	0.02929
3364.05468	0.02967
3363.02101	0.03004
3361.98733	0.03042
3360.95365	0.0308
3359.91997	0.03118
3358.8863	0.03155
3357.85262	0.03197
3356.81894	0.03305
3355.78526	0.03414
3354.75158	0.03523
3353.71791	0.03631
3352.68423	0.0374
3351.65055	0.03849
3350.61687	0.03957
3349.58319	0.04066
3348.54952	0.04174
3347.51584	0.04283
3346.48216	0.04392
3345.44848	0.045
3344.4148	0.04609
3343.38113	0.04717
3342.34745	0.04826
3341.31377	0.04935
3340.28009	0.05043
3339.24642	0.05152
3338.21274	0.05261
3337.17906	0.05369
3336.14538	0.05478
3335.1117	0.05586
3334.07803	0.05695
3333.04435	0.05804
3332.01067	0.05912
3330.97699	0.06021
3329.94331	0.06129
3328.90964	0.06238
3327.87596	0.06347
3326.84228	0.06455
3325.8086	0.06564
3324.77492	0.06673
3323.74125	0.06781
3322.70757	0.06892
3321.67389	0.07003
3320.64021	0.07114
3319.60654	0.07225
3318.57286	0.07337
3317.53918	0.07448
3316.5055	0.07559
3315.47182	0.0767
3314.43815	0.07782
3313.40447	0.07893
3312.37079	0.08004
3311.33711	0.08115
3310.30343	0.08226
3309.26976	0.08338
3308.23608	0.08449
3307.2024	0.0856
3306.16872	0.08671
3305.13505	0.08782
3304.10137	0.08894
3303.06769	0.09005
3302.03401	0.09116
3301.00033	0.09227
3299.96666	0.09339
3298.93298	0.0945
3297.8993	0.09561
3296.86562	0.09672
3295.83194	0.09783
3294.79827	0.09895
3293.76459	0.10006
3292.73091	0.10117
3291.69723	0.10228
3290.66355	0.1034
3289.62988	0.10459
3288.5962	0.10636
3287.56252	0.10813
3286.52884	0.1099
3285.49517	0.11167
3284.46149	0.11344
3283.42781	0.11521
3282.39413	0.11698
3281.36045	0.11875
3280.32678	0.12052
3279.2931	0.12229
3278.25942	0.12406
3277.22574	0.12583
3276.19206	0.1276
3275.15839	0.12937
3274.12471	0.13114
3273.09103	0.13291
3272.05735	0.13468
3271.02367	0.13645
3269.99	0.13822
3268.95632	0.13999
3267.92264	0.14176
3266.88896	0.14353
3265.85529	0.14522
3264.82161	0.14598
3263.78793	0.14674
3262.75425	0.14751
3261.72057	0.14827
3260.6869	0.14903
3259.65322	0.14979
3258.61954	0.15055
3257.58586	0.15132
3256.55218	0.15208
3255.51851	0.15284
3254.48483	0.1536
3253.45115	0.15436
3252.41747	0.15513
3251.38379	0.15589
3250.35012	0.15665
3249.31644	0.15741
3248.28276	0.15817
3247.24908	0.15894
3246.21541	0.1597
3245.18173	0.16046
3244.14805	0.16122
3243.11437	0.16198
3242.08069	0.16275
3241.04702	0.16351
3240.01334	0.16427
3238.97966	0.16503
3237.94598	0.16579
3236.9123	0.16656
3235.87863	0.16732
3234.84495	0.16808
3233.81127	0.16884
3232.77759	0.1696
3231.74391	0.1702
3230.71024	0.17058
3229.67656	0.17096
3228.64288	0.17134
3227.6092	0.17172
3226.57553	0.17209
3225.54185	0.17247
3224.50817	0.17285
3223.47449	0.17323
3222.44081	0.17361
3221.40714	0.17399
3220.37346	0.17437
3219.33978	0.17474
3218.3061	0.17512
3217.27242	0.1755
3216.23875	0.17588
3215.20507	0.17626
3214.17139	0.17664
3213.13771	0.17702
3212.10403	0.17739
3211.07036	0.17777
3210.03668	0.17815
3209.003	0.17853
3207.96932	0.17891
3206.93565	0.17929
3205.90197	0.17967
3204.86829	0.18005
3203.83461	0.18042
3202.80093	0.1808
3201.76726	0.18118
3200.73358	0.18156
3199.6999	0.18194
3198.66622	0.18232
3197.63254	0.18213
3196.59887	0.18178
3195.56519	0.18144
3194.53151	0.18109
3193.49783	0.18075
3192.46415	0.1804
3191.43048	0.18006
3190.3968	0.17971
3189.36312	0.17936
3188.32944	0.17902
3187.29577	0.17867
3186.26209	0.17833
3185.22841	0.17798
3184.19473	0.17764
3183.16105	0.17729
3182.12738	0.17695
3181.0937	0.1766
3180.06002	0.17626
3179.02634	0.17591
3177.99266	0.17556
3176.95899	0.17522
3175.92531	0.17487
3174.89163	0.17453
3173.85795	0.17418
3172.82427	0.17384
3171.7906	0.17349
3170.75692	0.17315
3169.72324	0.1728
3168.68956	0.17245
3167.65589	0.17211
3166.62221	0.17176
3165.58853	0.17142
3164.55485	0.17108
3163.52117	0.17081
3162.4875	0.17053
3161.45382	0.17026
3160.42014	0.16998
3159.38646	0.16971
3158.35278	0.16943
3157.31911	0.16916
3156.28543	0.16889
3155.25175	0.16861
3154.21807	0.16834
3153.18439	0.16806
3152.15072	0.16779
3151.11704	0.16751
3150.08336	0.16724
3149.04968	0.16696
3148.01601	0.16669
3146.98233	0.16641
3145.94865	0.16614
3144.91497	0.16586
3143.88129	0.16559
3142.84762	0.16531
3141.81394	0.16504
3140.78026	0.16477
3139.74658	0.16449
3138.7129	0.16422
3137.67923	0.16394
3136.64555	0.16367
3135.61187	0.16339
3134.57819	0.16312
3133.54451	0.16284
3132.51084	0.16257
3131.47716	0.16229
3130.44348	0.16202
3129.4098	0.16174
3128.37613	0.16147
3127.34245	0.16119
3126.30877	0.16093
3125.27509	0.1614
3124.24141	0.16188
3123.20774	0.16236
3122.17406	0.16283
3121.14038	0.16331
3120.1067	0.16378
3119.07302	0.16426
3118.03935	0.16474
3117.00567	0.16521
3115.97199	0.16569
3114.93831	0.16617
3113.90463	0.16664
3112.87096	0.16712
3111.83728	0.16759
3110.8036	0.16807
3109.76992	0.16855
3108.73625	0.16902
3107.70257	0.1695
3106.66889	0.16998
3105.63521	0.17045
3104.60153	0.17093
3103.56786	0.1714
3102.53418	0.17188
3101.5005	0.1723
3100.46682	0.17261
3099.43314	0.17292
3098.39947	0.17323
3097.36579	0.17353
3096.33211	0.17384
3095.29843	0.17415
3094.26475	0.17446
3093.23108	0.17477
3092.1974	0.17507
3091.16372	0.17538
3090.13004	0.17569
3089.09637	0.176
3088.06269	0.1763
3087.02901	0.17661
3085.99533	0.17692
3084.96165	0.17723
3083.92798	0.17754
3082.8943	0.17784
3081.86062	0.17815
3080.82694	0.17846
3079.79326	0.17877
3078.75959	0.17908
3077.72591	0.17938
3076.69223	0.17969
3075.65855	0.18
3074.62487	0.18031
3073.5912	0.18062
3072.55752	0.18092
3071.52384	0.18123
3070.49016	0.18154
3069.45649	0.18185
3068.42281	0.18216
3067.38913	0.18246
3066.35545	0.18277
3065.32177	0.18308
3064.2881	0.18339
3063.25442	0.18355
3062.22074	0.18314
3061.18706	0.18273
3060.15338	0.18232
3059.11971	0.18191
3058.08603	0.1815
3057.05235	0.18108
3056.01867	0.18067
3054.98499	0.18026
3053.95132	0.17985
3052.91764	0.17944
3051.88396	0.17903
3050.85028	0.17862
3049.81661	0.1782
3048.78293	0.17779
3047.74925	0.17738
3046.71557	0.17697
3045.68189	0.17656
3044.64822	0.17615
3043.61454	0.17573
3042.58086	0.17532
3041.54718	0.17491
3040.5135	0.1745
3039.47983	0.17409
3038.44615	0.17368
3037.41247	0.17326
3036.37879	0.17285
3035.34512	0.17244
3034.31144	0.17203
3033.27776	0.17162
3032.24408	0.17121
3031.2104	0.17079
3030.17673	0.17038
3029.14305	0.16997
3028.10937	0.16956
3027.07569	0.16915
3026.04201	0.16874
3025.00834	0.16833
3023.97466	0.16791
3022.94098	0.1675
3021.9073	0.16709
3020.87362	0.16668
3019.83995	0.16627
3018.80627	0.16586
3017.77259	0.16544
3016.73891	0.16503
3015.70524	0.16462
3014.67156	0.16421
3013.63788	0.1638
3012.6042	0.16339
3011.57052	0.16297
3010.53685	0.16256
3009.50317	0.16215
3008.46949	0.16174
3007.43581	0.16133
3006.40213	0.16092
3005.36846	0.1605
3004.33478	0.16009
3003.3011	0.15968
3002.26742	0.15927
3001.23374	0.15886
3000.20007	0.15834
2999.16639	0.15765
2998.13271	0.15696
2997.09903	0.15627
2996.06536	0.15558
2995.03168	0.15488
2993.998	0.15419
2992.96432	0.1535
2991.93064	0.15281
2990.89697	0.15212
2989.86329	0.15143
2988.82961	0.15074
2987.79593	0.15005
2986.76225	0.14936
2985.72858	0.14867
2984.6949	0.14797
2983.66122	0.14728
2982.62754	0.14659
2981.59386	0.1459
2980.56019	0.14521
2979.52651	0.14452
2978.49283	0.14383
2977.45915	0.14314
2976.42548	0.14245
2975.3918	0.14176
2974.35812	0.14107
2973.32444	0.14037
2972.29076	0.13968
2971.25709	0.13899
2970.22341	0.1383
2969.18973	0.13761
2968.15605	0.13692
2967.12237	0.13623
2966.0887	0.13569
2965.05502	0.1352
2964.02134	0.13471
2962.98766	0.13423
2961.95398	0.13374
2960.92031	0.13325
2959.88663	0.13276
2958.85295	0.13228
2957.81927	0.13179
2956.7856	0.1313
2955.75192	0.13081
2954.71824	0.13033
2953.68456	0.12984
2952.65088	0.12935
2951.61721	0.12886
2950.58353	0.12838
2949.54985	0.12789
2948.51617	0.1274
2947.48249	0.12691
2946.44882	0.12643
2945.41514	0.12594
2944.38146	0.12545
2943.34778	0.12496
2942.3141	0.12448
2941.28043	0.12399
2940.24675	0.1235
2939.21307	0.12301
2938.17939	0.12253
2937.14572	0.12204
2936.11204	0.12155
2935.07836	0.12106
2934.04468	0.12058
2933.011	0.12013
2931.97733	0.12009
2930.94365	0.12005
2929.90997	0.12001
2928.87629	0.11997
2927.84261	0.11993
2926.80894	0.11989
2925.77526	0.11985
2924.74158	0.11981
2923.7079	0.11976
2922.67422	0.11972
2921.64055	0.11968
2920.60687	0.11964
2919.57319	0.1196
2918.53951	0.11956
2917.50584	0.11952
2916.47216	0.11948
2915.43848	0.11944
2914.4048	0.1194
2913.37112	0.11936
2912.33745	0.11932
2911.30377	0.11928
2910.27009	0.11924
2909.23641	0.1192
2908.20273	0.11916
2907.16906	0.11912
2906.13538	0.11908
2905.1017	0.11903
2904.06802	0.11899
2903.03434	0.11895
2902.00067	0.11891
2900.96699	0.11887
2899.93331	0.11883
2898.89963	0.11879
2897.86596	0.11875
2896.83228	0.11871
2895.7986	0.11867
2894.76492	0.11863
2893.73124	0.11859
2892.69757	0.11855
2891.66389	0.11851
2890.63021	0.11847
2889.59653	0.11843
2888.56285	0.11839
2887.52918	0.11835
2886.4955	0.11831
2885.46182	0.11826
2884.42814	0.11822
2883.39446	0.11818
2882.36079	0.11814
2881.32711	0.1181
2880.29343	0.11806
2879.25975	0.11802
2878.22608	0.11798
2877.1924	0.11794
2876.15872	0.1179
2875.12504	0.11786
2874.09136	0.11782
2873.05769	0.11778
2872.02401	0.11774
2870.99033	0.1177
2869.95665	0.11766
2868.92297	0.11762
2867.8893	0.11758
2866.85562	0.11754
2865.82194	0.11749
2864.78826	0.11745
2863.75458	0.11741
2862.72091	0.11737
2861.68723	0.11733
2860.65355	0.11729
2859.61987	0.11725
2858.5862	0.11721
2857.55252	0.11717
2856.51884	0.11713
2855.48516	0.11709
2854.45148	0.11705
2853.41781	0.11701
2852.38413	0.11697
2851.35045	0.11693
2850.31677	0.11689
2849.28309	0.11685
2848.24942	0.11681
2847.21574	0.11676
2846.18206	0.11665
2845.14838	0.1163
2844.1147	0.11594
2843.08103	0.11559
2842.04735	0.11524
2841.01367	0.11489
2839.97999	0.11453
2838.94632	0.11418
2837.91264	0.11383
2836.87896	0.11347
2835.84528	0.11312
2834.8116	0.11277
2833.77793	0.11241
2832.74425	0.11206
2831.71057	0.11171
2830.67689	0.11135
2829.64321	0.111
2828.60954	0.11065
2827.57586	0.11029
2826.54218	0.10994
2825.5085	0.10959
2824.47482	0.10923
2823.44115	0.10888
2822.40747	0.10853
2821.37379	0.10818
2820.34011	0.10782
2819.30644	0.10747
2818.27276	0.10712
2817.23908	0.10676
2816.2054	0.10641
2815.17172	0.10606
2814.13805	0.1057
2813.10437	0.10535
2812.07069	0.105
2811.03701	0.10464
2810.00333	0.10429
2808.96966	0.10394
2807.93598	0.10358
2806.9023	0.10323
2805.86862	0.10288
2804.83494	0.10252
2803.80127	0.10217
2802.76759	0.10182
2801.73391	0.10147
2800.70023	0.10111
2799.66656	0.10076
2798.63288	0.10041
2797.5992	0.10005
2796.56552	0.0997
2795.53184	0.09935
2794.49817	0.09899
2793.46449	0.09864
2792.43081	0.09829
2791.39713	0.09793
2790.36345	0.09758
2789.32978	0.09723
2788.2961	0.09687
2787.26242	0.09652
2786.22874	0.09617
2785.19507	0.09581
2784.16139	0.09546
2783.12771	0.09504
2782.09403	0.09453
2781.06035	0.09402
2780.02668	0.09351
2778.993	0.09301
2777.95932	0.0925
2776.92564	0.09199
2775.89196	0.09148
2774.85829	0.09097
2773.82461	0.09046
2772.79093	0.08995
2771.75725	0.08944
2770.72357	0.08893
2769.6899	0.08842
2768.65622	0.08791
2767.62254	0.0874
2766.58886	0.0869
2765.55519	0.08639
2764.52151	0.08588
2763.48783	0.08537
2762.45415	0.08486
2761.42047	0.08435
2760.3868	0.08384
2759.35312	0.08333
2758.31944	0.08282
2757.28576	0.08231
2756.25208	0.0818
2755.21841	0.08129
2754.18473	0.08079
2753.15105	0.08028
2752.11737	0.07977
2751.08369	0.07926
2750.05002	0.07875
2749.01634	0.07824
2747.98266	0.07773
2746.94898	0.07722
2745.91531	0.07671
2744.88163	0.0762
2743.84795	0.07569
2742.81427	0.07518
2741.78059	0.07467
2740.74692	0.07417
2739.71324	0.07366
2738.67956	0.07315
2737.64588	0.07264
2736.6122	0.07213
2735.57853	0.07162
2734.54485	0.07124
2733.51117	0.07091
2732.47749	0.07059
2731.44381	0.07027
2730.41014	0.06994
2729.37646	0.06962
2728.34278	0.06929
2727.3091	0.06897
2726.27543	0.06864
2725.24175	0.06832
2724.20807	0.068
2723.17439	0.06767
2722.14071	0.06735
2721.10704	0.06702
2720.07336	0.0667
2719.03968	0.06637
2718.006	0.06605
2716.97232	0.06573
2715.93865	0.0654
2714.90497	0.06508
2713.87129	0.06475
2712.83761	0.06443
2711.80393	0.0641
2710.77026	0.06378
2709.73658	0.06346
2708.7029	0.06313
2707.66922	0.06281
2706.63555	0.06248
2705.60187	0.06216
2704.56819	0.06183
2703.53451	0.06151
2702.50083	0.06119
2701.46716	0.06086
2700.43348	0.06054
2699.3998	0.06021
2698.36612	0.05989
2697.33244	0.05956
2696.29877	0.05924
2695.26509	0.05892
2694.23141	0.05859
2693.19773	0.05827
2692.16405	0.05794
2691.13038	0.05762
2690.0967	0.05729
2689.06302	0.05697
2688.02934	0.05665
2686.99567	0.05632
2685.96199	0.056
2684.92831	0.05567
2683.89463	0.05535
2682.86095	0.05502
2681.82728	0.0547
2680.7936	0.05438
2679.75992	0.05405
2678.72624	0.05373
2677.69256	0.0534
2676.65889	0.05308
2675.62521	0.05275
2674.59153	0.05243
2673.55785	0.05211
2672.52417	0.05178
2671.4905	0.05146
2670.45682	0.05113
2669.42314	0.05081
2668.38946	0.05048
2667.35579	0.05016
2666.32211	0.04984
2665.28843	0.04951
2664.25475	0.04919
2663.22107	0.04886
2662.1874	0.04854
2661.15372	0.04821
2660.12004	0.04789
2659.08636	0.04757
2658.05268	0.04724
2657.01901	0.04692
2655.98533	0.04659
2654.95165	0.04627
2653.91797	0.04594
2652.88429	0.04562
2651.85062	0.0453
2650.81694	0.04497
2649.78326	0.04465
2648.74958	0.04432
2647.71591	0.0441
2646.68223	0.0439
2645.64855	0.0437
2644.61487	0.0435
2643.58119	0.0433
2642.54752	0.0431
2641.51384	0.04291
2640.48016	0.04271
2639.44648	0.04251
2638.4128	0.04231
2637.37913	0.04211
2636.34545	0.04191
2635.31177	0.04171
2634.27809	0.04151
2633.24441	0.04131
2632.21074	0.04111
2631.17706	0.04091
2630.14338	0.04071
2629.1097	0.04051
2628.07603	0.04031
2627.04235	0.04011
2626.00867	0.03991
2624.97499	0.03971
2623.94131	0.03951
2622.90764	0.03931
2621.87396	0.03911
2620.84028	0.03891
2619.8066	0.03871
2618.77292	0.03851
2617.73925	0.03831
2616.70557	0.03811
2615.67189	0.03791
2614.63821	0.03771
2613.60453	0.03751
2612.57086	0.03731
2611.53718	0.03711
2610.5035	0.03691
2609.46982	0.03671
2608.43615	0.03651
2607.40247	0.03631
2606.36879	0.03612
2605.33511	0.03592
2604.30143	0.03572
2603.26776	0.03552
2602.23408	0.03532
2601.2004	0.03512
2600.16672	0.03492
2599.13304	0.03472
2598.09937	0.03452
2597.06569	0.03432
2596.03201	0.03412
2594.99833	0.03392
2593.96465	0.03372
2592.93098	0.03352
2591.8973	0.03332
2590.86362	0.03312
2589.82994	0.03292
2588.79627	0.03272
2587.76259	0.03252
2586.72891	0.03232
2585.69523	0.03212
2584.66155	0.03192
2583.62788	0.03172
2582.5942	0.03152
2581.56052	0.03132
2580.52684	0.03112
2579.49316	0.03092
2578.45949	0.03072
2577.42581	0.03052
2576.39213	0.03032
2575.35845	0.03012
2574.32477	0.02992
2573.2911	0.02972
2572.25742	0.02952
2571.22374	0.02933
2570.19006	0.02913
2569.15639	0.02893
2568.12271	0.02873
2567.08903	0.02853
2566.05535	0.02833
2565.02167	0.02813
2563.988	0.02793
2562.95432	0.02773
2561.92064	0.02753
2560.88696	0.02733
2559.85328	0.02713
2558.81961	0.02693
2557.78593	0.02673
2556.75225	0.02653
2555.71857	0.02633
2554.68489	0.02613
2553.65122	0.02593
2552.61754	0.02573
2551.58386	0.02553
2550.55018	0.02533
2549.51651	0.02513
2548.48283	0.02493
2547.44915	0.02473
2546.41547	0.02453
2545.38179	0.02433
2544.34812	0.02413
2543.31444	0.02393
2542.28076	0.02373
2541.24708	0.02353
2540.2134	0.02333
2539.17973	0.02313
2538.14605	0.02293
2537.11237	0.02277
2536.07869	0.02267
2535.04502	0.02257
2534.01134	0.02247
2532.97766	0.02238
2531.94398	0.02228
2530.9103	0.02218
2529.87663	0.02209
2528.84295	0.02199
2527.80927	0.02189
2526.77559	0.0218
2525.74191	0.0217
2524.70824	0.0216
2523.67456	0.02151
2522.64088	0.02141
2521.6072	0.02131
2520.57352	0.02122
2519.53985	0.02112
2518.50617	0.02102
2517.47249	0.02093
2516.43881	0.02083
2515.40514	0.02073
2514.37146	0.02064
2513.33778	0.02054
2512.3041	0.02044
2511.27042	0.02035
2510.23675	0.02025
2509.20307	0.02015
2508.16939	0.02005
2507.13571	0.01996
2506.10203	0.01986
2505.06836	0.01976
2504.03468	0.01967
2503.001	0.01957
2501.96732	0.01947
2500.93364	0.01938
2499.89997	0.01928
2498.86629	0.01918
2497.83261	0.01909
2496.79893	0.01899
2495.76526	0.01889
2494.73158	0.0188
2493.6979	0.0187
2492.66422	0.0186
2491.63054	0.01851
2490.59687	0.01841
2489.56319	0.01831
2488.52951	0.01822
2487.49583	0.01812
2486.46215	0.01802
2485.42848	0.01792
2484.3948	0.01783
2483.36112	0.01773
2482.32744	0.01763
2481.29376	0.01754
2480.26009	0.01744
2479.22641	0.01734
2478.19273	0.01725
2477.15905	0.01715
2476.12538	0.01705
2475.0917	0.01696
2474.05802	0.01686
2473.02434	0.01676
2471.99066	0.01667
2470.95699	0.01657
2469.92331	0.01647
2468.88963	0.01638
2467.85595	0.01628
2466.82227	0.01618
2465.7886	0.01609
2464.75492	0.01599
2463.72124	0.01589
2462.68756	0.01579
2461.65388	0.0157
2460.62021	0.0156
2459.58653	0.0155
2458.55285	0.01541
2457.51917	0.01531
2456.4855	0.01521
2455.45182	0.01512
2454.41814	0.01502
2453.38446	0.01492
2452.35078	0.01483
2451.31711	0.01473
2450.28343	0.01463
2449.24975	0.01454
2448.21607	0.01444
2447.18239	0.01434
2446.14872	0.01425
2445.11504	0.01415
2444.08136	0.01405
2443.04768	0.01396
2442.014	0.01386
2440.98033	0.01376
2439.94665	0.01367
2438.91297	0.01357
2437.87929	0.01347
2436.84562	0.01337
2435.81194	0.01328
2434.77826	0.01318
2433.74458	0.01308
2432.7109	0.01299
2431.67723	0.01289
2430.64355	0.01279
2429.60987	0.0127
2428.57619	0.0126
2427.54251	0.0125
2426.50884	0.01241
2425.47516	0.01231
2424.44148	0.01221
2423.4078	0.01212
2422.37412	0.01202
2421.34045	0.01192
2420.30677	0.01183
2419.27309	0.01173
2418.23941	0.01163
2417.20574	0.01154
2416.17206	0.01148
2415.13838	0.01143
2414.1047	0.01138
2413.07102	0.01134
2412.03735	0.01129
2411.00367	0.01124
2409.96999	0.0112
2408.93631	0.01115
2407.90263	0.0111
2406.86896	0.01105
2405.83528	0.01101
2404.8016	0.01096
2403.76792	0.01091
2402.73424	0.01087
2401.70057	0.01082
2400.66689	0.01077
2399.63321	0.01073
2398.59953	0.01068
2397.56586	0.01063
2396.53218	0.01058
2395.4985	0.01054
2394.46482	0.01049
2393.43114	0.01044
2392.39747	0.0104
2391.36379	0.01035
2390.33011	0.0103
2389.29643	0.01026
2388.26275	0.01021
2387.22908	0.01016
2386.1954	0.01012
2385.16172	0.01007
2384.12804	0.01002
2383.09436	0.00997
2382.06069	0.00993
2381.02701	0.00988
2379.99333	0.00983
2378.95965	0.00979
2377.92598	0.00974
2376.8923	0.00969
2375.85862	0.00965
2374.82494	0.0096
2373.79126	0.00955
2372.75759	0.0095
2371.72391	0.00946
2370.69023	0.00941
2369.65655	0.00936
2368.62287	0.00932
2367.5892	0.00927
2366.55552	0.00922
2365.52184	0.00918
2364.48816	0.00913
2363.45448	0.00908
2362.42081	0.00903
2361.38713	0.00899
2360.35345	0.00894
2359.31977	0.00889
2358.2861	0.00885
2357.25242	0.0088
2356.21874	0.00875
2355.18506	0.00871
2354.15138	0.00866
2353.11771	0.00861
2352.08403	0.00856
2351.05035	0.00852
2350.01667	0.00847
2348.98299	0.00842
2347.94932	0.00838
2346.91564	0.00833
2345.88196	0.00828
2344.84828	0.00824
2343.8146	0.00819
2342.78093	0.00814
2341.74725	0.00809
2340.71357	0.00805
2339.67989	0.008
2338.64622	0.00795
2337.61254	0.00791
2336.57886	0.00786
2335.54518	0.00781
2334.5115	0.00777
2333.47783	0.00772
2332.44415	0.00767
2331.41047	0.00762
2330.37679	0.00758
2329.34311	0.00753
2328.30944	0.00748
2327.27576	0.00744
2326.24208	0.00739
2325.2084	0.00734
2324.17472	0.0073
2323.14105	0.00725
2322.10737	0.0072
2321.07369	0.00715
2320.04001	0.00711
2319.00634	0.00706
2317.97266	0.00701
2316.93898	0.00697
2315.9053	0.00692
2314.87162	0.00687
2313.83795	0.00683
2312.80427	0.00678
2311.77059	0.00673
2310.73691	0.00668
2309.70323	0.00664
2308.66956	0.00659
2307.63588	0.00654
2306.6022	0.0065
2305.56852	0.00645
2304.53484	0.0064
2303.50117	0.00636
2302.46749	0.00631
2301.43381	0.00626
2300.40013	0.00621
2299.36646	0.00617
2298.33278	0.00612
2297.2991	0.00607
2296.26542	0.00603
2295.23174	0.00598
2294.19807	0.00593
2293.16439	0.00589
2292.13071	0.00584
2291.09703	0.00579
2290.06335	0.00574
2289.02968	0.0057
2287.996	0.00565
2286.96232	0.0056
2285.92864	0.00556
2284.89496	0.00551
2283.86129	0.00546
2282.82761	0.00542
2281.79393	0.00537
2280.76025	0.00532
2279.72658	0.00527
2278.6929	0.00523
2277.65922	0.00518
2276.62554	0.00513
2275.59186	0.00509
2274.55819	0.00504
2273.52451	0.00499
2272.49083	0.00495
2271.45715	0.0049
2270.42347	0.00485
2269.3898	0.0048
2268.35612	0.00476
2267.32244	0.00472
2266.28876	0.00471
2265.25509	0.0047
2264.22141	0.00469
2263.18773	0.00468
2262.15405	0.00467
2261.12037	0.00466
2260.0867	0.00465
2259.05302	0.00464
2258.01934	0.00464
2256.98566	0.00463
2255.95198	0.00462
2254.91831	0.00461
2253.88463	0.0046
2252.85095	0.00459
2251.81727	0.00458
2250.78359	0.00457
2249.74992	0.00456
2248.71624	0.00456
2247.68256	0.00455
2246.64888	0.00454
2245.61521	0.00453
2244.58153	0.00452
2243.54785	0.00451
2242.51417	0.0045
2241.48049	0.00449
2240.44682	0.00448
2239.41314	0.00448
2238.37946	0.00447
2237.34578	0.00446
2236.3121	0.00445
2235.27843	0.00444
2234.24475	0.00443
2233.21107	0.00442
2232.17739	0.00441
2231.14371	0.00441
2230.11004	0.0044
2229.07636	0.00439
2228.04268	0.00438
2227.009	0.00437
2225.97533	0.00436
2224.94165	0.00435
2223.90797	0.00434
2222.87429	0.00433
2221.84061	0.00433
2220.80694	0.00432
2219.77326	0.00431
2218.73958	0.0043
2217.7059	0.00429
2216.67222	0.00428
2215.63855	0.00427
2214.60487	0.00426
2213.57119	0.00425
2212.53751	0.00425
2211.50383	0.00424
2210.47016	0.00423
2209.43648	0.00422
2208.4028	0.00421
2207.36912	0.0042
2206.33545	0.00419
2205.30177	0.00418
2204.26809	0.00417
2203.23441	0.00417
2202.20073	0.00416
2201.16706	0.00415
2200.13338	0.00414
2199.0997	0.00413
2198.06602	0.00412
2197.03234	0.00411
2195.99867	0.0041
2194.96499	0.00409
2193.93131	0.00409
2192.89763	0.00408
2191.86395	0.00407
2190.83028	0.00406
2189.7966	0.00405
2188.76292	0.00404
2187.72924	0.00403
2186.69557	0.00402
2185.66189	0.00401
2184.62821	0.00401
2183.59453	0.004
2182.56085	0.00399
2181.52718	0.00398
2180.4935	0.00397
2179.45982	0.00396
2178.42614	0.00395
2177.39246	0.00394
2176.35879	0.00393
2175.32511	0.00393
2174.29143	0.00392
2173.25775	0.00391
2172.22407	0.0039
2171.1904	0.00389
2170.15672	0.00388
2169.12304	0.00387
2168.08936	0.00386
2167.05569	0.00385
2166.02201	0.00385
2164.98833	0.00384
2163.95465	0.00383
2162.92097	0.00382
2161.8873	0.00381
2160.85362	0.0038
2159.81994	0.00379
2158.78626	0.00378
2157.75258	0.00378
2156.71891	0.00377
2155.68523	0.00376
2154.65155	0.00375
2153.61787	0.00374
2152.58419	0.00373
2151.55052	0.00372
2150.51684	0.00371
2149.48316	0.0037
2148.44948	0.0037
2147.41581	0.00369
2146.38213	0.00368
2145.34845	0.00367
2144.31477	0.00366
2143.28109	0.00365
2142.24742	0.00364
2141.21374	0.00363
2140.18006	0.00362
2139.14638	0.00362
2138.1127	0.00361
2137.07903	0.0036
2136.04535	0.00359
2135.01167	0.00358
2133.97799	0.00357
2132.94431	0.00356
2131.91064	0.00355
2130.87696	0.00354
2129.84328	0.00354
2128.8096	0.00353
2127.77593	0.00352
2126.74225	0.00351
2125.70857	0.0035
2124.67489	0.00349
2123.64121	0.00348
2122.60754	0.00347
2121.57386	0.00346
2120.54018	0.00346
2119.5065	0.00345
2118.47282	0.00344
2117.43915	0.00343
2116.40547	0.00342
2115.37179	0.00341
2114.33811	0.0034
2113.30443	0.00339
2112.27076	0.00338
2111.23708	0.00338
2110.2034	0.00337
2109.16972	0.00336
2108.13605	0.00335
2107.10237	0.00334
2106.06869	0.00333
2105.03501	0.00332
2104.00133	0.00331
2102.96766	0.0033
2101.93398	0.0033
2100.9003	0.00329
2099.86662	0.00328
2098.83294	0.00327
2097.79927	0.00326
2096.76559	0.00325
2095.73191	0.00324
2094.69823	0.00323
2093.66455	0.00322
2092.63088	0.00322
2091.5972	0.00321
2090.56352	0.0032
2089.52984	0.00319
2088.49617	0.00318
2087.46249	0.00317
2086.42881	0.00316
2085.39513	0.00315
2084.36145	0.00314
2083.32778	0.00314
2082.2941	0.00313
2081.26042	0.00312
2080.22674	0.00311
2079.19306	0.0031
2078.15939	0.00309
2077.12571	0.00308
2076.09203	0.00307
2075.05835	0.00307
2074.02467	0.00306
2072.991	0.00305
2071.95732	0.00304
2070.92364	0.00303
2069.88996	0.00302
2068.85629	0.00301
2067.82261	0.003
2066.78893	0.00299
2065.75525	0.00299
2064.72157	0.00298
2063.6879	0.00297
2062.65422	0.00296
2061.62054	0.00295
2060.58686	0.00294
2059.55318	0.00293
2058.51951	0.00292
2057.48583	0.00291
2056.45215	0.00291
2055.41847	0.0029
2054.38479	0.00289
2053.35112	0.00288
2052.31744	0.00287
2051.28376	0.00286
2050.25008	0.00285
2049.21641	0.00284
2048.18273	0.00283
2047.14905	0.00283
2046.11537	0.00282
2045.08169	0.00281
2044.04802	0.0028
2043.01434	0.00279
2041.98066	0.00278
2040.94698	0.00277
2039.9133	0.00276
2038.87963	0.00275
2037.84595	0.00275
2036.81227	0.00274
2035.77859	0.00273
2034.74491	0.00272
2033.71124	0.00271
2032.67756	0.0027
2031.64388	0.00269
2030.6102	0.00268
2029.57653	0.00267
2028.54285	0.00267
2027.50917	0.00266
2026.47549	0.00265
2025.44181	0.00264
2024.40814	0.00263
2023.37446	0.00262
2022.34078	0.00261
2021.3071	0.0026
2020.27342	0.00259
2019.23975	0.00259
2018.20607	0.00258
2017.17239	0.00257
2016.13871	0.00256
2015.10504	0.00255
2014.07136	0.00254
2013.03768	0.00253
2012.004	0.00252
2010.97032	0.00251
2009.93665	0.00251
2008.90297	0.0025
2007.86929	0.00249
2006.83561	0.00248
2005.80193	0.00247
2004.76826	0.00246
2003.73458	0.00245
2002.7009	0.00244
2001.66722	0.00244
2000.63354	0.00243
1999.59987	0.00242
1998.56619	0.00241
1997.53251	0.0024
1996.49883	0.00244
1995.46516	0.00248
1994.43148	0.00253
1993.3978	0.00257
1992.36412	0.00262
1991.33044	0.00266
1990.29677	0.0027
1989.26309	0.00275
1988.22941	0.00279
1987.19573	0.00283
1986.16205	0.00288
1985.12838	0.00292
1984.0947	0.00297
1983.06102	0.00301
1982.02734	0.00305
1980.99366	0.0031
1979.95999	0.00314
1978.92631	0.00318
1977.89263	0.00323
1976.85895	0.00327
1975.82528	0.00332
1974.7916	0.00336
1973.75792	0.0034
1972.72424	0.00345
1971.69056	0.00349
1970.65689	0.00354
1969.62321	0.00358
1968.58953	0.00362
1967.55585	0.00367
1966.52217	0.00371
1965.4885	0.00375
1964.45482	0.0038
1963.42114	0.00384
1962.38746	0.00389
1961.35378	0.00393
1960.32011	0.00397
1959.28643	0.00402
1958.25275	0.00406
1957.21907	0.0041
1956.1854	0.00415
1955.15172	0.00419
1954.11804	0.00424
1953.08436	0.00428
1952.05068	0.00432
1951.01701	0.00437
1949.98333	0.00441
1948.94965	0.00445
1947.91597	0.0045
1946.88229	0.00454
1945.84862	0.00459
1944.81494	0.00463
1943.78126	0.00467
1942.74758	0.00472
1941.7139	0.00476
1940.68023	0.0048
1939.64655	0.00485
1938.61287	0.00489
1937.57919	0.00494
1936.54552	0.00498
1935.51184	0.00502
1934.47816	0.00507
1933.44448	0.00511
1932.4108	0.00515
1931.37713	0.0052
1930.34345	0.00524
1929.30977	0.00529
1928.27609	0.00533
1927.24241	0.00537
1926.20874	0.00542
1925.17506	0.00546
1924.14138	0.00551
1923.1077	0.00555
1922.07402	0.00559
1921.04035	0.00564
1920.00667	0.00568
1918.97299	0.00572
1917.93931	0.00577
1916.90564	0.00581
1915.87196	0.00586
1914.83828	0.0059
1913.8046	0.00594
1912.77092	0.00599
1911.73725	0.00603
1910.70357	0.00607
1909.66989	0.00612
1908.63621	0.00616
1907.60253	0.00621
1906.56886	0.00625
1905.53518	0.00629
1904.5015	0.00634
1903.46782	0.00638
1902.43414	0.00642
1901.40047	0.00647
1900.36679	0.00651
1899.33311	0.00656
1898.29943	0.0066
1897.26576	0.00664
1896.23208	0.00669
1895.1984	0.00673
1894.16472	0.00677
1893.13104	0.00682
1892.09737	0.00686
1891.06369	0.00691
1890.03001	0.00695
1888.99633	0.00699
1887.96265	0.00704
1886.92898	0.00708
1885.8953	0.00712
1884.86162	0.00717
1883.82794	0.00721
1882.79426	0.00726
1881.76059	0.0073
1880.72691	0.00734
1879.69323	0.00739
1878.65955	0.00743
1877.62588	0.00748
1876.5922	0.00752
1875.55852	0.00756
1874.52484	0.00761
1873.49116	0.00765
1872.45749	0.00769
1871.42381	0.00774
1870.39013	0.00778
1869.35645	0.00783
1868.32277	0.00787
1867.2891	0.00791
1866.25542	0.00796
1865.22174	0.008
1864.18806	0.00804
1863.15438	0.00809
1862.12071	0.00813
1861.08703	0.00815
1860.05335	0.00818
1859.01967	0.00821
1857.986	0.00823
1856.95232	0.00826
1855.91864	0.00829
1854.88496	0.00832
1853.85128	0.00834
1852.81761	0.00837
1851.78393	0.0084
1850.75025	0.00843
1849.71657	0.00845
1848.68289	0.00848
1847.64922	0.00851
1846.61554	0.00853
1845.58186	0.00856
1844.54818	0.00859
1843.5145	0.00862
1842.48083	0.00864
1841.44715	0.00867
1840.41347	0.0087
1839.37979	0.00873
1838.34612	0.00875
1837.31244	0.00878
1836.27876	0.00881
1835.24508	0.00883
1834.2114	0.00886
1833.17773	0.00889
1832.14405	0.00892
1831.11037	0.00894
1830.07669	0.00897
1829.04301	0.009
1828.00934	0.00903
1826.97566	0.00905
1825.94198	0.00908
1824.9083	0.00911
1823.87462	0.00913
1822.84095	0.00916
1821.80727	0.00919
1820.77359	0.00922
1819.73991	0.00924
1818.70624	0.00927
1817.67256	0.0093
1816.63888	0.00932
1815.6052	0.00935
1814.57152	0.00938
1813.53785	0.00941
1812.50417	0.00943
1811.47049	0.00946
1810.43681	0.00949
1809.40313	0.00952
1808.36946	0.00954
1807.33578	0.00957
1806.3021	0.0096
1805.26842	0.00962
1804.23474	0.00965
1803.20107	0.00968
1802.16739	0.00971
1801.13371	0.00973
1800.10003	0.00976
1799.06636	0.00979
1798.03268	0.00982
1796.999	0.00984
1795.96532	0.00987
1794.93164	0.0099
1793.89797	0.00992
1792.86429	0.00995
1791.83061	0.00998
1790.79693	0.01001
1789.76325	0.01003
1788.72958	0.01006
1787.6959	0.01009
1786.66222	0.01012
1785.62854	0.01014
1784.59486	0.01017
1783.56119	0.0102
1782.52751	0.01022
1781.49383	0.01025
1780.46015	0.01028
1779.42648	0.01093
1778.3928	0.0116
1777.35912	0.01226
1776.32544	0.01292
1775.29176	0.01358
1774.25809	0.01425
1773.22441	0.01491
1772.19073	0.01557
1771.15705	0.01623
1770.12337	0.0169
1769.0897	0.01756
1768.05602	0.01822
1767.02234	0.01888
1765.98866	0.01955
1764.95498	0.02021
1763.92131	0.02087
1762.88763	0.02154
1761.85395	0.0222
1760.82027	0.02286
1759.7866	0.02352
1758.75292	0.02419
1757.71924	0.02485
1756.68556	0.02551
1755.65188	0.02617
1754.61821	0.02684
1753.58453	0.0275
1752.55085	0.02816
1751.51717	0.02882
1750.48349	0.02949
1749.44982	0.03015
1748.41614	0.03081
1747.38246	0.03147
1746.34878	0.0332
1745.31511	0.03696
1744.28143	0.04073
1743.24775	0.04449
1742.21407	0.04826
1741.18039	0.05202
1740.14672	0.05579
1739.11304	0.05955
1738.07936	0.06332
1737.04568	0.06709
1736.012	0.06844
1734.97833	0.06894
1733.94465	0.06944
1732.91097	0.06995
1731.87729	0.07045
1730.84361	0.07095
1729.80994	0.07146
1728.77626	0.07196
1727.74258	0.07246
1726.7089	0.07296
1725.67523	0.07347
1724.64155	0.07397
1723.60787	0.07447
1722.57419	0.07498
1721.54051	0.07548
1720.50684	0.07598
1719.47316	0.07649
1718.43948	0.07699
1717.4058	0.07749
1716.37212	0.07799
1715.33845	0.0785
1714.30477	0.079
1713.27109	0.0795
1712.23741	0.08001
1711.20373	0.08051
1710.17006	0.08101
1709.13638	0.08152
1708.1027	0.08202
1707.06902	0.08252
1706.03535	0.08303
1705.00167	0.08353
1703.96799	0.08403
1702.93431	0.08453
1701.90063	0.08504
1700.86696	0.08554
1699.83328	0.08604
1698.7996	0.08655
1697.76592	0.08705
1696.73224	0.08755
1695.69857	0.08806
1694.66489	0.08856
1693.63121	0.08906
1692.59753	0.08957
1691.56385	0.09007
1690.53018	0.09057
1689.4965	0.09107
1688.46282	0.09158
1687.42914	0.09208
1686.39547	0.09258
1685.36179	0.09309
1684.32811	0.09359
1683.29443	0.09409
1682.26075	0.0946
1681.22708	0.0951
1680.1934	0.0956
1679.15972	0.09611
1678.12604	0.09661
1677.09236	0.09711
1676.05869	0.09761
1675.02501	0.09812
1673.99133	0.09862
1672.95765	0.09838
1671.92397	0.09809
1670.8903	0.09779
1669.85662	0.0975
1668.82294	0.0972
1667.78926	0.09691
1666.75559	0.09661
1665.72191	0.09632
1664.68823	0.09602
1663.65455	0.09573
1662.62087	0.09543
1661.5872	0.09514
1660.55352	0.09484
1659.51984	0.09455
1658.48616	0.09425
1657.45248	0.09396
1656.41881	0.09366
1655.38513	0.09337
1654.35145	0.09307
1653.31777	0.09278
1652.28409	0.09248
1651.25042	0.09219
1650.21674	0.09189
1649.18306	0.0922
1648.14938	0.09258
1647.11571	0.09296
1646.08203	0.09335
1645.04835	0.09373
1644.01467	0.09411
1642.98099	0.0945
1641.94732	0.09488
1640.91364	0.09526
1639.87996	0.09565
1638.84628	0.09603
1637.8126	0.09641
1636.77893	0.0968
1635.74525	0.09718
1634.71157	0.09756
1633.67789	0.09795
1632.64421	0.09833
1631.61054	0.09871
1630.57686	0.0991
1629.54318	0.09948
1628.5095	0.09986
1627.47583	0.10025
1626.44215	0.10063
1625.40847	0.10101
1624.37479	0.1014
1623.34111	0.10178
1622.30744	0.10216
1621.27376	0.10255
1620.24008	0.10293
1619.2064	0.10331
1618.17272	0.1037
1617.13905	0.10408
1616.10537	0.1041
1615.07169	0.10296
1614.03801	0.10181
1613.00433	0.10067
1611.97066	0.09952
1610.93698	0.09838
1609.9033	0.09723
1608.86962	0.09609
1607.83595	0.09494
1606.80227	0.09379
1605.76859	0.09265
1604.73491	0.0915
1603.70123	0.09036
1602.66756	0.08921
1601.63388	0.08807
1600.6002	0.08692
1599.56652	0.08578
1598.53284	0.08463
1597.49917	0.08349
1596.46549	0.08234
1595.43181	0.0812
1594.39813	0.08005
1593.36445	0.07891
1592.33078	0.07776
1591.2971	0.07661
1590.26342	0.07547
1589.22974	0.07432
1588.19607	0.07318
1587.16239	0.07203
1586.12871	0.07089
1585.09503	0.06974
1584.06135	0.0686
1583.02768	0.06745
1581.994	0.06627
1580.96032	0.06506
1579.92664	0.06386
1578.89296	0.06265
1577.85929	0.06144
1576.82561	0.06024
1575.79193	0.05903
1574.75825	0.05782
1573.72457	0.05662
1572.6909	0.05541
1571.65722	0.0542
1570.62354	0.053
1569.58986	0.05179
1568.55619	0.05058
1567.52251	0.04988
1566.48883	0.04967
1565.45515	0.04945
1564.42147	0.04924
1563.3878	0.04903
1562.35412	0.04882
1561.32044	0.04861
1560.28676	0.04839
1559.25308	0.04818
1558.21941	0.04797
1557.18573	0.04776
1556.15205	0.04754
1555.11837	0.04733
1554.08469	0.04712
1553.05102	0.04691
1552.01734	0.0467
1550.98366	0.04648
1549.94998	0.04627
1548.91631	0.04606
1547.88263	0.04585
1546.84895	0.04563
1545.81527	0.04542
1544.78159	0.04521
1543.74792	0.045
1542.71424	0.04479
1541.68056	0.04457
1540.64688	0.04436
1539.6132	0.04415
1538.57953	0.04394
1537.54585	0.04372
1536.51217	0.04351
1535.47849	0.0433
1534.44481	0.04309
1533.41114	0.04288
1532.37746	0.04266
1531.34378	0.04245
1530.3101	0.04224
1529.27643	0.04271
1528.24275	0.04431
1527.20907	0.0459
1526.17539	0.0475
1525.14171	0.04909
1524.10804	0.05069
1523.07436	0.05228
1522.04068	0.05388
1521.007	0.05547
1519.97332	0.05707
1518.93965	0.05866
1517.90597	0.06026
1516.87229	0.06185
1515.83861	0.06345
1514.80493	0.06504
1513.77126	0.06664
1512.73758	0.06823
1511.7039	0.06983
1510.67022	0.07142
1509.63655	0.07302
1508.60287	0.07461
1507.56919	0.07621
1506.53551	0.0778
1505.50183	0.0794
1504.46816	0.08099
1503.43448	0.08259
1502.4008	0.08418
1501.36712	0.08578
1500.33344	0.08737
1499.29977	0.08897
1498.26609	0.09056
1497.23241	0.09216
1496.19873	0.09375
1495.16506	0.09619
1494.13138	0.09894
1493.0977	0.10168
1492.06402	0.10443
1491.03034	0.10718
1489.99667	0.10992
1488.96299	0.11267
1487.92931	0.11542
1486.89563	0.11816
1485.86195	0.12091
1484.82828	0.12366
1483.7946	0.1264
1482.76092	0.12915
1481.72724	0.1319
1480.69356	0.13464
1479.65989	0.13739
1478.62621	0.14014
1477.59253	0.14288
1476.55885	0.14562
1475.52518	0.14833
1474.4915	0.15103
1473.45782	0.15373
1472.42414	0.15644
1471.39046	0.15914
1470.35679	0.16184
1469.32311	0.16455
1468.28943	0.16725
1467.25575	0.16995
1466.22207	0.17171
1465.1884	0.17275
1464.15472	0.17379
1463.12104	0.17483
1462.08736	0.17587
1461.05368	0.17691
1460.02001	0.17795
1458.98633	0.17899
1457.95265	0.18003
1456.91897	0.18107
1455.8853	0.18211
1454.85162	0.18316
1453.81794	0.1842
1452.78426	0.18524
1451.75058	0.18628
1450.71691	0.18732
1449.68323	0.18836
1448.64955	0.1894
1447.61587	0.19043
1446.58219	0.18908
1445.54852	0.18773
1444.51484	0.18638
1443.48116	0.18503
1442.44748	0.18369
1441.4138	0.18234
1440.38013	0.18099
1439.34645	0.17964
1438.31277	0.17829
1437.27909	0.17694
1436.24542	0.1756
1435.21174	0.17425
1434.17806	0.1729
1433.14438	0.17155
1432.1107	0.1702
1431.07703	0.16885
1430.04335	0.16751
1429.00967	0.16616
1427.97599	0.16449
1426.94231	0.1624
1425.90864	0.16032
1424.87496	0.15823
1423.84128	0.15615
1422.8076	0.15406
1421.77392	0.15198
1420.74025	0.14989
1419.70657	0.14781
1418.67289	0.14572
1417.63921	0.14364
1416.60554	0.14156
1415.57186	0.13947
1414.53818	0.13739
1413.5045	0.13557
1412.47082	0.13423
1411.43715	0.13289
1410.40347	0.13155
1409.36979	0.13021
1408.33611	0.12887
1407.30243	0.12753
1406.26876	0.12619
1405.23508	0.12485
1404.2014	0.12351
1403.16772	0.12217
1402.13404	0.12083
1401.10037	0.11949
1400.06669	0.11815
1399.03301	0.11681
1397.99933	0.11547
1396.96566	0.11413
1395.93198	0.11279
1394.8983	0.11145
1393.86462	0.11159
1392.83094	0.11211
1391.79727	0.11263
1390.76359	0.11315
1389.72991	0.11367
1388.69623	0.11419
1387.66255	0.11471
1386.62888	0.11523
1385.5952	0.11575
1384.56152	0.11628
1383.52784	0.1168
1382.49416	0.11732
1381.46049	0.11784
1380.42681	0.11836
1379.39313	0.11888
1378.35945	0.1194
1377.32578	0.11992
1376.2921	0.12044
1375.25842	0.12097
1374.22474	0.12149
1373.19106	0.12201
1372.15739	0.12253
1371.12371	0.12305
1370.09003	0.12357
1369.05635	0.12409
1368.02267	0.12461
1366.989	0.12513
1365.95532	0.12566
1364.92164	0.12618
1363.88796	0.1267
1362.85428	0.12722
1361.82061	0.12774
1360.78693	0.12826
1359.75325	0.12878
1358.71957	0.1293
1357.6859	0.12983
1356.65222	0.13035
1355.61854	0.13087
1354.58486	0.13139
1353.55118	0.13191
1352.51751	0.13243
1351.48383	0.13295
1350.45015	0.13347
1349.41647	0.13399
1348.38279	0.13452
1347.34912	0.13504
1346.31544	0.13556
1345.28176	0.13608
1344.24808	0.1366
1343.2144	0.13712
1342.18073	0.13764
1341.14705	0.13816
1340.11337	0.13868
1339.07969	0.13921
1338.04602	0.13973
1337.01234	0.14025
1335.97866	0.14025
1334.94498	0.13965
1333.9113	0.13906
1332.87763	0.13846
1331.84395	0.13786
1330.81027	0.13726
1329.77659	0.13666
1328.74291	0.13607
1327.70924	0.13547
1326.67556	0.13487
1325.64188	0.13427
1324.6082	0.13368
1323.57452	0.13308
1322.54085	0.13248
1321.50717	0.13188
1320.47349	0.13128
1319.43981	0.13069
1318.40614	0.13009
1317.37246	0.12949
1316.33878	0.12889
1315.3051	0.12829
1314.27142	0.1277
1313.23775	0.1271
1312.20407	0.1265
1311.17039	0.1259
1310.13671	0.12531
1309.10303	0.12471
1308.06936	0.12411
1307.03568	0.12351
1306.002	0.12291
1304.96832	0.12232
1303.93464	0.12172
1302.90097	0.12112
1301.86729	0.12052
1300.83361	0.11992
1299.79993	0.11933
1298.76626	0.11873
1297.73258	0.11813
1296.6989	0.11753
1295.66522	0.11694
1294.63154	0.11634
1293.59787	0.11574
1292.56419	0.11264
1291.53051	0.10911
1290.49683	0.10558
1289.46315	0.10205
1288.42948	0.09852
1287.3958	0.09717
1286.36212	0.09663
1285.32844	0.09608
1284.29476	0.09554
1283.26109	0.09499
1282.22741	0.09445
1281.19373	0.0939
1280.16005	0.09335
1279.12638	0.09281
1278.0927	0.09226
1277.05902	0.09172
1276.02534	0.09117
1274.99166	0.09062
1273.95799	0.09008
1272.92431	0.08953
1271.89063	0.08899
1270.85695	0.08844
1269.82327	0.0879
1268.7896	0.08735
1267.75592	0.0868
1266.72224	0.08626
1265.68856	0.08571
1264.65488	0.08517
1263.62121	0.08462
1262.58753	0.08407
1261.55385	0.08353
1260.52017	0.08298
1259.4865	0.08244
1258.45282	0.08189
1257.41914	0.08134
1256.38546	0.0808
1255.35178	0.08025
1254.31811	0.07971
1253.28443	0.07916
1252.25075	0.07862
1251.21707	0.07807
1250.18339	0.07752
1249.14972	0.07698
1248.11604	0.07643
1247.08236	0.07589
1246.04868	0.07534
1245.01501	0.07478
1243.98133	0.07416
1242.94765	0.07353
1241.91397	0.0729
1240.88029	0.07227
1239.84662	0.07164
1238.81294	0.07101
1237.77926	0.07039
1236.74558	0.06976
1235.7119	0.06913
1234.67823	0.0685
1233.64455	0.06787
1232.61087	0.06725
1231.57719	0.06662
1230.54351	0.06599
1229.50984	0.06536
1228.47616	0.06473
1227.44248	0.0641
1226.4088	0.06348
1225.37513	0.06285
1224.34145	0.06222
1223.30777	0.06159
1222.27409	0.06096
1221.24041	0.06034
1220.20674	0.05971
1219.17306	0.05908
1218.13938	0.05845
1217.1057	0.05782
1216.07202	0.05719
1215.03835	0.05657
1214.00467	0.05594
1212.97099	0.05531
1211.93731	0.05468
1210.90363	0.05405
1209.86996	0.05342
1208.83628	0.0528
1207.8026	0.05217
1206.76892	0.05154
1205.73525	0.05091
1204.70157	0.05028
1203.66789	0.04966
1202.63421	0.04903
1201.60053	0.0484
1200.56686	0.04777
1199.53318	0.04714
1198.4995	0.04651
1197.46582	0.04589
1196.43214	0.04517
1195.39847	0.04433
1194.36479	0.04348
1193.33111	0.04264
1192.29743	0.04179
1191.26375	0.04095
1190.23008	0.0401
1189.1964	0.03926
1188.16272	0.03841
1187.12904	0.03757
1186.09537	0.03672
1185.06169	0.03588
1184.02801	0.03503
1182.99433	0.03419
1181.96065	0.03335
1180.92698	0.0325
1179.8933	0.03166
1178.85962	0.03081
1177.82594	0.02997
1176.79226	0.02912
1175.75859	0.02828
1174.72491	0.02743
1173.69123	0.02659
1172.65755	0.02574
1171.62387	0.0249
1170.5902	0.02405
1169.55652	0.02321
1168.52284	0.02236
1167.48916	0.02162
1166.45549	0.02124
1165.42181	0.02085
1164.38813	0.02047
1163.35445	0.02008
1162.32077	0.0197
1161.2871	0.01931
1160.25342	0.01892
1159.21974	0.01854
1158.18606	0.01815
1157.15238	0.01777
1156.11871	0.01738
1155.08503	0.017
1154.05135	0.01661
1153.01767	0.01622
1151.98399	0.01584
1150.95032	0.01545
1149.91664	0.01507
1148.88296	0.01468
1147.84928	0.0143
1146.81561	0.01391
1145.78193	0.01353
1144.74825	0.01314
1143.71457	0.01275
1142.68089	0.01237
1141.64722	0.01198
1140.61354	0.0116
1139.57986	0.01121
1138.54618	0.01083
1137.5125	0.01044
1136.47883	0.01005
1135.44515	0.00967
1134.41147	0.00928
1133.37779	0.0089
1132.34411	0.00851
1131.31044	0.00813
1130.27676	0.00774
1129.24308	0.00736
1128.2094	0.00697
1127.17573	0.00658
1126.14205	0.0062
1125.10837	0.00581
1124.07469	0.00543
1123.04101	0.00504
1122.00734	0.00466
1120.97366	0.00427
1119.93998	0.00388
1118.9063	0.0035
1117.87262	0.00311
1116.83895	0.00273
1115.80527	0.00234
1114.77159	0.00196
1113.73791	0.00157
1112.70423	0.00119
1111.67056	8E-4
1110.63688	4.1E-4
1109.6032	2.2E-4
1108.56952	1.8E-4
1107.53585	1.4E-4
1106.50217	1E-4
1105.46849	6E-5
1104.43481	3E-5
1103.40113	-1E-5
1102.36746	-5E-5
1101.33378	-9E-5
1100.3001	-1.3E-4
1099.26642	-1.6E-4
1098.23274	-2E-4
1097.19907	-2.4E-4
1096.16539	-2.8E-4
1095.13171	-3.1E-4
1094.09803	-3.5E-4
1093.06435	-3.9E-4
1092.03068	-4.3E-4
1090.997	-4.7E-4
1089.96332	-5E-4
1088.92964	-5.4E-4
1087.89597	-5.8E-4
1086.86229	-6.2E-4
1085.82861	-6.6E-4
1084.79493	-6.9E-4
1083.76125	-7.3E-4
1082.72758	-7.7E-4
1081.6939	-8.1E-4
1080.66022	-8.4E-4
1079.62654	-8.8E-4
1078.59286	-9.2E-4
1077.55919	-9.6E-4
1076.52551	-1E-3
1075.49183	-9.5E-4
1074.45815	-9E-4
1073.42447	-8.5E-4
1072.3908	-7.9E-4
1071.35712	-7.4E-4
1070.32344	-6.9E-4
1069.28976	-6.3E-4
1068.25609	-5.8E-4
1067.22241	-5.3E-4
1066.18873	-4.8E-4
1065.15505	-4.2E-4
1064.12137	-3.7E-4
1063.0877	-3.2E-4
1062.05402	-2.6E-4
1061.02034	-2.1E-4
1059.98666	-1.6E-4
1058.95298	-1E-4
1057.91931	-5E-5
1056.88563	0
1055.85195	5E-5
1054.81827	1.1E-4
1053.78459	1.6E-4
1052.75092	2.1E-4
1051.71724	2.7E-4
1050.68356	3.2E-4
1049.64988	3.7E-4
1048.61621	4.3E-4
1047.58253	4.8E-4
1046.54885	5.3E-4
1045.51517	5.9E-4
1044.48149	6.4E-4
1043.44782	6.9E-4
1042.41414	7.4E-4
1041.38046	8E-4
1040.34678	8.5E-4
1039.3131	9E-4
1038.27943	9.6E-4
1037.24575	0.00101
1036.21207	0.00106
1035.17839	0.00112
1034.14471	0.00117
1033.11104	0.00122
1032.07736	0.00127
1031.04368	0.00133
1030.01	0.00138
1028.97633	0.00143
1027.94265	0.00149
1026.90897	0.00154
1025.87529	0.00159
1024.84161	0.00165
1023.80794	0.0017
1022.77426	0.00175
1021.74058	0.0018
1020.7069	0.00186
1019.67322	0.00191
1018.63955	0.00196
1017.60587	0.00202
1016.57219	0.00207
1015.53851	0.00212
1014.50483	0.00218
1013.47116	0.00223
1012.43748	0.00228
1011.4038	0.00234
1010.37012	0.00239
1009.33645	0.00244
1008.30277	0.00249
1007.26909	0.00255
1006.23541	0.0026
1005.20173	0.00265
1004.16806	0.00271
1003.13438	0.00276
1002.1007	0.00281
1001.06702	0.00287
1000.03334	0.00292
998.99967	0.00297
997.96599	0.00302
996.93231	0.00308
995.89863	0.00313
994.86495	0.00318
993.83128	0.00324
992.7976	0.00329
991.76392	0.00334
990.73024	0.0034
989.69657	0.00345
988.66289	0.00353
987.62921	0.00367
986.59553	0.00381
985.56185	0.00395
984.52818	0.00408
983.4945	0.00422
982.46082	0.00436
981.42714	0.0045
980.39346	0.00463
979.35979	0.00477
978.32611	0.00491
977.29243	0.00505
976.25875	0.00518
975.22508	0.00532
974.1914	0.00546
973.15772	0.0056
972.12404	0.00573
971.09036	0.00587
970.05669	0.00601
969.02301	0.00615
967.98933	0.00628
966.95565	0.00642
965.92197	0.00656
964.8883	0.0067
963.85462	0.00683
962.82094	0.00697
961.78726	0.00711
960.75358	0.00724
959.71991	0.00738
958.68623	0.00752
957.65255	0.00766
956.61887	0.00779
955.5852	0.00793
954.55152	0.00807
953.51784	0.00821
952.48416	0.00834
951.45048	0.00848
950.41681	0.00862
949.38313	0.00876
948.34945	0.00889
947.31577	0.00903
946.28209	0.00917
945.24842	0.00939
944.21474	0.00963
943.18106	0.00988
942.14738	0.01012
941.1137	0.01037
940.08003	0.01061
939.04635	0.01086
938.01267	0.0111
936.97899	0.01134
935.94532	0.01159
934.91164	0.01183
933.87796	0.01208
932.84428	0.01232
931.8106	0.01257
930.77693	0.01281
929.74325	0.01306
928.70957	0.0133
927.67589	0.01354
926.64221	0.01379
925.60854	0.01403
924.57486	0.01428
923.54118	0.01452
922.5075	0.01477
921.47382	0.01501
920.44015	0.01525
919.40647	0.0155
918.37279	0.01574
917.33911	0.01599
916.30544	0.01623
915.27176	0.01648
914.23808	0.01672
913.2044	0.01697
912.17072	0.01721
911.13705	0.01745
910.10337	0.0177
909.06969	0.01794
908.03601	0.01819
907.00233	0.01843
905.96866	0.01868
904.93498	0.01892
903.9013	0.01917
902.86762	0.01941
901.83394	0.01965
900.80027	0.0199
899.76659	0.02014
898.73291	0.02039
897.69923	0.02063
896.66556	0.02088
895.63188	0.02112
894.5982	0.02136
893.56452	0.02161
892.53084	0.02147
891.49717	0.02106
890.46349	0.02064
889.42981	0.02022
888.39613	0.01981
887.36245	0.01939
886.32878	0.01897
885.2951	0.01856
884.26142	0.01814
883.22774	0.01772
882.19406	0.01731
881.16039	0.01689
880.12671	0.01647
879.09303	0.01606
878.05935	0.01564
877.02568	0.01523
875.992	0.01481
874.95832	0.01439
873.92464	0.01398
872.89096	0.01356
871.85729	0.01314
870.82361	0.01273
869.78993	0.01231
868.75625	0.01189
867.72257	0.01148
866.6889	0.01106
865.65522	0.01064
864.62154	0.01023
863.58786	0.00981
862.55418	0.00939
861.52051	0.00898
860.48683	0.00856
859.45315	0.00814
858.41947	0.00839
857.3858	0.00868
856.35212	0.00897
855.31844	0.00926
854.28476	0.00955
853.25108	0.00984
852.21741	0.01013
851.18373	0.01042
850.15005	0.01071
849.11637	0.01101
848.08269	0.0113
847.04902	0.01159
846.01534	0.01188
844.98166	0.01217
843.94798	0.01246
842.9143	0.01275
841.88063	0.01304
840.84695	0.01333
839.81327	0.01362
838.77959	0.01391
837.74592	0.01421
836.71224	0.0145
835.67856	0.01479
834.64488	0.01508
833.6112	0.01537
832.57753	0.01566
831.54385	0.01595
830.51017	0.01624
829.47649	0.01653
828.44281	0.01682
827.40914	0.01712
826.37546	0.01741
825.34178	0.0177
824.3081	0.01799
823.27442	0.01828
822.24075	0.01857
821.20707	0.01886
820.17339	0.01915
819.13971	0.01944
818.10604	0.01973
817.07236	0.02003
816.03868	0.02032
815.005	0.02061
813.97132	0.0209
812.93765	0.02119
811.90397	0.02148
810.87029	0.02162
809.83661	0.02117
808.80293	0.02072
807.76926	0.02027
806.73558	0.01982
805.7019	0.01937
804.66822	0.01892
803.63454	0.01847
802.60087	0.01802
801.56719	0.01757
800.53351	0.01712
799.49983	0.01667
798.46616	0.01622
797.43248	0.01577
796.3988	0.01532
795.36512	0.01487
794.33144	0.01442
793.29777	0.01397
792.26409	0.01352
791.23041	0.01307
790.19673	0.01262
789.16305	0.01217
788.12938	0.01172
787.0957	0.01127
786.06202	0.01082
785.02834	0.01037
783.99466	0.00992
782.96099	0.00947
781.92731	0.00902
780.89363	0.00857
779.85995	0.00812
778.82628	0.00767
777.7926	0.00722
776.75892	0.00677
775.72524	0.00632
774.69156	0.00587
773.65789	0.00542
772.62421	0.00497
771.59053	0.00471
770.55685	0.00468
769.52317	0.00466
768.4895	0.00464
767.45582	0.00462
766.42214	0.00459
765.38846	0.00457
764.35478	0.00455
763.32111	0.00452
762.28743	0.0045
761.25375	0.00448
760.22007	0.00446
759.1864	0.00443
758.15272	0.00441
757.11904	0.00439
756.08536	0.00437
755.05168	0.00434
754.01801	0.00432
752.98433	0.0043
751.95065	0.00427
750.91697	0.00425
749.88329	0.00423
748.84962	0.00421
747.81594	0.00418
746.78226	0.00416
745.74858	0.00414
744.7149	0.00411
743.68123	0.00409
742.64755	0.00407
741.61387	0.00405
740.58019	0.00402
739.54652	0.004
738.51284	0.00398
737.47916	0.00395
736.44548	0.00393
735.4118	0.00391
734.37813	0.00389
733.34445	0.00386
732.31077	0.00384
731.27709	0.00382
730.24341	0.0038
729.20974	0.00377
728.17606	0.00375
727.14238	0.00373
726.1087	0.0037
725.07503	0.00368
724.04135	0.00366
723.00767	0.00364
721.97399	0.00361
720.94031	0.00359
719.90664	0.00357
718.87296	0.00354
717.83928	0.00352
716.8056	0.0035
715.77192	0.00348
714.73825	0.00345
713.70457	0.00343
712.67089	0.00341
711.63721	0.00339
710.60353	0.00336
709.56986	0.00334
708.53618	0.00332
707.5025	0.00329
706.46882	0.00327
705.43515	0.00325
704.40147	0.00323
703.36779	0.0032
702.33411	0.00318
701.30043	0.00316
700.26676	0.00313
699.23308	0.00311
698.1994	0.00309
697.16572	0.00307
696.13204	0.00304
695.09837	0.00302
694.06469	0.003
693.03101	0.00297
691.99733	0.00295
690.96365	0.00293
689.92998	0.00291
688.8963	0.00288
687.86262	0.00286
686.82894	0.00284
685.79527	0.00282
684.76159	0.00279
683.72791	0.00277
682.69423	0.00275
681.66055	0.00272
680.62688	0.0027
679.5932	0.00268
678.55952	0.00266
677.52584	0.00263
676.49216	0.00261
675.45849	0.00259
674.42481	0.00256
673.39113	0.00254
672.35745	0.00252
671.32377	0.0025
670.2901	0.00247
669.25642	0.00245
668.22274	0.00243
667.18906	0.00241
666.15539	0.00238
665.12171	0.00236
664.08803	0.00234
663.05435	0.00231
662.02067	0.00229
660.987	0.00227
659.95332	0.00225
658.91964	0.00222
657.88596	0.0022
656.85228	0.00218
655.81861	0.00215
654.78493	0.00213
653.75125	0.00211
652.71757	0.00209
651.68389	0.00206
650.65022	0.00204
649.61654	0.00202
648.58286	0.00199
647.54918	0.00197
646.51551	0.00195
645.48183	0.00193
644.44815	0.0019
643.41447	0.00188
642.38079	0.00186
641.34712	0.00184
640.31344	0.00181
639.27976	0.00179
638.24608	0.00177
637.2124	0.00174
636.17873	0.00172
635.14505	0.0017
634.11137	0.00168
633.07769	0.00165
632.04401	0.00163
631.01034	0.00161
629.97666	0.00158
628.94298	0.00156
627.9093	0.00154
626.87563	0.00152
625.84195	0.00149
624.80827	0.00147
623.77459	0.00145
622.74091	0.00143
621.70724	0.0014
620.67356	0.00138
619.63988	0.00136
618.6062	0.00133
617.57252	0.00131
616.53885	0.00129
615.50517	0.00127
614.47149	0.00124
613.43781	0.00122
612.40413	0.0012
611.37046	0.00117
610.33678	0.00115
609.3031	0.00113
608.26942	0.00111
607.23575	0.00108
606.20207	0.00106
605.16839	0.00104
604.13471	0.00101
603.10103	9.9E-4
602.06736	9.7E-4
601.03368	9.5E-4
600	9.2E-4
