2.852080 0.334974 2.852080 0.112314 2.852080 0.147161
2.854382 0.354056 2.854382 0.119502 2.854382 0.157343
2.856683 0.371436 2.856683 0.127249 2.856683 0.167779
2.858985 0.392165 2.858985 0.135639 2.858985 0.178058
2.861286 0.410455 2.861286 0.143363 2.861286 0.189975
2.863588 0.430628 2.863588 0.151547 2.863588 0.199933
2.865890 0.451277 2.865890 0.160014 2.865890 0.209829
2.868191 0.473113 2.868191 0.168423 2.868191 0.219726
2.870493 0.494988 2.870493 0.176889 2.870493 0.230129
2.872795 0.517166 2.872795 0.185664 2.872795 0.238834
2.875096 0.540143 2.875096 0.193578 2.875096 0.248841
2.877398 0.562838 2.877398 0.201776 2.877398 0.257609
2.879699 0.587717 2.879699 0.209932 2.879699 0.266633
2.882001 0.612016 2.882001 0.218052 2.882001 0.275247
2.884303 0.637054 2.884303 0.226506 2.884303 0.283305
2.886604 0.661311 2.886604 0.234495 2.886604 0.291674
2.888906 0.687241 2.888906 0.243117 2.888906 0.300346
2.891208 0.714140 2.891208 0.250264 2.891208 0.308306
2.893509 0.737853 2.893509 0.259103 2.893509 0.316142
2.895811 0.764947 2.895811 0.268404 2.895811 0.324013
2.898112 0.791848 2.898112 0.276997 2.898112 0.333361
2.900414 0.818151 2.900414 0.285543 2.900414 0.341294
2.902716 0.844052 2.902716 0.294544 2.902716 0.350625
2.905017 0.871481 2.905017 0.304382 2.905017 0.358864
2.907319 0.896794 2.907319 0.312939 2.907319 0.367718
2.909621 0.924167 2.909621 0.322506 2.909621 0.376658
2.911922 0.951488 2.911922 0.332437 2.911922 0.386247
2.914224 0.978884 2.914224 0.342411 2.914224 0.396037
2.916525 1.007493 2.916525 0.353083 2.916525 0.406674
2.918827 1.036012 2.918827 0.363832 2.918827 0.416915
2.921129 1.065151 2.921129 0.374376 2.921129 0.426833
2.923430 1.098931 2.923430 0.385263 2.923430 0.437196
2.925732 1.129278 2.925732 0.396402 2.925732 0.448291
2.928034 1.163430 2.928034 0.408802 2.928034 0.460178
2.930335 1.192971 2.930335 0.419068 2.930335 0.469417
2.932637 1.219927 2.932637 0.434672 2.932637 0.483829
2.934938 1.245672 2.934938 0.447066 2.934938 0.495280
2.937240 1.270509 2.937240 0.459375 2.937240 0.506954
2.939542 1.291877 2.939542 0.473547 2.939542 0.519312
2.941843 1.310550 2.941843 0.486842 2.941843 0.531699
2.944145 1.333173 2.944145 0.499996 2.944145 0.543473
2.946447 1.352398 2.946447 0.512513 2.946447 0.554946
2.948748 1.372790 2.948748 0.524415 2.948748 0.567631
2.951050 1.393535 2.951050 0.538529 2.951050 0.579441
2.953351 1.409350 2.953351 0.550551 2.953351 0.591092
2.955653 1.428516 2.955653 0.559021 2.955653 0.599090
2.957955 1.440501 2.957955 0.574598 2.957955 0.612464
2.960256 1.451570 2.960256 0.584570 2.960256 0.622983
2.962558 1.466626 2.962558 0.594661 2.962558 0.630316
2.964860 1.475385 2.964860 0.609176 2.964860 0.643457
2.967161 1.486400 2.967161 0.619651 2.967161 0.654469
2.969463 1.493960 2.969463 0.631868 2.969463 0.664343
2.971764 1.508382 2.971764 0.642074 2.971764 0.674915
2.974066 1.519319 2.974066 0.652270 2.974066 0.685623
2.976368 1.531158 2.976368 0.662692 2.976368 0.694113
2.978669 1.541545 2.978669 0.673104 2.978669 0.703107
2.980971 1.555743 2.980971 0.683440 2.980971 0.714156
2.983273 1.571715 2.983273 0.694239 2.983273 0.723117
2.985574 1.578692 2.985574 0.704743 2.985574 0.733199
2.987876 1.596003 2.987876 0.714367 2.987876 0.742753
2.990177 1.613306 2.990177 0.724928 2.990177 0.752233
2.992479 1.623398 2.992479 0.735733 2.992479 0.761443
2.994781 1.638820 2.994781 0.745245 2.994781 0.770828
2.997082 1.655473 2.997082 0.755156 2.997082 0.780210
2.999384 1.666848 2.999384 0.763795 2.999384 0.787588
3.001686 1.682323 3.001686 0.774959 3.001686 0.797740
3.003987 1.698186 3.003987 0.785611 3.003987 0.808089
3.006289 1.711757 3.006289 0.795360 3.006289 0.815914
3.008590 1.727047 3.008590 0.805320 3.008590 0.824651
3.010892 1.743458 3.010892 0.813858 3.010892 0.832599
3.013194 1.758136 3.013194 0.824484 3.013194 0.840995
3.015495 1.776683 3.015495 0.833056 3.015495 0.849227
3.017797 1.791780 3.017797 0.841601 3.017797 0.856069
3.020098 1.807289 3.020098 0.851254 3.020098 0.864054
3.022400 1.823168 3.022400 0.860646 3.022400 0.870205
3.024702 1.833813 3.024702 0.868814 3.024702 0.876447
3.027003 1.841458 3.027003 0.877197 3.027003 0.883794
3.029305 1.857909 3.029305 0.884843 3.029305 0.888691
3.031607 1.872167 3.031607 0.892745 3.031607 0.895256
3.033908 1.879785 3.033908 0.901964 3.033908 0.901484
3.036210 1.889868 3.036210 0.908152 3.036210 0.905608
3.038511 1.900110 3.038511 0.916082 3.038511 0.910400
3.040813 1.911019 3.040813 0.923489 3.040813 0.916053
3.043115 1.917394 3.043115 0.930054 3.043115 0.919994
3.045416 1.928920 3.045416 0.936517 3.045416 0.923987
3.047718 1.934043 3.047718 0.943259 3.047718 0.925808
3.050020 1.940768 3.050020 0.949773 3.050020 0.930349
3.052321 1.946303 3.052321 0.956570 3.052321 0.932261
3.054623 1.953995 3.054623 0.960138 3.054623 0.935694
3.056924 1.953174 3.056924 0.967026 3.056924 0.935895
3.059226 1.959183 3.059226 0.972054 3.059226 0.937984
3.061528 1.962949 3.061528 0.978216 3.061528 0.940665
3.063829 1.961206 3.063829 0.982147 3.063829 0.941997
3.066131 1.965883 3.066131 0.986355 3.066131 0.942707
3.068433 1.962951 3.068433 0.990288 3.068433 0.943085
3.070734 1.960657 3.070734 0.993496 3.070734 0.943113
3.073036 1.958504 3.073036 0.996532 3.073036 0.943115
3.075337 1.955211 3.075337 0.999660 3.075337 0.943115
3.077639 1.950897 3.077639 1.001265 3.077639 0.942592
3.079941 1.940679 3.079941 1.002647 3.079941 0.940439
3.082242 1.937495 3.082242 1.003697 3.082242 0.940513
3.084544 1.927713 3.084544 1.006751 3.084544 0.939326
3.086846 1.919374 3.086846 1.006725 3.086846 0.937595
3.089147 1.913319 3.089147 1.006681 3.089147 0.935407
3.091449 1.901559 3.091449 1.004237 3.091449 0.932162
3.093750 1.883103 3.093750 1.003976 3.093750 0.930290
3.096052 1.879941 3.096052 1.001278 3.096052 0.926590
3.098354 1.865326 3.098354 1.001189 3.098354 0.924383
3.100655 1.854309 3.100655 0.998344 3.100655 0.920419
3.102957 1.839505 3.102957 0.994546 3.102957 0.917828
3.105259 1.826340 3.105259 0.992724 3.105259 0.913199
3.107560 1.810249 3.107560 0.989144 3.107560 0.908921
3.109862 1.796246 3.109862 0.984388 3.109862 0.905368
3.112163 1.781379 3.112163 0.981453 3.112163 0.901938
3.114465 1.764293 3.114465 0.976529 3.114465 0.897908
3.116767 1.749587 3.116767 0.970679 3.116767 0.892051
3.119068 1.732419 3.119068 0.967173 3.119068 0.886523
3.121370 1.717912 3.121370 0.960569 3.121370 0.882730
3.123672 1.700947 3.123672 0.955629 3.123672 0.878262
3.125973 1.683753 3.125973 0.950320 3.125973 0.871328
3.128275 1.666506 3.128275 0.944144 3.128275 0.867540
3.130576 1.648354 3.130576 0.937795 3.130576 0.861625
3.132878 1.631299 3.132878 0.931624 3.132878 0.855932
3.135180 1.612978 3.135180 0.925538 3.135180 0.850254
3.137481 1.596430 3.137481 0.919466 3.137481 0.844594
3.139783 1.576975 3.139783 0.913432 3.139783 0.839119
3.142085 1.562018 3.142085 0.905286 3.142085 0.832611
3.144386 1.539430 3.144386 0.898976 3.144386 0.825370
3.146688 1.524162 3.146688 0.892898 3.146688 0.819938
3.148989 1.503583 3.148989 0.885805 3.148989 0.814763
3.151291 1.484150 3.151291 0.879142 3.151291 0.806716
3.153593 1.463710 3.153593 0.871104 3.153593 0.801559
3.155894 1.446237 3.155894 0.864984 3.155894 0.793988
3.158196 1.426151 3.158196 0.857082 3.158196 0.788323
3.160498 1.405278 3.160498 0.848892 3.160498 0.781194
3.162799 1.386950 3.162799 0.842185 3.162799 0.774751
3.165101 1.367093 3.165101 0.833683 3.165101 0.768526
3.167402 1.345624 3.167402 0.827067 3.167402 0.760026
3.169704 1.326825 3.169704 0.818748 3.169704 0.753741
3.172006 1.306579 3.172006 0.810135 3.172006 0.746709
3.174307 1.284960 3.174307 0.802513 3.174307 0.738630
3.176609 1.263944 3.176609 0.793172 3.176609 0.732321
3.178911 1.244852 3.178911 0.785483 3.178911 0.725182
3.181212 1.226118 3.181212 0.776868 3.181212 0.718022
3.183514 1.204554 3.183514 0.768646 3.183514 0.709999
3.185815 1.184413 3.185815 0.759526 3.185815 0.702133
3.188117 1.165817 3.188117 0.750558 3.188117 0.695383
3.190419 1.144760 3.190419 0.742781 3.190419 0.685897
3.192720 1.123898 3.192720 0.733001 3.192720 0.678199
3.195022 1.104311 3.195022 0.723485 3.195022 0.671248
3.197323 1.084368 3.197323 0.713848 3.197323 0.664100
3.199625 1.064605 3.199625 0.704290 3.199625 0.654992
3.201927 1.044328 3.201927 0.694984 3.201927 0.646121
3.204228 1.024751 3.204228 0.685754 3.204228 0.637305
3.206530 1.005046 3.206530 0.676421 3.206530 0.629396
3.208832 0.984113 3.208832 0.665385 3.208832 0.621052
3.211133 0.964859 3.211133 0.656595 3.211133 0.611964
3.213435 0.945770 3.213435 0.645569 3.213435 0.602738
3.215736 0.925267 3.215736 0.635530 3.215736 0.594407
3.218038 0.906534 3.218038 0.626572 3.218038 0.584163
3.220340 0.887730 3.220340 0.615177 3.220340 0.575616
3.222641 0.867500 3.222641 0.605899 3.222641 0.566294
3.224943 0.848760 3.224943 0.594928 3.224943 0.555663
3.227245 0.829940 3.227245 0.584432 3.227245 0.546258
3.229546 0.811692 3.229546 0.574778 3.229546 0.535951
3.231848 0.792353 3.231848 0.564683 3.231848 0.526765
3.234149 0.775154 3.234149 0.553981 3.234149 0.516853
3.236451 0.756400 3.236451 0.543892 3.236451 0.506720
3.238753 0.738543 3.238753 0.533704 3.238753 0.496234
3.241054 0.721341 3.241054 0.522222 3.241054 0.485658
3.243356 0.703965 3.243356 0.512665 3.243356 0.476415
3.245658 0.687636 3.245658 0.502328 3.245658 0.465658
3.247959 0.669572 3.247959 0.491845 3.247959 0.454822
3.250261 0.653677 3.250261 0.482474 3.250261 0.444104
3.252562 0.638197 3.252562 0.471213 3.252562 0.434019
3.254864 0.623675 3.254864 0.460670 3.254864 0.425007
3.257166 0.607015 3.257166 0.451678 3.257166 0.414700
3.259467 0.593529 3.259467 0.441041 3.259467 0.404443
3.261769 0.578224 3.261769 0.430643 3.261769 0.394307
3.264071 0.564774 3.264071 0.421190 3.264071 0.384450
3.266372 0.551746 3.266372 0.411579 3.266372 0.374241
3.268674 0.538792 3.268674 0.401651 3.268674 0.364946
3.270975 0.525768 3.270975 0.391682 3.270975 0.355377
3.273277 0.513720 3.273277 0.381712 3.273277 0.345629
3.275579 0.502716 3.275579 0.373460 3.275579 0.336099
3.277880 0.491645 3.277880 0.364039 3.277880 0.327316
3.280182 0.480656 3.280182 0.354513 3.280182 0.318089
3.282484 0.470651 3.282484 0.345259 3.282484 0.309047
3.284785 0.460410 3.284785 0.336922 3.284785 0.300405
3.287087 0.450895 3.287087 0.327613 3.287087 0.292298
3.289388 0.441957 3.289388 0.320154 3.289388 0.283502
3.291690 0.433760 3.291690 0.312178 3.291690 0.276027
3.293992 0.425113 3.293992 0.303259 3.293992 0.268042
3.296293 0.417608 3.296293 0.296127 3.296293 0.260442
3.298595 0.410732 3.298595 0.288220 3.298595 0.253067
3.300897 0.404783 3.300897 0.281045 3.300897 0.245862
3.303198 0.398568 3.303198 0.273850 3.303198 0.238913
3.305500 0.394447 3.305500 0.266823 3.305500 0.232841
3.307801 0.391138 3.307801 0.259684 3.307801 0.225955
3.310103 0.388639 3.310103 0.254200 3.310103 0.220042
3.312405 0.386586 3.312405 0.247279 3.312405 0.214463
3.314706 0.385519 3.314706 0.242676 3.314706 0.210143
3.317008 0.384893 3.317008 0.237281 3.317008 0.205348
3.319310 0.382484 3.319310 0.233448 3.319310 0.202078
3.321611 0.377869 3.321611 0.229767 3.321611 0.199407
3.323913 0.371361 3.323913 0.227027 3.323913 0.197412
3.326214 0.366005 3.326214 0.224501 3.326214 0.197043
3.328516 0.357508 3.328516 0.224282 3.328516 0.197141
3.330818 0.346992 3.330818 0.222966 3.330818 0.199693
3.333119 0.335819 3.333119 0.224619 3.333119 0.202263
3.335421 0.326087 3.335421 0.226076 3.335421 0.204915
3.337723 0.316371 3.337723 0.228562 3.337723 0.207525
3.340024 0.309234 3.340024 0.229823 3.340024 0.210078
3.342326 0.302995 3.342326 0.231511 3.342326 0.211339
3.344627 0.297050 3.344627 0.231699 3.344627 0.211485
3.346929 0.290936 3.346929 0.230252 3.346929 0.210148
3.349231 0.286150 3.349231 0.227575 3.349231 0.206561
3.351532 0.283086 3.351532 0.223616 3.351532 0.202188
3.353834 0.280323 3.353834 0.219100 3.353834 0.197551
3.356135 0.277671 3.356135 0.213902 3.356135 0.193134
3.358437 0.275503 3.358437 0.210117 3.358437 0.190189
3.360739 0.271717 3.360739 0.206954 3.360739 0.189044
3.363040 0.267584 3.363040 0.205533 3.363040 0.189981
3.365342 0.262823 3.365342 0.205893 3.365342 0.192674
3.367644 0.260305 3.367644 0.208271 3.367644 0.196386
3.369945 0.256460 3.369945 0.210852 3.369945 0.200341
3.372247 0.253138 3.372247 0.214499 3.372247 0.204106
3.374548 0.251553 3.374548 0.218537 3.374548 0.207466
3.376850 0.249744 3.376850 0.221130 3.376850 0.208567
3.379152 0.247810 3.379152 0.222893 3.379152 0.209262
3.381453 0.245348 3.381453 0.223710 3.381453 0.207065
3.383755 0.243503 3.383755 0.222483 3.383755 0.204481
3.386057 0.242481 3.386057 0.221526 3.386057 0.200808
3.388358 0.241291 3.388358 0.219152 3.388358 0.196909
3.390660 0.239948 3.390660 0.215534 3.390660 0.192719
3.392961 0.238956 3.392961 0.212492 3.392961 0.189564
3.395263 0.239104 3.395263 0.208979 3.395263 0.186943
3.397565 0.238821 3.397565 0.206574 3.397565 0.186023
3.399866 0.238315 3.399866 0.203015 3.399866 0.185883
3.402168 0.236857 3.402168 0.201334 3.402168 0.184822
3.404470 0.236186 3.404470 0.198867 3.404470 0.184941
3.406771 0.235144 3.406771 0.196315 3.406771 0.184317
3.409073 0.233912 3.409073 0.193875 3.409073 0.181777
3.411374 0.232982 3.411374 0.190627 3.411374 0.178795
3.413676 0.232060 3.413676 0.185591 3.413676 0.174858
3.415978 0.230972 3.415978 0.180638 3.415978 0.168645
3.418279 0.228832 3.418279 0.175738 3.418279 0.163931
3.420581 0.228711 3.420581 0.170969 3.420581 0.159164
3.422883 0.227694 3.422883 0.166976 3.422883 0.155212
3.425184 0.228294 3.425184 0.162501 3.425184 0.151842
3.427486 0.227153 3.427486 0.160094 3.427486 0.149502
3.429787 0.226663 3.429787 0.157648 3.429787 0.148170
3.432089 0.226748 3.432089 0.155286 3.432089 0.145996
3.434391 0.225736 3.434391 0.152888 3.434391 0.143620
3.436692 0.224917 3.436692 0.150224 3.436692 0.142324
3.438994 0.224612 3.438994 0.147018 3.438994 0.139073
3.441296 0.224701 3.441296 0.142631 3.441296 0.137114
3.443597 0.224019 3.443597 0.139349 3.443597 0.134420
3.445899 0.221925 3.445899 0.135507 3.445899 0.130845
3.448200 0.220607 3.448200 0.132327 3.448200 0.128679
3.450502 0.219131 3.450502 0.129907 3.450502 0.126027
3.452804 0.216960 3.452804 0.126391 3.452804 0.123108
3.455105 0.215709 3.455105 0.124159 3.455105 0.121277
3.457407 0.214518 3.457407 0.121866 3.457407 0.118594
3.459709 0.213639 3.459709 0.119671 3.459709 0.117272
3.462010 0.212152 3.462010 0.117411 3.462010 0.115091
3.464312 0.211505 3.464312 0.115165 3.464312 0.113954
3.466613 0.210474 3.466613 0.112882 3.466613 0.111687
3.468915 0.209686 3.468915 0.111579 3.468915 0.110674
3.471217 0.206852 3.471217 0.109557 3.471217 0.109716
3.473518 0.204451 3.473518 0.108372 3.473518 0.108553
3.475820 0.202584 3.475820 0.107080 3.475820 0.108611
3.478122 0.201457 3.478122 0.106360 3.478122 0.108577
3.480423 0.200295 3.480423 0.105501 3.480423 0.108579
3.482725 0.198162 3.482725 0.104511 3.482725 0.108573
3.485026 0.196344 3.485026 0.104134 3.485026 0.108528
3.487328 0.195178 3.487328 0.104131 3.487328 0.109309
3.489630 0.193583 3.489630 0.104148 3.489630 0.110476
3.491931 0.192031 3.491931 0.104065 3.491931 0.111388
3.494233 0.190485 3.494233 0.105376 3.494233 0.112760
3.496535 0.189559 3.496535 0.105316 3.496535 0.113769
3.498836 0.187942 3.498836 0.106224 3.498836 0.115187
3.501138 0.186109 3.501138 0.108067 3.501138 0.116602
3.503439 0.184534 3.503439 0.109224 3.503439 0.118109
3.505741 0.183424 3.505741 0.111373 3.505741 0.119879
3.508043 0.182087 3.508043 0.113527 3.508043 0.121189
3.510344 0.180075 3.510344 0.117195 3.510344 0.124682
3.512646 0.178671 3.512646 0.121436 3.512646 0.128236
3.514947 0.177889 3.514947 0.128353 3.514947 0.133072
3.517249 0.176001 3.517249 0.136665 3.517249 0.139863
3.519551 0.174203 3.519551 0.146732 3.519551 0.149286
3.521852 0.173690 3.521852 0.158385 3.521852 0.158791
3.524154 0.172809 3.524154 0.168789 3.524154 0.169436
3.526456 0.171575 3.526456 0.178373 3.526456 0.180556
3.528757 0.170605 3.528757 0.185723 3.528757 0.188308
3.531059 0.169320 3.531059 0.189346 3.531059 0.195208
3.533360 0.168430 3.533360 0.189913 3.533360 0.196361
3.535662 0.166883 3.535662 0.185578 3.535662 0.192896
3.537964 0.165073 3.537964 0.177011 3.537964 0.185402
3.540265 0.163397 3.540265 0.167312 3.540265 0.174638
3.542567 0.161946 3.542567 0.157550 3.542567 0.165179
3.544869 0.160454 3.544869 0.147592 3.544869 0.154838
3.547170 0.158827 3.547170 0.139984 3.547170 0.147103
3.549472 0.157220 3.549472 0.132561 3.549472 0.139541
3.551773 0.155591 3.551773 0.126231 3.551773 0.132341
3.554075 0.154197 3.554075 0.120650 3.554075 0.125754
3.556377 0.151837 3.556377 0.115754 3.556377 0.119541
3.558678 0.150550 3.558678 0.110302 3.558678 0.113763
3.560980 0.148308 3.560980 0.105456 3.560980 0.108313
3.563282 0.147165 3.563282 0.101215 3.563282 0.102453
3.565583 0.145390 3.565583 0.096092 3.565583 0.097638
3.567885 0.143531 3.567885 0.091984 3.567885 0.092140
3.570186 0.142135 3.570186 0.087931 3.570186 0.087336
3.572488 0.140369 3.572488 0.082709 3.572488 0.082087
3.574790 0.138885 3.574790 0.078740 3.574790 0.077662
3.577091 0.137241 3.577091 0.074726 3.577091 0.073627
3.579393 0.135295 3.579393 0.070662 3.579393 0.069648
3.581695 0.134351 3.581695 0.067639 3.581695 0.065393
3.583996 0.132725 3.583996 0.063884 3.583996 0.061314
3.586298 0.131261 3.586298 0.060075 3.586298 0.057816
3.588599 0.129399 3.588599 0.056983 3.588599 0.053943
3.590901 0.128372 3.590901 0.053718 3.590901 0.051192
3.593203 0.127018 3.593203 0.050716 3.593203 0.048026
3.595504 0.125576 3.595504 0.048265 3.595504 0.045339
3.597806 0.124514 3.597806 0.045763 3.597806 0.042709
3.600108 0.122855 3.600108 0.042743 3.600108 0.039812
3.602409 0.122171 3.602409 0.040812 3.602409 0.037849
3.604711 0.121191 3.604711 0.038011 3.604711 0.035935
3.607012 0.119696 3.607012 0.036075 3.607012 0.034017
3.609314 0.118423 3.609314 0.034201 3.609314 0.032170
3.611616 0.117433 3.611616 0.032299 3.611616 0.030204
3.613917 0.116172 3.613917 0.030592 3.613917 0.028354
3.616219 0.115149 3.616219 0.029606 3.616219 0.026689
3.618521 0.113991 3.618521 0.027715 3.618521 0.025604
3.620822 0.112439 3.620822 0.026212 3.620822 0.024289
3.623124 0.111514 3.623124 0.024959 3.623124 0.023038
3.625425 0.111107 3.625425 0.024083 3.625425 0.021760
3.627727 0.109532 3.627727 0.022409 3.627727 0.021232
3.630029 0.108228 3.630029 0.021687 3.630029 0.019613
3.632330 0.107331 3.632330 0.020616 3.632330 0.018468
3.634632 0.106732 3.634632 0.019071 3.634632 0.018160
3.636934 0.105751 3.636934 0.018913 3.636934 0.017189
3.639235 0.104583 3.639235 0.017268 3.639235 0.016526
3.641537 0.103186 3.641537 0.017108 3.641537 0.015215
3.643838 0.102570 3.643838 0.015968 3.643838 0.014997
3.646140 0.101869 3.646140 0.015184 3.646140 0.014290
3.648442 0.100884 3.648442 0.014951 3.648442 0.013191
3.650743 0.099583 3.650743 0.014057 3.650743 0.013102
3.653045 0.098632 3.653045 0.013387 3.653045 0.012477
3.655347 0.097940 3.655347 0.013136 3.655347 0.012119
3.657648 0.096928 3.657648 0.011990 3.657648 0.011015
3.659950 0.096024 3.659950 0.011297 3.659950 0.010739
3.662251 0.094871 3.662251 0.011059 3.662251 0.010000
3.664553 0.094129 3.664553 0.010497 3.664553 0.010039
3.666855 0.093135 3.666855 0.010034 3.666855 0.009776
3.669156 0.091997 3.669156 0.009688 3.669156 0.008931
3.671458 0.091226 3.671458 0.009022 3.671458 0.008964
3.673759 0.090624 3.673759 0.008881 3.673759 0.007953
3.676061 0.089666 3.676061 0.008068 3.676061 0.008027
3.678363 0.088299 3.678363 0.008041 3.678363 0.007162
3.680664 0.087758 3.680664 0.007834 3.680664 0.007031
3.682966 0.086689 3.682966 0.006965 3.682966 0.006823
3.685268 0.085749 3.685268 0.007022 3.685268 0.006089
3.687569 0.084879 3.687569 0.006781 3.687569 0.005999
3.689871 0.084188 3.689871 0.005938 3.689871 0.005834
3.692172 0.083022 3.692172 0.006012 3.692172 0.004903
3.694474 0.082528 3.694474 0.005995 3.694474 0.005028
3.696776 0.081898 3.696776 0.005060 3.696776 0.005020
3.699077 0.080805 3.699077 0.005027 3.699077 0.004637
3.701379 0.079812 3.701379 0.005009 3.701379 0.004424
3.703681 0.079534 3.703681 0.004594 3.703681 0.004088
3.705982 0.078849 3.705982 0.003957 3.705982 0.004047
3.708284 0.077425 3.708284 0.004009 3.708284 0.003688
3.710585 0.077411 3.710585 0.003536 3.710585 0.003010
3.712887 0.076277 3.712887 0.003484 3.712887 0.003001
3.715189 0.075967 3.715189 0.002938 3.715189 0.002988
3.717490 0.075221 3.717490 0.003012 3.717490 0.003100
3.719792 0.074715 3.719792 0.003043 3.719792 0.002212
3.722094 0.073669 3.722094 0.002459 3.722094 0.002003
3.724395 0.072872 3.724395 0.001999 3.724395 0.001992
3.726697 0.072822 3.726697 0.001998 3.726697 0.001996
3.728998 0.072173 3.728998 0.001999 3.728998 0.002012
3.731300 0.071271 3.731300 0.002004 3.731300 0.001798
3.733602 0.070634 3.733602 0.001976 3.733602 0.001408
3.735903 0.070295 3.735903 0.001862 3.735903 0.000994
3.738205 0.069437 3.738205 0.001701 3.738205 0.001002
3.740507 0.069120 3.740507 0.000993 3.740507 0.001001
3.742808 0.068394 3.742808 0.001032 3.742808 0.000999
3.745110 0.067846 3.745110 0.000998 3.745110 0.001008
3.747411 0.067104 3.747411 0.001000 3.747411 0.000978
3.749713 0.067063 3.749713 0.001000 3.749713 0.000963
3.752015 0.066571 3.752015 0.001000 3.752015 0.000323
3.754316 0.065816 3.754316 0.001007 3.754316 0.001114
3.756618 0.064968 3.756618 0.000851 3.756618 0.000785
3.758920 0.064686 3.758920 0.000465 3.758920 0.000005
3.761221 0.063972 3.761221 0.001160 3.761221 0.000016
3.763523 0.063703 3.763523 0.000000 3.763523 0.000003
3.765824 0.063410 3.765824 0.000141 3.765824 0.000007
3.768126 0.062399 3.768126 0.000930 3.768126 0.000008
3.770428 0.061855 3.770428 0.001030 3.770428 0.000147
3.772729 0.061773 3.772729 0.000355 3.772729 0.000611
3.775031 0.061036 3.775031 0.000476 3.775031 0.000190
3.777333 0.060500 3.777333 0.001032 3.777333 0.000901
3.779634 0.060282 3.779634 0.000996 3.779634 0.000989
3.781936 0.060167 3.781936 0.001000 3.781936 0.001009
3.784237 0.059937 3.784237 0.000999 3.784237 0.000993
3.786539 0.059301 3.786539 0.001004 3.786539 0.001022
3.788841 0.058410 3.788841 0.001040 3.788841 0.000984
3.791142 0.058405 3.791142 0.001794 3.791142 0.001904
3.793444 0.058109 3.793444 0.001999 3.793444 0.002203
3.795746 0.057919 3.795746 0.001982 3.795746 0.002910
3.798047 0.057041 3.798047 0.002267 3.798047 0.003031
3.800349 0.056952 3.800349 0.003025 3.800349 0.003027
3.802650 0.056884 3.802650 0.002985 3.802650 0.004062
3.804952 0.056199 3.804952 0.003154 3.804952 0.004304
3.807254 0.055873 3.807254 0.004030 3.807254 0.004956
3.809555 0.055222 3.809555 0.004441 3.809555 0.005425
3.811857 0.054882 3.811857 0.005018 3.811857 0.006028
3.814159 0.054982 3.814159 0.005092 3.814159 0.006448
3.816460 0.054421 3.816460 0.005900 3.816460 0.007072
3.818762 0.054428 3.818762 0.005997 3.818762 0.007205
3.821063 0.053886 3.821063 0.007122 3.821063 0.007976
3.823365 0.053216 3.823365 0.007026 3.823365 0.008030
3.825667 0.053012 3.825667 0.007033 3.825667 0.008642
3.827968 0.053046 3.827968 0.008127 3.827968 0.009036
3.830270 0.052597 3.830270 0.008026 3.830270 0.009336
3.832572 0.052073 3.832572 0.008052 3.832572 0.009999
3.834873 0.051392 3.834873 0.008979 3.834873 0.010039
3.837175 0.051175 3.837175 0.009030 3.837175 0.010032
3.839476 0.050898 3.839476 0.009029 3.839476 0.010127
3.841778 0.050814 3.841778 0.009045 3.841778 0.010826
3.844080 0.050521 3.844080 0.009004 3.844080 0.011076
3.846381 0.050377 3.846381 0.010078 3.846381 0.011048
3.848683 0.049690 3.848683 0.010122 3.848683 0.011049
3.850984 0.049767 3.850984 0.009197 3.850984 0.011050
3.853286 0.049517 3.853286 0.010087 3.853286 0.011048
3.855588 0.049383 3.855588 0.009380 3.855588 0.011055
3.857889 0.049158 3.857889 0.009000 3.857889 0.011033
3.860191 0.049113 3.860191 0.009029 3.860191 0.011001
3.862493 0.049088 3.862493 0.009029 3.862493 0.009961
3.864794 0.048790 3.864794 0.009037 3.864794 0.010067
3.867096 0.048465 3.867096 0.009035 3.867096 0.010032
3.869397 0.047988 3.869397 0.008695 3.869397 0.010045
3.871699 0.047857 3.871699 0.007950 3.871699 0.009873
3.874001 0.047827 3.874001 0.008023 3.874001 0.009020
3.876302 0.047694 3.876302 0.008021 3.876302 0.009063
3.878604 0.047106 3.878604 0.008041 3.878604 0.009583
3.880906 0.046617 3.880906 0.007993 3.880906 0.010103
3.883207 0.046911 3.883207 0.008867 3.883207 0.010029
3.885509 0.046389 3.885509 0.009040 3.885509 0.010036
3.887810 0.046575 3.887810 0.009024 3.887810 0.010042
3.890112 0.046149 3.890112 0.009003 3.890112 0.010133
3.892414 0.046012 3.892414 0.009441 3.892414 0.011087
3.894715 0.045373 3.894715 0.010081 3.894715 0.010944
3.897017 0.045634 3.897017 0.010043 3.897017 0.011648
3.899319 0.045293 3.899319 0.009965 3.899319 0.012101
3.901620 0.044894 3.901620 0.010696 3.901620 0.012059
3.903922 0.044745 3.903922 0.011060 3.903922 0.012067
3.906223 0.044954 3.906223 0.011069 3.906223 0.012620
3.908525 0.044472 3.908525 0.010942 3.908525 0.013136
3.910827 0.044166 3.910827 0.011913 3.910827 0.012974
3.913128 0.044205 3.913128 0.012066 3.913128 0.013639
3.915430 0.043584 3.915430 0.012798 3.915430 0.014134
3.917732 0.043457 3.917732 0.012993 3.917732 0.014028
3.920033 0.043468 3.920033 0.014057 3.920033 0.015065
3.922335 0.043331 3.922335 0.014068 3.922335 0.015170
3.924636 0.043100 3.924636 0.013998 3.924636 0.015939
3.926938 0.042819 3.926938 0.014850 3.926938 0.016278
3.929240 0.042496 3.929240 0.015082 3.929240 0.016946
3.931541 0.042493 3.931541 0.015263 3.931541 0.017143
3.933843 0.042737 3.933843 0.016007 3.933843 0.017147
3.936145 0.042419 3.936145 0.016116 3.936145 0.017102
3.938446 0.042217 3.938446 0.016113 3.938446 0.018137
3.940748 0.041905 3.940748 0.016111 3.940748 0.017586
3.943049 0.041760 3.943049 0.016110 3.943049 0.017883
3.945351 0.041869 3.945351 0.016112 3.945351 0.017006
3.947653 0.041657 3.947653 0.016145 3.947653 0.017131
3.949954 0.041124 3.949954 0.015780 3.949954 0.017204
3.952256 0.041050 3.952256 0.015122 3.952256 0.016411
3.954558 0.041042 3.954558 0.015095 3.954558 0.016123
3.956859 0.040912 3.956859 0.014582 3.956859 0.015507
3.959161 0.040858 3.959161 0.013996 3.959161 0.015047
3.961462 0.040469 3.961462 0.014166 3.961462 0.014650
3.963764 0.040012 3.963764 0.013016 3.963764 0.013638
3.966066 0.040158 3.966066 0.012514 3.966066 0.012829
3.968367 0.040095 3.968367 0.012096 3.968367 0.012361
3.970669 0.040088 3.970669 0.011262 3.970669 0.011287
3.972971 0.040050 3.972971 0.010821 3.972971 0.010601
3.975272 0.039409 3.975272 0.009786 3.975272 0.010081
3.977574 0.039365 3.977574 0.009124 3.977574 0.009009
3.979875 0.039398 3.979875 0.009057 3.979875 0.008927
3.982177 0.039511 3.982177 0.007987 3.982177 0.007922
3.984479 0.039270 3.984479 0.007861 3.984479 0.007449
3.986780 0.038919 3.986780 0.007211 3.986780 0.007019
3.989082 0.038765 3.989082 0.006152 3.989082 0.006520
3.991384 0.038609 3.991384 0.006009 3.991384 0.005435
3.993685 0.038713 3.993685 0.005343 3.993685 0.005075
3.995987 0.038542 3.995987 0.005069 3.995987 0.004561
3.998288 0.038240 3.998288 0.004222 3.998288 0.004019
4.000590 0.038192 4.000590 0.004002 4.000590 0.003755
