2.852080 0.000314 2.852080 0.007290 2.852080 0.000705
2.854382 0.000339 2.854382 0.007843 2.854382 0.000735
2.856683 0.000358 2.856683 0.008455 2.856683 0.000765
2.858985 0.000363 2.858985 0.009151 2.858985 0.000795
2.861286 0.000361 2.861286 0.009926 2.861286 0.000825
2.863588 0.000358 2.863588 0.010772 2.863588 0.000855
2.865890 0.000360 2.865890 0.011681 2.865890 0.000885
2.868191 0.000366 2.868191 0.012643 2.868191 0.000915
2.870493 0.000373 2.870493 0.013647 2.870493 0.000945
2.872795 0.000378 2.872795 0.014678 2.872795 0.000975
2.875096 0.000377 2.875096 0.015716 2.875096 0.001005
2.877398 0.000368 2.877398 0.016746 2.877398 0.001035
2.879699 0.000357 2.879699 0.017779 2.879699 0.001065
2.882001 0.000358 2.882001 0.018835 2.882001 0.001094
2.884303 0.000374 2.884303 0.019914 2.884303 0.001124
2.886604 0.000392 2.886604 0.020989 2.886604 0.001153
2.888906 0.000401 2.888906 0.022027 2.888906 0.001183
2.891208 0.000405 2.891208 0.023016 2.891208 0.001212
2.893509 0.000427 2.893509 0.023963 2.893509 0.001242
2.895811 0.000482 2.895811 0.024872 2.895811 0.001271
2.898112 0.000540 2.898112 0.025738 2.898112 0.001301
2.900414 0.000549 2.900414 0.026548 2.900414 0.001330
2.902716 0.000501 2.902716 0.027298 2.902716 0.001359
2.905017 0.000521 2.905017 0.028007 2.905017 0.001388
2.907319 0.000756 2.907319 0.028699 2.907319 0.001418
2.909621 0.001176 2.909621 0.029380 2.909621 0.001453
2.911922 0.001507 2.911922 0.030026 2.911922 0.001618
2.914224 0.001491 2.914224 0.030613 2.914224 0.001798
2.916525 0.001247 2.916525 0.031120 2.916525 0.001978
2.918827 0.001144 2.918827 0.031523 2.918827 0.002157
2.921129 0.001491 2.921129 0.031804 2.921129 0.002333
2.923430 0.002291 2.923430 0.031969 2.923430 0.002511
2.925732 0.003451 2.925732 0.032028 2.925732 0.002698
2.928034 0.004894 2.928034 0.031991 2.928034 0.002878
2.930335 0.006562 2.930335 0.031866 2.930335 0.003046
2.932637 0.008399 2.932637 0.031661 2.932637 0.003309
2.934938 0.010306 2.934938 0.031391 2.934938 0.003847
2.937240 0.012146 2.937240 0.031079 2.937240 0.004350
2.939542 0.013794 2.939542 0.030747 2.939542 0.004875
2.941843 0.015234 2.941843 0.030411 2.941843 0.005399
2.944145 0.016506 2.944145 0.030085 2.944145 0.005922
2.946447 0.017720 2.946447 0.029775 2.946447 0.006424
2.948748 0.019237 2.948748 0.029457 2.948748 0.006968
2.951050 0.021457 2.951050 0.029107 2.951050 0.007964
2.953351 0.024565 2.953351 0.028724 2.953351 0.009008
2.955653 0.028427 2.955653 0.028351 2.955653 0.009877
2.957955 0.032856 2.957955 0.028029 2.957955 0.010445
2.960256 0.037305 2.960256 0.027762 2.960256 0.011045
2.962558 0.040981 2.962558 0.027525 2.962558 0.010935
2.964860 0.043189 2.964860 0.027295 2.964860 0.010754
2.967161 0.043769 2.967161 0.027061 2.967161 0.010545
2.969463 0.042728 2.969463 0.026814 2.969463 0.010340
2.971764 0.040226 2.971764 0.026554 2.971764 0.010158
2.974066 0.036763 2.974066 0.026296 2.974066 0.009952
2.976368 0.032874 2.976368 0.026058 2.976368 0.009747
2.978669 0.028897 2.978669 0.025834 2.978669 0.009561
2.980971 0.024969 2.980971 0.025599 2.980971 0.009360
2.983273 0.021219 2.983273 0.025328 2.983273 0.009155
2.985574 0.017792 2.985574 0.025016 2.985574 0.008978
2.987876 0.014840 2.987876 0.024665 2.987876 0.008771
2.990177 0.012473 2.990177 0.024281 2.990177 0.008511
2.992479 0.010655 2.992479 0.023880 2.992479 0.008203
2.994781 0.009320 2.994781 0.023478 2.994781 0.007899
2.997082 0.008393 2.997082 0.023082 2.997082 0.007596
2.999384 0.007786 2.999384 0.022677 2.999384 0.007293
3.001686 0.007411 3.001686 0.022249 3.001686 0.006991
3.003987 0.007211 3.003987 0.021796 3.003987 0.006688
3.006289 0.007146 3.006289 0.021326 3.006289 0.006357
3.008590 0.007200 3.008590 0.020846 3.008590 0.006396
3.010892 0.007450 3.010892 0.020354 3.010892 0.006630
3.013194 0.008004 3.013194 0.019851 3.013194 0.006852
3.015495 0.008865 3.015495 0.019334 3.015495 0.007075
3.017797 0.009794 3.017797 0.018799 3.017797 0.007299
3.020098 0.010525 3.020098 0.018242 3.020098 0.007544
3.022400 0.010937 3.022400 0.017671 3.022400 0.007766
3.024702 0.011071 3.024702 0.017103 3.024702 0.007987
3.027003 0.010982 3.027003 0.016554 3.027003 0.008207
3.029305 0.010764 3.029305 0.016019 3.029305 0.008428
3.031607 0.010535 3.031607 0.015480 3.031607 0.008673
3.033908 0.010385 3.033908 0.014929 3.033908 0.008894
3.036210 0.010301 3.036210 0.014388 3.036210 0.009124
3.038511 0.010250 3.038511 0.013889 3.038511 0.009453
3.040813 0.010212 3.040813 0.013438 3.040813 0.009821
3.043115 0.010195 3.043115 0.013009 3.043115 0.010190
3.045416 0.010208 3.045416 0.012572 3.045416 0.010550
3.047718 0.010250 3.047718 0.012135 3.047718 0.010917
3.050020 0.010312 3.050020 0.011730 3.050020 0.011261
3.052321 0.010388 3.052321 0.011384 3.052321 0.011622
3.054623 0.010478 3.054623 0.011078 3.054623 0.011988
3.056924 0.010583 3.056924 0.010778 3.056924 0.012354
3.059226 0.010705 3.059226 0.010470 3.059226 0.012702
3.061528 0.010835 3.061528 0.010184 3.061528 0.013036
3.063829 0.010966 3.063829 0.009957 3.063829 0.013352
3.066131 0.011116 3.066131 0.009786 3.066131 0.013660
3.068433 0.011334 3.068433 0.009627 3.068433 0.013952
3.070734 0.011667 3.070734 0.009437 3.070734 0.014265
3.073036 0.012142 3.073036 0.009221 3.073036 0.014552
3.075337 0.012778 3.075337 0.009007 3.075337 0.014866
3.077639 0.013538 3.077639 0.008817 3.077639 0.015157
3.079941 0.014184 3.079941 0.008637 3.079941 0.015461
3.082242 0.014435 3.082242 0.008444 3.082242 0.015758
3.084544 0.014178 3.084544 0.008226 3.084544 0.016056
3.086846 0.013585 3.086846 0.007978 3.086846 0.016332
3.089147 0.012856 3.089147 0.007703 3.089147 0.016583
3.091449 0.012208 3.091449 0.007406 3.091449 0.016825
3.093750 0.011876 3.093750 0.007102 3.093750 0.017089
3.096052 0.012058 3.096052 0.006802 3.096052 0.017345
3.098354 0.012754 3.098354 0.006505 3.098354 0.017584
3.100655 0.013888 3.100655 0.006202 3.100655 0.017842
3.102957 0.015347 3.102957 0.005891 3.102957 0.018079
3.105259 0.016929 3.105259 0.005579 3.105259 0.018239
3.107560 0.018416 3.107560 0.005272 3.107560 0.018311
3.109862 0.019630 3.109862 0.004975 3.109862 0.018382
3.112163 0.020433 3.112163 0.004686 3.112163 0.018431
3.114465 0.020710 3.114465 0.004404 3.114465 0.018500
3.116767 0.020493 3.116767 0.004129 3.116767 0.018565
3.119068 0.019906 3.119068 0.003865 3.119068 0.018637
3.121370 0.019054 3.121370 0.003614 3.121370 0.018709
3.123672 0.017984 3.123672 0.003374 3.123672 0.018712
3.125973 0.016731 3.125973 0.003140 3.125973 0.018589
3.128275 0.015343 3.128275 0.002913 3.128275 0.018490
3.130576 0.013899 3.130576 0.002705 3.130576 0.018375
3.132878 0.012481 3.132878 0.002526 3.132878 0.018260
3.135180 0.011127 3.135180 0.002371 3.135180 0.018155
3.137481 0.009846 3.137481 0.002227 3.137481 0.018036
3.139783 0.008645 3.139783 0.002080 3.139783 0.017919
3.142085 0.007534 3.142085 0.001933 3.142085 0.017821
3.144386 0.006525 3.144386 0.001794 3.144386 0.017707
3.146688 0.005627 3.146688 0.001669 3.146688 0.017603
3.148989 0.004835 3.148989 0.001554 3.148989 0.017485
3.151291 0.004146 3.151291 0.001445 3.151291 0.017368
3.153593 0.003550 3.153593 0.001340 3.153593 0.017272
3.155894 0.003040 3.155894 0.001246 3.155894 0.017159
3.158196 0.002603 3.158196 0.001169 3.158196 0.017046
3.160498 0.002234 3.160498 0.001103 3.160498 0.016940
3.162799 0.001924 3.162799 0.001038 3.162799 0.016823
3.165101 0.001668 3.165101 0.000965 3.165101 0.016708
3.167402 0.001454 3.167402 0.000885 3.167402 0.016620
3.169704 0.001271 3.169704 0.000800 3.169704 0.016533
3.172006 0.001110 3.172006 0.000718 3.172006 0.016464
3.174307 0.000972 3.174307 0.000653 3.174307 0.016397
3.176609 0.000857 3.176609 0.000617 3.176609 0.016329
3.178911 0.000763 3.178911 0.000611 3.178911 0.016261
3.181212 0.000684 3.181212 0.000619 3.181212 0.016194
3.183514 0.000613 3.183514 0.000628 3.183514 0.016128
3.185815 0.000549 3.185815 0.000628 3.185815 0.016083
3.188117 0.000493 3.188117 0.000608 3.188117 0.016015
3.190419 0.000444 3.190419 0.000567 3.190419 0.015947
3.192720 0.000400 3.192720 0.000525 3.192720 0.015879
3.195022 0.000358 3.195022 0.000504 3.195022 0.015811
3.197323 0.000314 3.197323 0.000512 3.197323 0.015743
3.199625 0.000271 3.199625 0.000539 3.199625 0.015675
3.201927 0.000228 3.201927 0.000574 3.201927 0.015651
3.204228 0.000188 3.204228 0.000608 3.204228 0.015750
3.206530 0.000153 3.206530 0.000632 3.206530 0.015856
3.208832 0.000124 3.208832 0.000641 3.208832 0.015944
3.211133 0.000099 3.211133 0.000649 3.211133 0.016056
3.213435 0.000074 3.213435 0.000673 3.213435 0.016143
3.215736 0.000047 3.215736 0.000717 3.215736 0.016232
3.218038 0.000023 3.218038 0.000761 3.218038 0.016337
3.220340 0.000006 3.220340 0.000783 3.220340 0.016429
3.222641 0.000007 3.222641 0.000785 3.222641 0.016514
3.224943 0.000025 3.224943 0.000797 3.224943 0.016630
3.227245 0.000056 3.227245 0.000841 3.227245 0.016715
3.229546 0.000093 3.229546 0.000903 3.229546 0.016806
3.231848 0.000124 3.231848 0.000951 3.231848 0.016911
3.234149 0.000142 3.234149 0.000965 3.234149 0.016998
3.236451 0.000156 3.236451 0.000958 3.236451 0.017106
3.238753 0.000178 3.238753 0.000950 3.238753 0.017194
3.241054 0.000209 3.241054 0.000954 3.241054 0.017279
3.243356 0.000242 3.243356 0.000976 3.243356 0.017416
3.245658 0.000265 3.245658 0.001022 3.245658 0.017555
3.247959 0.000279 3.247959 0.001076 3.247959 0.017690
3.250261 0.000287 3.250261 0.001112 3.250261 0.017835
3.252562 0.000294 3.252562 0.001114 3.252562 0.017964
3.254864 0.000303 3.254864 0.001104 3.254864 0.018114
3.257166 0.000317 3.257166 0.001115 3.257166 0.018244
3.259467 0.000335 3.259467 0.001160 3.259467 0.018370
3.261769 0.000354 3.261769 0.001208 3.261769 0.018526
3.264071 0.000367 3.264071 0.001223 3.264071 0.018652
3.266372 0.000375 3.266372 0.001206 3.266372 0.018782
3.268674 0.000384 3.268674 0.001191 3.268674 0.018929
3.270975 0.000399 3.270975 0.001209 3.270975 0.019055
3.273277 0.000418 3.273277 0.001246 3.273277 0.019208
3.275579 0.000439 3.275579 0.001265 3.275579 0.019330
3.277880 0.000457 3.277880 0.001245 3.277880 0.019318
3.280182 0.000471 3.280182 0.001213 3.280182 0.019291
3.282484 0.000478 3.282484 0.001201 3.282484 0.019274
3.284785 0.000481 3.284785 0.001225 3.284785 0.019251
3.287087 0.000485 3.287087 0.001276 3.287087 0.019209
3.289388 0.000496 3.289388 0.001340 3.289388 0.019193
3.291690 0.000513 3.291690 0.001420 3.291690 0.019177
3.293992 0.000530 3.293992 0.001522 3.293992 0.019135
3.296293 0.000544 3.296293 0.001657 3.296293 0.019114
3.298595 0.000552 3.298595 0.001842 3.298595 0.019091
3.300897 0.000557 3.300897 0.002098 3.300897 0.019067
3.303198 0.000561 3.303198 0.002443 3.303198 0.019032
3.305500 0.000568 3.305500 0.002898 3.305500 0.019017
3.307801 0.000584 3.307801 0.003482 3.307801 0.018998
3.310103 0.000603 3.310103 0.004193 3.310103 0.018954
3.312405 0.000604 3.312405 0.005007 3.312405 0.018940
3.314706 0.000573 3.314706 0.005900 3.314706 0.018906
3.317008 0.000525 3.317008 0.006848 3.317008 0.018882
3.319310 0.000489 3.319310 0.007827 3.319310 0.018860
3.321611 0.000485 3.321611 0.008811 3.321611 0.018838
3.323913 0.000503 3.323913 0.009764 3.323913 0.018798
3.326214 0.000524 3.326214 0.010648 3.326214 0.018784
3.328516 0.000540 3.328516 0.011421 3.328516 0.018767
3.330818 0.000555 3.330818 0.012039 3.330818 0.018723
3.333119 0.000575 3.333119 0.012456 3.333119 0.018705
3.335421 0.000597 3.335421 0.012662 3.335421 0.018691
3.337723 0.000611 3.337723 0.012672 3.337723 0.018652
3.340024 0.000611 3.340024 0.012510 3.340024 0.018630
3.342326 0.000604 3.342326 0.012270 3.342326 0.018608
3.344627 0.000601 3.344627 0.012063 3.344627 0.018583
3.346929 0.000608 3.346929 0.011974 3.346929 0.018552
3.349231 0.000620 3.349231 0.012027 3.349231 0.018537
3.351532 0.000629 3.351532 0.012233 3.351532 0.018515
3.353834 0.000631 3.353834 0.012599 3.353834 0.018476
3.356135 0.000632 3.356135 0.013118 3.356135 0.018464
3.358437 0.000636 3.358437 0.013785 3.358437 0.018423
3.360739 0.000642 3.360739 0.014596 3.360739 0.018403
3.363040 0.000646 3.363040 0.015545 3.363040 0.018390
3.365342 0.000647 3.365342 0.016623 3.365342 0.018353
3.367644 0.000648 3.367644 0.017793 3.367644 0.018330
3.369945 0.000653 3.369945 0.019013 3.369945 0.018309
3.372247 0.000663 3.372247 0.020190 3.372247 0.018284
3.374548 0.000671 3.374548 0.021149 3.374548 0.018254
3.376850 0.000670 3.376850 0.021707 3.376850 0.018239
3.379152 0.000665 3.379152 0.021678 3.379152 0.018157
3.381453 0.000664 3.381453 0.020872 3.381453 0.018104
3.383755 0.000676 3.383755 0.019170 3.383755 0.018049
3.386057 0.000694 3.386057 0.016844 3.386057 0.017989
3.388358 0.000708 3.388358 0.014298 3.388358 0.017909
3.390660 0.000712 3.390660 0.011904 3.390660 0.017857
3.392961 0.000716 3.392961 0.009965 3.392961 0.017801
3.395263 0.000726 3.395263 0.008767 3.395263 0.017739
3.397565 0.000745 3.397565 0.008415 3.397565 0.017663
3.399866 0.000759 3.399866 0.008815 3.399866 0.017611
3.402168 0.000761 3.402168 0.009851 3.402168 0.017553
3.404470 0.000752 3.404470 0.011318 3.404470 0.017489
3.406771 0.000740 3.406771 0.012966 3.406771 0.017419
3.409073 0.000734 3.409073 0.014517 3.409073 0.017366
3.411374 0.000734 3.411374 0.015613 3.411374 0.017305
3.413676 0.000741 3.413676 0.015881 3.413676 0.017240
3.415978 0.000754 3.415978 0.015263 3.415978 0.017178
3.418279 0.000768 3.418279 0.014216 3.418279 0.017120
3.420581 0.000778 3.420581 0.013230 3.420581 0.017056
3.422883 0.000783 3.422883 0.012562 3.422883 0.016993
3.425184 0.000786 3.425184 0.012286 3.425184 0.016939
3.427486 0.000791 3.427486 0.012411 3.427486 0.016872
3.429787 0.000797 3.429787 0.012606 3.429787 0.016809
3.432089 0.000804 3.432089 0.012416 3.432089 0.016751
3.434391 0.000809 3.434391 0.011596 3.434391 0.016701
3.436692 0.000815 3.436692 0.010418 3.436692 0.016625
3.438994 0.000822 3.438994 0.009225 3.438994 0.016566
3.441296 0.000830 3.441296 0.008166 3.441296 0.016514
3.443597 0.000835 3.443597 0.007161 3.443597 0.016462
3.445899 0.000833 3.445899 0.006134 3.445899 0.016382
3.448200 0.000827 3.448200 0.005133 3.448200 0.016330
3.450502 0.000821 3.450502 0.004279 3.450502 0.016278
3.452804 0.000818 3.452804 0.003657 3.452804 0.016220
3.455105 0.000819 3.455105 0.003229 3.455105 0.016145
3.457407 0.000826 3.457407 0.002922 3.457407 0.016096
3.459709 0.000835 3.459709 0.002684 3.459709 0.016036
3.462010 0.000840 3.462010 0.002498 3.462010 0.016008
3.464312 0.000835 3.464312 0.002349 3.464312 0.015985
3.466613 0.000823 3.466613 0.002232 3.466613 0.015968
3.468915 0.000812 3.468915 0.002148 3.468915 0.015955
3.471217 0.000813 3.471217 0.002094 3.471217 0.015939
3.473518 0.000818 3.473518 0.002051 3.473518 0.015917
3.475820 0.000815 3.475820 0.001993 3.475820 0.015892
3.478122 0.000799 3.478122 0.001909 3.478122 0.015872
3.480423 0.000779 3.480423 0.001830 3.480423 0.015859
3.482725 0.000767 3.482725 0.001791 3.482725 0.015845
3.485026 0.000768 3.485026 0.001809 3.485026 0.015825
3.487328 0.000777 3.487328 0.001880 3.487328 0.015800
3.489630 0.000787 3.489630 0.002002 3.489630 0.015778
3.491931 0.000792 3.491931 0.002241 3.491931 0.015763
3.494233 0.000787 3.494233 0.002696 3.494233 0.015751
3.496535 0.000767 3.496535 0.003469 3.496535 0.015733
3.498836 0.000742 3.498836 0.004655 3.498836 0.015709
3.501138 0.000723 3.501138 0.006344 3.501138 0.015685
3.503439 0.000715 3.503439 0.008475 3.503439 0.015670
3.505741 0.000713 3.505741 0.010704 3.505741 0.015657
3.508043 0.000707 3.508043 0.012660 3.508043 0.015643
3.510344 0.000698 3.510344 0.013988 3.510344 0.015545
3.512646 0.000692 3.512646 0.014348 3.512646 0.015474
3.514947 0.000696 3.514947 0.013511 3.514947 0.015380
3.517249 0.000706 3.517249 0.011963 3.517249 0.015281
3.519551 0.000717 3.519551 0.010474 3.519551 0.015188
3.521852 0.000724 3.521852 0.009564 3.521852 0.015104
3.524154 0.000729 3.524154 0.009056 3.524154 0.015017
3.526456 0.000733 3.526456 0.008663 3.526456 0.014928
3.528757 0.000733 3.528757 0.008217 3.528757 0.014844
3.531059 0.000729 3.531059 0.007711 3.531059 0.014753
3.533360 0.000719 3.533360 0.007149 3.533360 0.014656
3.535662 0.000704 3.535662 0.006561 3.535662 0.014562
3.537964 0.000692 3.537964 0.005995 3.537964 0.014492
3.540265 0.000688 3.540265 0.005491 3.540265 0.014392
3.542567 0.000685 3.542567 0.005043 3.542567 0.014304
3.544869 0.000678 3.544869 0.004636 3.544869 0.014221
3.547170 0.000663 3.547170 0.004262 3.547170 0.014131
3.549472 0.000642 3.549472 0.003933 3.549472 0.014032
3.551773 0.000621 3.551773 0.003658 3.551773 0.013964
3.554075 0.000610 3.554075 0.003432 3.554075 0.013869
3.556377 0.000620 3.556377 0.003233 3.556377 0.013773
3.558678 0.000663 3.558678 0.003042 3.558678 0.013687
3.560980 0.000711 3.560980 0.002856 3.560980 0.013604
3.563282 0.000723 3.563282 0.002682 3.563282 0.013511
3.565583 0.000692 3.565583 0.002523 3.565583 0.013435
3.567885 0.000705 3.567885 0.002374 3.567885 0.013348
3.570186 0.000865 3.570186 0.002230 3.570186 0.013252
3.572488 0.001140 3.572488 0.002092 3.572488 0.013160
3.574790 0.001321 3.574790 0.001963 3.574790 0.013054
3.577091 0.001211 3.577091 0.001852 3.577091 0.012947
3.579393 0.000881 3.579393 0.001762 3.579393 0.012841
3.581695 0.000572 3.581695 0.001697 3.581695 0.012735
3.583996 0.000472 3.583996 0.001658 3.583996 0.012629
3.586298 0.000523 3.586298 0.001621 3.586298 0.012523
3.588599 0.000595 3.588599 0.001556 3.588599 0.012417
3.590901 0.000612 3.590901 0.001449 3.590901 0.012312
3.593203 0.000602 3.593203 0.001318 3.593203 0.012206
3.595504 0.000600 3.595504 0.001184 3.595504 0.012101
3.597806 0.000616 3.597806 0.001052 3.597806 0.011996
3.600108 0.000630 3.600108 0.000912 3.600108 0.011890
3.602409 0.000623 3.602409 0.000758 3.602409 0.011786
3.604711 0.000603 3.604711 0.000606 3.604711 0.011681
3.607012 0.000585 3.607012 0.000485 3.607012 0.011576
3.609314 0.000580 3.609314 0.000411 3.609314 0.011472
3.611616 0.000581 3.611616 0.000363 3.611616 0.011367
3.613917 0.000577 3.613917 0.000317 3.613917 0.011263
3.616219 0.000567 3.616219 0.000264 3.616219 0.011159
3.618521 0.000558 3.618521 0.000221 3.618521 0.011045
3.620822 0.000557 3.620822 0.000203 3.620822 0.010928
3.623124 0.000563 3.623124 0.000201 3.623124 0.010824
3.625425 0.000568 3.625425 0.000186 3.625425 0.010721
3.627727 0.000565 3.627727 0.000135 3.627727 0.010617
3.630029 0.000557 3.630029 0.000054 3.630029 0.010514
3.632330 0.000548 3.632330 0.000043 3.632330 0.010411
3.634632 0.000540 3.634632 0.000125 3.634632 0.010308
3.636934 0.000533 3.636934 0.000132 3.636934 0.010205
3.639235 0.000530 3.639235 0.000003 3.639235 0.010102
3.641537 0.000528 3.641537 0.000210 3.641537 0.009999
3.643838 0.000530 3.643838 0.000339 3.643838 0.009897
3.646140 0.000535 3.646140 0.000244 3.646140 0.009794
3.648442 0.000539 3.648442 0.000012 3.648442 0.009692
3.650743 0.000533 3.650743 0.000268 3.650743 0.009590
3.653045 0.000514 3.653045 0.000402 3.653045 0.009488
3.655347 0.000493 3.655347 0.000408 3.655347 0.009386
3.657648 0.000480 3.657648 0.000303 3.657648 0.009284
3.659950 0.000479 3.659950 0.000132 3.659950 0.009182
3.662251 0.000480 3.662251 0.000026 3.662251 0.009083
3.664553 0.000473 3.664553 0.000096 3.664553 0.008954
3.666855 0.000460 3.666855 0.000080 3.666855 0.008870
3.669156 0.000453 3.669156 0.000039 3.669156 0.008803
3.671458 0.000460 3.671458 0.000023 3.671458 0.008736
3.673759 0.000474 3.673759 0.000024 3.673759 0.008668
3.676061 0.000481 3.676061 0.000014 3.676061 0.008601
3.678363 0.000476 3.678363 0.000016 3.678363 0.008534
3.680664 0.000465 3.680664 0.000045 3.680664 0.008467
3.682966 0.000456 3.682966 0.000047 3.682966 0.008400
3.685268 0.000452 3.685268 0.000016 3.685268 0.008333
3.687569 0.000451 3.687569 0.000032 3.687569 0.008267
3.689871 0.000451 3.689871 0.000082 3.689871 0.008200
3.692172 0.000450 3.692172 0.000128 3.692172 0.008133
3.694474 0.000446 3.694474 0.000170 3.694474 0.008067
3.696776 0.000439 3.696776 0.000208 3.696776 0.008000
3.699077 0.000430 3.699077 0.000241 3.699077 0.007934
3.701379 0.000420 3.701379 0.000265 3.701379 0.007868
3.703681 0.000413 3.703681 0.000283 3.703681 0.007802
3.705982 0.000411 3.705982 0.000304 3.705982 0.007736
3.708284 0.000416 3.708284 0.000338 3.708284 0.007670
3.710585 0.000426 3.710585 0.000383 3.710585 0.007604
3.712887 0.000432 3.712887 0.000432 3.712887 0.007538
3.715189 0.000429 3.715189 0.000480 3.715189 0.007472
3.717490 0.000420 3.717490 0.000529 3.717490 0.007406
3.719792 0.000410 3.719792 0.000584 3.719792 0.007341
3.722094 0.000404 3.722094 0.000645 3.722094 0.007275
3.724395 0.000403 3.724395 0.000707 3.724395 0.007210
3.726697 0.000408 3.726697 0.000764 3.726697 0.007144
3.728998 0.000417 3.728998 0.000810 3.728998 0.007079
3.731300 0.000424 3.731300 0.000845 3.731300 0.007014
3.733602 0.000426 3.733602 0.000866 3.733602 0.006949
3.735903 0.000423 3.735903 0.000879 3.735903 0.006884
3.738205 0.000421 3.738205 0.000893 3.738205 0.006819
3.740507 0.000423 3.740507 0.000914 3.740507 0.006754
3.742808 0.000425 3.742808 0.000937 3.742808 0.006689
3.745110 0.000421 3.745110 0.000955 3.745110 0.006624
3.747411 0.000410 3.747411 0.000966 3.747411 0.006560
3.749713 0.000399 3.749713 0.000974 3.749713 0.006495
3.752015 0.000393 3.752015 0.000984 3.752015 0.006431
3.754316 0.000393 3.754316 0.000991 3.754316 0.006366
3.756618 0.000393 3.756618 0.000988 3.756618 0.006302
3.758920 0.000390 3.758920 0.000968 3.758920 0.006238
3.761221 0.000384 3.761221 0.000941 3.761221 0.006174
3.763523 0.000379 3.763523 0.000923 3.763523 0.006109
3.765824 0.000375 3.765824 0.000923 3.765824 0.006045
3.768126 0.000374 3.768126 0.000940 3.768126 0.005981
3.770428 0.000376 3.770428 0.000968 3.770428 0.005918
3.772729 0.000379 3.772729 0.001000 3.772729 0.005854
3.775031 0.000381 3.775031 0.001024 3.775031 0.005790
3.777333 0.000382 3.777333 0.001033 3.777333 0.005727
3.779634 0.000381 3.779634 0.001037 3.779634 0.005663
3.781936 0.000379 3.781936 0.001056 3.781936 0.005600
3.784237 0.000378 3.784237 0.001104 3.784237 0.005536
3.786539 0.000376 3.786539 0.001167 3.786539 0.005473
3.788841 0.000374 3.788841 0.001226 3.788841 0.005410
3.791142 0.000371 3.791142 0.001271 3.791142 0.005346
3.793444 0.000369 3.793444 0.001311 3.793444 0.005283
3.795746 0.000367 3.795746 0.001358 3.795746 0.005220
3.798047 0.000365 3.798047 0.001416 3.798047 0.005157
3.800349 0.000356 3.800349 0.001483 3.800349 0.005095
3.802650 0.000338 3.802650 0.001558 3.802650 0.005032
3.804952 0.000316 3.804952 0.001635 3.804952 0.004969
3.807254 0.000302 3.807254 0.001708 3.807254 0.004907
3.809555 0.000303 3.809555 0.001775 3.809555 0.004844
3.811857 0.000313 3.811857 0.001838 3.811857 0.004780
3.814159 0.000325 3.814159 0.001903 3.814159 0.004739
3.816460 0.000334 3.816460 0.001973 3.816460 0.004703
3.818762 0.000334 3.818762 0.002049 3.818762 0.004652
3.821063 0.000320 3.821063 0.002134 3.821063 0.004624
3.823365 0.000301 3.823365 0.002222 3.823365 0.004567
3.825667 0.000292 3.825667 0.002302 3.825667 0.004541
3.827968 0.000304 3.827968 0.002369 3.827968 0.004484
3.830270 0.000325 3.830270 0.002426 3.830270 0.004456
3.832572 0.000338 3.832572 0.002485 3.832572 0.004406
3.834873 0.000336 3.834873 0.002551 3.834873 0.004369
3.837175 0.000324 3.837175 0.002622 3.837175 0.004340
3.839476 0.000309 3.839476 0.002698 3.839476 0.004290
3.841778 0.000297 3.841778 0.002776 3.841778 0.004254
3.844080 0.000288 3.844080 0.002856 3.844080 0.004214
3.846381 0.000284 3.846381 0.002936 3.846381 0.004167
3.848683 0.000284 3.848683 0.003012 3.848683 0.004137
3.850984 0.000286 3.850984 0.003084 3.850984 0.004083
3.853286 0.000289 3.853286 0.003152 3.853286 0.004054
3.855588 0.000293 3.855588 0.003218 3.855588 0.004023
3.857889 0.000295 3.857889 0.003290 3.857889 0.003967
3.860191 0.000297 3.860191 0.003362 3.860191 0.003943
3.862493 0.000295 3.862493 0.003424 3.862493 0.003886
3.864794 0.000291 3.864794 0.003464 3.864794 0.003858
3.867096 0.000284 3.867096 0.003491 3.867096 0.003810
3.869397 0.000278 3.869397 0.003523 3.869397 0.003772
3.871699 0.000275 3.871699 0.003575 3.871699 0.003736
3.874001 0.000271 3.874001 0.003641 3.874001 0.003687
3.876302 0.000265 3.876302 0.003706 3.876302 0.003659
3.878604 0.000256 3.878604 0.003762 3.878604 0.003624
3.880906 0.000251 3.880906 0.003806 3.880906 0.003573
3.883207 0.000254 3.883207 0.003839 3.883207 0.003547
3.885509 0.000263 3.885509 0.003872 3.885509 0.003490
3.887810 0.000271 3.887810 0.003925 3.887810 0.003465
3.890112 0.000269 3.890112 0.004017 3.890112 0.003414
3.892414 0.000263 3.892414 0.004133 3.892414 0.003380
3.894715 0.000263 3.894715 0.004249 3.894715 0.003341
3.897017 0.000272 3.897017 0.004349 3.897017 0.003295
3.899319 0.000282 3.899319 0.004439 3.899319 0.003267
3.901620 0.000280 3.901620 0.004533 3.901620 0.003231
3.903922 0.000263 3.903922 0.004639 3.903922 0.003181
3.906223 0.000245 3.906223 0.004759 3.906223 0.003156
3.908525 0.000238 3.908525 0.004895 3.908525 0.003100
3.910827 0.000241 3.910827 0.005038 3.910827 0.003075
3.913128 0.000246 3.913128 0.005175 3.913128 0.003025
3.915430 0.000246 3.915430 0.005295 3.915430 0.002990
3.917732 0.000241 3.917732 0.005403 3.917732 0.002954
3.920033 0.000236 3.920033 0.005511 3.920033 0.002906
3.922335 0.000231 3.922335 0.005625 3.922335 0.002878
3.924636 0.000228 3.924636 0.005746 3.924636 0.002846
3.926938 0.000228 3.926938 0.005869 3.926938 0.002793
3.929240 0.000230 3.929240 0.005994 3.929240 0.002769
3.931541 0.000230 3.931541 0.006122 3.931541 0.002715
3.933843 0.000228 3.933843 0.006252 3.933843 0.002687
3.936145 0.000225 3.936145 0.006387 3.936145 0.002643
3.938446 0.000223 3.938446 0.006525 3.938446 0.002603
3.940748 0.000225 3.940748 0.006669 3.940748 0.002574
3.943049 0.000228 3.943049 0.006821 3.943049 0.002538
3.945351 0.000226 3.945351 0.006984 3.945351 0.002490
3.947653 0.000220 3.947653 0.007158 3.947653 0.002465
3.949954 0.000213 3.949954 0.007338 3.949954 0.002410
3.952256 0.000210 3.952256 0.007521 3.952256 0.002385
3.954558 0.000210 3.954558 0.007703 3.954558 0.002337
3.956859 0.000212 3.956859 0.007880 3.956859 0.002301
3.959161 0.000211 3.959161 0.008050 3.959161 0.002266
3.961462 0.000207 3.961462 0.008217 3.961462 0.002228
3.963764 0.000201 3.963764 0.008386 3.963764 0.002190
3.966066 0.000192 3.966066 0.008559 3.966066 0.002153
3.968367 0.000190 3.968367 0.008734 3.968367 0.002115
3.970669 0.000200 3.970669 0.008907 3.970669 0.002077
3.972971 0.000219 3.972971 0.009082 3.972971 0.002040
3.975272 0.000232 3.975272 0.009268 3.975272 0.002002
3.977574 0.000225 3.977574 0.009474 3.977574 0.001965
3.979875 0.000204 3.979875 0.009695 3.979875 0.001927
3.982177 0.000182 3.982177 0.009925 3.982177 0.001894
3.984479 0.000169 3.984479 0.010156 3.984479 0.001866
3.986780 0.000164 3.986780 0.010392 3.986780 0.001837
3.989082 0.000164 3.989082 0.010639 3.989082 0.001809
3.991384 0.000166 3.991384 0.010897 3.991384 0.001781
3.993685 0.000165 3.993685 0.011161 3.993685 0.001752
3.995987 0.000158 3.995987 0.011424 3.995987 0.001724
3.998288 0.000146 3.998288 0.011688 3.998288 0.001696
4.000590 0.000134 4.000590 0.011961 4.000590 0.001667
