1.235	3.81E-4	1E-5
1.662	0.0101	3.89E-4
2.159	0.0686	0.007
2.81612	0.09139	0.0153
2.81761	0.07094	0.01418
2.8191	0.09276	0.01477
2.82058	0.07938	0.01034
2.82207	0.03618	0.00707
2.82355	0.07278	0.00811
2.82503	0.07194	0.0229
2.83244	0.05749	0.02092
2.83391	0.05151	0.0131
2.83539	0.10891	0.01012
2.83687	0.08007	0.00559
2.83835	0.06005	0.00478
2.83982	0.07221	0.00845
2.8413	0.0142	0.01634
2.84277	0.02503	0.02386
2.84424	0.06624	0.01115
2.84572	0.05151	0.00984
2.84719	0.05878	0.02061
2.84866	-0.01272	0.05229
2.85013	0.06076	0.02139
2.8516	0.04787	0.00846
2.85307	0.06435	0.00681
2.85454	0.07451	0.00838
2.85601	0.07908	0.00654
2.85747	0.0623	0.00434
2.85894	0.06378	0.00415
2.86041	0.05717	0.00459
2.86187	0.05822	0.0059
2.86334	0.06807	0.00677
2.8648	0.06513	0.00649
2.86627	0.05707	0.00789
2.86773	0.07578	0.01069
2.86919	0.09447	0.00577
2.87065	0.06081	0.00321
2.87211	0.04815	0.00333
2.87357	0.05976	0.00404
2.87503	0.06488	0.00381
2.87649	0.05589	0.00353
2.87795	0.05621	0.0036
2.87941	0.0607	0.0039
2.88087	0.04649	0.00407
2.88232	0.05993	0.00377
2.88378	0.06012	0.00435
2.88524	0.03676	0.00598
2.88669	0.03722	0.00427
2.88814	0.04724	0.00342
2.8896	0.04819	0.00341
2.89105	0.049	0.00291
2.8925	0.04901	0.00243
2.89396	0.04756	0.00238
2.89541	0.04098	0.00259
2.89686	0.04679	0.00393
2.89831	0.05499	0.00697
2.89976	0.04843	0.00521
2.90121	0.04294	0.00484
2.90266	0.03137	0.00543
2.90411	0.03944	0.00428
2.90555	0.03611	0.00348
2.907	0.04471	0.00312
2.90845	0.04152	0.00258
2.90989	0.04455	0.00244
2.91134	0.04278	0.00301
2.91278	0.04373	0.00319
2.91423	0.03982	0.00284
2.91567	0.03836	0.0028
2.91711	0.03811	0.00241
2.91856	0.04607	0.00269
2.92	0.05088	0.00435
2.92144	0.05104	0.00818
2.92288	0.033	0.00619
2.92432	0.04355	0.00312
2.92576	0.03816	0.00243
2.9272	0.03476	0.00229
2.92864	0.03792	0.00246
2.93008	0.04303	0.00226
2.93152	0.03462	0.00221
2.93296	0.03134	0.00231
2.9344	0.03394	0.00229
2.93583	0.04059	0.0024
2.93727	0.0343	0.00296
2.93871	0.03477	0.00308
2.94014	0.03279	0.00273
2.94158	0.03231	0.00292
2.94301	0.02826	0.00334
2.94444	0.03126	0.00278
2.94588	0.03062	0.00302
2.94731	0.03996	0.00338
2.94874	0.02953	0.00248
2.95018	0.02995	0.00217
2.95161	0.0309	0.00238
2.95304	0.03804	0.00323
2.95447	0.04452	0.00363
2.9559	0.03799	0.00279
2.95733	0.02832	0.00241
2.95876	0.02917	0.00242
2.96019	0.02756	0.00233
2.96162	0.02555	0.00234
2.96305	0.02569	0.00228
2.96448	0.02626	0.00218
2.9659	0.03065	0.00223
2.96733	0.02729	0.00265
2.96876	0.03024	0.00364
2.97018	0.02879	0.00487
2.97161	0.0098	0.00573
2.97304	0.0234	0.0049
2.97446	0.02044	0.0044
2.97589	0.03757	0.00369
2.97731	0.03213	0.00286
2.97873	0.02928	0.00298
2.98016	0.02394	0.00332
2.98158	0.01379	0.00296
2.983	0.02574	0.00237
2.98443	0.02394	0.00222
2.98585	0.02621	0.00203
2.98727	0.02579	0.002
2.98869	0.02905	0.00197
2.99011	0.02619	0.00199
2.99153	0.023	0.00198
2.99295	0.02622	0.00217
2.99437	0.02453	0.00223
2.99579	0.025	0.00241
2.99721	0.02372	0.0026
2.99863	0.02111	0.00268
3.00005	0.03052	0.00226
3.00147	0.02677	0.00196
3.00289	0.02509	0.00195
3.0043	0.02702	0.00213
3.00572	0.02498	0.0028
3.00714	0.02705	0.00287
3.00856	0.03027	0.00276
3.00997	0.02493	0.00234
3.01139	0.02191	0.00201
3.0128	0.02547	0.00194
3.01422	0.02946	0.00205
3.01563	0.02688	0.00197
3.01705	0.02574	0.00208
3.01846	0.02481	0.00259
3.01988	0.02736	0.00282
3.02129	0.03679	0.00309
3.02271	0.0374	0.00333
3.02412	0.02565	0.00262
3.02553	0.02623	0.002
3.02694	0.02297	0.0019
3.02836	0.02432	0.00194
3.02977	0.02533	0.00197
3.03118	0.02606	0.00208
3.03259	0.02781	0.00253
3.034	0.02695	0.00266
3.03541	0.02556	0.00247
3.03682	0.04169	0.00298
3.03824	0.03989	0.00367
3.03965	0.02906	0.00314
3.04106	0.02945	0.00283
3.04246	0.02599	0.0024
3.04387	0.02615	0.00209
3.04528	0.02746	0.00222
3.04669	0.02794	0.00244
3.0481	0.02633	0.00236
3.04951	0.02766	0.00254
3.05092	0.0261	0.00279
3.05233	0.02211	0.00306
3.05373	0.02205	0.00382
3.05514	0.02689	0.00399
3.05655	0.01477	0.00347
3.05795	0.01949	0.00256
3.05936	0.02424	0.00217
3.06077	0.02588	0.0019
3.06217	0.0291	0.00212
3.06358	0.02718	0.00232
3.06499	0.02403	0.00225
3.06639	0.02659	0.00223
3.0678	0.02627	0.00229
3.0692	0.0245	0.00227
3.07061	0.0252	0.00238
3.07201	0.02453	0.00266
3.07342	0.02362	0.00268
3.07482	0.02372	0.00231
3.07623	0.02649	0.00187
3.07763	0.0284	0.00178
3.07903	0.03108	0.00181
3.08044	0.0332	0.00201
3.08184	0.01908	0.00264
3.08324	0.02458	0.00302
3.08465	0.02623	0.00257
3.08605	0.02776	0.00235
3.08745	0.02658	0.00221
3.08885	0.02366	0.0021
3.09026	0.0309	0.00228
3.09166	0.02613	0.00219
3.09306	0.03263	0.00228
3.09446	0.03758	0.00266
3.09586	0.0254	0.00286
3.09726	0.02005	0.00279
3.09867	0.03293	0.00254
3.10007	0.02584	0.00235
3.10147	0.02946	0.00192
3.10287	0.02999	0.00188
3.10427	0.02289	0.0022
3.10567	0.0286	0.00305
3.10707	0.02844	0.00342
3.10847	0.02782	0.00252
3.10987	0.03113	0.00246
3.11127	0.02096	0.00271
3.11267	0.02355	0.00275
3.11407	0.03347	0.00229
3.11547	0.03358	0.00253
3.11687	0.03549	0.00231
3.11827	0.03189	0.00188
3.11967	0.03015	0.00166
3.12107	0.03109	0.00162
3.12246	0.03157	0.00163
3.12386	0.03197	0.00172
3.12526	0.03629	0.00207
3.12666	0.03492	0.00259
3.12806	0.02611	0.00338
3.12946	0.02143	0.00296
3.13085	0.02943	0.00206
3.13225	0.03332	0.00176
3.13365	0.03388	0.00162
3.13505	0.03349	0.00158
3.13645	0.03409	0.00155
3.13784	0.03422	0.00162
3.13924	0.03146	0.00205
3.14064	0.03539	0.00233
3.14204	0.03785	0.0021
3.14343	0.03603	0.00185
3.14483	0.04008	0.00187
3.14623	0.04687	0.00242
3.14762	0.0442	0.00255
3.14902	0.03314	0.00209
3.15042	0.03549	0.00172
3.15181	0.0358	0.00169
3.15321	0.03655	0.00162
3.15461	0.03786	0.00176
3.156	0.03962	0.00197
3.1574	0.04495	0.00202
3.15879	0.04213	0.0018
3.16019	0.04102	0.00174
3.16159	0.04258	0.00162
3.16298	0.04131	0.00156
3.16438	0.04208	0.00148
3.16577	0.04395	0.00153
3.16717	0.0429	0.00161
3.16857	0.04185	0.00156
3.16996	0.04231	0.00151
3.17136	0.04295	0.00153
3.17275	0.04565	0.00164
3.17415	0.04405	0.00175
3.17554	0.04441	0.00175
3.17694	0.04469	0.00166
3.17833	0.04724	0.00157
3.17973	0.04655	0.00152
3.18113	0.04701	0.00168
3.18252	0.05087	0.0018
3.18392	0.04752	0.0019
3.18531	0.0464	0.00177
3.18671	0.04903	0.00164
3.1881	0.05004	0.00161
3.1895	0.05322	0.0017
3.19089	0.05762	0.00228
3.19229	0.05636	0.00296
3.19368	0.0486	0.00236
3.19508	0.05419	0.00192
3.19647	0.05751	0.00207
3.19787	0.05655	0.0029
3.19926	0.04849	0.00316
3.20065	0.05764	0.00285
3.20205	0.06396	0.00345
3.20344	0.06613	0.00312
3.20484	0.06422	0.00284
3.20623	0.06408	0.00355
3.20763	0.05207	0.00399
3.20902	0.04833	0.0051
3.21042	0.05255	0.00529
3.21181	0.04909	0.00466
3.21321	0.06582	0.00366
3.2146	0.05045	0.00307
3.216	0.05283	0.00286
3.21739	0.05764	0.00275
3.21879	0.06632	0.00237
3.22018	0.07179	0.00273
3.22158	0.0648	0.00377
3.22297	0.05552	0.00495
3.22436	0.05794	0.00547
3.22576	0.0603	0.00377
3.22715	0.06214	0.00287
3.22855	0.05757	0.00355
3.22994	0.06813	0.00504
3.23134	0.0719	0.00355
3.23273	0.06022	0.00227
3.23413	0.06035	0.00172
3.23552	0.06378	0.00169
3.23692	0.06332	0.00176
3.23831	0.06827	0.00216
3.23971	0.06257	0.00239
3.2411	0.06261	0.00227
3.2425	0.05897	0.00226
3.24389	0.06257	0.00313
3.24529	0.05612	0.00375
3.24668	0.06338	0.00422
3.24808	0.08112	0.00385
3.24947	0.06461	0.00278
3.25087	0.06396	0.00197
3.25226	0.06574	0.00168
3.25366	0.06734	0.00161
3.25505	0.06515	0.00157
3.25645	0.06811	0.00173
3.25784	0.07065	0.00202
3.25924	0.06873	0.00304
3.26063	0.07287	0.00431
3.26203	0.06929	0.00371
3.26342	0.07279	0.0024
3.26482	0.071	0.00197
3.26621	0.07207	0.00204
3.26761	0.07669	0.00234
3.269	0.0611	0.00328
3.2704	0.07251	0.00436
3.2718	0.07446	0.00283
3.27319	0.07122	0.00201
3.27459	0.06775	0.00161
3.27598	0.06862	0.00161
3.27738	0.06952	0.00199
3.27878	0.07824	0.00261
3.28017	0.0782	0.00226
3.28157	0.07485	0.00173
3.28296	0.07452	0.00158
3.28436	0.07899	0.00157
3.28576	0.07844	0.0015
3.28715	0.07802	0.00151
3.28855	0.08159	0.00165
3.28994	0.07876	0.00174
3.29134	0.07787	0.00197
3.29274	0.08831	0.00226
3.29413	0.09104	0.00269
3.29553	0.0874	0.00328
3.29693	0.09203	0.00384
3.29833	0.07407	0.00414
3.29972	0.07973	0.00301
3.30112	0.08378	0.00228
3.30252	0.0829	0.00205
3.30391	0.08022	0.00211
3.30531	0.0814	0.00199
3.30671	0.08412	0.00207
3.30811	0.08793	0.00224
3.3095	0.08738	0.00238
3.3109	0.09449	0.003
3.3123	0.14509	0.006
3.3137	0.06912	0.01952
3.31509	0.01859	0.02963
3.31649	0.05331	0.02109
3.31789	0.08919	0.01221
3.31929	0.06622	0.00705
3.32069	0.09524	0.00442
3.32208	0.07612	0.00316
3.32348	0.08452	0.00243
3.32488	0.08365	0.00198
3.32628	0.08501	0.00226
3.32768	0.07563	0.00238
3.32908	0.08345	0.00194
3.33048	0.08439	0.00157
3.33188	0.08586	0.00159
3.33327	0.08629	0.00169
3.33467	0.08113	0.00162
3.33607	0.08502	0.00175
3.33747	0.08551	0.00189
3.33887	0.08293	0.00213
3.34027	0.08469	0.00204
3.34167	0.08316	0.00194
3.34307	0.09031	0.00201
3.34447	0.09474	0.00238
3.34587	0.08714	0.00232
3.34727	0.08618	0.00176
3.34867	0.08961	0.00162
3.35007	0.09028	0.00168
3.35147	0.08665	0.00167
3.35287	0.09024	0.00184
3.35427	0.08942	0.00234
3.35567	0.08719	0.00265
3.35707	0.09055	0.00218
3.35847	0.09206	0.00182
3.35988	0.09769	0.00187
3.36128	0.09184	0.00194
3.36268	0.09294	0.00192
3.36408	0.09182	0.00168
3.36548	0.09102	0.00186
3.36688	0.09368	0.00219
3.36828	0.09011	0.00217
3.36969	0.0948	0.00189
3.37109	0.09543	0.0017
3.37249	0.09169	0.00158
3.37389	0.09375	0.00162
3.3753	0.09276	0.00161
3.3767	0.09425	0.00192
3.3781	0.09969	0.00223
3.3795	0.09505	0.00236
3.38091	0.09488	0.00207
3.38231	0.09573	0.00197
3.38371	0.09487	0.0018
3.38512	0.09646	0.00162
3.38652	0.09624	0.00157
3.38792	0.09905	0.00163
3.38933	0.10347	0.00198
3.39073	0.09331	0.00232
3.39213	0.09833	0.00198
3.39354	0.09923	0.00167
3.39494	0.0961	0.00153
3.39635	0.09611	0.00155
3.39775	0.09799	0.00143
3.39916	0.09356	0.00153
3.40056	0.09753	0.00176
3.40196	0.09521	0.00224
3.40337	0.0974	0.00243
3.40477	0.09593	0.00201
3.40618	0.09984	0.00194
3.40759	0.10127	0.00193
3.40899	0.09849	0.00173
3.4104	0.10156	0.00157
3.4118	0.09854	0.00172
3.41321	0.10024	0.00203
3.41461	0.09746	0.00223
3.41602	0.0985	0.00185
3.41743	0.09903	0.00168
3.41883	0.09905	0.00153
3.42024	0.10131	0.00161
3.42165	0.09735	0.00155
3.42305	0.10268	0.00162
3.42446	0.1011	0.00177
3.42587	0.09991	0.00204
3.42727	0.1021	0.00193
3.42868	0.10862	0.00172
3.43009	0.1061	0.00156
3.4315	0.10901	0.00148
3.4329	0.10686	0.00151
3.43431	0.10089	0.00145
3.43572	0.10038	0.00151
3.43713	0.1026	0.00156
3.43854	0.10216	0.00176
3.43995	0.10385	0.00182
3.44135	0.10612	0.00158
3.44276	0.10787	0.00149
3.44417	0.10545	0.00146
3.44558	0.10556	0.00148
3.44699	0.10795	0.00142
3.4484	0.10436	0.00147
3.44981	0.10347	0.00155
3.45122	0.10543	0.00168
3.45263	0.10347	0.00164
3.45404	0.10681	0.00158
3.45545	0.10361	0.00149
3.45686	0.10429	0.00143
3.45827	0.10231	0.00147
3.45968	0.10508	0.00143
3.46109	0.10548	0.00148
3.4625	0.10196	0.00158
3.46391	0.10165	0.00159
3.46532	0.10717	0.00166
3.46673	0.1036	0.00152
3.46815	0.10788	0.00141
3.46956	0.10355	0.00137
3.47097	0.10605	0.00142
3.47238	0.10458	0.00142
3.47379	0.10457	0.00143
3.4752	0.10428	0.00146
3.47662	0.10665	0.00149
3.47803	0.11104	0.00149
3.47944	0.1142	0.00146
3.48085	0.10467	0.00144
3.48227	0.10461	0.00143
3.48368	0.10792	0.00141
3.48509	0.10714	0.0014
3.48651	0.11078	0.00149
3.48792	0.10991	0.00144
3.48933	0.11001	0.00147
3.49075	0.10771	0.00145
3.49216	0.10919	0.00143
3.49357	0.11152	0.00141
3.49499	0.11239	0.00138
3.4964	0.10967	0.00144
3.49782	0.11141	0.00138
3.49923	0.11344	0.00149
3.50065	0.11185	0.00152
3.50206	0.11203	0.00144
3.50348	0.11345	0.00141
3.50489	0.1145	0.00139
3.50631	0.10856	0.00151
3.50772	0.11096	0.00148
3.50914	0.11464	0.00139
3.51055	0.11938	0.00152
3.51197	0.11864	0.00152
3.51339	0.11355	0.00145
3.5148	0.11331	0.00136
3.51622	0.11445	0.00142
3.51763	0.11247	0.00144
3.51905	0.11088	0.00138
3.52047	0.10805	0.00136
3.52188	0.11499	0.00136
3.5233	0.11369	0.00141
3.52472	0.10769	0.00136
3.52614	0.11155	0.00149
3.52755	0.10911	0.00142
3.52897	0.111	0.00142
3.53039	0.11794	0.00145
3.53181	0.11433	0.0015
3.53323	0.11395	0.00145
3.53464	0.11479	0.0015
3.53606	0.11387	0.00154
3.53748	0.11322	0.00149
3.5389	0.11471	0.0016
3.54032	0.11443	0.00156
3.54174	0.11443	0.00158
3.54316	0.11757	0.00149
3.54457	0.1176	0.00156
3.54599	0.11757	0.00155
3.54741	0.11728	0.00159
3.54883	0.1211	0.0015
3.55025	0.12226	0.0015
3.55167	0.12025	0.00152
3.55309	0.12151	0.00162
3.55451	0.12612	0.00162
3.55593	0.11856	0.00149
3.55735	0.11742	0.00148
3.55877	0.12295	0.00154
3.56019	0.12219	0.00148
3.56161	0.12468	0.0015
3.56304	0.12307	0.00149
3.56446	0.12136	0.00157
3.56588	0.1207	0.00162
3.5673	0.12251	0.00154
3.56872	0.122	0.00153
3.57014	0.12732	0.00154
3.57156	0.12449	0.00156
3.57299	0.12553	0.0016
3.57441	0.12714	0.00149
3.57583	0.12857	0.0016
3.57725	0.12632	0.0015
3.57867	0.12803	0.00147
3.5801	0.13147	0.0016
3.58152	0.12872	0.00157
3.58294	0.12875	0.00152
3.58436	0.13153	0.00153
3.58579	0.13246	0.00148
3.58721	0.13243	0.00153
3.58863	0.13193	0.00159
3.59006	0.13202	0.00153
3.59148	0.13077	0.0015
3.5929	0.13115	0.00152
3.59433	0.1348	0.00153
3.59575	0.13304	0.00157
3.59718	0.13018	0.00152
3.5986	0.13514	0.00158
3.60002	0.133	0.00142
3.60145	0.13281	0.00142
3.60287	0.13361	0.00154
3.6043	0.13588	0.00146
3.60572	0.13371	0.00144
3.60715	0.1317	0.00148
3.60857	0.13682	0.0015
3.61	0.13963	0.00154
3.61142	0.14244	0.0016
3.61285	0.14323	0.00157
3.61427	0.13938	0.00147
3.6157	0.13268	0.00146
3.61712	0.13613	0.00144
3.61855	0.13566	0.00149
3.61997	0.13834	0.00149
3.6214	0.13402	0.00143
3.62283	0.13673	0.00142
3.62425	0.13935	0.0015
3.62568	0.13782	0.00158
3.6271	0.13568	0.00156
3.62853	0.13939	0.00162
3.62996	0.14123	0.00158
3.63138	0.14021	0.00151
3.63281	0.13941	0.0015
3.63424	0.13904	0.00152
3.63566	0.1419	0.00153
3.63709	0.14049	0.00158
3.63852	0.14282	0.0014
3.63995	0.14018	0.00144
3.64137	0.14007	0.00139
3.6428	0.13926	0.00146
3.64423	0.14191	0.00141
3.64566	0.13993	0.00149
3.64708	0.13848	0.00146
3.64851	0.14197	0.00158
3.64994	0.14342	0.0016
3.65137	0.14404	0.0014
3.6528	0.14205	0.0014
3.65422	0.1385	0.00147
3.65565	0.14278	0.0014
3.65708	0.14058	0.00139
3.65851	0.14388	0.00151
3.65994	0.1452	0.00154
3.66137	0.1417	0.00145
3.66279	0.14165	0.00145
3.66422	0.14341	0.00147
3.66565	0.14076	0.00154
3.66708	0.13881	0.00147
3.66851	0.14534	0.00159
3.66994	0.14109	0.00148
3.67137	0.14485	0.00149
3.6728	0.14684	0.00148
3.67423	0.14277	0.0015
3.67565	0.14284	0.00158
3.67708	0.14803	0.00159
3.67851	0.14389	0.00148
3.67994	0.14655	0.00144
3.68137	0.14236	0.00149
3.6828	0.14165	0.00155
3.68423	0.13912	0.00143
3.68566	0.14828	0.00145
3.68709	0.14685	0.00148
3.68852	0.14405	0.00143
3.68995	0.15149	0.00142
3.69138	0.14905	0.00143
3.69281	0.14809	0.00154
3.69424	0.14753	0.00144
3.69567	0.14843	0.00146
3.6971	0.1463	0.00138
3.69853	0.14631	0.0014
3.69996	0.14561	0.00142
3.70139	0.14582	0.00145
3.70282	0.1503	0.00143
3.70425	0.14964	0.00141
3.70569	0.14837	0.00145
3.70712	0.14609	0.00148
3.70855	0.14622	0.00142
3.70998	0.14967	0.00147
3.71141	0.15085	0.00146
3.71284	0.15039	0.00141
3.71427	0.14913	0.00145
3.7157	0.14974	0.00144
3.71713	0.15385	0.00136
3.71856	0.15236	0.00146
3.71999	0.145	0.00141
3.72142	0.14898	0.00141
3.72286	0.14043	0.00145
3.72429	0.1515	0.00138
3.72572	0.15092	0.00136
3.72715	0.15602	0.00146
3.72858	0.15317	0.00141
3.73001	0.15547	0.00141
3.73144	0.15283	0.00145
3.73287	0.15546	0.00137
3.7343	0.15382	0.00141
3.73574	0.16049	0.00158
3.73717	0.1633	0.0014
3.7386	0.16704	0.00159
3.74003	0.17095	0.00163
3.74146	0.16794	0.00155
3.74289	0.15942	0.00153
3.74432	0.16034	0.00147
3.74576	0.16276	0.00146
3.74719	0.15981	0.00144
3.74862	0.15417	0.00149
3.75005	0.15586	0.00148
3.75148	0.15239	0.00149
3.75291	0.15308	0.00155
3.75434	0.1545	0.00149
3.75577	0.1554	0.00154
3.75721	0.15399	0.00152
3.75864	0.1561	0.00137
3.76007	0.15507	0.00159
3.7615	0.1538	0.00162
3.76293	0.15518	0.00153
3.76436	0.15354	0.00145
3.76579	0.15207	0.00157
3.76723	0.15003	0.00164
3.76866	0.15008	0.0016
3.77009	0.15046	0.00156
3.77152	0.15155	0.00151
3.77295	0.15217	0.0016
3.77438	0.15213	0.0016
3.77581	0.15429	0.00156
3.77724	0.15455	0.00142
3.77868	0.15307	0.00147
3.78011	0.15451	0.00145
3.78154	0.15471	0.00164
3.78297	0.15386	0.00156
3.7844	0.15074	0.00159
3.78583	0.15166	0.00154
3.78726	0.15447	0.00161
3.78869	0.15442	0.00148
3.79012	0.15738	0.00163
3.79155	0.15782	0.00153
3.79298	0.15888	0.00163
3.79442	0.15611	0.00154
3.79585	0.15554	0.00158
3.79728	0.1574	0.00156
3.79871	0.15586	0.00147
3.80014	0.15657	0.00156
3.80157	0.16411	0.00157
3.803	0.15782	0.00149
3.80443	0.15252	0.00165
3.80586	0.15171	0.00152
3.80729	0.15338	0.00157
3.80872	0.15162	0.00155
3.81015	0.15398	0.00162
3.81158	0.15593	0.00152
3.81301	0.15395	0.00145
3.81444	0.15399	0.00159
3.81587	0.15538	0.00165
3.8173	0.15531	0.00157
3.81873	0.15567	0.0015
3.82016	0.1529	0.00151
3.82159	0.15389	0.00158
3.82302	0.1549	0.0015
3.82445	0.14979	0.00156
3.82588	0.15071	0.00154
3.8273	0.1546	0.00161
3.82873	0.15043	0.00155
3.83016	0.15457	0.00151
3.83159	0.14996	0.00165
3.83302	0.15266	0.0016
3.83445	0.15434	0.00167
3.83588	0.15113	0.00162
3.83731	0.15011	0.00168
3.83873	0.15039	0.00145
3.84016	0.14973	0.00151
3.84159	0.15556	0.00156
3.84302	0.15714	0.00155
3.84445	0.16031	0.00159
3.84587	0.15472	0.00153
3.8473	0.15183	0.00169
3.84873	0.151	0.00158
3.85016	0.15605	0.00162
3.85158	0.15124	0.00159
3.85301	0.15261	0.0016
3.85444	0.15155	0.0016
3.85587	0.15756	0.00166
3.85729	0.16446	0.00161
3.85872	0.15626	0.00162
3.86015	0.15532	0.0017
3.86157	0.1538	0.0017
3.863	0.15407	0.0018
3.86442	0.14545	0.00167
3.86585	0.14757	0.00186
3.86728	0.15073	0.00173
3.8687	0.152	0.00169
3.87013	0.15293	0.00166
3.87155	0.15002	0.00171
3.87298	0.15157	0.00175
3.8744	0.1505	0.00184
3.87583	0.1547	0.00175
3.87725	0.15745	0.00186
3.87868	0.15305	0.00181
3.8801	0.15326	0.00188
3.88153	0.15645	0.00159
3.88295	0.15409	0.00175
3.88437	0.15307	0.00181
3.8858	0.15785	0.00184
3.88722	0.15711	0.00179
3.88864	0.15113	0.00171
3.89007	0.15409	0.00179
3.89149	0.15011	0.00192
3.89291	0.15172	0.0017
3.89433	0.15253	0.00176
3.89576	0.15477	0.00173
3.89718	0.15446	0.00173
3.8986	0.15596	0.00178
3.90002	0.1582	0.00177
3.90144	0.15995	0.00177
3.90287	0.16148	0.00193
3.90429	0.15863	0.00181
3.90571	0.15466	0.00188
3.90713	0.1481	0.00192
3.90855	0.15919	0.00206
3.90997	0.15718	0.00176
3.91139	0.16084	0.00176
3.91281	0.16002	0.00182
3.91423	0.15605	0.00183
3.91565	0.15741	0.00177
3.91707	0.15842	0.00184
3.91849	0.156	0.00183
3.91991	0.16017	0.00195
3.92132	0.15962	0.00187
3.92274	0.16271	0.00197
3.92416	0.15934	0.00188
3.92558	0.15892	0.00175
3.927	0.15852	0.00172
3.92841	0.16205	0.00171
3.92983	0.15688	0.00174
3.93125	0.15824	0.00178
3.93266	0.15448	0.00175
3.93408	0.16001	0.00165
3.9355	0.15921	0.00161
3.93691	0.15601	0.00182
3.93833	0.15618	0.00172
3.93974	0.16128	0.00189
3.94116	0.15848	0.00178
3.94257	0.16185	0.00176
3.94399	0.15901	0.00169
3.9454	0.16137	0.0017
3.94681	0.16073	0.00181
3.94823	0.16091	0.0018
3.94964	0.16212	0.00172
3.95105	0.15842	0.0018
3.95247	0.15677	0.00175
3.95388	0.16022	0.00167
3.95529	0.15579	0.00173
3.9567	0.15713	0.00192
3.95811	0.15497	0.00174
3.95952	0.15514	0.00184
3.96094	0.15746	0.00172
3.96235	0.15737	0.00173
3.96376	0.15454	0.0017
3.96517	0.14964	0.00163
3.96658	0.15423	0.00176
3.96798	0.1571	0.00179
3.96939	0.15569	0.00177
3.9708	0.16165	0.00177
3.97221	0.15807	0.00189
3.97362	0.1606	0.00175
3.97503	0.15507	0.00172
3.97643	0.15593	0.00167
3.97784	0.15124	0.00179
3.97925	0.15028	0.00175
3.98065	0.15988	0.00174
3.98206	0.16321	0.00182
3.98346	0.15441	0.00199
3.98487	0.15103	0.00181
3.98627	0.14891	0.00173
3.98768	0.15201	0.00186
3.98908	0.15314	0.00182
3.99049	0.14788	0.0018
3.99189	0.15585	0.00178
3.99329	0.15751	0.00188
3.9947	0.15385	0.00186
3.9961	0.15608	0.00184
3.9975	0.15468	0.00176
3.9989	0.15954	0.00184
4.0003	0.15926	0.00184