2.852080 0.112314
2.854382 0.119502
2.856683 0.127249
2.858985 0.135639
2.861286 0.143363
2.863588 0.151547
2.865890 0.160014
2.868191 0.168423
2.870493 0.176889
2.872795 0.185664
2.875096 0.193578
2.877398 0.201776
2.879699 0.209932
2.882001 0.218052
2.884303 0.226506
2.886604 0.234495
2.888906 0.243117
2.891208 0.250264
2.893509 0.259103
2.895811 0.268404
2.898112 0.276997
2.900414 0.285543
2.902716 0.294544
2.905017 0.304382
2.907319 0.312939
2.909621 0.322506
2.911922 0.332437
2.914224 0.342411
2.916525 0.353083
2.918827 0.363832
2.921129 0.374376
2.923430 0.385263
2.925732 0.396402
2.928034 0.408802
2.930335 0.419068
2.932637 0.434672
2.934938 0.447066
2.937240 0.459375
2.939542 0.473547
2.941843 0.486842
2.944145 0.499996
2.946447 0.512513
2.948748 0.524415
2.951050 0.538529
2.953351 0.550551
2.955653 0.559021
2.957955 0.574598
2.960256 0.584570
2.962558 0.594661
2.964860 0.609176
2.967161 0.619651
2.969463 0.631868
2.971764 0.642074
2.974066 0.652270
2.976368 0.662692
2.978669 0.673104
2.980971 0.683440
2.983273 0.694239
2.985574 0.704743
2.987876 0.714367
2.990177 0.724928
2.992479 0.735733
2.994781 0.745245
2.997082 0.755156
2.999384 0.763795
3.001686 0.774959
3.003987 0.785611
3.006289 0.795360
3.008590 0.805320
3.010892 0.813858
3.013194 0.824484
3.015495 0.833056
3.017797 0.841601
3.020098 0.851254
3.022400 0.860646
3.024702 0.868814
3.027003 0.877197
3.029305 0.884843
3.031607 0.892745
3.033908 0.901964
3.036210 0.908152
3.038511 0.916082
3.040813 0.923489
3.043115 0.930054
3.045416 0.936517
3.047718 0.943259
3.050020 0.949773
3.052321 0.956570
3.054623 0.960138
3.056924 0.967026
3.059226 0.972054
3.061528 0.978216
3.063829 0.982147
3.066131 0.986355
3.068433 0.990288
3.070734 0.993496
3.073036 0.996532
3.075337 0.999660
3.077639 1.001265
3.079941 1.002647
3.082242 1.003697
3.084544 1.006751
3.086846 1.006725
3.089147 1.006681
3.091449 1.004237
3.093750 1.003976
3.096052 1.001278
3.098354 1.001189
3.100655 0.998344
3.102957 0.994546
3.105259 0.992724
3.107560 0.989144
3.109862 0.984388
3.112163 0.981453
3.114465 0.976529
3.116767 0.970679
3.119068 0.967173
3.121370 0.960569
3.123672 0.955629
3.125973 0.950320
3.128275 0.944144
3.130576 0.937795
3.132878 0.931624
3.135180 0.925538
3.137481 0.919466
3.139783 0.913432
3.142085 0.905286
3.144386 0.898976
3.146688 0.892898
3.148989 0.885805
3.151291 0.879142
3.153593 0.871104
3.155894 0.864984
3.158196 0.857082
3.160498 0.848892
3.162799 0.842185
3.165101 0.833683
3.167402 0.827067
3.169704 0.818748
3.172006 0.810135
3.174307 0.802513
3.176609 0.793172
3.178911 0.785483
3.181212 0.776868
3.183514 0.768646
3.185815 0.759526
3.188117 0.750558
3.190419 0.742781
3.192720 0.733001
3.195022 0.723485
3.197323 0.713848
3.199625 0.704290
3.201927 0.694984
3.204228 0.685754
3.206530 0.676421
3.208832 0.665385
3.211133 0.656595
3.213435 0.645569
3.215736 0.635530
3.218038 0.626572
3.220340 0.615177
3.222641 0.605899
3.224943 0.594928
3.227245 0.584432
3.229546 0.574778
3.231848 0.564683
3.234149 0.553981
3.236451 0.543892
3.238753 0.533704
3.241054 0.522222
3.243356 0.512665
3.245658 0.502328
3.247959 0.491845
3.250261 0.482474
3.252562 0.471213
3.254864 0.460670
3.257166 0.451678
3.259467 0.441041
3.261769 0.430643
3.264071 0.421190
3.266372 0.411579
3.268674 0.401651
3.270975 0.391682
3.273277 0.381712
3.275579 0.373460
3.277880 0.364039
3.280182 0.354513
3.282484 0.345259
3.284785 0.336922
3.287087 0.327613
3.289388 0.320154
3.291690 0.312178
3.293992 0.303259
3.296293 0.296127
3.298595 0.288220
3.300897 0.281045
3.303198 0.273850
3.305500 0.266823
3.307801 0.259684
3.310103 0.254200
3.312405 0.247279
3.314706 0.242676
3.317008 0.237281
3.319310 0.233448
3.321611 0.229767
3.323913 0.227027
3.326214 0.224501
3.328516 0.224282
3.330818 0.222966
3.333119 0.224619
3.335421 0.226076
3.337723 0.228562
3.340024 0.229823
3.342326 0.231511
3.344627 0.231699
3.346929 0.230252
3.349231 0.227575
3.351532 0.223616
3.353834 0.219100
3.356135 0.213902
3.358437 0.210117
3.360739 0.206954
3.363040 0.205533
3.365342 0.205893
3.367644 0.208271
3.369945 0.210852
3.372247 0.214499
3.374548 0.218537
3.376850 0.221130
3.379152 0.222893
3.381453 0.223710
3.383755 0.222483
3.386057 0.221526
3.388358 0.219152
3.390660 0.215534
3.392961 0.212492
3.395263 0.208979
3.397565 0.206574
3.399866 0.203015
3.402168 0.201334
3.404470 0.198867
3.406771 0.196315
3.409073 0.193875
3.411374 0.190627
3.413676 0.185591
3.415978 0.180638
3.418279 0.175738
3.420581 0.170969
3.422883 0.166976
3.425184 0.162501
3.427486 0.160094
3.429787 0.157648
3.432089 0.155286
3.434391 0.152888
3.436692 0.150224
3.438994 0.147018
3.441296 0.142631
3.443597 0.139349
3.445899 0.135507
3.448200 0.132327
3.450502 0.129907
3.452804 0.126391
3.455105 0.124159
3.457407 0.121866
3.459709 0.119671
3.462010 0.117411
3.464312 0.115165
3.466613 0.112882
3.468915 0.111579
3.471217 0.109557
3.473518 0.108372
3.475820 0.107080
3.478122 0.106360
3.480423 0.105501
3.482725 0.104511
3.485026 0.104134
3.487328 0.104131
3.489630 0.104148
3.491931 0.104065
3.494233 0.105376
3.496535 0.105316
3.498836 0.106224
3.501138 0.108067
3.503439 0.109224
3.505741 0.111373
3.508043 0.113527
3.510344 0.117195
3.512646 0.121436
3.514947 0.128353
3.517249 0.136665
3.519551 0.146732
3.521852 0.158385
3.524154 0.168789
3.526456 0.178373
3.528757 0.185723
3.531059 0.189346
3.533360 0.189913
3.535662 0.185578
3.537964 0.177011
3.540265 0.167312
3.542567 0.157550
3.544869 0.147592
3.547170 0.139984
3.549472 0.132561
3.551773 0.126231
3.554075 0.120650
3.556377 0.115754
3.558678 0.110302
3.560980 0.105456
3.563282 0.101215
3.565583 0.096092
3.567885 0.091984
3.570186 0.087931
3.572488 0.082709
3.574790 0.078740
3.577091 0.074726
3.579393 0.070662
3.581695 0.067639
3.583996 0.063884
3.586298 0.060075
3.588599 0.056983
3.590901 0.053718
3.593203 0.050716
3.595504 0.048265
3.597806 0.045763
3.600108 0.042743
3.602409 0.040812
3.604711 0.038011
3.607012 0.036075
3.609314 0.034201
3.611616 0.032299
3.613917 0.030592
3.616219 0.029606
3.618521 0.027715
3.620822 0.026212
3.623124 0.024959
3.625425 0.024083
3.627727 0.022409
3.630029 0.021687
3.632330 0.020616
3.634632 0.019071
3.636934 0.018913
3.639235 0.017268
3.641537 0.017108
3.643838 0.015968
3.646140 0.015184
3.648442 0.014951
3.650743 0.014057
3.653045 0.013387
3.655347 0.013136
3.657648 0.011990
3.659950 0.011297
3.662251 0.011059
3.664553 0.010497
3.666855 0.010034
3.669156 0.009688
3.671458 0.009022
3.673759 0.008881
3.676061 0.008068
3.678363 0.008041
3.680664 0.007834
3.682966 0.006965
3.685268 0.007022
3.687569 0.006781
3.689871 0.005938
3.692172 0.006012
3.694474 0.005995
3.696776 0.005060
3.699077 0.005027
3.701379 0.005009
3.703681 0.004594
3.705982 0.003957
3.708284 0.004009
3.710585 0.003536
3.712887 0.003484
3.715189 0.002938
3.717490 0.003012
3.719792 0.003043
3.722094 0.002459
3.724395 0.001999
3.726697 0.001998
3.728998 0.001999
3.731300 0.002004
3.733602 0.001976
3.735903 0.001862
3.738205 0.001701
3.740507 0.000993
3.742808 0.001032
3.745110 0.000998
3.747411 0.001000
3.749713 0.001000
3.752015 0.001000
3.754316 0.001007
3.756618 0.000851
3.758920 0.000465
3.761221 0.001160
3.763523 0.000000
3.765824 0.000141
3.768126 0.000930
3.770428 0.001030
3.772729 0.000355
3.775031 0.000476
3.777333 0.001032
3.779634 0.000996
3.781936 0.001000
3.784237 0.000999
3.786539 0.001004
3.788841 0.001040
3.791142 0.001794
3.793444 0.001999
3.795746 0.001982
3.798047 0.002267
3.800349 0.003025
3.802650 0.002985
3.804952 0.003154
3.807254 0.004030
3.809555 0.004441
3.811857 0.005018
3.814159 0.005092
3.816460 0.005900
3.818762 0.005997
3.821063 0.007122
3.823365 0.007026
3.825667 0.007033
3.827968 0.008127
3.830270 0.008026
3.832572 0.008052
3.834873 0.008979
3.837175 0.009030
3.839476 0.009029
3.841778 0.009045
3.844080 0.009004
3.846381 0.010078
3.848683 0.010122
3.850984 0.009197
3.853286 0.010087
3.855588 0.009380
3.857889 0.009000
3.860191 0.009029
3.862493 0.009029
3.864794 0.009037
3.867096 0.009035
3.869397 0.008695
3.871699 0.007950
3.874001 0.008023
3.876302 0.008021
3.878604 0.008041
3.880906 0.007993
3.883207 0.008867
3.885509 0.009040
3.887810 0.009024
3.890112 0.009003
3.892414 0.009441
3.894715 0.010081
3.897017 0.010043
3.899319 0.009965
3.901620 0.010696
3.903922 0.011060
3.906223 0.011069
3.908525 0.010942
3.910827 0.011913
3.913128 0.012066
3.915430 0.012798
3.917732 0.012993
3.920033 0.014057
3.922335 0.014068
3.924636 0.013998
3.926938 0.014850
3.929240 0.015082
3.931541 0.015263
3.933843 0.016007
3.936145 0.016116
3.938446 0.016113
3.940748 0.016111
3.943049 0.016110
3.945351 0.016112
3.947653 0.016145
3.949954 0.015780
3.952256 0.015122
3.954558 0.015095
3.956859 0.014582
3.959161 0.013996
3.961462 0.014166
3.963764 0.013016
3.966066 0.012514
3.968367 0.012096
3.970669 0.011262
3.972971 0.010821
3.975272 0.009786
3.977574 0.009124
3.979875 0.009057
3.982177 0.007987
3.984479 0.007861
3.986780 0.007211
3.989082 0.006152
3.991384 0.006009
3.993685 0.005343
3.995987 0.005069
3.998288 0.004222
4.000590 0.004002
